voltage_spot_6_scan_2_21	absJ_spot_6_scan_2_21	J_spot_6_scan_2_21	current_spot_6_scan_2_21	time_spot_6_scan_2_21	
0.000000E+0	4.749459E-7	-4.749459E-7	-1.842082E-12	0.000000E+0
5.000000E-2	2.642842E-4	2.642842E-4	1.025029E-9	1.115234E+0
1.000000E-1	5.534391E-4	5.534391E-4	2.146519E-9	1.483398E+0
1.500000E-1	9.402483E-4	9.402483E-4	3.646762E-9	1.850586E+0
2.000000E-1	1.344291E-3	1.344291E-3	5.213847E-9	2.218750E+0
2.500000E-1	1.868818E-3	1.868818E-3	7.248227E-9	2.586914E+0
3.000000E-1	2.651599E-3	2.651599E-3	1.028425E-8	2.954102E+0
3.500000E-1	3.216367E-3	3.216367E-3	1.247471E-8	4.068359E+0
4.000000E-1	4.867189E-3	4.867189E-3	1.887744E-8	4.436523E+0
4.500000E-1	6.787236E-3	6.787236E-3	2.632436E-8	4.803711E+0
5.000000E-1	9.110619E-3	9.110619E-3	3.533562E-8	5.171875E+0
5.000000E-1	8.886192E-3	8.886192E-3	3.446518E-8	5.540039E+0
4.500000E-1	6.207805E-3	6.207805E-3	2.407703E-8	5.907227E+0
4.000000E-1	4.837462E-3	4.837462E-3	1.876214E-8	6.275391E+0
3.500000E-1	3.439004E-3	3.439004E-3	1.333821E-8	6.643555E+0
3.000000E-1	2.673535E-3	2.673535E-3	1.036933E-8	7.383789E+0
2.500000E-1	1.723567E-3	1.723567E-3	6.684869E-9	7.751953E+0
2.000000E-1	1.136416E-3	1.136416E-3	4.407599E-9	8.120117E+0
1.500000E-1	7.440652E-4	7.440652E-4	2.885864E-9	8.487305E+0
1.000000E-1	4.450625E-4	4.450625E-4	1.726179E-9	8.855469E+0
5.000000E-2	2.127534E-4	2.127534E-4	8.251659E-10	9.596680E+0
0.000000E+0	1.203216E-7	-1.203216E-7	-4.666684E-13	1.077148E+1
-5.000000E-2	2.150556E-4	-2.150556E-4	-8.340952E-10	1.188672E+1
-1.000000E-1	4.181006E-4	-4.181006E-4	-1.621607E-9	1.300195E+1
-1.500000E-1	6.434075E-4	-6.434075E-4	-2.495462E-9	1.336914E+1
-2.000000E-1	9.237884E-4	-9.237884E-4	-3.582922E-9	1.373730E+1
-2.500000E-1	1.289471E-3	-1.289471E-3	-5.001226E-9	1.410547E+1
-3.000000E-1	1.874941E-3	-1.874941E-3	-7.271975E-9	1.447266E+1
-3.500000E-1	2.219066E-3	-2.219066E-3	-8.606669E-9	1.484082E+1
-4.000000E-1	3.493840E-3	-3.493840E-3	-1.355089E-8	1.595508E+1
-4.500000E-1	4.787997E-3	-4.787997E-3	-1.857029E-8	1.632324E+1
-5.000000E-1	6.563759E-3	-6.563759E-3	-2.545760E-8	1.669043E+1
-5.000000E-1	7.027060E-3	-7.027060E-3	-2.725452E-8	1.705859E+1
-4.500000E-1	5.036417E-3	-5.036417E-3	-1.953379E-8	1.742676E+1
-4.000000E-1	3.586329E-3	-3.586329E-3	-1.390961E-8	1.779395E+1
-3.500000E-1	2.859508E-3	-2.859508E-3	-1.109063E-8	1.816211E+1
-3.000000E-1	1.984677E-3	-1.984677E-3	-7.697590E-9	1.890332E+1
-2.500000E-1	1.380536E-3	-1.380536E-3	-5.354423E-9	1.927051E+1
-2.000000E-1	1.227367E-3	-1.227367E-3	-4.760354E-9	1.963867E+1
-1.500000E-1	7.265265E-4	-7.265265E-4	-2.817840E-9	2.000586E+1
-1.000000E-1	4.565728E-4	-4.565728E-4	-1.770822E-9	2.037402E+1
-5.000000E-2	2.431170E-4	-2.431170E-4	-9.429317E-10	2.111523E+1
0.000000E+0	4.690312E-7	-4.690312E-7	-1.819142E-12	2.229004E+1
0.000000E+0	2.959145E-7	-2.959145E-7	-1.147707E-12	2.299414E+1
5.000000E-2	2.364495E-4	2.364495E-4	9.170718E-10	2.522266E+1
1.000000E-1	5.335932E-4	5.335932E-4	2.069546E-9	2.559082E+1
1.500000E-1	8.235597E-4	8.235597E-4	3.194184E-9	2.595801E+1
2.000000E-1	1.211757E-3	1.211757E-3	4.699810E-9	2.632617E+1
2.500000E-1	1.639161E-3	1.639161E-3	6.357502E-9	2.669434E+1
3.000000E-1	2.326790E-3	2.326790E-3	9.024477E-9	2.706152E+1
3.500000E-1	3.090306E-3	3.090306E-3	1.198578E-8	2.817578E+1
4.000000E-1	4.611553E-3	4.611553E-3	1.788595E-8	2.854395E+1
4.500000E-1	6.894190E-3	6.894190E-3	2.673918E-8	2.891113E+1
5.000000E-1	7.825937E-3	7.825937E-3	3.035297E-8	2.927930E+1
5.000000E-1	9.890328E-3	9.890328E-3	3.835973E-8	2.964746E+1
4.500000E-1	7.306712E-3	7.306712E-3	2.833915E-8	3.001465E+1
4.000000E-1	4.747161E-3	4.747161E-3	1.841191E-8	3.038281E+1
3.500000E-1	3.210192E-3	3.210192E-3	1.245076E-8	3.075000E+1
3.000000E-1	2.204091E-3	2.204091E-3	8.548588E-9	3.149121E+1
2.500000E-1	1.527689E-3	1.527689E-3	5.925158E-9	3.185938E+1
2.000000E-1	1.110597E-3	1.110597E-3	4.307461E-9	3.222656E+1
1.500000E-1	7.168793E-4	7.168793E-4	2.780423E-9	3.259473E+1
1.000000E-1	4.398904E-4	4.398904E-4	1.706119E-9	3.296289E+1
5.000000E-2	1.955627E-4	1.955627E-4	7.584919E-10	3.370312E+1
0.000000E+0	1.398724E-7	-1.398724E-7	-5.424966E-13	3.487891E+1
-5.000000E-2	1.949369E-4	-1.949369E-4	-7.560645E-10	3.599414E+1
-1.000000E-1	4.084195E-4	-4.084195E-4	-1.584059E-9	3.710840E+1
-1.500000E-1	6.422972E-4	-6.422972E-4	-2.491156E-9	3.747656E+1
-2.000000E-1	9.590599E-4	-9.590599E-4	-3.719723E-9	3.784473E+1
-2.500000E-1	1.223867E-3	-1.223867E-3	-4.746781E-9	3.821191E+1
-3.000000E-1	1.731357E-3	-1.731357E-3	-6.715085E-9	3.858008E+1
-3.500000E-1	2.494876E-3	-2.494876E-3	-9.676398E-9	3.894824E+1
-4.000000E-1	3.527948E-3	-3.527948E-3	-1.368318E-8	4.006250E+1
-4.500000E-1	4.451249E-3	-4.451249E-3	-1.726421E-8	4.042969E+1
-5.000000E-1	6.394738E-3	-6.394738E-3	-2.480205E-8	4.079785E+1
-5.000000E-1	5.650784E-3	-5.650784E-3	-2.191662E-8	4.116504E+1
-4.500000E-1	4.292167E-3	-4.292167E-3	-1.664721E-8	4.153320E+1
-4.000000E-1	3.046248E-3	-3.046248E-3	-1.181490E-8	4.190137E+1
-3.500000E-1	2.623376E-3	-2.623376E-3	-1.017479E-8	4.226855E+1
-3.000000E-1	1.856449E-3	-1.856449E-3	-7.200256E-9	4.300977E+1
-2.500000E-1	1.283559E-3	-1.283559E-3	-4.978295E-9	4.337793E+1
-2.000000E-1	9.397749E-4	-9.397749E-4	-3.644926E-9	4.374609E+1
-1.500000E-1	6.735786E-4	-6.735786E-4	-2.612481E-9	4.411328E+1
-1.000000E-1	4.191579E-4	-4.191579E-4	-1.625708E-9	4.448145E+1
-5.000000E-2	2.048857E-4	-2.048857E-4	-7.946512E-10	4.522266E+1
0.000000E+0	3.214838E-7	-3.214838E-7	-1.246878E-12	4.639746E+1
0.000000E+0	1.575090E-7	-1.575090E-7	-6.109002E-13	4.710059E+1
5.000000E-2	2.284758E-4	2.284758E-4	8.861455E-10	4.821582E+1
1.000000E-1	4.745292E-4	4.745292E-4	1.840466E-9	4.933105E+1
1.500000E-1	8.078707E-4	8.078707E-4	3.133334E-9	4.969824E+1
2.000000E-1	1.214382E-3	1.214382E-3	4.709992E-9	5.006641E+1
2.500000E-1	1.730240E-3	1.730240E-3	6.710753E-9	5.043457E+1
3.000000E-1	2.422304E-3	2.422304E-3	9.394929E-9	5.080176E+1
3.500000E-1	3.269519E-3	3.269519E-3	1.268086E-8	5.191602E+1
4.000000E-1	4.376746E-3	4.376746E-3	1.697525E-8	5.228418E+1
4.500000E-1	6.370313E-3	6.370313E-3	2.470732E-8	5.265234E+1
5.000000E-1	8.513758E-3	8.513758E-3	3.302069E-8	5.301953E+1
5.000000E-1	8.933566E-3	8.933566E-3	3.464892E-8	5.338770E+1
4.500000E-1	6.663037E-3	6.663037E-3	2.584265E-8	5.375488E+1
4.000000E-1	4.592576E-3	4.592576E-3	1.781235E-8	5.412305E+1
3.500000E-1	3.396833E-3	3.396833E-3	1.317465E-8	5.449121E+1
3.000000E-1	2.531757E-3	2.531757E-3	9.819445E-9	5.634570E+1
2.500000E-1	1.908166E-3	1.908166E-3	7.400839E-9	5.708691E+1
2.000000E-1	1.168086E-3	1.168086E-3	4.530433E-9	5.745410E+1
1.500000E-1	7.276574E-4	7.276574E-4	2.822226E-9	5.782227E+1
1.000000E-1	4.317280E-4	4.317280E-4	1.674461E-9	5.819043E+1
5.000000E-2	2.145570E-4	2.145570E-4	8.321615E-10	5.893164E+1
0.000000E+0	6.487497E-8	-6.487497E-8	-2.516182E-13	6.010645E+1
-5.000000E-2	2.077615E-4	-2.077615E-4	-8.058048E-10	6.122168E+1
-1.000000E-1	4.032237E-4	-4.032237E-4	-1.563907E-9	6.233691E+1
-1.500000E-1	6.551277E-4	-6.551277E-4	-2.540919E-9	6.270410E+1
-2.000000E-1	1.065579E-3	-1.065579E-3	-4.132859E-9	6.307227E+1
-2.500000E-1	1.531196E-3	-1.531196E-3	-5.938757E-9	6.344043E+1
-3.000000E-1	1.787788E-3	-1.787788E-3	-6.933952E-9	6.380762E+1
-3.500000E-1	2.543949E-3	-2.543949E-3	-9.866730E-9	6.417578E+1
-4.000000E-1	3.763825E-3	-3.763825E-3	-1.459803E-8	6.529004E+1
-4.500000E-1	5.288238E-3	-5.288238E-3	-2.051048E-8	6.565820E+1
-5.000000E-1	7.254191E-3	-7.254191E-3	-2.813545E-8	6.602539E+1
-5.000000E-1	7.219995E-3	-7.219995E-3	-2.800282E-8	6.639355E+1
-4.500000E-1	5.515541E-3	-5.515541E-3	-2.139208E-8	6.676172E+1
-4.000000E-1	4.033377E-3	-4.033377E-3	-1.564349E-8	6.712891E+1
-3.500000E-1	2.939008E-3	-2.939008E-3	-1.139897E-8	6.749707E+1
-3.000000E-1	2.269523E-3	-2.269523E-3	-8.802365E-9	6.823828E+1
-2.500000E-1	1.673360E-3	-1.673360E-3	-6.490144E-9	6.860547E+1
-2.000000E-1	1.053932E-3	-1.053932E-3	-4.087687E-9	6.897363E+1
-1.500000E-1	6.851655E-4	-6.851655E-4	-2.657421E-9	6.934180E+1
-1.000000E-1	4.606022E-4	-4.606022E-4	-1.786450E-9	6.970898E+1
-5.000000E-2	2.120064E-4	-2.120064E-4	-8.222687E-10	7.045020E+1
0.000000E+0	3.906705E-7	-3.906705E-7	-1.515219E-12	7.162500E+1
0.000000E+0	4.304806E-7	-4.304806E-7	-1.669623E-12	7.232910E+1
5.000000E-2	2.487925E-4	2.487925E-4	9.649440E-10	7.344434E+1
1.000000E-1	5.535995E-4	5.535995E-4	2.147141E-9	7.455859E+1
1.500000E-1	8.279954E-4	8.279954E-4	3.211388E-9	7.492676E+1
2.000000E-1	1.430142E-3	1.430142E-3	5.546820E-9	7.529492E+1
2.500000E-1	2.053750E-3	2.053750E-3	7.965487E-9	7.566211E+1
3.000000E-1	2.606305E-3	2.606305E-3	1.010858E-8	7.603027E+1
3.500000E-1	3.920674E-3	3.920674E-3	1.520637E-8	7.714453E+1
4.000000E-1	4.700790E-3	4.700790E-3	1.823206E-8	7.751172E+1
4.500000E-1	6.807703E-3	6.807703E-3	2.640374E-8	7.787988E+1
5.000000E-1	9.010103E-3	9.010103E-3	3.494577E-8	7.824805E+1
5.000000E-1	8.372147E-3	8.372147E-3	3.247145E-8	7.861523E+1
4.500000E-1	6.789882E-3	6.789882E-3	2.633462E-8	7.898340E+1
4.000000E-1	4.241619E-3	4.241619E-3	1.645116E-8	7.935156E+1
3.500000E-1	3.272734E-3	3.272734E-3	1.269333E-8	7.971875E+1
3.000000E-1	2.439066E-3	2.439066E-3	9.459941E-9	8.045996E+1
2.500000E-1	1.658773E-3	1.658773E-3	6.433568E-9	8.082812E+1
2.000000E-1	1.211332E-3	1.211332E-3	4.698161E-9	8.119531E+1
1.500000E-1	7.774654E-4	7.774654E-4	3.015407E-9	8.156348E+1
1.000000E-1	4.657232E-4	4.657232E-4	1.806312E-9	8.193164E+1
5.000000E-2	2.174256E-4	2.174256E-4	8.432874E-10	8.267188E+1
0.000000E+0	1.175378E-7	-1.175378E-7	-4.558715E-13	8.384668E+1
-5.000000E-2	2.004852E-4	-2.004852E-4	-7.775838E-10	8.496289E+1
-1.000000E-1	4.201359E-4	-4.201359E-4	-1.629501E-9	8.607715E+1
-1.500000E-1	7.289999E-4	-7.289999E-4	-2.827433E-9	8.644531E+1
-2.000000E-1	1.133829E-3	-1.133829E-3	-4.397567E-9	8.681348E+1
-2.500000E-1	1.445225E-3	-1.445225E-3	-5.605317E-9	8.718066E+1
-3.000000E-1	2.192540E-3	-2.192540E-3	-8.503786E-9	8.754883E+1
-3.500000E-1	3.329037E-3	-3.329037E-3	-1.291170E-8	8.866309E+1
-4.000000E-1	4.755471E-3	-4.755471E-3	-1.844414E-8	8.903125E+1
-4.500000E-1	6.279379E-3	-6.279379E-3	-2.435463E-8	8.939844E+1
-5.000000E-1	8.193658E-3	-8.193658E-3	-3.177918E-8	8.976660E+1
-5.000000E-1	7.875780E-3	-7.875780E-3	-3.054629E-8	9.013477E+1
-4.500000E-1	5.467317E-3	-5.467317E-3	-2.120504E-8	9.050195E+1
-4.000000E-1	4.166418E-3	-4.166418E-3	-1.615949E-8	9.087012E+1
-3.500000E-1	3.276785E-3	-3.276785E-3	-1.270904E-8	9.123730E+1
-3.000000E-1	2.438658E-3	-2.438658E-3	-9.458358E-9	9.197852E+1
-2.500000E-1	1.700546E-3	-1.700546E-3	-6.595585E-9	9.234668E+1
-2.000000E-1	1.152807E-3	-1.152807E-3	-4.471174E-9	9.271484E+1
-1.500000E-1	7.835951E-4	-7.835951E-4	-3.039181E-9	9.308203E+1
-1.000000E-1	4.800197E-4	-4.800197E-4	-1.861761E-9	9.345020E+1
-5.000000E-2	2.128821E-4	-2.128821E-4	-8.256651E-10	9.419141E+1
0.000000E+0	2.836665E-7	-2.836665E-7	-1.100203E-12	9.536523E+1
0.000000E+0	2.983368E-7	-2.983368E-7	-1.157102E-12	9.606934E+1
5.000000E-2	2.203143E-4	2.203143E-4	8.544912E-10	9.718457E+1
1.000000E-1	4.651287E-4	4.651287E-4	1.804006E-9	9.829883E+1
1.500000E-1	8.146687E-4	8.146687E-4	3.159700E-9	9.866699E+1
2.000000E-1	1.238470E-3	1.238470E-3	4.803418E-9	9.903516E+1
2.500000E-1	1.735247E-3	1.735247E-3	6.730172E-9	9.940234E+1
3.000000E-1	2.573032E-3	2.573032E-3	9.979527E-9	9.977051E+1
3.500000E-1	3.791088E-3	3.791088E-3	1.470377E-8	1.008848E+2
4.000000E-1	5.130185E-3	5.130185E-3	1.989747E-8	1.012520E+2
4.500000E-1	7.053862E-3	7.053862E-3	2.735847E-8	1.016201E+2
5.000000E-1	9.389051E-3	9.389051E-3	3.641552E-8	1.019883E+2
5.000000E-1	1.042750E-2	1.042750E-2	4.044314E-8	1.023555E+2
4.500000E-1	6.923667E-3	6.923667E-3	2.685351E-8	1.027236E+2
4.000000E-1	5.284154E-3	5.284154E-3	2.049464E-8	1.030908E+2
3.500000E-1	3.865892E-3	3.865892E-3	1.499390E-8	1.034590E+2
3.000000E-1	2.631052E-3	2.631052E-3	1.020456E-8	1.038271E+2
2.500000E-1	1.957590E-3	1.957590E-3	7.592532E-9	1.045684E+2
2.000000E-1	1.227357E-3	1.227357E-3	4.760316E-9	1.049355E+2
1.500000E-1	8.249082E-4	8.249082E-4	3.199414E-9	1.053037E+2
1.000000E-1	4.864541E-4	4.864541E-4	1.886717E-9	1.056709E+2
5.000000E-2	2.123430E-4	2.123430E-4	8.235743E-10	1.064121E+2
0.000000E+0	2.758018E-7	-2.758018E-7	-1.069700E-12	1.075869E+2
-5.000000E-2	1.950773E-4	-1.950773E-4	-7.566090E-10	1.087031E+2
-1.000000E-1	4.222388E-4	-4.222388E-4	-1.637657E-9	1.098174E+2
-1.500000E-1	7.048476E-4	-7.048476E-4	-2.733758E-9	1.101855E+2
-2.000000E-1	9.864034E-4	-9.864034E-4	-3.825775E-9	1.105527E+2
-2.500000E-1	1.420039E-3	-1.420039E-3	-5.507635E-9	1.109209E+2
-3.000000E-1	2.129059E-3	-2.129059E-3	-8.257576E-9	1.112891E+2
-3.500000E-1	2.940642E-3	-2.940642E-3	-1.140531E-8	1.124033E+2
-4.000000E-1	3.792220E-3	-3.792220E-3	-1.470816E-8	1.127705E+2
-4.500000E-1	5.540017E-3	-5.540017E-3	-2.148701E-8	1.131387E+2
-5.000000E-1	7.303724E-3	-7.303724E-3	-2.832756E-8	1.135059E+2
-5.000000E-1	7.455088E-3	-7.455088E-3	-2.891463E-8	1.138740E+2
-4.500000E-1	5.791057E-3	-5.791057E-3	-2.246067E-8	1.142422E+2
-4.000000E-1	4.456818E-3	-4.456818E-3	-1.728581E-8	1.146094E+2
-3.500000E-1	3.352025E-3	-3.352025E-3	-1.300086E-8	1.149775E+2
-3.000000E-1	2.135195E-3	-2.135195E-3	-8.281376E-9	1.157188E+2
-2.500000E-1	1.472896E-3	-1.472896E-3	-5.712643E-9	1.160859E+2
-2.000000E-1	1.141618E-3	-1.141618E-3	-4.427775E-9	1.164541E+2
-1.500000E-1	7.850815E-4	-7.850815E-4	-3.044946E-9	1.168223E+2
-1.000000E-1	4.444656E-4	-4.444656E-4	-1.723864E-9	1.171895E+2
-5.000000E-2	2.178709E-4	-2.178709E-4	-8.450143E-10	1.179307E+2
0.000000E+0	3.838183E-7	-3.838183E-7	-1.488643E-12	1.191055E+2
0.000000E+0	2.492879E-7	-2.492879E-7	-9.668655E-13	1.198096E+2
5.000000E-2	2.190392E-4	2.190392E-4	8.495457E-10	1.209248E+2
1.000000E-1	5.256161E-4	5.256161E-4	2.038607E-9	1.220391E+2
1.500000E-1	8.516310E-4	8.516310E-4	3.303059E-9	1.224072E+2
2.000000E-1	1.412327E-3	1.412327E-3	5.477725E-9	1.227754E+2
2.500000E-1	2.057770E-3	2.057770E-3	7.981082E-9	1.231426E+2
3.000000E-1	3.141962E-3	3.141962E-3	1.218613E-8	1.242568E+2
3.500000E-1	4.778008E-3	4.778008E-3	1.853155E-8	1.246250E+2
4.000000E-1	6.022368E-3	6.022368E-3	2.335781E-8	1.249922E+2
4.500000E-1	7.948115E-3	7.948115E-3	3.082684E-8	1.253604E+2
5.000000E-1	1.035016E-2	1.035016E-2	4.014321E-8	1.257285E+2
5.000000E-1	1.065447E-2	1.065447E-2	4.132347E-8	1.260957E+2
4.500000E-1	7.731449E-3	7.731449E-3	2.998650E-8	1.264639E+2
4.000000E-1	5.419105E-3	5.419105E-3	2.101805E-8	1.268320E+2
3.500000E-1	3.673643E-3	3.673643E-3	1.424826E-8	1.271992E+2
3.000000E-1	2.926748E-3	2.926748E-3	1.135142E-8	1.275674E+2
2.500000E-1	2.131167E-3	2.131167E-3	8.265752E-9	1.283086E+2
2.000000E-1	1.308770E-3	1.308770E-3	5.076076E-9	1.286758E+2
1.500000E-1	8.115569E-4	8.115569E-4	3.147631E-9	1.290439E+2
1.000000E-1	4.709784E-4	4.709784E-4	1.826694E-9	1.294121E+2
5.000000E-2	2.007058E-4	2.007058E-4	7.784393E-10	1.301523E+2
0.000000E+0	1.828994E-7	-1.828994E-7	-7.093770E-13	1.313281E+2
-5.000000E-2	1.875182E-4	-1.875182E-4	-7.272913E-10	1.324434E+2
-1.000000E-1	4.139258E-4	-4.139258E-4	-1.605415E-9	1.335576E+2
-1.500000E-1	7.177548E-4	-7.177548E-4	-2.783819E-9	1.339258E+2
-2.000000E-1	9.954015E-4	-9.954015E-4	-3.860674E-9	1.342939E+2
-2.500000E-1	1.409384E-3	-1.409384E-3	-5.466310E-9	1.346611E+2
-3.000000E-1	2.052368E-3	-2.052368E-3	-7.960127E-9	1.350293E+2
-3.500000E-1	2.955700E-3	-2.955700E-3	-1.146371E-8	1.361436E+2
-4.000000E-1	4.077118E-3	-4.077118E-3	-1.581314E-8	1.365117E+2
-4.500000E-1	5.907674E-3	-5.907674E-3	-2.291297E-8	1.368789E+2
-5.000000E-1	7.571785E-3	-7.571785E-3	-2.936724E-8	1.372471E+2
-5.000000E-1	7.670289E-3	-7.670289E-3	-2.974929E-8	1.376152E+2
-4.500000E-1	5.470945E-3	-5.470945E-3	-2.121911E-8	1.379824E+2
-4.000000E-1	4.314374E-3	-4.314374E-3	-1.673334E-8	1.383506E+2
-3.500000E-1	3.064855E-3	-3.064855E-3	-1.188707E-8	1.387188E+2
-3.000000E-1	2.024860E-3	-2.024860E-3	-7.853439E-9	1.394590E+2
-2.500000E-1	1.366667E-3	-1.366667E-3	-5.300631E-9	1.398271E+2
-2.000000E-1	1.007948E-3	-1.007948E-3	-3.909337E-9	1.401953E+2
-1.500000E-1	6.778001E-4	-6.778001E-4	-2.628854E-9	1.405625E+2
-1.000000E-1	4.074555E-4	-4.074555E-4	-1.580320E-9	1.409307E+2
-5.000000E-2	2.063974E-4	-2.063974E-4	-8.005141E-10	1.416719E+2
0.000000E+0	2.154603E-7	-2.154603E-7	-8.356649E-13	1.428467E+2
0.000000E+0	3.449348E-7	-3.449348E-7	-1.337833E-12	1.435508E+2
5.000000E-2	2.115609E-4	2.115609E-4	8.205410E-10	1.446660E+2
1.000000E-1	5.527716E-4	5.527716E-4	2.143930E-9	1.457803E+2
1.500000E-1	9.236066E-4	9.236066E-4	3.582217E-9	1.461484E+2
2.000000E-1	1.329729E-3	1.329729E-3	5.157366E-9	1.465156E+2
2.500000E-1	2.047011E-3	2.047011E-3	7.939352E-9	1.468838E+2
3.000000E-1	2.416103E-3	2.416103E-3	9.370879E-9	1.483652E+2
3.500000E-1	3.437715E-3	3.437715E-3	1.333321E-8	1.487334E+2
4.000000E-1	4.740595E-3	4.740595E-3	1.838644E-8	1.491006E+2
4.500000E-1	6.972550E-3	6.972550E-3	2.704310E-8	1.494687E+2
5.000000E-1	8.953826E-3	8.953826E-3	3.472750E-8	1.498369E+2
5.000000E-1	8.382534E-3	8.382534E-3	3.251174E-8	1.502051E+2
4.500000E-1	6.323112E-3	6.323112E-3	2.452425E-8	1.505723E+2
4.000000E-1	5.350396E-3	5.350396E-3	2.075156E-8	1.509404E+2
3.500000E-1	3.786122E-3	3.786122E-3	1.468451E-8	1.513076E+2
3.000000E-1	2.578283E-3	2.578283E-3	9.999896E-9	1.520488E+2
2.500000E-1	1.628128E-3	1.628128E-3	6.314711E-9	1.524170E+2
2.000000E-1	1.167834E-3	1.167834E-3	4.529457E-9	1.527842E+2
1.500000E-1	7.655493E-4	7.655493E-4	2.969190E-9	1.531523E+2
1.000000E-1	4.311048E-4	4.311048E-4	1.672044E-9	1.535205E+2
5.000000E-2	1.912140E-4	1.912140E-4	7.416255E-10	1.542617E+2
0.000000E+0	3.567641E-7	-3.567641E-7	-1.383713E-12	1.554365E+2
-5.000000E-2	1.953811E-4	-1.953811E-4	-7.577876E-10	1.565518E+2
-1.000000E-1	3.830510E-4	-3.830510E-4	-1.485667E-9	1.576670E+2
-1.500000E-1	6.430571E-4	-6.430571E-4	-2.494103E-9	1.580342E+2
-2.000000E-1	1.003402E-3	-1.003402E-3	-3.891703E-9	1.584023E+2
-2.500000E-1	1.450161E-3	-1.450161E-3	-5.624463E-9	1.587705E+2
-3.000000E-1	1.909566E-3	-1.909566E-3	-7.406268E-9	1.591377E+2
-3.500000E-1	3.523431E-3	-3.523431E-3	-1.366566E-8	1.602520E+2
-4.000000E-1	4.436498E-3	-4.436498E-3	-1.720700E-8	1.606201E+2
-4.500000E-1	6.003422E-3	-6.003422E-3	-2.328433E-8	1.609883E+2
-5.000000E-1	8.248888E-3	-8.248888E-3	-3.199339E-8	1.613555E+2
-5.000000E-1	7.655439E-3	-7.655439E-3	-2.969169E-8	1.617236E+2
-4.500000E-1	5.723962E-3	-5.723962E-3	-2.220044E-8	1.620918E+2
-4.000000E-1	4.129344E-3	-4.129344E-3	-1.601570E-8	1.624590E+2
-3.500000E-1	2.845926E-3	-2.845926E-3	-1.103795E-8	1.628271E+2
-3.000000E-1	1.781915E-3	-1.781915E-3	-6.911176E-9	1.635684E+2
-2.500000E-1	1.266377E-3	-1.266377E-3	-4.911657E-9	1.639365E+2
-2.000000E-1	9.499647E-4	-9.499647E-4	-3.684447E-9	1.643037E+2
-1.500000E-1	6.158959E-4	-6.158959E-4	-2.388758E-9	1.646719E+2
-1.000000E-1	3.749966E-4	-3.749966E-4	-1.454428E-9	1.650391E+2
-5.000000E-2	1.881991E-4	-1.881991E-4	-7.299321E-10	1.657803E+2
0.000000E+0	5.166812E-8	-5.166812E-8	-2.003953E-13	1.669561E+2
0.000000E+0	5.326394E-8	-5.326394E-8	-2.065847E-13	1.676592E+2
5.000000E-2	2.004693E-4	2.004693E-4	7.775222E-10	1.687744E+2
1.000000E-1	4.548428E-4	4.548428E-4	1.764112E-9	1.698896E+2
1.500000E-1	7.640198E-4	7.640198E-4	2.963258E-9	1.702568E+2
2.000000E-1	1.224673E-3	1.224673E-3	4.749904E-9	1.706250E+2
2.500000E-1	1.864087E-3	1.864087E-3	7.229878E-9	1.709922E+2
3.000000E-1	2.634917E-3	2.634917E-3	1.021955E-8	1.713604E+2
3.500000E-1	3.699326E-3	3.699326E-3	1.434787E-8	1.724746E+2
4.000000E-1	5.544550E-3	5.544550E-3	2.150459E-8	1.728418E+2
4.500000E-1	7.021623E-3	7.021623E-3	2.723343E-8	1.732100E+2
5.000000E-1	9.969046E-3	9.969046E-3	3.866504E-8	1.735781E+2
5.000000E-1	9.832546E-3	9.832546E-3	3.813562E-8	1.739453E+2
4.500000E-1	7.255223E-3	7.255223E-3	2.813945E-8	1.743135E+2
4.000000E-1	4.580791E-3	4.580791E-3	1.776664E-8	1.746807E+2
3.500000E-1	3.542255E-3	3.542255E-3	1.373867E-8	1.750488E+2
3.000000E-1	2.579506E-3	2.579506E-3	1.000464E-8	1.754170E+2
2.500000E-1	1.666923E-3	1.666923E-3	6.465176E-9	1.761572E+2
2.000000E-1	1.168477E-3	1.168477E-3	4.531951E-9	1.765254E+2
1.500000E-1	6.968228E-4	6.968228E-4	2.702634E-9	1.768936E+2
1.000000E-1	4.295062E-4	4.295062E-4	1.665844E-9	1.772607E+2
5.000000E-2	1.970768E-4	1.970768E-4	7.643642E-10	1.780020E+2
0.000000E+0	2.536067E-7	-2.536067E-7	-9.836160E-13	1.791768E+2
-5.000000E-2	1.859817E-4	-1.859817E-4	-7.213317E-10	1.802920E+2
-1.000000E-1	4.601043E-4	-4.601043E-4	-1.784519E-9	1.814072E+2
-1.500000E-1	7.208762E-4	-7.208762E-4	-2.795925E-9	1.817744E+2
-2.000000E-1	1.066708E-3	-1.066708E-3	-4.137236E-9	1.821426E+2
-2.500000E-1	1.593997E-3	-1.593997E-3	-6.182333E-9	1.825107E+2
-3.000000E-1	2.198325E-3	-2.198325E-3	-8.526222E-9	1.828779E+2
-3.500000E-1	3.135416E-3	-3.135416E-3	-1.216074E-8	1.839922E+2
-4.000000E-1	4.097311E-3	-4.097311E-3	-1.589146E-8	1.843604E+2
-4.500000E-1	5.919256E-3	-5.919256E-3	-2.295789E-8	1.847275E+2
-5.000000E-1	8.068925E-3	-8.068925E-3	-3.129540E-8	1.850957E+2
-5.000000E-1	8.399054E-3	-8.399054E-3	-3.257581E-8	1.854629E+2
-4.500000E-1	6.404821E-3	-6.404821E-3	-2.484116E-8	1.858311E+2
-4.000000E-1	4.098557E-3	-4.098557E-3	-1.589629E-8	1.861992E+2
-3.500000E-1	2.903641E-3	-2.903641E-3	-1.126180E-8	1.865664E+2
-3.000000E-1	2.261145E-3	-2.261145E-3	-8.769874E-9	1.873076E+2
-2.500000E-1	1.572734E-3	-1.572734E-3	-6.099864E-9	1.876758E+2
-2.000000E-1	9.826882E-4	-9.826882E-4	-3.811365E-9	1.880430E+2
-1.500000E-1	6.377388E-4	-6.377388E-4	-2.473476E-9	1.884111E+2
-1.000000E-1	4.019990E-4	-4.019990E-4	-1.559157E-9	1.887783E+2
-5.000000E-2	1.976358E-4	-1.976358E-4	-7.665324E-10	1.895195E+2
0.000000E+0	1.874758E-7	-1.874758E-7	-7.271267E-13	1.906943E+2
0.000000E+0	2.168808E-7	-2.168808E-7	-8.411744E-13	1.913984E+2
5.000000E-2	1.871515E-4	1.871515E-4	7.258690E-10	1.925137E+2
1.000000E-1	4.240993E-4	4.240993E-4	1.644873E-9	1.936279E+2
1.500000E-1	7.263912E-4	7.263912E-4	2.817315E-9	1.939961E+2
2.000000E-1	1.124185E-3	1.124185E-3	4.360163E-9	1.943633E+2
2.500000E-1	1.636040E-3	1.636040E-3	6.345395E-9	1.947314E+2
3.000000E-1	2.736232E-3	2.736232E-3	1.061250E-8	1.958457E+2
3.500000E-1	3.657792E-3	3.657792E-3	1.418678E-8	1.962129E+2
4.000000E-1	5.055264E-3	5.055264E-3	1.960689E-8	1.965811E+2
4.500000E-1	7.168047E-3	7.168047E-3	2.780134E-8	1.969492E+2
5.000000E-1	9.847399E-3	9.847399E-3	3.819323E-8	1.973164E+2
5.000000E-1	9.687500E-3	9.687500E-3	3.757306E-8	1.976846E+2
4.500000E-1	7.231224E-3	7.231224E-3	2.804637E-8	1.980518E+2
4.000000E-1	5.002208E-3	5.002208E-3	1.940111E-8	1.984199E+2
3.500000E-1	3.486638E-3	3.486638E-3	1.352296E-8	1.987881E+2
3.000000E-1	2.493222E-3	2.493222E-3	9.669986E-9	1.995283E+2
2.500000E-1	1.657911E-3	1.657911E-3	6.430225E-9	1.998965E+2
2.000000E-1	1.273269E-3	1.273269E-3	4.938385E-9	2.002646E+2
1.500000E-1	7.817045E-4	7.817045E-4	3.031848E-9	2.006318E+2
1.000000E-1	4.348774E-4	4.348774E-4	1.686676E-9	2.010000E+2
5.000000E-2	1.925127E-4	1.925127E-4	7.466622E-10	2.017412E+2
0.000000E+0	2.468190E-7	-2.468190E-7	-9.572898E-13	2.029150E+2
-5.000000E-2	2.029203E-4	-2.029203E-4	-7.870282E-10	2.040313E+2
-1.000000E-1	3.939957E-4	-3.939957E-4	-1.528116E-9	2.051455E+2
-1.500000E-1	6.272044E-4	-6.272044E-4	-2.432618E-9	2.055137E+2
-2.000000E-1	9.595047E-4	-9.595047E-4	-3.721448E-9	2.058809E+2
-2.500000E-1	1.328637E-3	-1.328637E-3	-5.153133E-9	2.062490E+2
-3.000000E-1	1.946530E-3	-1.946530E-3	-7.549634E-9	2.066172E+2
-3.500000E-1	2.703719E-3	-2.703719E-3	-1.048640E-8	2.069844E+2
-4.000000E-1	3.938322E-3	-3.938322E-3	-1.527482E-8	2.080986E+2
-4.500000E-1	5.660610E-3	-5.660610E-3	-2.195473E-8	2.084668E+2
-5.000000E-1	7.791769E-3	-7.791769E-3	-3.022045E-8	2.088340E+2
-5.000000E-1	7.944923E-3	-7.944923E-3	-3.081446E-8	2.092021E+2
-4.500000E-1	5.442189E-3	-5.442189E-3	-2.110758E-8	2.095693E+2
-4.000000E-1	4.430027E-3	-4.430027E-3	-1.718190E-8	2.099375E+2
-3.500000E-1	3.066987E-3	-3.066987E-3	-1.189534E-8	2.103057E+2
-3.000000E-1	2.158473E-3	-2.158473E-3	-8.371659E-9	2.110459E+2
-2.500000E-1	1.730743E-3	-1.730743E-3	-6.712702E-9	2.114141E+2
-2.000000E-1	1.037604E-3	-1.037604E-3	-4.024356E-9	2.117822E+2
-1.500000E-1	6.270205E-4	-6.270205E-4	-2.431905E-9	2.121494E+2
-1.000000E-1	3.951456E-4	-3.951456E-4	-1.532576E-9	2.125176E+2
-5.000000E-2	1.952504E-4	-1.952504E-4	-7.572805E-10	2.132588E+2
0.000000E+0	1.401194E-7	-1.401194E-7	-5.434542E-13	2.144336E+2
0.000000E+0	2.322095E-7	-2.322095E-7	-9.006268E-13	2.151367E+2
5.000000E-2	2.174227E-4	2.174227E-4	8.432760E-10	2.162520E+2
1.000000E-1	4.656467E-4	4.656467E-4	1.806015E-9	2.173662E+2
1.500000E-1	8.120478E-4	8.120478E-4	3.149535E-9	2.177344E+2
2.000000E-1	1.285609E-3	1.285609E-3	4.986248E-9	2.181025E+2
2.500000E-1	1.876152E-3	1.876152E-3	7.276673E-9	2.184697E+2
3.000000E-1	2.575474E-3	2.575474E-3	9.988999E-9	2.188379E+2
3.500000E-1	3.475518E-3	3.475518E-3	1.347983E-8	2.199521E+2
4.000000E-1	4.997708E-3	4.997708E-3	1.938366E-8	2.203193E+2
4.500000E-1	7.372817E-3	7.372817E-3	2.859554E-8	2.206875E+2
5.000000E-1	9.743490E-3	9.743490E-3	3.779022E-8	2.210547E+2
5.000000E-1	9.403226E-3	9.403226E-3	3.647050E-8	2.214229E+2
4.500000E-1	6.453497E-3	6.453497E-3	2.502995E-8	2.217910E+2
4.000000E-1	5.446324E-3	5.446324E-3	2.112362E-8	2.221582E+2
3.500000E-1	3.944889E-3	3.944889E-3	1.530029E-8	2.225264E+2
3.000000E-1	2.664060E-3	2.664060E-3	1.033258E-8	2.228936E+2
2.500000E-1	1.708296E-3	1.708296E-3	6.625644E-9	2.236348E+2
2.000000E-1	1.192322E-3	1.192322E-3	4.624431E-9	2.240029E+2
1.500000E-1	7.595485E-4	7.595485E-4	2.945916E-9	2.243701E+2
1.000000E-1	4.757485E-4	4.757485E-4	1.845195E-9	2.247383E+2
5.000000E-2	1.926166E-4	1.926166E-4	7.470653E-10	2.254795E+2
0.000000E+0	2.075849E-7	-2.075849E-7	-8.051199E-13	2.266543E+2
-5.000000E-2	1.865903E-4	-1.865903E-4	-7.236924E-10	2.277695E+2
-1.000000E-1	3.736023E-4	-3.736023E-4	-1.449020E-9	2.288848E+2
-1.500000E-1	6.163780E-4	-6.163780E-4	-2.390628E-9	2.292520E+2
-2.000000E-1	8.812285E-4	-8.812285E-4	-3.417853E-9	2.296201E+2
-2.500000E-1	1.325298E-3	-1.325298E-3	-5.140182E-9	2.299873E+2
-3.000000E-1	1.754806E-3	-1.754806E-3	-6.806033E-9	2.303555E+2
-3.500000E-1	2.738111E-3	-2.738111E-3	-1.061979E-8	2.314697E+2
-4.000000E-1	3.927741E-3	-3.927741E-3	-1.523378E-8	2.318369E+2
-4.500000E-1	5.540306E-3	-5.540306E-3	-2.148813E-8	2.322051E+2
-5.000000E-1	7.441513E-3	-7.441513E-3	-2.886198E-8	2.325732E+2
-5.000000E-1	7.706796E-3	-7.706796E-3	-2.989088E-8	2.329404E+2
-4.500000E-1	5.635765E-3	-5.635765E-3	-2.185837E-8	2.333086E+2
-4.000000E-1	4.176561E-3	-4.176561E-3	-1.619883E-8	2.336758E+2
-3.500000E-1	2.981774E-3	-2.981774E-3	-1.156484E-8	2.340439E+2
-3.000000E-1	1.991359E-3	-1.991359E-3	-7.723504E-9	2.347852E+2
-2.500000E-1	1.505951E-3	-1.505951E-3	-5.840846E-9	2.351523E+2
-2.000000E-1	1.076304E-3	-1.076304E-3	-4.174456E-9	2.355205E+2
-1.500000E-1	7.339631E-4	-7.339631E-4	-2.846683E-9	2.358887E+2
-1.000000E-1	4.281415E-4	-4.281415E-4	-1.660551E-9	2.362559E+2
-5.000000E-2	1.922994E-4	-1.922994E-4	-7.458352E-10	2.369971E+2
0.000000E+0	2.878206E-7	-2.878206E-7	-1.116315E-12	2.381719E+2
0.000000E+0	2.014985E-7	-2.014985E-7	-7.815137E-13	2.388760E+2
5.000000E-2	1.862175E-4	1.862175E-4	7.222463E-10	2.399902E+2
1.000000E-1	4.342795E-4	4.342795E-4	1.684357E-9	2.411055E+2
1.500000E-1	7.653850E-4	7.653850E-4	2.968553E-9	2.414727E+2
2.000000E-1	1.262360E-3	1.262360E-3	4.896076E-9	2.418408E+2
2.500000E-1	1.713381E-3	1.713381E-3	6.645364E-9	2.422090E+2
3.000000E-1	2.641435E-3	2.641435E-3	1.024483E-8	2.425762E+2
3.500000E-1	3.667909E-3	3.667909E-3	1.422602E-8	2.436904E+2
4.000000E-1	5.022079E-3	5.022079E-3	1.947818E-8	2.440586E+2
4.500000E-1	7.075257E-3	7.075257E-3	2.744145E-8	2.444258E+2
5.000000E-1	9.259214E-3	9.259214E-3	3.591195E-8	2.447939E+2
5.000000E-1	8.673858E-3	8.673858E-3	3.364164E-8	2.451621E+2
4.500000E-1	6.594895E-3	6.594895E-3	2.557836E-8	2.455293E+2
4.000000E-1	4.848520E-3	4.848520E-3	1.880503E-8	2.458975E+2
3.500000E-1	3.429567E-3	3.429567E-3	1.330161E-8	2.462646E+2
3.000000E-1	2.600009E-3	2.600009E-3	1.008416E-8	2.466328E+2
2.500000E-1	1.776538E-3	1.776538E-3	6.890318E-9	2.473740E+2
2.000000E-1	1.075739E-3	1.075739E-3	4.172263E-9	2.477412E+2
1.500000E-1	7.025544E-4	7.025544E-4	2.724864E-9	2.481094E+2
1.000000E-1	4.465615E-4	4.465615E-4	1.731993E-9	2.484775E+2
5.000000E-2	1.949903E-4	1.949903E-4	7.562716E-10	2.492178E+2
0.000000E+0	1.872218E-7	-1.872218E-7	-7.261414E-13	2.503926E+2
-5.000000E-2	2.096395E-4	-2.096395E-4	-8.130889E-10	2.515088E+2
-1.000000E-1	3.779656E-4	-3.779656E-4	-1.465943E-9	2.526230E+2
-1.500000E-1	6.091141E-4	-6.091141E-4	-2.362455E-9	2.529912E+2
-2.000000E-1	9.947249E-4	-9.947249E-4	-3.858050E-9	2.533584E+2
-2.500000E-1	1.312583E-3	-1.312583E-3	-5.090865E-9	2.537266E+2
-3.000000E-1	1.890636E-3	-1.890636E-3	-7.332851E-9	2.540947E+2
-3.500000E-1	2.944613E-3	-2.944613E-3	-1.142071E-8	2.552080E+2
-4.000000E-1	3.957768E-3	-3.957768E-3	-1.535024E-8	2.555762E+2
-4.500000E-1	5.484079E-3	-5.484079E-3	-2.127005E-8	2.559443E+2
-5.000000E-1	7.665886E-3	-7.665886E-3	-2.973221E-8	2.563115E+2
-5.000000E-1	8.553381E-3	-8.553381E-3	-3.317437E-8	2.566797E+2
-4.500000E-1	5.474366E-3	-5.474366E-3	-2.123238E-8	2.570469E+2
-4.000000E-1	4.539845E-3	-4.539845E-3	-1.760783E-8	2.574150E+2
-3.500000E-1	2.986005E-3	-2.986005E-3	-1.158125E-8	2.577832E+2
-3.000000E-1	1.966340E-3	-1.966340E-3	-7.626468E-9	2.585234E+2
-2.500000E-1	1.400028E-3	-1.400028E-3	-5.430023E-9	2.588916E+2
-2.000000E-1	9.119246E-4	-9.119246E-4	-3.536908E-9	2.592598E+2
-1.500000E-1	6.651563E-4	-6.651563E-4	-2.579815E-9	2.596270E+2
-1.000000E-1	4.290862E-4	-4.290862E-4	-1.664215E-9	2.599951E+2
-5.000000E-2	1.900367E-4	-1.900367E-4	-7.370591E-10	2.607363E+2
0.000000E+0	3.804441E-7	-3.804441E-7	-1.475556E-12	2.619102E+2
0.000000E+0	2.824964E-7	-2.824964E-7	-1.095665E-12	2.626143E+2
5.000000E-2	1.921210E-4	1.921210E-4	7.451430E-10	2.637295E+2
1.000000E-1	4.499221E-4	4.499221E-4	1.745027E-9	2.648438E+2
1.500000E-1	7.768634E-4	7.768634E-4	3.013072E-9	2.652119E+2
2.000000E-1	1.161219E-3	1.161219E-3	4.503798E-9	2.655791E+2
2.500000E-1	1.674252E-3	1.674252E-3	6.493603E-9	2.659473E+2
3.000000E-1	2.397654E-3	2.397654E-3	9.299325E-9	2.663154E+2
3.500000E-1	3.632702E-3	3.632702E-3	1.408947E-8	2.674287E+2
4.000000E-1	5.238087E-3	5.238087E-3	2.031597E-8	2.677969E+2
4.500000E-1	6.858307E-3	6.858307E-3	2.660001E-8	2.681650E+2
5.000000E-1	9.492515E-3	9.492515E-3	3.681681E-8	2.685322E+2
5.000000E-1	9.546500E-3	9.546500E-3	3.702619E-8	2.689004E+2
4.500000E-1	7.234248E-3	7.234248E-3	2.805810E-8	2.692676E+2
4.000000E-1	5.141815E-3	5.141815E-3	1.994258E-8	2.696357E+2
3.500000E-1	3.313837E-3	3.313837E-3	1.285275E-8	2.700039E+2
3.000000E-1	2.255536E-3	2.255536E-3	8.748117E-9	2.714912E+2
2.500000E-1	1.525348E-3	1.525348E-3	5.916075E-9	2.722314E+2
2.000000E-1	1.058180E-3	1.058180E-3	4.104161E-9	2.725996E+2
1.500000E-1	6.965859E-4	6.965859E-4	2.701715E-9	2.729668E+2
1.000000E-1	3.964616E-4	3.964616E-4	1.537680E-9	2.733350E+2
5.000000E-2	1.793897E-4	1.793897E-4	6.957646E-10	2.740762E+2
0.000000E+0	1.226044E-7	-1.226044E-7	-4.755224E-13	2.752510E+2
-5.000000E-2	1.666893E-4	-1.666893E-4	-6.465060E-10	2.763662E+2
-1.000000E-1	3.378349E-4	-3.378349E-4	-1.310296E-9	2.774814E+2
-1.500000E-1	5.380766E-4	-5.380766E-4	-2.086935E-9	2.778486E+2
-2.000000E-1	8.132315E-4	-8.132315E-4	-3.154126E-9	2.782168E+2
-2.500000E-1	1.257165E-3	-1.257165E-3	-4.875925E-9	2.785840E+2
-3.000000E-1	1.737901E-3	-1.737901E-3	-6.740464E-9	2.789521E+2
-3.500000E-1	2.291233E-3	-2.291233E-3	-8.886571E-9	2.793203E+2
-4.000000E-1	3.694234E-3	-3.694234E-3	-1.432812E-8	2.804336E+2
-4.500000E-1	5.810761E-3	-5.810761E-3	-2.253709E-8	2.808018E+2
-5.000000E-1	7.292490E-3	-7.292490E-3	-2.828399E-8	2.811699E+2
-5.000000E-1	7.666079E-3	-7.666079E-3	-2.973296E-8	2.815371E+2
-4.500000E-1	5.732731E-3	-5.732731E-3	-2.223445E-8	2.819053E+2
-4.000000E-1	3.941726E-3	-3.941726E-3	-1.528802E-8	2.822725E+2
-3.500000E-1	2.789355E-3	-2.789355E-3	-1.081854E-8	2.826406E+2
-3.000000E-1	1.797744E-3	-1.797744E-3	-6.972567E-9	2.833818E+2
-2.500000E-1	1.297999E-3	-1.297999E-3	-5.034300E-9	2.837490E+2
-2.000000E-1	9.102989E-4	-9.102989E-4	-3.530603E-9	2.841172E+2
-1.500000E-1	6.262045E-4	-6.262045E-4	-2.428740E-9	2.844854E+2
-1.000000E-1	3.882479E-4	-3.882479E-4	-1.505823E-9	2.848525E+2
-5.000000E-2	1.899246E-4	-1.899246E-4	-7.366243E-10	2.855938E+2
0.000000E+0	1.665080E-7	-1.665080E-7	-6.458029E-13	2.867686E+2
0.000000E+0	1.332958E-7	-1.332958E-7	-5.169892E-13	2.874727E+2
5.000000E-2	1.958661E-4	1.958661E-4	7.596686E-10	2.885869E+2
1.000000E-1	4.164623E-4	4.164623E-4	1.615253E-9	2.897021E+2
1.500000E-1	7.277283E-4	7.277283E-4	2.822501E-9	2.900703E+2
2.000000E-1	1.087628E-3	1.087628E-3	4.218374E-9	2.904375E+2
2.500000E-1	1.705989E-3	1.705989E-3	6.616695E-9	2.908057E+2
3.000000E-1	2.524384E-3	2.524384E-3	9.790849E-9	2.911729E+2
3.500000E-1	3.756569E-3	3.756569E-3	1.456989E-8	2.922871E+2
4.000000E-1	5.000771E-3	5.000771E-3	1.939554E-8	2.926553E+2
4.500000E-1	7.146709E-3	7.146709E-3	2.771858E-8	2.930225E+2
5.000000E-1	9.371102E-3	9.371102E-3	3.634591E-8	2.933906E+2
5.000000E-1	9.348684E-3	9.348684E-3	3.625896E-8	2.937588E+2
4.500000E-1	6.603890E-3	6.603890E-3	2.561325E-8	2.941260E+2
4.000000E-1	4.907037E-3	4.907037E-3	1.903199E-8	2.944941E+2
3.500000E-1	3.649425E-3	3.649425E-3	1.415433E-8	2.948613E+2
3.000000E-1	2.632130E-3	2.632130E-3	1.020874E-8	2.952295E+2
2.500000E-1	1.555445E-3	1.555445E-3	6.032808E-9	2.959707E+2
2.000000E-1	1.071879E-3	1.071879E-3	4.157291E-9	2.963379E+2
1.500000E-1	6.755085E-4	6.755085E-4	2.619966E-9	2.967061E+2
1.000000E-1	3.961566E-4	3.961566E-4	1.536497E-9	2.970742E+2
5.000000E-2	1.869714E-4	1.869714E-4	7.251703E-10	2.978145E+2
0.000000E+0	1.305586E-7	-1.305586E-7	-5.063727E-13	2.989893E+2
-5.000000E-2	1.650976E-4	-1.650976E-4	-6.403325E-10	3.001055E+2
-1.000000E-1	3.853939E-4	-3.853939E-4	-1.494754E-9	3.012197E+2
-1.500000E-1	5.917180E-4	-5.917180E-4	-2.294984E-9	3.015879E+2
-2.000000E-1	8.952937E-4	-8.952937E-4	-3.472405E-9	3.019551E+2
-2.500000E-1	1.317184E-3	-1.317184E-3	-5.108710E-9	3.023232E+2
-3.000000E-1	1.817861E-3	-1.817861E-3	-7.050591E-9	3.026914E+2
-3.500000E-1	2.628414E-3	-2.628414E-3	-1.019433E-8	3.030586E+2
-4.000000E-1	3.558207E-3	-3.558207E-3	-1.380054E-8	3.041729E+2
-4.500000E-1	5.139173E-3	-5.139173E-3	-1.993233E-8	3.045410E+2
-5.000000E-1	7.048705E-3	-7.048705E-3	-2.733847E-8	3.049082E+2
-5.000000E-1	7.214898E-3	-7.214898E-3	-2.798305E-8	3.052764E+2
-4.500000E-1	5.173160E-3	-5.173160E-3	-2.006415E-8	3.056436E+2
-4.000000E-1	3.562505E-3	-3.562505E-3	-1.381721E-8	3.060117E+2
-3.500000E-1	2.882339E-3	-2.882339E-3	-1.117918E-8	3.074990E+2
-3.000000E-1	1.857541E-3	-1.857541E-3	-7.204491E-9	3.082402E+2
-2.500000E-1	1.235606E-3	-1.235606E-3	-4.792311E-9	3.086074E+2
-2.000000E-1	9.430945E-4	-9.430945E-4	-3.657801E-9	3.089756E+2
-1.500000E-1	6.155437E-4	-6.155437E-4	-2.387392E-9	3.093437E+2
-1.000000E-1	3.916090E-4	-3.916090E-4	-1.518859E-9	3.097109E+2
-5.000000E-2	1.771708E-4	-1.771708E-4	-6.871586E-10	3.104521E+2
0.000000E+0	1.836436E-7	-1.836436E-7	-7.122636E-13	3.116270E+2
0.000000E+0	1.014076E-7	-1.014076E-7	-3.933104E-13	3.123311E+2
5.000000E-2	1.899620E-4	1.899620E-4	7.367696E-10	3.134453E+2
1.000000E-1	4.304326E-4	4.304326E-4	1.669437E-9	3.145605E+2
1.500000E-1	7.314415E-4	7.314415E-4	2.836903E-9	3.149277E+2
2.000000E-1	1.212288E-3	1.212288E-3	4.701870E-9	3.152959E+2
2.500000E-1	1.682196E-3	1.682196E-3	6.524412E-9	3.156641E+2
3.000000E-1	2.452385E-3	2.452385E-3	9.511598E-9	3.160312E+2
3.500000E-1	3.259327E-3	3.259327E-3	1.264133E-8	3.171455E+2
4.000000E-1	5.020395E-3	5.020395E-3	1.947165E-8	3.175137E+2
4.500000E-1	6.717464E-3	6.717464E-3	2.605375E-8	3.178809E+2
5.000000E-1	8.845519E-3	8.845519E-3	3.430743E-8	3.182490E+2
5.000000E-1	8.322958E-3	8.322958E-3	3.228067E-8	3.186172E+2
4.500000E-1	6.150760E-3	6.150760E-3	2.385578E-8	3.189844E+2
4.000000E-1	4.237571E-3	4.237571E-3	1.643546E-8	3.193525E+2
3.500000E-1	3.204667E-3	3.204667E-3	1.242933E-8	3.197197E+2
3.000000E-1	2.020493E-3	2.020493E-3	7.836501E-9	3.204609E+2
2.500000E-1	1.476696E-3	1.476696E-3	5.727378E-9	3.208291E+2
2.000000E-1	9.574905E-4	9.574905E-4	3.713636E-9	3.211963E+2
1.500000E-1	6.338610E-4	6.338610E-4	2.458436E-9	3.215645E+2
1.000000E-1	3.716103E-4	3.716103E-4	1.441294E-9	3.219326E+2
5.000000E-2	1.890041E-4	1.890041E-4	7.330540E-10	3.226729E+2
0.000000E+0	1.727590E-7	-1.727590E-7	-6.700474E-13	3.238477E+2
-5.000000E-2	1.600248E-4	-1.600248E-4	-6.206577E-10	3.249639E+2
-1.000000E-1	3.241493E-4	-3.241493E-4	-1.257216E-9	3.260781E+2
-1.500000E-1	5.167833E-4	-5.167833E-4	-2.004349E-9	3.264463E+2
-2.000000E-1	7.486224E-4	-7.486224E-4	-2.903539E-9	3.268135E+2
-2.500000E-1	1.114501E-3	-1.114501E-3	-4.322604E-9	3.271816E+2
-3.000000E-1	1.710572E-3	-1.710572E-3	-6.634471E-9	3.275498E+2
-3.500000E-1	2.329768E-3	-2.329768E-3	-9.036027E-9	3.279170E+2
-4.000000E-1	3.120310E-3	-3.120310E-3	-1.210215E-8	3.290313E+2
-4.500000E-1	4.613205E-3	-4.613205E-3	-1.789236E-8	3.293994E+2
-5.000000E-1	6.166988E-3	-6.166988E-3	-2.391872E-8	3.297666E+2
-5.000000E-1	6.443467E-3	-6.443467E-3	-2.499105E-8	3.301348E+2
-4.500000E-1	4.487768E-3	-4.487768E-3	-1.740585E-8	3.305020E+2
-4.000000E-1	3.037672E-3	-3.037672E-3	-1.178164E-8	3.308701E+2
-3.500000E-1	2.247484E-3	-2.247484E-3	-8.716887E-9	3.316113E+2
-3.000000E-1	1.595114E-3	-1.595114E-3	-6.186664E-9	3.319785E+2
-2.500000E-1	1.052877E-3	-1.052877E-3	-4.083594E-9	3.323467E+2
-2.000000E-1	7.841726E-4	-7.841726E-4	-3.041421E-9	3.327148E+2
-1.500000E-1	5.337994E-4	-5.337994E-4	-2.070346E-9	3.330820E+2
-1.000000E-1	3.588265E-4	-3.588265E-4	-1.391712E-9	3.334502E+2
-5.000000E-2	1.731951E-4	-1.731951E-4	-6.717389E-10	3.341914E+2
0.000000E+0	2.016702E-7	-2.016702E-7	-7.821799E-13	3.353662E+2
0.000000E+0	2.109519E-7	-2.109519E-7	-8.181789E-13	3.360693E+2
5.000000E-2	1.728439E-4	1.728439E-4	6.703768E-10	3.371846E+2
1.000000E-1	4.204553E-4	4.204553E-4	1.630740E-9	3.382988E+2
1.500000E-1	7.485394E-4	7.485394E-4	2.903217E-9	3.386670E+2
2.000000E-1	1.150356E-3	1.150356E-3	4.461667E-9	3.390352E+2
2.500000E-1	1.699484E-3	1.699484E-3	6.591466E-9	3.394023E+2
3.000000E-1	2.582562E-3	2.582562E-3	1.001649E-8	3.397705E+2
3.500000E-1	3.503689E-3	3.503689E-3	1.358909E-8	3.408848E+2
4.000000E-1	5.267464E-3	5.267464E-3	2.042991E-8	3.412520E+2
4.500000E-1	7.189298E-3	7.189298E-3	2.788376E-8	3.416201E+2
5.000000E-1	9.161372E-3	9.161372E-3	3.553247E-8	3.419873E+2
5.000000E-1	8.776351E-3	8.776351E-3	3.403916E-8	3.423555E+2
4.500000E-1	6.604669E-3	6.604669E-3	2.561627E-8	3.427236E+2
4.000000E-1	4.899885E-3	4.899885E-3	1.900425E-8	3.430908E+2
3.500000E-1	3.452584E-3	3.452584E-3	1.339088E-8	3.434590E+2
3.000000E-1	2.318509E-3	2.318509E-3	8.992361E-9	3.442002E+2
2.500000E-1	1.539869E-3	1.539869E-3	5.972396E-9	3.445674E+2
2.000000E-1	1.040556E-3	1.040556E-3	4.035808E-9	3.449355E+2
1.500000E-1	6.859267E-4	6.859267E-4	2.660373E-9	3.453027E+2
1.000000E-1	3.901965E-4	3.901965E-4	1.513381E-9	3.456709E+2
5.000000E-2	1.750010E-4	1.750010E-4	6.787430E-10	3.464121E+2
0.000000E+0	6.684295E-8	-6.684295E-8	-2.592510E-13	3.475869E+2
-5.000000E-2	1.626623E-4	-1.626623E-4	-6.308873E-10	3.487021E+2
-1.000000E-1	3.626125E-4	-3.626125E-4	-1.406396E-9	3.498174E+2
-1.500000E-1	6.041298E-4	-6.041298E-4	-2.343123E-9	3.501846E+2
-2.000000E-1	8.615137E-4	-8.615137E-4	-3.341389E-9	3.505527E+2
-2.500000E-1	1.205902E-3	-1.205902E-3	-4.677103E-9	3.509199E+2
-3.000000E-1	1.803701E-3	-1.803701E-3	-6.995672E-9	3.512881E+2
-3.500000E-1	2.393975E-3	-2.393975E-3	-9.285053E-9	3.516563E+2
-4.000000E-1	3.649515E-3	-3.649515E-3	-1.415468E-8	3.527695E+2
-4.500000E-1	5.181277E-3	-5.181277E-3	-2.009563E-8	3.531377E+2
-5.000000E-1	7.067205E-3	-7.067205E-3	-2.741022E-8	3.535059E+2
-5.000000E-1	7.272268E-3	-7.272268E-3	-2.820556E-8	3.538730E+2
-4.500000E-1	4.952119E-3	-4.952119E-3	-1.920684E-8	3.542412E+2
-4.000000E-1	3.629732E-3	-3.629732E-3	-1.407795E-8	3.546084E+2
-3.500000E-1	2.527061E-3	-2.527061E-3	-9.801230E-9	3.553496E+2
-3.000000E-1	1.886066E-3	-1.886066E-3	-7.315123E-9	3.557178E+2
-2.500000E-1	1.365176E-3	-1.365176E-3	-5.294849E-9	3.560850E+2
-2.000000E-1	9.177209E-4	-9.177209E-4	-3.559389E-9	3.564531E+2
-1.500000E-1	5.876853E-4	-5.876853E-4	-2.279343E-9	3.568213E+2
-1.000000E-1	3.647032E-4	-3.647032E-4	-1.414505E-9	3.571885E+2
-5.000000E-2	1.804270E-4	-1.804270E-4	-6.997880E-10	3.579297E+2
0.000000E+0	3.056826E-7	-3.056826E-7	-1.185593E-12	3.591045E+2
0.000000E+0	3.221743E-7	-3.221743E-7	-1.249556E-12	3.598086E+2
5.000000E-2	1.696999E-4	1.696999E-4	6.581828E-10	3.609229E+2
1.000000E-1	3.922053E-4	3.922053E-4	1.521172E-9	3.620381E+2
1.500000E-1	6.887592E-4	6.887592E-4	2.671359E-9	3.624053E+2
2.000000E-1	1.159187E-3	1.159187E-3	4.495916E-9	3.627734E+2
2.500000E-1	1.583354E-3	1.583354E-3	6.141055E-9	3.631416E+2
3.000000E-1	2.584490E-3	2.584490E-3	1.002397E-8	3.635088E+2
3.500000E-1	3.358050E-3	3.358050E-3	1.302423E-8	3.646230E+2
4.000000E-1	4.918898E-3	4.918898E-3	1.907799E-8	3.649912E+2
4.500000E-1	6.680461E-3	6.680461E-3	2.591023E-8	3.653584E+2
5.000000E-1	9.332018E-3	9.332018E-3	3.619432E-8	3.657266E+2
5.000000E-1	9.357286E-3	9.357286E-3	3.629232E-8	3.660947E+2
4.500000E-1	6.418102E-3	6.418102E-3	2.489267E-8	3.664619E+2
4.000000E-1	4.502936E-3	4.502936E-3	1.746468E-8	3.668301E+2
3.500000E-1	3.187931E-3	3.187931E-3	1.236442E-8	3.671973E+2
3.000000E-1	2.167821E-3	2.167821E-3	8.407916E-9	3.679385E+2
2.500000E-1	1.599375E-3	1.599375E-3	6.203190E-9	3.683066E+2
2.000000E-1	1.138155E-3	1.138155E-3	4.414344E-9	3.686738E+2
1.500000E-1	6.741868E-4	6.741868E-4	2.614840E-9	3.690420E+2
1.000000E-1	4.017863E-4	4.017863E-4	1.558332E-9	3.694102E+2
5.000000E-2	1.749264E-4	1.749264E-4	6.784535E-10	3.701504E+2
0.000000E+0	1.372568E-7	-1.372568E-7	-5.323519E-13	3.713252E+2
-5.000000E-2	1.537140E-4	-1.537140E-4	-5.961811E-10	3.724414E+2
-1.000000E-1	3.290187E-4	-3.290187E-4	-1.276102E-9	3.735557E+2
-1.500000E-1	5.453781E-4	-5.453781E-4	-2.115254E-9	3.739238E+2
-2.000000E-1	8.417785E-4	-8.417785E-4	-3.264846E-9	3.742910E+2
-2.500000E-1	1.212728E-3	-1.212728E-3	-4.703578E-9	3.746592E+2
-3.000000E-1	1.654072E-3	-1.654072E-3	-6.415334E-9	3.750264E+2
-3.500000E-1	2.619280E-3	-2.619280E-3	-1.015890E-8	3.753945E+2
-4.000000E-1	4.201274E-3	-4.201274E-3	-1.629468E-8	3.765088E+2
-4.500000E-1	5.870121E-3	-5.870121E-3	-2.276732E-8	3.768770E+2
-5.000000E-1	8.329996E-3	-8.329996E-3	-3.230797E-8	3.772441E+2
-5.000000E-1	7.869219E-3	-7.869219E-3	-3.052084E-8	3.776123E+2
-4.500000E-1	5.721097E-3	-5.721097E-3	-2.218933E-8	3.779795E+2
-4.000000E-1	4.487456E-3	-4.487456E-3	-1.740464E-8	3.783477E+2
-3.500000E-1	2.980601E-3	-2.980601E-3	-1.156029E-8	3.787158E+2
-3.000000E-1	2.005706E-3	-2.005706E-3	-7.779150E-9	3.794561E+2
-2.500000E-1	1.442404E-3	-1.442404E-3	-5.594378E-9	3.798242E+2
-2.000000E-1	1.034630E-3	-1.034630E-3	-4.012822E-9	3.801924E+2
-1.500000E-1	6.036195E-4	-6.036195E-4	-2.341144E-9	3.805596E+2
-1.000000E-1	3.513785E-4	-3.513785E-4	-1.362825E-9	3.809277E+2
-5.000000E-2	1.717013E-4	-1.717013E-4	-6.659453E-10	3.816689E+2
0.000000E+0	2.172172E-7	-2.172172E-7	-8.424789E-13	3.828428E+2
0.000000E+0	2.214501E-7	-2.214501E-7	-8.588963E-13	3.835469E+2
5.000000E-2	1.839817E-4	1.839817E-4	7.135747E-10	3.846621E+2
1.000000E-1	4.167346E-4	4.167346E-4	1.616309E-9	3.857764E+2
1.500000E-1	7.115889E-4	7.115889E-4	2.759904E-9	3.861445E+2
2.000000E-1	1.049019E-3	1.049019E-3	4.068629E-9	3.865117E+2
2.500000E-1	1.634213E-3	1.634213E-3	6.338309E-9	3.868799E+2
3.000000E-1	2.523959E-3	2.523959E-3	9.789199E-9	3.872480E+2
3.500000E-1	3.395709E-3	3.395709E-3	1.317029E-8	3.883623E+2
4.000000E-1	4.663670E-3	4.663670E-3	1.808809E-8	3.887295E+2
4.500000E-1	6.812220E-3	6.812220E-3	2.642126E-8	3.890977E+2
5.000000E-1	9.116420E-3	9.116420E-3	3.535812E-8	3.894648E+2
5.000000E-1	9.424443E-3	9.424443E-3	3.655279E-8	3.898330E+2
4.500000E-1	6.645584E-3	6.645584E-3	2.577496E-8	3.902012E+2
4.000000E-1	4.637813E-3	4.637813E-3	1.798780E-8	3.905684E+2
3.500000E-1	3.060312E-3	3.060312E-3	1.186945E-8	3.909365E+2
3.000000E-1	2.132846E-3	2.132846E-3	8.272264E-9	3.916777E+2
2.500000E-1	1.397313E-3	1.397313E-3	5.419492E-9	3.920449E+2
2.000000E-1	9.425363E-4	9.425363E-4	3.655636E-9	3.924131E+2
1.500000E-1	6.329024E-4	6.329024E-4	2.454718E-9	3.927803E+2
1.000000E-1	3.622701E-4	3.622701E-4	1.405068E-9	3.931484E+2
5.000000E-2	1.660246E-4	1.660246E-4	6.439279E-10	3.938896E+2
0.000000E+0	1.518055E-7	-1.518055E-7	-5.887790E-13	3.950645E+2
-5.000000E-2	1.708241E-4	-1.708241E-4	-6.625429E-10	3.961797E+2
-1.000000E-1	3.476745E-4	-3.476745E-4	-1.348459E-9	3.972949E+2
-1.500000E-1	6.243556E-4	-6.243556E-4	-2.421569E-9	3.976621E+2
-2.000000E-1	9.380658E-4	-9.380658E-4	-3.638297E-9	3.980303E+2
-2.500000E-1	1.269614E-3	-1.269614E-3	-4.924209E-9	3.983975E+2
-3.000000E-1	1.750393E-3	-1.750393E-3	-6.788914E-9	3.987656E+2
-3.500000E-1	2.523215E-3	-2.523215E-3	-9.786312E-9	3.991338E+2
-4.000000E-1	3.092588E-3	-3.092588E-3	-1.199463E-8	4.002471E+2
-4.500000E-1	4.773690E-3	-4.773690E-3	-1.851480E-8	4.006152E+2
-5.000000E-1	6.542774E-3	-6.542774E-3	-2.537621E-8	4.009834E+2
-5.000000E-1	6.626087E-3	-6.626087E-3	-2.569934E-8	4.013506E+2
-4.500000E-1	4.633061E-3	-4.633061E-3	-1.796937E-8	4.017188E+2
-4.000000E-1	3.178940E-3	-3.178940E-3	-1.232955E-8	4.020859E+2
-3.500000E-1	2.343654E-3	-2.343654E-3	-9.089884E-9	4.028271E+2
-3.000000E-1	1.650544E-3	-1.650544E-3	-6.401651E-9	4.031953E+2
-2.500000E-1	1.241265E-3	-1.241265E-3	-4.814259E-9	4.035625E+2
-2.000000E-1	8.251647E-4	-8.251647E-4	-3.200409E-9	4.039307E+2
-1.500000E-1	5.443163E-4	-5.443163E-4	-2.111136E-9	4.042988E+2
-1.000000E-1	3.314889E-4	-3.314889E-4	-1.285683E-9	4.046660E+2
-5.000000E-2	1.597062E-4	-1.597062E-4	-6.194221E-10	4.054072E+2
0.000000E+0	2.562796E-7	-2.562796E-7	-9.939827E-13	4.065820E+2
0.000000E+0	2.182906E-7	-2.182906E-7	-8.466422E-13	4.072861E+2
5.000000E-2	1.720795E-4	1.720795E-4	6.674120E-10	4.084004E+2
1.000000E-1	4.022169E-4	4.022169E-4	1.560002E-9	4.095156E+2
1.500000E-1	6.789802E-4	6.789802E-4	2.633431E-9	4.098828E+2
2.000000E-1	1.042975E-3	1.042975E-3	4.045187E-9	4.102510E+2
2.500000E-1	1.646825E-3	1.646825E-3	6.387226E-9	4.106191E+2
3.000000E-1	2.502483E-3	2.502483E-3	9.705905E-9	4.109863E+2
3.500000E-1	3.390870E-3	3.390870E-3	1.315152E-8	4.121006E+2
4.000000E-1	4.586169E-3	4.586169E-3	1.778750E-8	4.124688E+2
4.500000E-1	6.442978E-3	6.442978E-3	2.498915E-8	4.128359E+2
5.000000E-1	9.367846E-3	9.367846E-3	3.633328E-8	4.132041E+2
5.000000E-1	9.273106E-3	9.273106E-3	3.596583E-8	4.135723E+2
4.500000E-1	6.396550E-3	6.396550E-3	2.480908E-8	4.139395E+2
4.000000E-1	4.608221E-3	4.608221E-3	1.787303E-8	4.143076E+2
3.500000E-1	3.272113E-3	3.272113E-3	1.269092E-8	4.146748E+2
3.000000E-1	2.375349E-3	2.375349E-3	9.212814E-9	4.154160E+2
2.500000E-1	1.698477E-3	1.698477E-3	6.587557E-9	4.157842E+2
2.000000E-1	1.069323E-3	1.069323E-3	4.147380E-9	4.161514E+2
1.500000E-1	6.477836E-4	6.477836E-4	2.512435E-9	4.165195E+2
1.000000E-1	3.542332E-4	3.542332E-4	1.373897E-9	4.168877E+2
5.000000E-2	1.624714E-4	1.624714E-4	6.301467E-10	4.176279E+2
0.000000E+0	4.963216E-8	-4.963216E-8	-1.924988E-13	4.188027E+2
-5.000000E-2	1.661363E-4	-1.661363E-4	-6.443612E-10	4.199189E+2
-1.000000E-1	2.695177E-4	-2.695177E-4	-1.045327E-9	4.202871E+2
-1.500000E-1	5.295408E-4	-5.295408E-4	-2.053829E-9	4.214014E+2
-2.000000E-1	8.118611E-4	-8.118611E-4	-3.148811E-9	4.217695E+2
-2.500000E-1	1.119508E-3	-1.119508E-3	-4.342022E-9	4.221367E+2
-3.000000E-1	1.481359E-3	-1.481359E-3	-5.745466E-9	4.225049E+2
-3.500000E-1	2.342427E-3	-2.342427E-3	-9.085124E-9	4.228730E+2
-4.000000E-1	3.042009E-3	-3.042009E-3	-1.179846E-8	4.239873E+2
-4.500000E-1	4.309666E-3	-4.309666E-3	-1.671508E-8	4.243545E+2
-5.000000E-1	6.626690E-3	-6.626690E-3	-2.570168E-8	4.247227E+2
-5.000000E-1	6.851555E-3	-6.851555E-3	-2.657382E-8	4.250898E+2
-4.500000E-1	4.863716E-3	-4.863716E-3	-1.886397E-8	4.254580E+2
-4.000000E-1	3.434752E-3	-3.434752E-3	-1.332172E-8	4.258262E+2
-3.500000E-1	2.683095E-3	-2.683095E-3	-1.040641E-8	4.261934E+2
-3.000000E-1	1.826985E-3	-1.826985E-3	-7.085980E-9	4.269346E+2
-2.500000E-1	1.303148E-3	-1.303148E-3	-5.054272E-9	4.273027E+2
-2.000000E-1	8.358739E-4	-8.358739E-4	-3.241945E-9	4.276699E+2
-1.500000E-1	5.904227E-4	-5.904227E-4	-2.289960E-9	4.280381E+2
-1.000000E-1	3.765302E-4	-3.765302E-4	-1.460376E-9	4.284053E+2
-5.000000E-2	1.591230E-4	-1.591230E-4	-6.171601E-10	4.291465E+2
0.000000E+0	1.798365E-7	-1.798365E-7	-6.974976E-13	4.303213E+2
0.000000E+0	1.039159E-7	-1.039159E-7	-4.030387E-13	4.310254E+2
5.000000E-2	1.700111E-4	1.700111E-4	6.593896E-10	4.321396E+2
1.000000E-1	3.989089E-4	3.989089E-4	1.547172E-9	4.332549E+2
1.500000E-1	6.929587E-4	6.929587E-4	2.687647E-9	4.336230E+2
2.000000E-1	1.137768E-3	1.137768E-3	4.412842E-9	4.339902E+2
2.500000E-1	1.783494E-3	1.783494E-3	6.917299E-9	4.343584E+2
3.000000E-1	2.469817E-3	2.469817E-3	9.579208E-9	4.347256E+2
3.500000E-1	3.422835E-3	3.422835E-3	1.327550E-8	4.358398E+2
4.000000E-1	4.823887E-3	4.823887E-3	1.870949E-8	4.362080E+2
4.500000E-1	6.509620E-3	6.509620E-3	2.524762E-8	4.365752E+2
5.000000E-1	9.781580E-3	9.781580E-3	3.793795E-8	4.369434E+2
5.000000E-1	8.650125E-3	8.650125E-3	3.354959E-8	4.373115E+2
4.500000E-1	6.594384E-3	6.594384E-3	2.557638E-8	4.376787E+2
4.000000E-1	4.833357E-3	4.833357E-3	1.874622E-8	4.380469E+2
3.500000E-1	3.309965E-3	3.309965E-3	1.283773E-8	4.384141E+2
3.000000E-1	2.451990E-3	2.451990E-3	9.510067E-9	4.391553E+2
2.500000E-1	1.758202E-3	1.758202E-3	6.819202E-9	4.395234E+2
2.000000E-1	1.088650E-3	1.088650E-3	4.222338E-9	4.398906E+2
1.500000E-1	6.197543E-4	6.197543E-4	2.403723E-9	4.402588E+2
1.000000E-1	3.504558E-4	3.504558E-4	1.359246E-9	4.406270E+2
5.000000E-2	1.701115E-4	1.701115E-4	6.597789E-10	4.413672E+2
0.000000E+0	3.527564E-7	-3.527564E-7	-1.368169E-12	4.425420E+2
-5.000000E-2	1.477775E-4	-1.477775E-4	-5.731564E-10	4.436572E+2
-1.000000E-1	3.442559E-4	-3.442559E-4	-1.335200E-9	4.447725E+2
-1.500000E-1	6.110543E-4	-6.110543E-4	-2.369980E-9	4.451406E+2
-2.000000E-1	8.710297E-4	-8.710297E-4	-3.378297E-9	4.455078E+2
-2.500000E-1	1.128974E-3	-1.128974E-3	-4.378737E-9	4.458760E+2
-3.000000E-1	1.754707E-3	-1.754707E-3	-6.805649E-9	4.462432E+2
-3.500000E-1	2.460295E-3	-2.460295E-3	-9.542278E-9	4.466113E+2
-4.000000E-1	3.536609E-3	-3.536609E-3	-1.371677E-8	4.477256E+2
-4.500000E-1	4.797062E-3	-4.797062E-3	-1.860545E-8	4.480928E+2
-5.000000E-1	6.526755E-3	-6.526755E-3	-2.531408E-8	4.484609E+2
-5.000000E-1	6.570444E-3	-6.570444E-3	-2.548353E-8	4.488291E+2
-4.500000E-1	4.598359E-3	-4.598359E-3	-1.783478E-8	4.491963E+2
-4.000000E-1	3.139131E-3	-3.139131E-3	-1.217515E-8	4.495645E+2
-3.500000E-1	2.297303E-3	-2.297303E-3	-8.910110E-9	4.503057E+2
-3.000000E-1	1.639913E-3	-1.639913E-3	-6.360416E-9	4.506729E+2
-2.500000E-1	1.146727E-3	-1.146727E-3	-4.447593E-9	4.510410E+2
-2.000000E-1	7.981156E-4	-7.981156E-4	-3.095499E-9	4.514082E+2
-1.500000E-1	5.288029E-4	-5.288029E-4	-2.050967E-9	4.517764E+2
-1.000000E-1	3.230710E-4	-3.230710E-4	-1.253034E-9	4.521445E+2
-5.000000E-2	1.661093E-4	-1.661093E-4	-6.442566E-10	4.528848E+2
0.000000E+0	2.606770E-7	-2.606770E-7	-1.011038E-12	4.540596E+2
0.000000E+0	2.208633E-7	-2.208633E-7	-8.566203E-13	4.547637E+2
5.000000E-2	1.747373E-4	1.747373E-4	6.777204E-10	4.558789E+2
1.000000E-1	3.972343E-4	3.972343E-4	1.540677E-9	4.569932E+2
1.500000E-1	7.067104E-4	7.067104E-4	2.740983E-9	4.573613E+2
2.000000E-1	1.013643E-3	1.013643E-3	3.931426E-9	4.577285E+2
2.500000E-1	1.659155E-3	1.659155E-3	6.435049E-9	4.580967E+2
3.000000E-1	2.522898E-3	2.522898E-3	9.785083E-9	4.584639E+2
3.500000E-1	3.396467E-3	3.396467E-3	1.317323E-8	4.595781E+2
4.000000E-1	5.511256E-3	5.511256E-3	2.137546E-8	4.599463E+2
4.500000E-1	6.861288E-3	6.861288E-3	2.661157E-8	4.603135E+2
5.000000E-1	9.352093E-3	9.352093E-3	3.627218E-8	4.606816E+2
5.000000E-1	9.444700E-3	9.444700E-3	3.663136E-8	4.610498E+2
4.500000E-1	6.494286E-3	6.494286E-3	2.518815E-8	4.614170E+2
4.000000E-1	4.761324E-3	4.761324E-3	1.846684E-8	4.617852E+2
3.500000E-1	3.592421E-3	3.592421E-3	1.393324E-8	4.621523E+2
3.000000E-1	2.603462E-3	2.603462E-3	1.009755E-8	4.625205E+2
2.500000E-1	1.833991E-3	1.833991E-3	7.113152E-9	4.632617E+2
2.000000E-1	1.130358E-3	1.130358E-3	4.384103E-9	4.636289E+2
1.500000E-1	6.633608E-4	6.633608E-4	2.572851E-9	4.639971E+2
1.000000E-1	4.144822E-4	4.144822E-4	1.607573E-9	4.643652E+2
5.000000E-2	1.835246E-4	1.835246E-4	7.118018E-10	4.651055E+2
0.000000E+0	1.790314E-7	-1.790314E-7	-6.943751E-13	4.662803E+2
-5.000000E-2	1.648223E-4	-1.648223E-4	-6.392649E-10	4.673965E+2
-1.000000E-1	3.529121E-4	-3.529121E-4	-1.368773E-9	4.685107E+2
-1.500000E-1	5.585651E-4	-5.585651E-4	-2.166400E-9	4.688789E+2
-2.000000E-1	9.055912E-4	-9.055912E-4	-3.512344E-9	4.692461E+2
-2.500000E-1	1.399781E-3	-1.399781E-3	-5.429063E-9	4.696143E+2
-3.000000E-1	1.893459E-3	-1.893459E-3	-7.343800E-9	4.699824E+2
-3.500000E-1	2.914787E-3	-2.914787E-3	-1.130503E-8	4.710957E+2
-4.000000E-1	4.000320E-3	-4.000320E-3	-1.551528E-8	4.714639E+2
-4.500000E-1	5.585517E-3	-5.585517E-3	-2.166348E-8	4.718320E+2
-5.000000E-1	7.786195E-3	-7.786195E-3	-3.019883E-8	4.721992E+2
-5.000000E-1	8.123807E-3	-8.123807E-3	-3.150826E-8	4.725674E+2
-4.500000E-1	5.089367E-3	-5.089367E-3	-1.973916E-8	4.729346E+2
-4.000000E-1	3.854633E-3	-3.854633E-3	-1.495023E-8	4.733027E+2
-3.500000E-1	2.765488E-3	-2.765488E-3	-1.072597E-8	4.736709E+2
-3.000000E-1	2.017432E-3	-2.017432E-3	-7.824630E-9	4.744111E+2
-2.500000E-1	1.414863E-3	-1.414863E-3	-5.487561E-9	4.747793E+2
-2.000000E-1	1.012538E-3	-1.012538E-3	-3.927138E-9	4.751475E+2
-1.500000E-1	6.534070E-4	-6.534070E-4	-2.534245E-9	4.755146E+2
-1.000000E-1	3.932036E-4	-3.932036E-4	-1.525044E-9	4.758828E+2
-5.000000E-2	1.769808E-4	-1.769808E-4	-6.864218E-10	4.766230E+2
0.000000E+0	3.813529E-7	-3.813529E-7	-1.479081E-12	4.777979E+2
