voltage_2_2_21	absJ_2_2_21	J_2_2_21	current_2_2_21	time_2_2_21	
0.000000E+0	1.081331E-6	1.081331E-6	6.039294E-12	0.000000E+0
5.000000E-2	1.343081E-6	1.343081E-6	7.501180E-12	5.234375E-1
1.000000E-1	5.253051E-6	5.253051E-6	2.933857E-11	1.046875E+0
1.500000E-1	8.225975E-6	8.225975E-6	4.594251E-11	1.570313E+0
2.000000E-1	1.390210E-5	1.390210E-5	7.764395E-11	2.093750E+0
2.500000E-1	2.510327E-5	2.510327E-5	1.402031E-10	2.700195E+0
3.000000E-1	3.525332E-5	3.525332E-5	1.968917E-10	2.888672E+0
3.500000E-1	4.719756E-5	4.719756E-5	2.636009E-10	3.077148E+0
4.000000E-1	5.451931E-5	5.451931E-5	3.044933E-10	3.265625E+0
4.500000E-1	6.715122E-5	6.715122E-5	3.750432E-10	3.455078E+0
5.000000E-1	8.447461E-5	8.447461E-5	4.717952E-10	3.643555E+0
5.000000E-1	8.677868E-5	8.677868E-5	4.846636E-10	3.832031E+0
4.500000E-1	6.842815E-5	6.842815E-5	3.821749E-10	4.020508E+0
4.000000E-1	6.087218E-5	6.087218E-5	3.399744E-10	4.209961E+0
3.500000E-1	4.435861E-5	4.435861E-5	2.477452E-10	4.398438E+0
3.000000E-1	3.459079E-5	3.459079E-5	1.931914E-10	4.586914E+0
2.500000E-1	2.596194E-5	2.596194E-5	1.449988E-10	4.776367E+0
2.000000E-1	1.359421E-5	1.359421E-5	7.592439E-11	5.670898E+0
1.500000E-1	9.253526E-6	9.253526E-6	5.168144E-11	6.194336E+0
1.000000E-1	3.181192E-6	3.181192E-6	1.776713E-11	6.717773E+0
5.000000E-2	1.872276E-6	1.872276E-6	1.045676E-11	7.241211E+0
0.000000E+0	8.847159E-8	-8.847159E-8	-4.941186E-13	7.764648E+0
-5.000000E-2	1.854659E-6	-1.854659E-6	-1.035837E-11	8.289063E+0
-1.000000E-1	3.441656E-6	-3.441656E-6	-1.922183E-11	8.812500E+0
-1.500000E-1	6.956721E-6	-6.956721E-6	-3.885366E-11	9.335938E+0
-2.000000E-1	8.852155E-6	-8.852155E-6	-4.943976E-11	9.859375E+0
-2.500000E-1	1.328645E-5	-1.328645E-5	-7.420554E-11	1.038281E+1
-3.000000E-1	1.524986E-5	-1.524986E-5	-8.517131E-11	1.098828E+1
-3.500000E-1	2.605844E-5	-2.605844E-5	-1.455378E-10	1.117773E+1
-4.000000E-1	3.437992E-5	-3.437992E-5	-1.920137E-10	1.136621E+1
-4.500000E-1	4.472634E-5	-4.472634E-5	-2.497990E-10	1.155469E+1
-5.000000E-1	5.394475E-5	-5.394475E-5	-3.012843E-10	1.174316E+1
-5.000000E-1	5.419300E-5	-5.419300E-5	-3.026708E-10	1.193262E+1
-4.500000E-1	4.500648E-5	-4.500648E-5	-2.513636E-10	1.212109E+1
-4.000000E-1	3.490660E-5	-3.490660E-5	-1.949552E-10	1.230957E+1
-3.500000E-1	2.589546E-5	-2.589546E-5	-1.446275E-10	1.249902E+1
-3.000000E-1	1.864643E-5	-1.864643E-5	-1.041413E-10	1.268750E+1
-2.500000E-1	1.355214E-5	-1.355214E-5	-7.568941E-11	1.358301E+1
-2.000000E-1	1.018893E-5	-1.018893E-5	-5.690573E-11	1.410645E+1
-1.500000E-1	4.609028E-6	-4.609028E-6	-2.574167E-11	1.462988E+1
-1.000000E-1	4.260306E-6	-4.260306E-6	-2.379404E-11	1.515332E+1
-5.000000E-2	8.824398E-7	-8.824398E-7	-4.928474E-12	1.567676E+1
0.000000E+0	6.659286E-8	6.659286E-8	3.719247E-13	1.620020E+1
0.000000E+0	8.191916E-8	8.191916E-8	4.575229E-13	1.672363E+1
5.000000E-2	2.225712E-6	2.225712E-6	1.243072E-11	1.724707E+1
1.000000E-1	3.530643E-6	3.530643E-6	1.971883E-11	1.777051E+1
1.500000E-1	7.359671E-6	7.359671E-6	4.110416E-11	1.829395E+1
2.000000E-1	1.129710E-5	1.129710E-5	6.309493E-11	1.881738E+1
2.500000E-1	1.459454E-5	1.459454E-5	8.151128E-11	1.934082E+1
3.000000E-1	2.928903E-5	2.928903E-5	1.635808E-10	1.994727E+1
3.500000E-1	4.040094E-5	4.040094E-5	2.256414E-10	2.013574E+1
4.000000E-1	5.258252E-5	5.258252E-5	2.936762E-10	2.032422E+1
4.500000E-1	6.839055E-5	6.839055E-5	3.819649E-10	2.051270E+1
5.000000E-1	8.371951E-5	8.371951E-5	4.675780E-10	2.070215E+1
5.000000E-1	7.780364E-5	7.780364E-5	4.345375E-10	2.089062E+1
4.500000E-1	5.675369E-5	5.675369E-5	3.169724E-10	2.107910E+1
4.000000E-1	5.087756E-5	5.087756E-5	2.841539E-10	2.126758E+1
3.500000E-1	4.069429E-5	4.069429E-5	2.272798E-10	2.145703E+1
3.000000E-1	2.892345E-5	2.892345E-5	1.615390E-10	2.164551E+1
2.500000E-1	2.199669E-5	2.199669E-5	1.228527E-10	2.183398E+1
2.000000E-1	1.355043E-5	1.355043E-5	7.567989E-11	2.272949E+1
1.500000E-1	6.953099E-6	6.953099E-6	3.883343E-11	2.325293E+1
1.000000E-1	5.599185E-6	5.599185E-6	3.127175E-11	2.377637E+1
5.000000E-2	2.373598E-6	2.373598E-6	1.325667E-11	2.429980E+1
0.000000E+0	1.327732E-7	-1.327732E-7	-7.415457E-13	2.482324E+1
-5.000000E-2	1.111581E-6	-1.111581E-6	-6.208242E-12	2.534766E+1
-1.000000E-1	3.549049E-6	-3.549049E-6	-1.982163E-11	2.587109E+1
-1.500000E-1	6.130947E-6	-6.130947E-6	-3.424167E-11	2.639453E+1
-2.000000E-1	1.200665E-5	-1.200665E-5	-6.705776E-11	2.691797E+1
-2.500000E-1	1.481842E-5	-1.481842E-5	-8.276169E-11	2.752344E+1
-3.000000E-1	2.761820E-5	-2.761820E-5	-1.542491E-10	2.771191E+1
-3.500000E-1	3.964986E-5	-3.964986E-5	-2.214466E-10	2.790137E+1
-4.000000E-1	4.915772E-5	-4.915772E-5	-2.745485E-10	2.808984E+1
-4.500000E-1	6.425015E-5	-6.425015E-5	-3.588405E-10	2.827832E+1
-5.000000E-1	9.314267E-5	-9.314267E-5	-5.202068E-10	2.846680E+1
-5.000000E-1	9.304400E-5	-9.304400E-5	-5.196557E-10	2.865625E+1
-4.500000E-1	7.686547E-5	-7.686547E-5	-4.292978E-10	2.884473E+1
-4.000000E-1	6.155073E-5	-6.155073E-5	-3.437641E-10	2.903320E+1
-3.500000E-1	4.745638E-5	-4.745638E-5	-2.650464E-10	2.922168E+1
-3.000000E-1	3.478461E-5	-3.478461E-5	-1.942739E-10	2.941113E+1
-2.500000E-1	2.564290E-5	-2.564290E-5	-1.432170E-10	2.959961E+1
-2.000000E-1	1.402977E-5	-1.402977E-5	-7.835702E-11	3.049512E+1
-1.500000E-1	1.084748E-5	-1.084748E-5	-6.058375E-11	3.101855E+1
-1.000000E-1	5.460372E-6	-5.460372E-6	-3.049647E-11	3.154199E+1
-5.000000E-2	2.070358E-6	-2.070358E-6	-1.156306E-11	3.206543E+1
0.000000E+0	2.481280E-7	-2.481280E-7	-1.385808E-12	3.258887E+1
0.000000E+0	4.618935E-7	4.618935E-7	2.579700E-12	3.311230E+1
5.000000E-2	2.446659E-6	2.446659E-6	1.366472E-11	3.363574E+1
1.000000E-1	6.098855E-6	6.098855E-6	3.406243E-11	3.415918E+1
1.500000E-1	1.106720E-5	1.106720E-5	6.181092E-11	3.468262E+1
2.000000E-1	1.386534E-5	1.386534E-5	7.743869E-11	3.520605E+1
2.500000E-1	2.589402E-5	2.589402E-5	1.446195E-10	3.597949E+1
3.000000E-1	4.210955E-5	4.210955E-5	2.351841E-10	3.616797E+1
3.500000E-1	5.415329E-5	5.415329E-5	3.024490E-10	3.635645E+1
4.000000E-1	7.061404E-5	7.061404E-5	3.943832E-10	3.654590E+1
4.500000E-1	8.613698E-5	8.613698E-5	4.810797E-10	3.673437E+1
5.000000E-1	1.049409E-4	1.049409E-4	5.861008E-10	3.692285E+1
5.000000E-1	1.056869E-4	1.056869E-4	5.902673E-10	3.711133E+1
4.500000E-1	7.922676E-5	7.922676E-5	4.424857E-10	3.730078E+1
4.000000E-1	6.377695E-5	6.377695E-5	3.561977E-10	3.748926E+1
3.500000E-1	4.841553E-5	4.841553E-5	2.704033E-10	3.767773E+1
3.000000E-1	3.019339E-5	3.019339E-5	1.686317E-10	3.786719E+1
2.500000E-1	1.935380E-5	1.935380E-5	1.080920E-10	3.805566E+1
2.000000E-1	2.124277E-5	2.124277E-5	1.186420E-10	3.903320E+1
1.500000E-1	7.144857E-6	7.144857E-6	3.990441E-11	3.992871E+1
1.000000E-1	2.902912E-6	2.902912E-6	1.621292E-11	4.045215E+1
5.000000E-2	1.408255E-6	1.408255E-6	7.865181E-12	4.097559E+1
0.000000E+0	3.669317E-8	3.669317E-8	2.049333E-13	4.149902E+1
-5.000000E-2	1.836724E-6	-1.836724E-6	-1.025820E-11	4.202344E+1
-1.000000E-1	3.685114E-6	-3.685114E-6	-2.058156E-11	4.254688E+1
-1.500000E-1	6.269102E-6	-6.269102E-6	-3.501327E-11	4.307031E+1
-2.000000E-1	1.030918E-5	-1.030918E-5	-5.757735E-11	4.359375E+1
-2.500000E-1	1.391143E-5	-1.391143E-5	-7.769607E-11	4.411719E+1
-3.000000E-1	1.850331E-5	-1.850331E-5	-1.033420E-10	4.472266E+1
-3.500000E-1	3.213457E-5	-3.213457E-5	-1.794733E-10	4.491113E+1
-4.000000E-1	4.308333E-5	-4.308333E-5	-2.406227E-10	4.510059E+1
-4.500000E-1	5.481251E-5	-5.481251E-5	-3.061308E-10	4.528906E+1
-5.000000E-1	6.755061E-5	-6.755061E-5	-3.772738E-10	4.547754E+1
-5.000000E-1	6.820658E-5	-6.820658E-5	-3.809374E-10	4.566699E+1
-4.500000E-1	5.569785E-5	-5.569785E-5	-3.110755E-10	4.585547E+1
-4.000000E-1	4.518780E-5	-4.518780E-5	-2.523763E-10	4.604395E+1
-3.500000E-1	3.389674E-5	-3.389674E-5	-1.893151E-10	4.623242E+1
-3.000000E-1	2.732147E-5	-2.732147E-5	-1.525919E-10	4.642188E+1
-2.500000E-1	1.947253E-5	-1.947253E-5	-1.087551E-10	4.661035E+1
-2.000000E-1	1.360883E-5	-1.360883E-5	-7.600603E-11	4.750586E+1
-1.500000E-1	4.486281E-6	-4.486281E-6	-2.505612E-11	4.802930E+1
-1.000000E-1	3.301252E-6	-3.301252E-6	-1.843767E-11	4.855273E+1
-5.000000E-2	1.141021E-6	-1.141021E-6	-6.372666E-12	4.907617E+1
0.000000E+0	1.929652E-7	1.929652E-7	1.077721E-12	4.959961E+1
0.000000E+0	7.529217E-8	-7.529217E-8	-4.205108E-13	5.012305E+1
5.000000E-2	1.701614E-6	1.701614E-6	9.503606E-12	5.064648E+1
1.000000E-1	2.062503E-6	2.062503E-6	1.151919E-11	5.116992E+1
1.500000E-1	3.761078E-6	3.761078E-6	2.100582E-11	5.169336E+1
2.000000E-1	9.006744E-6	9.006744E-6	5.030315E-11	5.221680E+1
2.500000E-1	1.209203E-5	1.209203E-5	6.753464E-11	5.274023E+1
3.000000E-1	2.071858E-5	2.071858E-5	1.157144E-10	5.368066E+1
3.500000E-1	3.401842E-5	3.401842E-5	1.899947E-10	5.386914E+1
4.000000E-1	3.972988E-5	3.972988E-5	2.218935E-10	5.405762E+1
4.500000E-1	4.671316E-5	4.671316E-5	2.608955E-10	5.424707E+1
5.000000E-1	7.015277E-5	7.015277E-5	3.918070E-10	5.443555E+1
5.000000E-1	5.649405E-5	5.649405E-5	3.155223E-10	5.462402E+1
4.500000E-1	4.850516E-5	4.850516E-5	2.709039E-10	5.481250E+1
4.000000E-1	3.815229E-5	3.815229E-5	2.130826E-10	5.500195E+1
3.500000E-1	3.099188E-5	3.099188E-5	1.730913E-10	5.519043E+1
3.000000E-1	2.220496E-5	2.220496E-5	1.240159E-10	5.537891E+1
2.500000E-1	1.393654E-5	1.393654E-5	7.783631E-11	5.627441E+1
2.000000E-1	1.035604E-5	1.035604E-5	5.783904E-11	5.679785E+1
1.500000E-1	4.657975E-6	4.657975E-6	2.601504E-11	5.732129E+1
1.000000E-1	3.167431E-6	3.167431E-6	1.769027E-11	5.784473E+1
5.000000E-2	1.202998E-6	1.202998E-6	6.718806E-12	5.836816E+1
0.000000E+0	2.048824E-7	-2.048824E-7	-1.144279E-12	5.889160E+1
-5.000000E-2	1.138624E-6	-1.138624E-6	-6.359274E-12	5.941602E+1
-1.000000E-1	2.487726E-6	-2.487726E-6	-1.389408E-11	5.993945E+1
-1.500000E-1	4.891495E-6	-4.891495E-6	-2.731926E-11	6.046289E+1
-2.000000E-1	8.488194E-6	-8.488194E-6	-4.740702E-11	6.098633E+1
-2.500000E-1	1.294272E-5	-1.294272E-5	-7.228579E-11	6.150977E+1
-3.000000E-1	1.443396E-5	-1.443396E-5	-8.061442E-11	6.203320E+1
-3.500000E-1	2.642420E-5	-2.642420E-5	-1.475806E-10	6.280664E+1
-4.000000E-1	3.868962E-5	-3.868962E-5	-2.160836E-10	6.299512E+1
-4.500000E-1	5.204793E-5	-5.204793E-5	-2.906905E-10	6.318359E+1
-5.000000E-1	6.910673E-5	-6.910673E-5	-3.859648E-10	6.337207E+1
-5.000000E-1	7.149428E-5	-7.149428E-5	-3.992994E-10	6.356152E+1
-4.500000E-1	5.826660E-5	-5.826660E-5	-3.254221E-10	6.375000E+1
-4.000000E-1	4.353118E-5	-4.353118E-5	-2.431240E-10	6.393848E+1
-3.500000E-1	3.460187E-5	-3.460187E-5	-1.932533E-10	6.412695E+1
-3.000000E-1	3.088003E-5	-3.088003E-5	-1.724666E-10	6.431641E+1
-2.500000E-1	1.848442E-5	-1.848442E-5	-1.032365E-10	6.450488E+1
-2.000000E-1	1.090409E-5	-1.090409E-5	-6.089990E-11	6.540039E+1
-1.500000E-1	8.298970E-6	-8.298970E-6	-4.635019E-11	6.592383E+1
-1.000000E-1	3.022943E-6	-3.022943E-6	-1.688330E-11	6.644727E+1
-5.000000E-2	1.630482E-6	-1.630482E-6	-9.106327E-12	6.697070E+1
0.000000E+0	1.010820E-8	1.010820E-8	5.645484E-14	6.749414E+1
0.000000E+0	4.779852E-7	4.779852E-7	2.669573E-12	6.801758E+1
5.000000E-2	1.097391E-6	1.097391E-6	6.128986E-12	6.854102E+1
1.000000E-1	3.771908E-6	3.771908E-6	2.106631E-11	6.906445E+1
1.500000E-1	6.439432E-6	6.439432E-6	3.596457E-11	6.958789E+1
2.000000E-1	1.066252E-5	1.066252E-5	5.955077E-11	7.011133E+1
2.500000E-1	1.547566E-5	1.547566E-5	8.643242E-11	7.105176E+1
3.000000E-1	2.334103E-5	2.334103E-5	1.303609E-10	7.124023E+1
3.500000E-1	3.172797E-5	3.172797E-5	1.772024E-10	7.142871E+1
4.000000E-1	4.308358E-5	4.308358E-5	2.406241E-10	7.161816E+1
4.500000E-1	5.424129E-5	5.424129E-5	3.029405E-10	7.180664E+1
5.000000E-1	6.403697E-5	6.403697E-5	3.576499E-10	7.199512E+1
5.000000E-1	6.693692E-5	6.693692E-5	3.738463E-10	7.218359E+1
4.500000E-1	6.521687E-5	6.521687E-5	3.642397E-10	7.237305E+1
4.000000E-1	5.720568E-5	5.720568E-5	3.194968E-10	7.256152E+1
3.500000E-1	3.800707E-5	3.800707E-5	2.122715E-10	7.275000E+1
3.000000E-1	3.271619E-5	3.271619E-5	1.827217E-10	7.293848E+1
2.500000E-1	2.483140E-5	2.483140E-5	1.386847E-10	7.312793E+1
2.000000E-1	1.067424E-5	1.067424E-5	5.961620E-11	7.410547E+1
1.500000E-1	7.706529E-6	7.706529E-6	4.304138E-11	7.500098E+1
1.000000E-1	3.562220E-6	3.562220E-6	1.989519E-11	7.552441E+1
5.000000E-2	2.077883E-6	2.077883E-6	1.160509E-11	7.604785E+1
0.000000E+0	1.075425E-7	1.075425E-7	6.006307E-13	7.657129E+1
-5.000000E-2	2.173492E-6	-2.173492E-6	-1.213907E-11	7.709473E+1
-1.000000E-1	3.535511E-6	-3.535511E-6	-1.974602E-11	7.761816E+1
-1.500000E-1	7.003952E-6	-7.003952E-6	-3.911745E-11	7.814160E+1
-2.000000E-1	1.126292E-5	-1.126292E-5	-6.290403E-11	7.866504E+1
-2.500000E-1	1.352110E-5	-1.352110E-5	-7.551605E-11	7.918848E+1
-3.000000E-1	1.652773E-5	-1.652773E-5	-9.230827E-11	7.979492E+1
-3.500000E-1	2.762410E-5	-2.762410E-5	-1.542821E-10	7.998340E+1
-4.000000E-1	3.944839E-5	-3.944839E-5	-2.203214E-10	8.017188E+1
-4.500000E-1	4.825254E-5	-4.825254E-5	-2.694930E-10	8.036133E+1
-5.000000E-1	5.691088E-5	-5.691088E-5	-3.178503E-10	8.054980E+1
-5.000000E-1	6.157595E-5	-6.157595E-5	-3.439050E-10	8.073828E+1
-4.500000E-1	4.889355E-5	-4.889355E-5	-2.730731E-10	8.092676E+1
-4.000000E-1	4.063995E-5	-4.063995E-5	-2.269763E-10	8.111621E+1
-3.500000E-1	3.108871E-5	-3.108871E-5	-1.736321E-10	8.130469E+1
-3.000000E-1	2.293158E-5	-2.293158E-5	-1.280741E-10	8.149316E+1
-2.500000E-1	1.384427E-5	-1.384427E-5	-7.732101E-11	8.238867E+1
-2.000000E-1	1.109566E-5	-1.109566E-5	-6.196986E-11	8.291211E+1
-1.500000E-1	5.222229E-6	-5.222229E-6	-2.916643E-11	8.343555E+1
-1.000000E-1	3.977346E-6	-3.977346E-6	-2.221369E-11	8.395898E+1
-5.000000E-2	1.869450E-6	-1.869450E-6	-1.044098E-11	8.448242E+1
0.000000E+0	3.017726E-7	3.017726E-7	1.685416E-12	8.500586E+1
0.000000E+0	7.293907E-8	-7.293907E-8	-4.073686E-13	8.553027E+1
5.000000E-2	1.819302E-6	1.819302E-6	1.016090E-11	8.605371E+1
1.000000E-1	3.580710E-6	3.580710E-6	1.999846E-11	8.657715E+1
1.500000E-1	6.333221E-6	6.333221E-6	3.537138E-11	8.710059E+1
2.000000E-1	1.047823E-5	1.047823E-5	5.852149E-11	8.762402E+1
2.500000E-1	1.382579E-5	1.382579E-5	7.721775E-11	8.814746E+1
3.000000E-1	1.518139E-5	1.518139E-5	8.478890E-11	8.867090E+1
3.500000E-1	7.307053E-5	7.307053E-5	4.081028E-10	8.927637E+1
4.000000E-1	8.850515E-5	8.850515E-5	4.943060E-10	8.946484E+1
4.500000E-1	1.047396E-4	1.047396E-4	5.849762E-10	8.965430E+1
5.000000E-1	1.549719E-4	1.549719E-4	8.655263E-10	9.022949E+1
5.000000E-1	1.291888E-4	1.291888E-4	7.215264E-10	9.064160E+1
4.500000E-1	1.215472E-4	1.215472E-4	6.788478E-10	9.083008E+1
4.000000E-1	7.340148E-5	7.340148E-5	4.099512E-10	9.101855E+1
3.500000E-1	4.480800E-5	4.480800E-5	2.502551E-10	9.120801E+1
3.000000E-1	2.983946E-5	2.983946E-5	1.666550E-10	9.139648E+1
2.500000E-1	1.996013E-5	1.996013E-5	1.114784E-10	9.158496E+1
2.000000E-1	1.311859E-5	1.311859E-5	7.326800E-11	9.248047E+1
1.500000E-1	8.413498E-6	8.413498E-6	4.698984E-11	9.300391E+1
1.000000E-1	4.743448E-6	4.743448E-6	2.649241E-11	9.352734E+1
5.000000E-2	1.262166E-6	1.262166E-6	7.049264E-12	9.405078E+1
0.000000E+0	2.340354E-6	2.340354E-6	1.307100E-11	9.457422E+1
-5.000000E-2	6.736546E-6	6.736546E-6	3.762397E-11	9.509766E+1
-1.000000E-1	1.555822E-5	1.555822E-5	8.689349E-11	9.562109E+1
-1.500000E-1	7.101782E-6	7.101782E-6	3.966383E-11	9.644531E+1
-2.000000E-1	1.477363E-6	-1.477363E-6	-8.251150E-12	9.734082E+1
-2.500000E-1	1.303279E-5	-1.303279E-5	-7.278883E-11	9.786426E+1
-3.000000E-1	3.328117E-5	-3.328117E-5	-1.858771E-10	9.846973E+1
-3.500000E-1	4.694995E-5	-4.694995E-5	-2.622180E-10	9.865820E+1
-4.000000E-1	6.195434E-5	-6.195434E-5	-3.460183E-10	9.884766E+1
-4.500000E-1	7.333102E-5	-7.333102E-5	-4.095577E-10	9.903613E+1
-5.000000E-1	8.759743E-5	-8.759743E-5	-4.892363E-10	9.922461E+1
-5.000000E-1	9.581751E-5	-9.581751E-5	-5.351459E-10	9.941406E+1
-4.500000E-1	7.603374E-5	-7.603374E-5	-4.246525E-10	9.960254E+1
-4.000000E-1	6.109370E-5	-6.109370E-5	-3.412116E-10	9.979102E+1
-3.500000E-1	4.364629E-5	-4.364629E-5	-2.437669E-10	9.997949E+1
-3.000000E-1	3.460638E-5	-3.460638E-5	-1.932785E-10	1.001689E+2
-2.500000E-1	2.062639E-5	-2.062639E-5	-1.151995E-10	1.003574E+2
-2.000000E-1	1.375021E-5	-1.375021E-5	-7.679564E-11	1.012529E+2
-1.500000E-1	5.446008E-6	-5.446008E-6	-3.041625E-11	1.017764E+2
-1.000000E-1	5.189322E-6	-5.189322E-6	-2.898264E-11	1.022998E+2
-5.000000E-2	2.037365E-6	-2.037365E-6	-1.137879E-11	1.028232E+2
0.000000E+0	3.858087E-7	-3.858087E-7	-2.154762E-12	1.033467E+2
0.000000E+0	6.333925E-7	-6.333925E-7	-3.537531E-12	1.038701E+2
5.000000E-2	1.287628E-6	1.287628E-6	7.191470E-12	1.043936E+2
1.000000E-1	2.645506E-6	2.645506E-6	1.477529E-11	1.049170E+2
1.500000E-1	5.755717E-6	5.755717E-6	3.214599E-11	1.054404E+2
2.000000E-1	9.877420E-6	9.877420E-6	5.516592E-11	1.059639E+2
2.500000E-1	1.397348E-5	1.397348E-5	7.804264E-11	1.064873E+2
3.000000E-1	1.534224E-5	1.534224E-5	8.568721E-11	1.070107E+2
3.500000E-1	9.116470E-5	9.116470E-5	5.091597E-10	1.076172E+2
4.000000E-1	1.042098E-4	1.042098E-4	5.820172E-10	1.078057E+2
4.500000E-1	1.311635E-4	1.311635E-4	7.325552E-10	1.079941E+2
5.000000E-1	1.066461E-4	1.066461E-4	5.956240E-10	1.085703E+2
5.000000E-1	8.350582E-5	8.350582E-5	4.663845E-10	1.089814E+2
4.500000E-1	6.752897E-5	6.752897E-5	3.771529E-10	1.091699E+2
4.000000E-1	4.733077E-5	4.733077E-5	2.643449E-10	1.093594E+2
3.500000E-1	3.618330E-5	3.618330E-5	2.020857E-10	1.095479E+2
3.000000E-1	2.956014E-5	2.956014E-5	1.650950E-10	1.097363E+2
2.500000E-1	1.590021E-5	1.590021E-5	8.880352E-11	1.107139E+2
2.000000E-1	1.090518E-5	1.090518E-5	6.090604E-11	1.116094E+2
1.500000E-1	6.001710E-6	6.001710E-6	3.351987E-11	1.121328E+2
1.000000E-1	5.927599E-6	5.927599E-6	3.310596E-11	1.126562E+2
5.000000E-2	3.568768E-6	3.568768E-6	1.993176E-11	1.131797E+2
0.000000E+0	5.552131E-7	-5.552131E-7	-3.100895E-12	1.137031E+2
-5.000000E-2	3.284812E-6	-3.284812E-6	-1.834585E-11	1.142275E+2
-1.000000E-1	7.114516E-6	-7.114516E-6	-3.973495E-11	1.147510E+2
-1.500000E-1	1.225630E-5	-1.225630E-5	-6.845209E-11	1.152744E+2
-2.000000E-1	1.385206E-5	-1.385206E-5	-7.736450E-11	1.157979E+2
-2.500000E-1	1.507049E-5	-1.507049E-5	-8.416950E-11	1.163213E+2
-3.000000E-1	3.171599E-5	-3.171599E-5	-1.771355E-10	1.169268E+2
-3.500000E-1	5.529893E-5	-5.529893E-5	-3.088475E-10	1.171152E+2
-4.000000E-1	6.973111E-5	-6.973111E-5	-3.894520E-10	1.173047E+2
-4.500000E-1	9.085034E-5	-9.085034E-5	-5.074040E-10	1.174932E+2
-5.000000E-1	1.262988E-4	-1.262988E-4	-7.053857E-10	1.176816E+2
-5.000000E-1	1.248391E-4	-1.248391E-4	-6.972329E-10	1.178711E+2
-4.500000E-1	9.336729E-5	-9.336729E-5	-5.214613E-10	1.180596E+2
-4.000000E-1	3.444669E-5	-3.444669E-5	-1.923866E-10	1.182480E+2
-3.500000E-1	2.065223E-5	-2.065223E-5	-1.153438E-10	1.184365E+2
-3.000000E-1	1.275002E-5	-1.275002E-5	-7.120955E-11	1.193320E+2
-2.500000E-1	9.123448E-6	-9.123448E-6	-5.095495E-11	1.198555E+2
-2.000000E-1	7.702442E-6	-7.702442E-6	-4.301855E-11	1.203789E+2
-1.500000E-1	6.653787E-6	-6.653787E-6	-3.716176E-11	1.209023E+2
-1.000000E-1	4.457732E-6	-4.457732E-6	-2.489667E-11	1.214258E+2
-5.000000E-2	1.149753E-6	-1.149753E-6	-6.421433E-12	1.219492E+2
0.000000E+0	2.856461E-7	-2.856461E-7	-1.595349E-12	1.224727E+2
0.000000E+0	1.531089E-7	-1.531089E-7	-8.551215E-13	1.229971E+2
5.000000E-2	1.248703E-6	1.248703E-6	6.974074E-12	1.235205E+2
1.000000E-1	2.746133E-6	2.746133E-6	1.533730E-11	1.240439E+2
1.500000E-1	5.394958E-6	5.394958E-6	3.013113E-11	1.245674E+2
2.000000E-1	8.255847E-6	8.255847E-6	4.610935E-11	1.250908E+2
2.500000E-1	1.041208E-5	1.041208E-5	5.815205E-11	1.256143E+2
3.000000E-1	2.512083E-5	2.512083E-5	1.403012E-10	1.262197E+2
3.500000E-1	3.147767E-5	3.147767E-5	1.758045E-10	1.264082E+2
4.000000E-1	3.971496E-5	3.971496E-5	2.218102E-10	1.265977E+2
4.500000E-1	4.388955E-5	4.388955E-5	2.451255E-10	1.267861E+2
5.000000E-1	4.691796E-5	4.691796E-5	2.620393E-10	1.269746E+2
5.000000E-1	4.249639E-5	4.249639E-5	2.373446E-10	1.271631E+2
4.500000E-1	8.238393E-5	8.238393E-5	4.601187E-10	1.273525E+2
4.000000E-1	5.108168E-5	5.108168E-5	2.852939E-10	1.275410E+2
3.500000E-1	3.594003E-5	3.594003E-5	2.007270E-10	1.277295E+2
3.000000E-1	1.450904E-5	1.450904E-5	8.103379E-11	1.286250E+2
2.500000E-1	1.162776E-5	1.162776E-5	6.494164E-11	1.291484E+2
2.000000E-1	1.139525E-5	1.139525E-5	6.364306E-11	1.296719E+2
1.500000E-1	4.203675E-7	4.203675E-7	2.347775E-12	1.301953E+2
1.000000E-1	9.227535E-7	9.227535E-7	5.153628E-12	1.307187E+2
5.000000E-2	2.996657E-6	2.996657E-6	1.673649E-11	1.312422E+2
0.000000E+0	2.267869E-6	-2.267869E-6	-1.266617E-11	1.317656E+2
-5.000000E-2	6.866591E-6	-6.866591E-6	-3.835028E-11	1.322900E+2
-1.000000E-1	4.906317E-6	-4.906317E-6	-2.740204E-11	1.328135E+2
-1.500000E-1	4.671549E-6	-4.671549E-6	-2.609085E-11	1.333369E+2
-2.000000E-1	1.133265E-5	-1.133265E-5	-6.329347E-11	1.338604E+2
-2.500000E-1	1.052066E-5	-1.052066E-5	-5.875846E-11	1.343838E+2
-3.000000E-1	1.305550E-5	-1.305550E-5	-7.291565E-11	1.349072E+2
-3.500000E-1	1.220719E-5	-1.220719E-5	-6.817780E-11	1.358477E+2
-4.000000E-1	2.327220E-5	-2.327220E-5	-1.299765E-10	1.360361E+2
-4.500000E-1	2.939739E-5	-2.939739E-5	-1.641860E-10	1.362246E+2
-5.000000E-1	4.000390E-5	-4.000390E-5	-2.234239E-10	1.364131E+2
-5.000000E-1	3.265011E-5	-3.265011E-5	-1.823526E-10	1.366025E+2
-4.500000E-1	1.964311E-5	-1.964311E-5	-1.097078E-10	1.375801E+2
-4.000000E-1	1.398285E-5	-1.398285E-5	-7.809496E-11	1.384756E+2
-3.500000E-1	1.245468E-5	-1.245468E-5	-6.956008E-11	1.389990E+2
-3.000000E-1	6.927925E-6	-6.927925E-6	-3.869283E-11	1.395225E+2
-2.500000E-1	6.420583E-6	-6.420583E-6	-3.585930E-11	1.400459E+2
-2.000000E-1	3.454291E-6	-3.454291E-6	-1.929240E-11	1.405693E+2
-1.500000E-1	2.320597E-6	-2.320597E-6	-1.296066E-11	1.410928E+2
-1.000000E-1	1.261398E-6	-1.261398E-6	-7.044976E-12	1.416162E+2
-5.000000E-2	5.168402E-7	-5.168402E-7	-2.886580E-12	1.421396E+2
0.000000E+0	8.742550E-8	-8.742550E-8	-4.882761E-13	1.426631E+2
0.000000E+0	6.153627E-8	-6.153627E-8	-3.436834E-13	1.431875E+2
5.000000E-2	3.725125E-7	3.725125E-7	2.080502E-12	1.437109E+2
1.000000E-1	1.272411E-6	1.272411E-6	7.106482E-12	1.442344E+2
1.500000E-1	2.100125E-6	2.100125E-6	1.172931E-11	1.447578E+2
2.000000E-1	2.619022E-6	2.619022E-6	1.462738E-11	1.452813E+2
2.500000E-1	2.812641E-6	2.812641E-6	1.570875E-11	1.458047E+2
3.000000E-1	8.560511E-6	8.560511E-6	4.781091E-11	1.463281E+2
3.500000E-1	1.347767E-5	1.347767E-5	7.527349E-11	1.468516E+2
4.000000E-1	1.693858E-5	1.693858E-5	9.460288E-11	1.476240E+2
4.500000E-1	2.459747E-5	2.459747E-5	1.373782E-10	1.478135E+2
5.000000E-1	3.124436E-5	3.124436E-5	1.745014E-10	1.480020E+2
5.000000E-1	2.801534E-5	2.801534E-5	1.564672E-10	1.481904E+2
4.500000E-1	1.932999E-5	1.932999E-5	1.079590E-10	1.483789E+2
4.000000E-1	1.382426E-5	1.382426E-5	7.720923E-11	1.492744E+2
3.500000E-1	1.198904E-5	1.198904E-5	6.695944E-11	1.497979E+2
3.000000E-1	1.127156E-5	1.127156E-5	6.295229E-11	1.503213E+2
2.500000E-1	6.201385E-6	6.201385E-6	3.463507E-11	1.508447E+2
2.000000E-1	4.035890E-6	4.035890E-6	2.254066E-11	1.513682E+2
1.500000E-1	1.530247E-6	1.530247E-6	8.546511E-12	1.518916E+2
1.000000E-1	9.429182E-6	-9.429182E-6	-5.266249E-11	1.524150E+2
5.000000E-2	3.440978E-5	-3.440978E-5	-1.921805E-10	1.533555E+2
0.000000E+0	6.349052E-6	6.349052E-6	3.545980E-11	1.542510E+2
-5.000000E-2	2.554570E-6	-2.554570E-6	-1.426741E-11	1.547744E+2
-1.000000E-1	4.834385E-6	-4.834385E-6	-2.700030E-11	1.552979E+2
-1.500000E-1	5.750659E-6	-5.750659E-6	-3.211774E-11	1.558213E+2
-2.000000E-1	7.032117E-6	-7.032117E-6	-3.927475E-11	1.563447E+2
-2.500000E-1	9.238871E-6	-9.238871E-6	-5.159959E-11	1.568682E+2
-3.000000E-1	8.271239E-6	-8.271239E-6	-4.619531E-11	1.573916E+2
-3.500000E-1	1.317146E-5	-1.317146E-5	-7.356332E-11	1.579150E+2
-4.000000E-1	1.339689E-5	-1.339689E-5	-7.482237E-11	1.585215E+2
-4.500000E-1	2.143577E-5	-2.143577E-5	-1.197199E-10	1.587100E+2
-5.000000E-1	3.288674E-5	-3.288674E-5	-1.836742E-10	1.588984E+2
-5.000000E-1	3.918877E-5	-3.918877E-5	-2.188714E-10	1.590869E+2
-4.500000E-1	3.001455E-5	-3.001455E-5	-1.676329E-10	1.592764E+2
-4.000000E-1	1.318718E-5	-1.318718E-5	-7.365109E-11	1.602539E+2
-3.500000E-1	1.357963E-5	-1.357963E-5	-7.584298E-11	1.611494E+2
-3.000000E-1	8.636401E-6	-8.636401E-6	-4.823476E-11	1.616729E+2
-2.500000E-1	7.318248E-6	-7.318248E-6	-4.087281E-11	1.621963E+2
-2.000000E-1	4.470204E-6	-4.470204E-6	-2.496633E-11	1.627197E+2
-1.500000E-1	1.645972E-6	-1.645972E-6	-9.192841E-12	1.632432E+2
-1.000000E-1	1.501001E-6	1.501001E-6	8.383169E-12	1.637666E+2
-5.000000E-2	1.445796E-6	-1.445796E-6	-8.074846E-12	1.642900E+2
0.000000E+0	2.796240E-6	2.796240E-6	1.561715E-11	1.648135E+2
0.000000E+0	3.491877E-7	3.491877E-7	1.950232E-12	1.653379E+2
5.000000E-2	4.533683E-7	-4.533683E-7	-2.532086E-12	1.658613E+2
1.000000E-1	1.424672E-6	1.424672E-6	7.956871E-12	1.663848E+2
1.500000E-1	4.828274E-6	4.828274E-6	2.696617E-11	1.669082E+2
2.000000E-1	8.642083E-6	8.642083E-6	4.826650E-11	1.674316E+2
2.500000E-1	8.767200E-6	8.767200E-6	4.896528E-11	1.679551E+2
3.000000E-1	1.275237E-5	1.275237E-5	7.122267E-11	1.684785E+2
3.500000E-1	1.396597E-5	1.396597E-5	7.800068E-11	1.690020E+2
4.000000E-1	1.531348E-5	1.531348E-5	8.552663E-11	1.695254E+2
4.500000E-1	3.033804E-5	3.033804E-5	1.694396E-10	1.701309E+2
5.000000E-1	4.003228E-5	4.003228E-5	2.235824E-10	1.703193E+2
5.000000E-1	3.994384E-5	3.994384E-5	2.230885E-10	1.705088E+2
4.500000E-1	4.554411E-5	4.554411E-5	2.543663E-10	1.706973E+2
4.000000E-1	3.149513E-5	3.149513E-5	1.759020E-10	1.708857E+2
3.500000E-1	1.571395E-5	1.571395E-5	8.776324E-11	1.718643E+2
3.000000E-1	1.073820E-5	1.073820E-5	5.997340E-11	1.727588E+2
2.500000E-1	8.201647E-6	8.201647E-6	4.580664E-11	1.732822E+2
2.000000E-1	5.666139E-6	5.666139E-6	3.164569E-11	1.738057E+2
1.500000E-1	5.649550E-6	5.649550E-6	3.155304E-11	1.743291E+2
1.000000E-1	2.329004E-6	2.329004E-6	1.300761E-11	1.748525E+2
5.000000E-2	1.092173E-6	1.092173E-6	6.099843E-12	1.753760E+2
0.000000E+0	2.828954E-7	2.828954E-7	1.579986E-12	1.758994E+2
-5.000000E-2	1.418157E-6	-1.418157E-6	-7.920484E-12	1.764238E+2
-1.000000E-1	1.478302E-6	-1.478302E-6	-8.256396E-12	1.769473E+2
-1.500000E-1	3.032393E-6	-3.032393E-6	-1.693608E-11	1.774707E+2
-2.000000E-1	7.185748E-6	-7.185748E-6	-4.013279E-11	1.779941E+2
-2.500000E-1	9.274609E-6	-9.274609E-6	-5.179919E-11	1.785176E+2
-3.000000E-1	1.814357E-5	-1.814357E-5	-1.013328E-10	1.794580E+2
-3.500000E-1	3.946188E-5	-3.946188E-5	-2.203967E-10	1.796465E+2
-4.000000E-1	3.823985E-5	-3.823985E-5	-2.135716E-10	1.798350E+2
-4.500000E-1	4.713194E-5	-4.713194E-5	-2.632344E-10	1.800234E+2
-5.000000E-1	6.191736E-5	-6.191736E-5	-3.458118E-10	1.802129E+2
-5.000000E-1	6.139119E-5	-6.139119E-5	-3.428731E-10	1.804014E+2
-4.500000E-1	4.742221E-5	-4.742221E-5	-2.648556E-10	1.805898E+2
-4.000000E-1	3.648029E-5	-3.648029E-5	-2.037444E-10	1.807793E+2
-3.500000E-1	2.831627E-5	-2.831627E-5	-1.581479E-10	1.809678E+2
-3.000000E-1	2.043526E-5	-2.043526E-5	-1.141320E-10	1.811563E+2
-2.500000E-1	1.346273E-5	-1.346273E-5	-7.519008E-11	1.820518E+2
-2.000000E-1	9.215102E-6	-9.215102E-6	-5.146684E-11	1.825752E+2
-1.500000E-1	2.842315E-6	-2.842315E-6	-1.587448E-11	1.830986E+2
-1.000000E-1	1.249063E-6	-1.249063E-6	-6.976086E-12	1.836221E+2
-5.000000E-2	5.631842E-7	-5.631842E-7	-3.145414E-12	1.841455E+2
0.000000E+0	3.093039E-7	3.093039E-7	1.727479E-12	1.846689E+2
0.000000E+0	4.655264E-7	4.655264E-7	2.599990E-12	1.851934E+2
5.000000E-2	1.092590E-6	1.092590E-6	6.102174E-12	1.857168E+2
1.000000E-1	1.576981E-6	1.576981E-6	8.807524E-12	1.862402E+2
1.500000E-1	3.230644E-6	3.230644E-6	1.804332E-11	1.867637E+2
2.000000E-1	4.931494E-6	4.931494E-6	2.754266E-11	1.872871E+2
2.500000E-1	8.570555E-6	8.570555E-6	4.786701E-11	1.878105E+2
3.000000E-1	1.389773E-5	1.389773E-5	7.761958E-11	1.884160E+2
3.500000E-1	1.981988E-5	1.981988E-5	1.106951E-10	1.886045E+2
4.000000E-1	2.642977E-5	2.642977E-5	1.476117E-10	1.887939E+2
4.500000E-1	3.542274E-5	3.542274E-5	1.978379E-10	1.889824E+2
5.000000E-1	3.290459E-5	3.290459E-5	1.837739E-10	1.891709E+2
5.000000E-1	2.887326E-5	2.887326E-5	1.612587E-10	1.893594E+2
4.500000E-1	2.242736E-5	2.242736E-5	1.252580E-10	1.895488E+2
4.000000E-1	1.853259E-5	1.853259E-5	1.035055E-10	1.897373E+2
3.500000E-1	2.019239E-5	2.019239E-5	1.127756E-10	1.907148E+2
3.000000E-1	1.386114E-5	1.386114E-5	7.741521E-11	1.916104E+2
2.500000E-1	7.412663E-6	7.412663E-6	4.140012E-11	1.921338E+2
2.000000E-1	3.985412E-6	3.985412E-6	2.225874E-11	1.926572E+2
1.500000E-1	2.535424E-6	2.535424E-6	1.416048E-11	1.931807E+2
1.000000E-1	1.022265E-6	1.022265E-6	5.709405E-12	1.937041E+2
5.000000E-2	4.429295E-7	4.429295E-7	2.473785E-12	1.942275E+2
0.000000E+0	3.057457E-7	3.057457E-7	1.707606E-12	1.947510E+2
-5.000000E-2	7.225351E-7	-7.225351E-7	-4.035397E-12	1.952754E+2
-1.000000E-1	1.205142E-6	-1.205142E-6	-6.730783E-12	1.957988E+2
-1.500000E-1	2.493006E-6	-2.493006E-6	-1.392357E-11	1.963223E+2
-2.000000E-1	3.827994E-6	-3.827994E-6	-2.137955E-11	1.968457E+2
-2.500000E-1	6.126998E-6	-6.126998E-6	-3.421961E-11	1.973691E+2
-3.000000E-1	8.994646E-6	-8.994646E-6	-5.023558E-11	1.978926E+2
-3.500000E-1	1.071631E-5	-1.071631E-5	-5.985115E-11	1.984160E+2
-4.000000E-1	1.401931E-5	-1.401931E-5	-7.829860E-11	1.989395E+2
-4.500000E-1	1.434835E-5	-1.434835E-5	-8.013630E-11	1.994629E+2
-5.000000E-1	1.576791E-5	-1.576791E-5	-8.806460E-11	1.999863E+2
-5.000000E-1	1.861087E-5	-1.861087E-5	-1.039427E-10	2.005918E+2
-4.500000E-1	2.077520E-5	-2.077520E-5	-1.160306E-10	2.007813E+2
-4.000000E-1	1.141815E-5	-1.141815E-5	-6.377099E-11	2.017588E+2
-3.500000E-1	1.111334E-5	-1.111334E-5	-6.206857E-11	2.026543E+2
-3.000000E-1	7.353085E-6	-7.353085E-6	-4.106737E-11	2.031777E+2
-2.500000E-1	5.360808E-6	-5.360808E-6	-2.994040E-11	2.037012E+2
-2.000000E-1	3.579302E-6	-3.579302E-6	-1.999059E-11	2.042246E+2
-1.500000E-1	1.523627E-6	-1.523627E-6	-8.509540E-12	2.047480E+2
-1.000000E-1	9.914037E-7	-9.914037E-7	-5.537043E-12	2.052715E+2
-5.000000E-2	2.594935E-7	-2.594935E-7	-1.449285E-12	2.057949E+2
0.000000E+0	1.936361E-7	1.936361E-7	1.081468E-12	2.063184E+2
0.000000E+0	1.000284E-7	1.000284E-7	5.586642E-13	2.068428E+2
5.000000E-2	7.522756E-7	7.522756E-7	4.201500E-12	2.073662E+2
1.000000E-1	1.169574E-6	1.169574E-6	6.532136E-12	2.078896E+2
1.500000E-1	2.506982E-6	2.506982E-6	1.400163E-11	2.084131E+2
2.000000E-1	4.392110E-6	4.392110E-6	2.453017E-11	2.089365E+2
2.500000E-1	6.430836E-6	6.430836E-6	3.591656E-11	2.094600E+2
3.000000E-1	1.066060E-5	1.066060E-5	5.954003E-11	2.099834E+2
3.500000E-1	1.321362E-5	1.321362E-5	7.379876E-11	2.105068E+2
4.000000E-1	1.493146E-5	1.493146E-5	8.339300E-11	2.110303E+2
4.500000E-1	2.853844E-5	2.853844E-5	1.593887E-10	2.116357E+2
5.000000E-1	3.766277E-5	3.766277E-5	2.103486E-10	2.118242E+2
5.000000E-1	3.763833E-5	3.763833E-5	2.102121E-10	2.120137E+2
4.500000E-1	3.114260E-5	3.114260E-5	1.739331E-10	2.122021E+2
4.000000E-1	2.294961E-5	2.294961E-5	1.281748E-10	2.123906E+2
3.500000E-1	1.472704E-5	1.472704E-5	8.225132E-11	2.133691E+2
3.000000E-1	9.220135E-6	9.220135E-6	5.149495E-11	2.142637E+2
2.500000E-1	6.656147E-6	6.656147E-6	3.717494E-11	2.147871E+2
2.000000E-1	4.127907E-6	4.127907E-6	2.305458E-11	2.153105E+2
1.500000E-1	2.754086E-6	2.754086E-6	1.538172E-11	2.158340E+2
1.000000E-1	1.016615E-6	1.016615E-6	5.677847E-12	2.163574E+2
5.000000E-2	4.797046E-7	4.797046E-7	2.679176E-12	2.168809E+2
0.000000E+0	1.209853E-8	1.209853E-8	6.757095E-14	2.174043E+2
-5.000000E-2	6.581437E-7	-6.581437E-7	-3.675768E-12	2.179287E+2
-1.000000E-1	1.635593E-6	-1.635593E-6	-9.134873E-12	2.184521E+2
-1.500000E-1	2.994229E-6	-2.994229E-6	-1.672293E-11	2.189756E+2
-2.000000E-1	4.620498E-6	-4.620498E-6	-2.580573E-11	2.194990E+2
-2.500000E-1	8.538065E-6	-8.538065E-6	-4.768555E-11	2.200225E+2
-3.000000E-1	9.742698E-6	-9.742698E-6	-5.441349E-11	2.205459E+2
-3.500000E-1	1.192632E-5	-1.192632E-5	-6.660915E-11	2.210693E+2
-4.000000E-1	1.201435E-5	-1.201435E-5	-6.710077E-11	2.218428E+2
-4.500000E-1	2.703824E-5	-2.703824E-5	-1.510100E-10	2.220312E+2
-5.000000E-1	2.662848E-5	-2.662848E-5	-1.487215E-10	2.222197E+2
-5.000000E-1	2.566384E-5	-2.566384E-5	-1.433339E-10	2.224082E+2
-4.500000E-1	2.137530E-5	-2.137530E-5	-1.193822E-10	2.225977E+2
-4.000000E-1	1.108924E-5	-1.108924E-5	-6.193401E-11	2.237422E+2
-3.500000E-1	1.378022E-5	-1.378022E-5	-7.696324E-11	2.246377E+2
-3.000000E-1	7.145340E-6	-7.145340E-6	-3.990711E-11	2.251611E+2
-2.500000E-1	4.439472E-6	-4.439472E-6	-2.479469E-11	2.256846E+2
-2.000000E-1	3.003282E-6	-3.003282E-6	-1.677349E-11	2.262080E+2
-1.500000E-1	1.640346E-6	-1.640346E-6	-9.161422E-12	2.267314E+2
-1.000000E-1	8.720881E-7	-8.720881E-7	-4.870659E-12	2.272549E+2
-5.000000E-2	4.648455E-7	-4.648455E-7	-2.596187E-12	2.277783E+2
0.000000E+0	3.240191E-9	3.240191E-9	1.809664E-14	2.283018E+2
0.000000E+0	2.390883E-8	-2.390883E-8	-1.335321E-13	2.288262E+2
5.000000E-2	6.071208E-7	6.071208E-7	3.390802E-12	2.293496E+2
1.000000E-1	1.180592E-6	1.180592E-6	6.593670E-12	2.298730E+2
1.500000E-1	2.613721E-6	2.613721E-6	1.459777E-11	2.303965E+2
2.000000E-1	4.728250E-6	4.728250E-6	2.640753E-11	2.309199E+2
2.500000E-1	7.209843E-6	7.209843E-6	4.026736E-11	2.314434E+2
3.000000E-1	9.059854E-6	9.059854E-6	5.059977E-11	2.319668E+2
3.500000E-1	1.117194E-5	1.117194E-5	6.239589E-11	2.324902E+2
4.000000E-1	1.434406E-5	1.434406E-5	8.011232E-11	2.330137E+2
4.500000E-1	2.422220E-5	2.422220E-5	1.352823E-10	2.336191E+2
5.000000E-1	3.134040E-5	3.134040E-5	1.750378E-10	2.338076E+2
5.000000E-1	3.210537E-5	3.210537E-5	1.793102E-10	2.339971E+2
4.500000E-1	2.404732E-5	2.404732E-5	1.343056E-10	2.341855E+2
4.000000E-1	1.813494E-5	1.813494E-5	1.012846E-10	2.343740E+2
3.500000E-1	1.266799E-5	1.266799E-5	7.075140E-11	2.353525E+2
3.000000E-1	9.765273E-6	9.765273E-6	5.453957E-11	2.362471E+2
2.500000E-1	5.751787E-6	5.751787E-6	3.212404E-11	2.367705E+2
2.000000E-1	4.335960E-6	4.335960E-6	2.421657E-11	2.372939E+2
1.500000E-1	2.653921E-6	2.653921E-6	1.482229E-11	2.378174E+2
1.000000E-1	9.590465E-7	9.590465E-7	5.356326E-12	2.383408E+2
5.000000E-2	5.052584E-7	5.052584E-7	2.821895E-12	2.388643E+2
0.000000E+0	1.572412E-7	-1.572412E-7	-8.782003E-13	2.393877E+2
-5.000000E-2	6.679538E-7	-6.679538E-7	-3.730558E-12	2.399121E+2
-1.000000E-1	1.320708E-6	-1.320708E-6	-7.376225E-12	2.404355E+2
-1.500000E-1	2.089436E-6	-2.089436E-6	-1.166961E-11	2.409590E+2
-2.000000E-1	3.971561E-6	-3.971561E-6	-2.218138E-11	2.414824E+2
-2.500000E-1	5.853120E-6	-5.853120E-6	-3.268999E-11	2.420059E+2
-3.000000E-1	8.425763E-6	-8.425763E-6	-4.705834E-11	2.425293E+2
-3.500000E-1	1.165231E-5	-1.165231E-5	-6.507879E-11	2.430527E+2
-4.000000E-1	1.119830E-5	-1.119830E-5	-6.254308E-11	2.436582E+2
-4.500000E-1	2.134816E-5	-2.134816E-5	-1.192306E-10	2.438467E+2
-5.000000E-1	2.877233E-5	-2.877233E-5	-1.606950E-10	2.440361E+2
-5.000000E-1	2.989364E-5	-2.989364E-5	-1.669576E-10	2.442246E+2
-4.500000E-1	3.329601E-5	-3.329601E-5	-1.859600E-10	2.444131E+2
-4.000000E-1	4.233338E-5	-4.233338E-5	-2.364342E-10	2.446016E+2
-3.500000E-1	3.078658E-5	-3.078658E-5	-1.719447E-10	2.447910E+2
-3.000000E-1	1.213208E-5	-1.213208E-5	-6.775834E-11	2.456865E+2
-2.500000E-1	8.698939E-6	-8.698939E-6	-4.858404E-11	2.462100E+2
-2.000000E-1	3.247057E-6	-3.247057E-6	-1.813499E-11	2.467334E+2
-1.500000E-1	2.357537E-6	-2.357537E-6	-1.316697E-11	2.472568E+2
-1.000000E-1	9.455641E-7	-9.455641E-7	-5.281026E-12	2.477803E+2
-5.000000E-2	4.041963E-7	-4.041963E-7	-2.257458E-12	2.483037E+2
0.000000E+0	1.598303E-7	1.598303E-7	8.926609E-13	2.488271E+2
0.000000E+0	1.488127E-7	1.488127E-7	8.311268E-13	2.493506E+2
5.000000E-2	5.013474E-7	5.013474E-7	2.800052E-12	2.498740E+2
1.000000E-1	1.522554E-6	1.522554E-6	8.503545E-12	2.503975E+2
1.500000E-1	2.199725E-6	2.199725E-6	1.228558E-11	2.509209E+2
2.000000E-1	4.230095E-6	4.230095E-6	2.362531E-11	2.514443E+2
2.500000E-1	6.961232E-6	6.961232E-6	3.887885E-11	2.519678E+2
3.000000E-1	9.388261E-6	9.388261E-6	5.243394E-11	2.524912E+2
3.500000E-1	1.348709E-5	1.348709E-5	7.532612E-11	2.530146E+2
4.000000E-1	1.438898E-5	1.438898E-5	8.036325E-11	2.535381E+2
4.500000E-1	1.548474E-5	1.548474E-5	8.648311E-11	2.540615E+2
5.000000E-1	3.732226E-5	3.732226E-5	2.084468E-10	2.546680E+2
5.000000E-1	3.977935E-5	3.977935E-5	2.221698E-10	2.548564E+2
4.500000E-1	3.304527E-5	3.304527E-5	1.845596E-10	2.550449E+2
4.000000E-1	2.880164E-5	2.880164E-5	1.608587E-10	2.552334E+2
3.500000E-1	2.146395E-5	2.146395E-5	1.198773E-10	2.554229E+2
3.000000E-1	1.255801E-5	1.255801E-5	7.013718E-11	2.563174E+2
2.500000E-1	8.145886E-6	8.145886E-6	4.549521E-11	2.568408E+2
2.000000E-1	5.960989E-6	5.960989E-6	3.329244E-11	2.573643E+2
1.500000E-1	2.504846E-6	2.504846E-6	1.398970E-11	2.578877E+2
1.000000E-1	1.533534E-6	1.533534E-6	8.564871E-12	2.584111E+2
5.000000E-2	4.020420E-7	4.020420E-7	2.245426E-12	2.589346E+2
0.000000E+0	1.430951E-7	-1.430951E-7	-7.991940E-13	2.594580E+2
-5.000000E-2	6.876733E-7	-6.876733E-7	-3.840692E-12	2.599824E+2
-1.000000E-1	1.569189E-6	-1.569189E-6	-8.764003E-12	2.605059E+2
-1.500000E-1	2.255300E-6	-2.255300E-6	-1.259597E-11	2.610293E+2
-2.000000E-1	3.778755E-6	-3.778755E-6	-2.110455E-11	2.615527E+2
-2.500000E-1	5.464979E-6	-5.464979E-6	-3.052220E-11	2.620762E+2
-3.000000E-1	9.393460E-6	-9.393460E-6	-5.246298E-11	2.625996E+2
-3.500000E-1	1.011667E-5	-1.011667E-5	-5.650214E-11	2.633730E+2
-4.000000E-1	1.442383E-5	-1.442383E-5	-8.055787E-11	2.642676E+2
-4.500000E-1	2.572265E-5	-2.572265E-5	-1.436624E-10	2.648740E+2
-5.000000E-1	4.364112E-5	-4.364112E-5	-2.437380E-10	2.650625E+2
-5.000000E-1	4.269080E-5	-4.269080E-5	-2.384304E-10	2.652510E+2
-4.500000E-1	4.566905E-5	-4.566905E-5	-2.550641E-10	2.654395E+2
-4.000000E-1	1.806907E-5	-1.806907E-5	-1.009167E-10	2.656289E+2
-3.500000E-1	1.222699E-5	-1.222699E-5	-6.828837E-11	2.666064E+2
-3.000000E-1	8.163703E-6	-8.163703E-6	-4.559472E-11	2.675020E+2
-2.500000E-1	5.091580E-6	-5.091580E-6	-2.843675E-11	2.680254E+2
-2.000000E-1	4.290032E-6	-4.290032E-6	-2.396006E-11	2.685488E+2
-1.500000E-1	2.146300E-6	-2.146300E-6	-1.198720E-11	2.690723E+2
-1.000000E-1	7.554091E-7	-7.554091E-7	-4.219000E-12	2.695957E+2
-5.000000E-2	4.308508E-7	-4.308508E-7	-2.406325E-12	2.701191E+2
0.000000E+0	2.046265E-7	2.046265E-7	1.142850E-12	2.706426E+2
0.000000E+0	8.589237E-8	8.589237E-8	4.797135E-13	2.711670E+2
5.000000E-2	6.285596E-7	6.285596E-7	3.510539E-12	2.716904E+2
1.000000E-1	1.345596E-6	1.345596E-6	7.515225E-12	2.722139E+2
1.500000E-1	1.906780E-6	1.906780E-6	1.064947E-11	2.727373E+2
2.000000E-1	3.875098E-6	3.875098E-6	2.164263E-11	2.732607E+2
2.500000E-1	6.212408E-6	6.212408E-6	3.469663E-11	2.737842E+2
3.000000E-1	8.457287E-6	8.457287E-6	4.723440E-11	2.743076E+2
3.500000E-1	1.165258E-5	1.165258E-5	6.508027E-11	2.749131E+2
4.000000E-1	1.401773E-5	1.401773E-5	7.828976E-11	2.758086E+2
4.500000E-1	2.283400E-5	2.283400E-5	1.275291E-10	2.764141E+2
5.000000E-1	3.196163E-5	3.196163E-5	1.785074E-10	2.766035E+2
5.000000E-1	3.074710E-5	3.074710E-5	1.717242E-10	2.767920E+2
4.500000E-1	2.293584E-5	2.293584E-5	1.280979E-10	2.769805E+2
4.000000E-1	1.795779E-5	1.795779E-5	1.002952E-10	2.771699E+2
3.500000E-1	1.170988E-5	1.170988E-5	6.540032E-11	2.780645E+2
3.000000E-1	7.378994E-6	7.378994E-6	4.121208E-11	2.785879E+2
2.500000E-1	6.740689E-6	6.740689E-6	3.764711E-11	2.791113E+2
2.000000E-1	3.462568E-6	3.462568E-6	1.933863E-11	2.796348E+2
1.500000E-1	2.098565E-6	2.098565E-6	1.172060E-11	2.801582E+2
1.000000E-1	1.078715E-6	1.078715E-6	6.024681E-12	2.806816E+2
5.000000E-2	2.612825E-7	2.612825E-7	1.459277E-12	2.812051E+2
0.000000E+0	2.554631E-8	-2.554631E-8	-1.426775E-13	2.817285E+2
-5.000000E-2	6.191919E-7	-6.191919E-7	-3.458220E-12	2.822529E+2
-1.000000E-1	9.125309E-7	-9.125309E-7	-5.096534E-12	2.827764E+2
-1.500000E-1	1.804624E-6	-1.804624E-6	-1.007892E-11	2.832998E+2
-2.000000E-1	2.907780E-6	-2.907780E-6	-1.624011E-11	2.838232E+2
-2.500000E-1	4.363835E-6	-4.363835E-6	-2.437225E-11	2.843467E+2
-3.000000E-1	7.007702E-6	-7.007702E-6	-3.913839E-11	2.848701E+2
-3.500000E-1	9.224053E-6	-9.224053E-6	-5.151683E-11	2.853936E+2
-4.000000E-1	1.266382E-5	-1.266382E-5	-7.072813E-11	2.859170E+2
-4.500000E-1	1.562869E-5	-1.562869E-5	-8.728707E-11	2.865225E+2
-5.000000E-1	2.523838E-5	-2.523838E-5	-1.409577E-10	2.867109E+2
-5.000000E-1	2.554660E-5	-2.554660E-5	-1.426791E-10	2.869004E+2
-4.500000E-1	2.036247E-5	-2.036247E-5	-1.137255E-10	2.870889E+2
-4.000000E-1	1.414832E-5	-1.414832E-5	-7.901915E-11	2.879844E+2
-3.500000E-1	1.156121E-5	-1.156121E-5	-6.457000E-11	2.885078E+2
-3.000000E-1	6.500741E-6	-6.500741E-6	-3.630699E-11	2.890312E+2
-2.500000E-1	5.454336E-6	-5.454336E-6	-3.046276E-11	2.895547E+2
-2.000000E-1	3.020822E-6	-3.020822E-6	-1.687145E-11	2.900781E+2
-1.500000E-1	2.212337E-6	-2.212337E-6	-1.235602E-11	2.906016E+2
-1.000000E-1	1.016202E-6	-1.016202E-6	-5.675543E-12	2.911250E+2
-5.000000E-2	1.700131E-7	-1.700131E-7	-9.495321E-13	2.916484E+2
0.000000E+0	7.614944E-8	7.614944E-8	4.252987E-13	2.921719E+2
0.000000E+0	2.273699E-7	2.273699E-7	1.269873E-12	2.926953E+2
5.000000E-2	6.460552E-7	6.460552E-7	3.608253E-12	2.932188E+2
1.000000E-1	1.430981E-6	1.430981E-6	7.992107E-12	2.937422E+2
1.500000E-1	2.568459E-6	2.568459E-6	1.434498E-11	2.942656E+2
2.000000E-1	3.856112E-6	3.856112E-6	2.153659E-11	2.947891E+2
2.500000E-1	6.232519E-6	6.232519E-6	3.480895E-11	2.953125E+2
3.000000E-1	9.453988E-6	9.453988E-6	5.280103E-11	2.958359E+2
3.500000E-1	1.353555E-5	1.353555E-5	7.559676E-11	2.963594E+2
4.000000E-1	1.796577E-5	1.796577E-5	1.003398E-10	2.969658E+2
4.500000E-1	2.454913E-5	2.454913E-5	1.371082E-10	2.971543E+2
5.000000E-1	3.250690E-5	3.250690E-5	1.815528E-10	2.973428E+2
5.000000E-1	3.318688E-5	3.318688E-5	1.853505E-10	2.975312E+2
4.500000E-1	2.478694E-5	2.478694E-5	1.384364E-10	2.977207E+2
4.000000E-1	2.044659E-5	2.044659E-5	1.141953E-10	2.986982E+2
3.500000E-1	1.299268E-5	1.299268E-5	7.256483E-11	2.995938E+2
3.000000E-1	9.900999E-6	9.900999E-6	5.529761E-11	3.001172E+2
2.500000E-1	4.744567E-6	4.744567E-6	2.649866E-11	3.006406E+2
2.000000E-1	3.741464E-6	3.741464E-6	2.089628E-11	3.011641E+2
1.500000E-1	1.737984E-6	1.737984E-6	9.706735E-12	3.016875E+2
1.000000E-1	9.452136E-7	9.452136E-7	5.279069E-12	3.022109E+2
5.000000E-2	3.165124E-7	3.165124E-7	1.767739E-12	3.027344E+2
0.000000E+0	2.243782E-7	-2.243782E-7	-1.253164E-12	3.032578E+2
-5.000000E-2	3.924381E-7	-3.924381E-7	-2.191788E-12	3.037812E+2
-1.000000E-1	1.193836E-6	-1.193836E-6	-6.667639E-12	3.043047E+2
-1.500000E-1	1.914902E-6	-1.914902E-6	-1.069483E-11	3.048281E+2
-2.000000E-1	3.221122E-6	-3.221122E-6	-1.799014E-11	3.053516E+2
-2.500000E-1	4.858061E-6	-4.858061E-6	-2.713253E-11	3.058750E+2
-3.000000E-1	6.759041E-6	-6.759041E-6	-3.774961E-11	3.063984E+2
-3.500000E-1	1.066452E-5	-1.066452E-5	-5.956190E-11	3.069219E+2
-4.000000E-1	1.505263E-5	-1.505263E-5	-8.406975E-11	3.076953E+2
-4.500000E-1	1.816314E-5	-1.816314E-5	-1.014421E-10	3.078838E+2
-5.000000E-1	2.393053E-5	-2.393053E-5	-1.336533E-10	3.080723E+2
-5.000000E-1	2.611196E-5	-2.611196E-5	-1.458367E-10	3.082617E+2
-4.500000E-1	2.151184E-5	-2.151184E-5	-1.201448E-10	3.084502E+2
-4.000000E-1	1.314726E-5	-1.314726E-5	-7.342815E-11	3.094277E+2
-3.500000E-1	1.050097E-5	-1.050097E-5	-5.864846E-11	3.103232E+2
-3.000000E-1	7.346433E-6	-7.346433E-6	-4.103022E-11	3.108467E+2
-2.500000E-1	5.849457E-6	-5.849457E-6	-3.266953E-11	3.113701E+2
-2.000000E-1	3.691678E-6	-3.691678E-6	-2.061822E-11	3.118936E+2
-1.500000E-1	1.861239E-6	-1.861239E-6	-1.039512E-11	3.124170E+2
-1.000000E-1	9.421746E-7	-9.421746E-7	-5.262096E-12	3.129404E+2
-5.000000E-2	3.739065E-7	-3.739065E-7	-2.088288E-12	3.134639E+2
0.000000E+0	2.155397E-7	2.155397E-7	1.203801E-12	3.139873E+2
0.000000E+0	1.710964E-7	1.710964E-7	9.555828E-13	3.145117E+2
5.000000E-2	5.710810E-7	5.710810E-7	3.189518E-12	3.150352E+2
1.000000E-1	1.520906E-6	1.520906E-6	8.494344E-12	3.155586E+2
1.500000E-1	4.093590E-6	4.093590E-6	2.286292E-11	3.160820E+2
2.000000E-1	6.317531E-6	6.317531E-6	3.528375E-11	3.166055E+2
2.500000E-1	9.777267E-6	9.777267E-6	5.460656E-11	3.171289E+2
3.000000E-1	1.328418E-5	1.328418E-5	7.419286E-11	3.176523E+2
3.500000E-1	1.476252E-5	1.476252E-5	8.244944E-11	3.181758E+2
4.000000E-1	1.550030E-5	1.550030E-5	8.657003E-11	3.186992E+2
4.500000E-1	2.524980E-5	2.524980E-5	1.410215E-10	3.193047E+2
5.000000E-1	3.261983E-5	3.261983E-5	1.821835E-10	3.194932E+2
5.000000E-1	3.343633E-5	3.343633E-5	1.867437E-10	3.196826E+2
4.500000E-1	2.824356E-5	2.824356E-5	1.577418E-10	3.198711E+2
4.000000E-1	2.164445E-5	2.164445E-5	1.208854E-10	3.200596E+2
3.500000E-1	1.614895E-5	1.614895E-5	9.019274E-11	3.210381E+2
3.000000E-1	1.117067E-5	1.117067E-5	6.238879E-11	3.219326E+2
2.500000E-1	6.003731E-6	6.003731E-6	3.353116E-11	3.224561E+2
2.000000E-1	4.653345E-6	4.653345E-6	2.598918E-11	3.229795E+2
1.500000E-1	2.766108E-6	2.766108E-6	1.544886E-11	3.235029E+2
1.000000E-1	9.943185E-7	9.943185E-7	5.553322E-12	3.240264E+2
5.000000E-2	5.366615E-7	5.366615E-7	2.997283E-12	3.245498E+2
0.000000E+0	1.146192E-7	-1.146192E-7	-6.401546E-13	3.250732E+2
-5.000000E-2	7.463297E-7	-7.463297E-7	-4.168291E-12	3.255977E+2
-1.000000E-1	1.445199E-6	-1.445199E-6	-8.071516E-12	3.261211E+2
-1.500000E-1	2.509967E-6	-2.509967E-6	-1.401830E-11	3.266445E+2
-2.000000E-1	3.317447E-6	-3.317447E-6	-1.852812E-11	3.271680E+2
-2.500000E-1	7.116738E-6	-7.116738E-6	-3.974736E-11	3.276914E+2
-3.000000E-1	8.471423E-6	-8.471423E-6	-4.731335E-11	3.282148E+2
-3.500000E-1	1.273108E-5	-1.273108E-5	-7.110379E-11	3.287383E+2
-4.000000E-1	1.457917E-5	-1.457917E-5	-8.142542E-11	3.292617E+2
-4.500000E-1	2.594722E-5	-2.594722E-5	-1.449166E-10	3.298672E+2
-5.000000E-1	4.010549E-5	-4.010549E-5	-2.239913E-10	3.300557E+2
-5.000000E-1	4.055297E-5	-4.055297E-5	-2.264905E-10	3.302451E+2
-4.500000E-1	2.607984E-5	-2.607984E-5	-1.456573E-10	3.304336E+2
-4.000000E-1	2.163175E-5	-2.163175E-5	-1.208145E-10	3.306221E+2
-3.500000E-1	1.293949E-5	-1.293949E-5	-7.226775E-11	3.316006E+2
-3.000000E-1	1.005788E-5	-1.005788E-5	-5.617380E-11	3.324951E+2
-2.500000E-1	5.066351E-6	-5.066351E-6	-2.829584E-11	3.330186E+2
-2.000000E-1	3.758150E-6	-3.758150E-6	-2.098947E-11	3.335420E+2
-1.500000E-1	2.096952E-6	-2.096952E-6	-1.171159E-11	3.340654E+2
-1.000000E-1	7.438125E-7	-7.438125E-7	-4.154233E-12	3.345889E+2
-5.000000E-2	4.428822E-7	-4.428822E-7	-2.473521E-12	3.351123E+2
0.000000E+0	2.004271E-7	2.004271E-7	1.119396E-12	3.356357E+2
0.000000E+0	1.090036E-7	1.090036E-7	6.087908E-13	3.361602E+2
5.000000E-2	6.095136E-7	6.095136E-7	3.404166E-12	3.366836E+2
1.000000E-1	1.207947E-6	1.207947E-6	6.746451E-12	3.372070E+2
1.500000E-1	2.065316E-6	2.065316E-6	1.153490E-11	3.377305E+2
2.000000E-1	3.581557E-6	3.581557E-6	2.000319E-11	3.382539E+2
2.500000E-1	5.900708E-6	5.900708E-6	3.295577E-11	3.387773E+2
3.000000E-1	8.542495E-6	8.542495E-6	4.771029E-11	3.393008E+2
3.500000E-1	1.168270E-5	1.168270E-5	6.524853E-11	3.398242E+2
4.000000E-1	1.412561E-5	1.412561E-5	7.889229E-11	3.403477E+2
4.500000E-1	1.623583E-5	1.623583E-5	9.067799E-11	3.408711E+2
5.000000E-1	3.054998E-5	3.054998E-5	1.706233E-10	3.414766E+2
5.000000E-1	3.182446E-5	3.182446E-5	1.777413E-10	3.416650E+2
4.500000E-1	2.381116E-5	2.381116E-5	1.329866E-10	3.418545E+2
4.000000E-1	1.810450E-5	1.810450E-5	1.011146E-10	3.420430E+2
3.500000E-1	1.291286E-5	1.291286E-5	7.211901E-11	3.429385E+2
3.000000E-1	8.324984E-6	8.324984E-6	4.649548E-11	3.434619E+2
2.500000E-1	5.791753E-6	5.791753E-6	3.234725E-11	3.439854E+2
2.000000E-1	3.875632E-6	3.875632E-6	2.164561E-11	3.445088E+2
1.500000E-1	1.883540E-6	1.883540E-6	1.051967E-11	3.450322E+2
1.000000E-1	1.187863E-6	1.187863E-6	6.634276E-12	3.455557E+2
5.000000E-2	3.336600E-7	3.336600E-7	1.863509E-12	3.460791E+2
0.000000E+0	1.466186E-7	-1.466186E-7	-8.188727E-13	3.466025E+2
-5.000000E-2	5.016480E-7	-5.016480E-7	-2.801731E-12	3.471260E+2
-1.000000E-1	1.571348E-6	-1.571348E-6	-8.776063E-12	3.476494E+2
-1.500000E-1	2.128997E-6	-2.128997E-6	-1.189056E-11	3.481729E+2
-2.000000E-1	3.720355E-6	-3.720355E-6	-2.077838E-11	3.486963E+2
-2.500000E-1	5.906316E-6	-5.906316E-6	-3.298709E-11	3.492197E+2
-3.000000E-1	7.386957E-6	-7.386957E-6	-4.125655E-11	3.497432E+2
-3.500000E-1	1.220501E-5	-1.220501E-5	-6.816561E-11	3.502666E+2
-4.000000E-1	1.415133E-5	-1.415133E-5	-7.903592E-11	3.507900E+2
-4.500000E-1	1.540361E-5	-1.540361E-5	-8.602997E-11	3.513135E+2
-5.000000E-1	2.150986E-5	-2.150986E-5	-1.201337E-10	3.519199E+2
-5.000000E-1	2.733453E-5	-2.733453E-5	-1.526648E-10	3.521084E+2
-4.500000E-1	2.229805E-5	-2.229805E-5	-1.245358E-10	3.522969E+2
-4.000000E-1	1.446256E-5	-1.446256E-5	-8.077419E-11	3.531924E+2
-3.500000E-1	1.389855E-5	-1.389855E-5	-7.762413E-11	3.537158E+2
-3.000000E-1	7.633361E-6	-7.633361E-6	-4.263273E-11	3.542393E+2
-2.500000E-1	5.258719E-6	-5.258719E-6	-2.937023E-11	3.547627E+2
-2.000000E-1	4.025272E-6	-4.025272E-6	-2.248136E-11	3.552861E+2
-1.500000E-1	1.925075E-6	-1.925075E-6	-1.075165E-11	3.558096E+2
-1.000000E-1	1.087273E-6	-1.087273E-6	-6.072476E-12	3.563330E+2
-5.000000E-2	2.937093E-7	-2.937093E-7	-1.640382E-12	3.568564E+2
0.000000E+0	2.528169E-7	2.528169E-7	1.411996E-12	3.573799E+2
0.000000E+0	4.040298E-9	4.040298E-9	2.256528E-14	3.579043E+2
5.000000E-2	7.189395E-7	7.189395E-7	4.015316E-12	3.584277E+2
1.000000E-1	1.262382E-6	1.262382E-6	7.050471E-12	3.589512E+2
1.500000E-1	2.178330E-6	2.178330E-6	1.216609E-11	3.594746E+2
2.000000E-1	3.570972E-6	3.570972E-6	1.994407E-11	3.599980E+2
2.500000E-1	5.132692E-6	5.132692E-6	2.866636E-11	3.605215E+2
3.000000E-1	8.396224E-6	8.396224E-6	4.689336E-11	3.610449E+2
3.500000E-1	1.226628E-5	1.226628E-5	6.850785E-11	3.615684E+2
4.000000E-1	1.465185E-5	1.465185E-5	8.183137E-11	3.620918E+2
4.500000E-1	3.123458E-5	3.123458E-5	1.744468E-10	3.626973E+2
5.000000E-1	4.317378E-5	4.317378E-5	2.411279E-10	3.628857E+2
5.000000E-1	4.164954E-5	4.164954E-5	2.326149E-10	3.630752E+2
4.500000E-1	3.136267E-5	3.136267E-5	1.751622E-10	3.632637E+2
4.000000E-1	2.313926E-5	2.313926E-5	1.292340E-10	3.634521E+2
3.500000E-1	1.266903E-5	1.266903E-5	7.075723E-11	3.643477E+2
3.000000E-1	6.324330E-6	6.324330E-6	3.532172E-11	3.648711E+2
2.500000E-1	5.562230E-6	5.562230E-6	3.106535E-11	3.653945E+2
2.000000E-1	3.874389E-6	3.874389E-6	2.163867E-11	3.659180E+2
1.500000E-1	2.113339E-6	2.113339E-6	1.180311E-11	3.664414E+2
1.000000E-1	1.181770E-6	1.181770E-6	6.600248E-12	3.669648E+2
5.000000E-2	2.390136E-7	2.390136E-7	1.334904E-12	3.674883E+2
0.000000E+0	1.131110E-7	-1.131110E-7	-6.317308E-13	3.680117E+2
-5.000000E-2	5.519704E-7	-5.519704E-7	-3.082784E-12	3.685361E+2
-1.000000E-1	1.344321E-6	-1.344321E-6	-7.508105E-12	3.690596E+2
-1.500000E-1	2.048260E-6	-2.048260E-6	-1.143964E-11	3.695830E+2
-2.000000E-1	4.089212E-6	-4.089212E-6	-2.283847E-11	3.701064E+2
-2.500000E-1	6.324389E-6	-6.324389E-6	-3.532205E-11	3.706299E+2
-3.000000E-1	9.583377E-6	-9.583377E-6	-5.352367E-11	3.711533E+2
-3.500000E-1	1.282778E-5	-1.282778E-5	-7.164384E-11	3.716768E+2
-4.000000E-1	1.426721E-5	-1.426721E-5	-7.968314E-11	3.722002E+2
-4.500000E-1	1.546015E-5	-1.546015E-5	-8.634578E-11	3.727236E+2
-5.000000E-1	2.816831E-5	-2.816831E-5	-1.573215E-10	3.733291E+2
-5.000000E-1	2.924686E-5	-2.924686E-5	-1.633453E-10	3.735186E+2
-4.500000E-1	2.266974E-5	-2.266974E-5	-1.266117E-10	3.737070E+2
-4.000000E-1	2.040416E-5	-2.040416E-5	-1.139583E-10	3.738955E+2
-3.500000E-1	1.206303E-5	-1.206303E-5	-6.737264E-11	3.747910E+2
-3.000000E-1	7.578892E-6	-7.578892E-6	-4.232852E-11	3.753145E+2
-2.500000E-1	6.488439E-6	-6.488439E-6	-3.623828E-11	3.758379E+2
-2.000000E-1	3.887458E-6	-3.887458E-6	-2.171166E-11	3.763613E+2
-1.500000E-1	1.630638E-6	-1.630638E-6	-9.107201E-12	3.768848E+2
-1.000000E-1	1.163705E-6	-1.163705E-6	-6.499357E-12	3.774082E+2
-5.000000E-2	2.757193E-7	-2.757193E-7	-1.539907E-12	3.779316E+2
0.000000E+0	1.829143E-7	1.829143E-7	1.021586E-12	3.784551E+2
0.000000E+0	1.069114E-7	1.069114E-7	5.971057E-13	3.789795E+2
5.000000E-2	7.368500E-7	7.368500E-7	4.115347E-12	3.795029E+2
1.000000E-1	1.184530E-6	1.184530E-6	6.615666E-12	3.800264E+2
1.500000E-1	2.257450E-6	2.257450E-6	1.260798E-11	3.805498E+2
2.000000E-1	3.618261E-6	3.618261E-6	2.020818E-11	3.810732E+2
2.500000E-1	5.674764E-6	5.674764E-6	3.169386E-11	3.815967E+2
3.000000E-1	9.061421E-6	9.061421E-6	5.060852E-11	3.821201E+2
3.500000E-1	1.098209E-5	1.098209E-5	6.133558E-11	3.826436E+2
4.000000E-1	1.431762E-5	1.431762E-5	7.996470E-11	3.831670E+2
4.500000E-1	2.650259E-5	2.650259E-5	1.480184E-10	3.837725E+2
5.000000E-1	3.454576E-5	3.454576E-5	1.929399E-10	3.839609E+2
5.000000E-1	3.522636E-5	3.522636E-5	1.967411E-10	3.841504E+2
4.500000E-1	2.775078E-5	2.775078E-5	1.549896E-10	3.843389E+2
4.000000E-1	2.064881E-5	2.064881E-5	1.153247E-10	3.845273E+2
3.500000E-1	1.372153E-5	1.372153E-5	7.663548E-11	3.855059E+2
3.000000E-1	9.752997E-6	9.752997E-6	5.447101E-11	3.864004E+2
2.500000E-1	5.826714E-6	5.826714E-6	3.254251E-11	3.869238E+2
2.000000E-1	4.355294E-6	4.355294E-6	2.432455E-11	3.874473E+2
1.500000E-1	2.315571E-6	2.315571E-6	1.293259E-11	3.879707E+2
1.000000E-1	1.055005E-6	1.055005E-6	5.892259E-12	3.884941E+2
5.000000E-2	5.323404E-7	5.323404E-7	2.973150E-12	3.890176E+2
0.000000E+0	2.067833E-7	-2.067833E-7	-1.154896E-12	3.895410E+2
-5.000000E-2	7.003209E-7	-7.003209E-7	-3.911330E-12	3.900654E+2
-1.000000E-1	1.524991E-6	-1.524991E-6	-8.517159E-12	3.905889E+2
-1.500000E-1	2.831375E-6	-2.831375E-6	-1.581338E-11	3.911123E+2
-2.000000E-1	3.769880E-6	-3.769880E-6	-2.105498E-11	3.916357E+2
-2.500000E-1	6.479983E-6	-6.479983E-6	-3.619105E-11	3.921592E+2
-3.000000E-1	8.737829E-6	-8.737829E-6	-4.880124E-11	3.926826E+2
-3.500000E-1	1.263398E-5	-1.263398E-5	-7.056147E-11	3.932061E+2
-4.000000E-1	1.261537E-5	-1.261537E-5	-7.045753E-11	3.938115E+2
-4.500000E-1	2.327492E-5	-2.327492E-5	-1.299917E-10	3.940010E+2
-5.000000E-1	3.066252E-5	-3.066252E-5	-1.712518E-10	3.941895E+2
-5.000000E-1	3.182127E-5	-3.182127E-5	-1.777235E-10	3.943779E+2
-4.500000E-1	2.486674E-5	-2.486674E-5	-1.388821E-10	3.945664E+2
-4.000000E-1	1.825490E-5	-1.825490E-5	-1.019546E-10	3.947559E+2
-3.500000E-1	1.312313E-5	-1.312313E-5	-7.329336E-11	3.956504E+2
-3.000000E-1	9.830357E-6	-9.830357E-6	-5.490307E-11	3.961738E+2
-2.500000E-1	4.871463E-6	-4.871463E-6	-2.720738E-11	3.966973E+2
-2.000000E-1	3.643842E-6	-3.643842E-6	-2.035105E-11	3.972207E+2
-1.500000E-1	2.166022E-6	-2.166022E-6	-1.209735E-11	3.977441E+2
-1.000000E-1	7.821803E-7	-7.821803E-7	-4.368519E-12	3.982676E+2
-5.000000E-2	3.063396E-7	-3.063396E-7	-1.710923E-12	3.987910E+2
0.000000E+0	1.858487E-7	1.858487E-7	1.037975E-12	3.993145E+2
