voltage_5_2_21_500mv_500ms	absJ_5_2_21_500mv_500ms	J_5_2_21_500mv_500ms	current_5_2_21_500mv_500ms	time_5_2_21_500mv_500ms	
0.000000E+0	1.013074E-7	-1.013074E-7	-3.929218E-13	0.000000E+0
5.000000E-2	5.001145E-6	5.001145E-6	1.939699E-11	1.002930E+0
1.000000E-1	1.474485E-5	1.474485E-5	5.718803E-11	2.004883E+0
1.500000E-1	2.023295E-5	2.023295E-5	7.847367E-11	4.018555E+0
2.000000E-1	4.790864E-5	4.790864E-5	1.858141E-10	4.686523E+0
2.500000E-1	7.947522E-5	7.947522E-5	3.082454E-10	5.354492E+0
3.000000E-1	9.720760E-5	9.720760E-5	3.770206E-10	6.022461E+0
3.500000E-1	1.577024E-4	1.577024E-4	6.116502E-10	6.690430E+0
4.000000E-1	1.809512E-4	1.809512E-4	7.018208E-10	7.358398E+0
4.500000E-1	2.445041E-4	2.445041E-4	9.483117E-10	1.003809E+1
5.000000E-1	3.136109E-4	3.136109E-4	1.216343E-9	1.070508E+1
5.000000E-1	2.277019E-4	2.277019E-4	8.831441E-10	1.204492E+1
4.500000E-1	1.380561E-4	1.380561E-4	5.354519E-10	1.271289E+1
4.000000E-1	1.196510E-4	1.196510E-4	4.640676E-10	1.338086E+1
3.500000E-1	1.012739E-4	1.012739E-4	3.927919E-10	1.404883E+1
3.000000E-1	5.362142E-5	5.362142E-5	2.079712E-10	1.471680E+1
2.500000E-1	5.141006E-5	5.141006E-5	1.993944E-10	1.538477E+1
2.000000E-1	2.155834E-5	2.155834E-5	8.361423E-11	1.816895E+1
1.500000E-1	1.221568E-5	1.221568E-5	4.737861E-11	1.994238E+1
1.000000E-1	5.182300E-6	5.182300E-6	2.009960E-11	2.094531E+1
5.000000E-2	1.830271E-6	1.830271E-6	7.098724E-12	2.194824E+1
0.000000E+0	8.022154E-9	8.022154E-9	3.111400E-14	2.295020E+1
-5.000000E-2	1.724105E-6	-1.724105E-6	-6.686957E-12	2.395410E+1
-1.000000E-1	4.115104E-6	-4.115104E-6	-1.596047E-11	2.495605E+1
-1.500000E-1	7.393456E-6	-7.393456E-6	-2.867559E-11	2.595898E+1
-2.000000E-1	1.129247E-5	-1.129247E-5	-4.379795E-11	2.696191E+1
-2.500000E-1	1.723174E-5	-1.723174E-5	-6.683346E-11	2.796387E+1
-3.000000E-1	2.295719E-5	-2.295719E-5	-8.903969E-11	2.896680E+1
-3.500000E-1	2.327834E-5	-2.327834E-5	-9.028525E-11	2.996973E+1
-4.000000E-1	2.591068E-5	-2.591068E-5	-1.004948E-10	3.215039E+1
-4.500000E-1	4.577336E-5	-4.577336E-5	-1.775324E-10	3.281836E+1
-5.000000E-1	3.790492E-5	-3.790492E-5	-1.470146E-10	3.348535E+1
-5.000000E-1	3.443694E-5	-3.443694E-5	-1.335640E-10	3.415332E+1
-4.500000E-1	4.006008E-5	-4.006008E-5	-1.553734E-10	3.482129E+1
-4.000000E-1	2.581633E-5	-2.581633E-5	-1.001289E-10	3.548926E+1
-3.500000E-1	1.765740E-5	-1.765740E-5	-6.848440E-11	3.726367E+1
-3.000000E-1	1.373007E-5	-1.373007E-5	-5.325219E-11	3.826563E+1
-2.500000E-1	9.054633E-6	-9.054633E-6	-3.511848E-11	3.926855E+1
-2.000000E-1	5.451035E-6	-5.451035E-6	-2.114189E-11	4.027148E+1
-1.500000E-1	3.709574E-6	-3.709574E-6	-1.438762E-11	4.127441E+1
-1.000000E-1	1.898231E-6	-1.898231E-6	-7.362305E-12	4.227637E+1
-5.000000E-2	7.171742E-7	-7.171742E-7	-2.781567E-12	4.327930E+1
0.000000E+0	7.709784E-8	-7.709784E-8	-2.990247E-13	4.428223E+1
0.000000E+0	6.486066E-8	6.486066E-8	2.515627E-13	4.528516E+1
5.000000E-2	7.010796E-7	7.010796E-7	2.719144E-12	4.628809E+1
1.000000E-1	2.146781E-6	2.146781E-6	8.326312E-12	4.729004E+1
1.500000E-1	3.287655E-6	3.287655E-6	1.275120E-11	4.829297E+1
2.000000E-1	4.023352E-6	4.023352E-6	1.560461E-11	4.929590E+1
2.500000E-1	7.618118E-6	7.618118E-6	2.954694E-11	5.029785E+1
3.000000E-1	1.102144E-5	1.102144E-5	4.274675E-11	5.130078E+1
3.500000E-1	1.650147E-5	1.650147E-5	6.400112E-11	5.230273E+1
4.000000E-1	1.605738E-5	1.605738E-5	6.227871E-11	5.330566E+1
4.500000E-1	2.577096E-5	2.577096E-5	9.995289E-11	5.430859E+1
5.000000E-1	3.400133E-5	3.400133E-5	1.318745E-10	5.632129E+1
5.000000E-1	3.154655E-5	3.154655E-5	1.223536E-10	5.698926E+1
4.500000E-1	2.404125E-5	2.404125E-5	9.324423E-11	5.876367E+1
4.000000E-1	1.499831E-5	1.499831E-5	5.817109E-11	5.976563E+1
3.500000E-1	1.210363E-5	1.210363E-5	4.694406E-11	6.076855E+1
3.000000E-1	6.842069E-6	6.842069E-6	2.653703E-11	6.177051E+1
2.500000E-1	5.094723E-6	5.094723E-6	1.975993E-11	6.277344E+1
2.000000E-1	2.973142E-6	2.973142E-6	1.153136E-11	6.377637E+1
1.500000E-1	1.926498E-6	1.926498E-6	7.471940E-12	6.477832E+1
1.000000E-1	9.771248E-7	9.771248E-7	3.789788E-12	6.578125E+1
5.000000E-2	3.616374E-7	3.616374E-7	1.402614E-12	6.678418E+1
0.000000E+0	1.820907E-8	1.820907E-8	7.062406E-14	6.778613E+1
-5.000000E-2	3.120302E-7	-3.120302E-7	-1.210212E-12	6.879004E+1
-1.000000E-1	5.782750E-7	-5.782750E-7	-2.242845E-12	6.979199E+1
-1.500000E-1	1.003367E-6	-1.003367E-6	-3.891568E-12	7.079492E+1
-2.000000E-1	2.004594E-6	-2.004594E-6	-7.774836E-12	7.179688E+1
-2.500000E-1	2.851554E-6	-2.851554E-6	-1.105978E-11	7.279980E+1
-3.000000E-1	4.473177E-6	-4.473177E-6	-1.734926E-11	7.380273E+1
-3.500000E-1	7.288849E-6	-7.288849E-6	-2.826987E-11	7.480566E+1
-4.000000E-1	8.321279E-6	-8.321279E-6	-3.227416E-11	7.580762E+1
-4.500000E-1	9.015116E-6	-9.015116E-6	-3.496521E-11	7.681055E+1
-5.000000E-1	1.423465E-5	-1.423465E-5	-5.520921E-11	7.781250E+1
-5.000000E-1	1.556851E-5	-1.556851E-5	-6.038260E-11	7.881543E+1
-4.500000E-1	1.056276E-5	-1.056276E-5	-4.096778E-11	7.981836E+1
-4.000000E-1	8.697045E-6	-8.697045E-6	-3.373157E-11	8.082031E+1
-3.500000E-1	5.409805E-6	-5.409805E-6	-2.098198E-11	8.182324E+1
-3.000000E-1	3.512269E-6	-3.512269E-6	-1.362237E-11	8.282617E+1
-2.500000E-1	2.635221E-6	-2.635221E-6	-1.022073E-11	8.382813E+1
-2.000000E-1	2.100416E-6	-2.100416E-6	-8.146483E-12	8.483105E+1
-1.500000E-1	8.895967E-7	-8.895967E-7	-3.450309E-12	8.583398E+1
-1.000000E-1	5.355307E-7	-5.355307E-7	-2.077061E-12	8.683594E+1
-5.000000E-2	1.892792E-7	-1.892792E-7	-7.341211E-13	8.783887E+1
0.000000E+0	1.117448E-8	1.117448E-8	4.334033E-14	8.884180E+1
0.000000E+0	1.131403E-8	1.131403E-8	4.388157E-14	8.984473E+1
5.000000E-2	2.051589E-7	2.051589E-7	7.957107E-13	9.084668E+1
1.000000E-1	5.945482E-7	5.945482E-7	2.305961E-12	9.184961E+1
1.500000E-1	1.011994E-6	1.011994E-6	3.925027E-12	9.285254E+1
2.000000E-1	1.481039E-6	1.481039E-6	5.744225E-12	9.385547E+1
2.500000E-1	2.143740E-6	2.143740E-6	8.314516E-12	9.485742E+1
3.000000E-1	4.084909E-6	4.084909E-6	1.584336E-11	9.586035E+1
3.500000E-1	5.496439E-6	5.496439E-6	2.131799E-11	9.686230E+1
4.000000E-1	6.756872E-6	6.756872E-6	2.620659E-11	9.786523E+1
4.500000E-1	9.487039E-6	9.487039E-6	3.679557E-11	9.886816E+1
5.000000E-1	1.200675E-5	1.200675E-5	4.656829E-11	9.987012E+1
5.000000E-1	9.008871E-6	9.008871E-6	3.494099E-11	1.008730E+2
4.500000E-1	7.908435E-6	7.908435E-6	3.067294E-11	1.018760E+2
4.000000E-1	6.908889E-6	6.908889E-6	2.679619E-11	1.028779E+2
3.500000E-1	3.457137E-6	3.457137E-6	1.340854E-11	1.038809E+2
3.000000E-1	2.875239E-6	2.875239E-6	1.115164E-11	1.048838E+2
2.500000E-1	1.323938E-6	1.323938E-6	5.134906E-12	1.058857E+2
2.000000E-1	9.654458E-7	9.654458E-7	3.744491E-12	1.068887E+2
1.500000E-1	5.624705E-7	5.624705E-7	2.181547E-12	1.078916E+2
1.000000E-1	3.115222E-7	3.115222E-7	1.208242E-12	1.088936E+2
5.000000E-2	1.061773E-7	1.061773E-7	4.118095E-13	1.098965E+2
0.000000E+0	1.058409E-8	1.058409E-8	4.105050E-14	1.108994E+2
-5.000000E-2	8.193903E-8	-8.193903E-8	-3.178013E-13	1.119023E+2
-1.000000E-1	2.021497E-7	-2.021497E-7	-7.840395E-13	1.129053E+2
-1.500000E-1	4.267307E-7	-4.267307E-7	-1.655079E-12	1.139072E+2
-2.000000E-1	7.180795E-7	-7.180795E-7	-2.785078E-12	1.149102E+2
-2.500000E-1	7.965905E-7	-7.965905E-7	-3.089584E-12	1.159131E+2
-3.000000E-1	1.026539E-6	-1.026539E-6	-3.981440E-12	1.169150E+2
-3.500000E-1	2.555525E-6	-2.555525E-6	-9.911627E-12	1.179180E+2
-4.000000E-1	3.448250E-6	-3.448250E-6	-1.337407E-11	1.189209E+2
-4.500000E-1	5.531326E-6	-5.531326E-6	-2.145330E-11	1.199229E+2
-5.000000E-1	6.116038E-6	-6.116038E-6	-2.372111E-11	1.209258E+2
-5.000000E-1	5.672854E-6	-5.672854E-6	-2.200222E-11	1.219277E+2
-4.500000E-1	4.624658E-6	-4.624658E-6	-1.793678E-11	1.229307E+2
-4.000000E-1	2.570005E-6	-2.570005E-6	-9.967790E-12	1.239336E+2
-3.500000E-1	1.436642E-6	-1.436642E-6	-5.572029E-12	1.249365E+2
-3.000000E-1	1.047675E-6	-1.047675E-6	-4.063416E-12	1.259385E+2
-2.500000E-1	5.642951E-7	-5.642951E-7	-2.188624E-12	1.269414E+2
-2.000000E-1	3.876505E-7	-3.876505E-7	-1.503506E-12	1.279443E+2
-1.500000E-1	2.163119E-7	-2.163119E-7	-8.389678E-13	1.289463E+2
-1.000000E-1	8.948172E-8	-8.948172E-8	-3.470557E-13	1.299492E+2
-5.000000E-2	2.378737E-8	-2.378737E-8	-9.225953E-14	1.309521E+2
0.000000E+0	1.869928E-8	1.869928E-8	7.252532E-14	1.319551E+2
0.000000E+0	1.568292E-8	1.568292E-8	6.082634E-14	1.329580E+2
5.000000E-2	5.854528E-8	5.854528E-8	2.270684E-13	1.339600E+2
1.000000E-1	1.137235E-7	1.137235E-7	4.410777E-13	1.349629E+2
1.500000E-1	2.858134E-7	2.858134E-7	1.108530E-12	1.359658E+2
2.000000E-1	3.416465E-7	3.416465E-7	1.325079E-12	1.369678E+2
2.500000E-1	5.948239E-7	5.948239E-7	2.307030E-12	1.379707E+2
3.000000E-1	1.128980E-6	1.128980E-6	4.378761E-12	1.389736E+2
3.500000E-1	1.341911E-6	1.341911E-6	5.204615E-12	1.399756E+2
4.000000E-1	2.706893E-6	2.706893E-6	1.049871E-11	1.409785E+2
4.500000E-1	3.374461E-6	3.374461E-6	1.308788E-11	1.419814E+2
5.000000E-1	3.865201E-6	3.865201E-6	1.499122E-11	1.429844E+2
5.000000E-1	4.063131E-6	4.063131E-6	1.575889E-11	1.439863E+2
4.500000E-1	3.596322E-6	3.596322E-6	1.394837E-11	1.449893E+2
4.000000E-1	1.988317E-6	1.988317E-6	7.711706E-12	1.459912E+2
3.500000E-1	1.767110E-6	1.767110E-6	6.853754E-12	1.469941E+2
3.000000E-1	1.401193E-8	-1.401193E-8	-5.434542E-14	1.479971E+2
2.500000E-1	3.500729E-7	3.500729E-7	1.357761E-12	1.489990E+2
2.000000E-1	2.990883E-7	2.990883E-7	1.160017E-12	1.500020E+2
1.500000E-1	2.555138E-7	2.555138E-7	9.910128E-13	1.510049E+2
1.000000E-1	1.349275E-7	1.349275E-7	5.233175E-13	1.520068E+2
5.000000E-2	9.976168E-8	9.976168E-8	3.869266E-13	1.530098E+2
0.000000E+0	9.030827E-8	-9.030827E-8	-3.502615E-13	1.540127E+2
-5.000000E-2	3.326224E-8	-3.326224E-8	-1.290079E-13	1.550156E+2
-1.000000E-1	5.853096E-8	-5.853096E-8	-2.270129E-13	1.560186E+2
-1.500000E-1	1.256673E-7	-1.256673E-7	-4.874018E-13	1.570205E+2
-2.000000E-1	7.483290E-8	-7.483290E-8	-2.902401E-13	1.580234E+2
-2.500000E-1	5.148204E-7	-5.148204E-7	-1.996736E-12	1.590264E+2
-3.000000E-1	8.293054E-7	-8.293054E-7	-3.216469E-12	1.600283E+2
-3.500000E-1	6.941094E-7	-6.941094E-7	-2.692110E-12	1.610313E+2
-4.000000E-1	9.929616E-7	-9.929616E-7	-3.851211E-12	1.620342E+2
-4.500000E-1	1.291706E-6	-1.291706E-6	-5.009895E-12	1.630361E+2
-5.000000E-1	1.213592E-7	-1.213592E-7	-4.706929E-13	1.640391E+2
-5.000000E-1	3.767765E-9	-3.767765E-9	-1.461331E-14	1.650420E+2
-4.500000E-1	3.767765E-9	3.767765E-9	1.461331E-14	1.660439E+2
-4.000000E-1	7.045325E-9	7.045325E-9	2.732536E-14	1.670469E+2
-3.500000E-1	8.405012E-9	8.405012E-9	3.259892E-14	1.680498E+2
-3.000000E-1	1.374000E-8	1.374000E-8	5.329071E-14	1.690527E+2
-2.500000E-1	1.304226E-8	1.304226E-8	5.058454E-14	1.700547E+2
-2.000000E-1	1.398331E-8	1.398331E-8	5.423439E-14	1.710576E+2
-1.500000E-1	1.348237E-8	1.348237E-8	5.229150E-14	1.720605E+2
-1.000000E-1	1.504243E-8	1.504243E-8	5.834222E-14	1.730625E+2
-5.000000E-2	1.892828E-8	1.892828E-8	7.341350E-14	1.740654E+2
0.000000E+0	1.764731E-8	1.764731E-8	6.844525E-14	1.750684E+2
0.000000E+0	1.566145E-8	1.566145E-8	6.074308E-14	1.760713E+2
5.000000E-2	1.731096E-8	1.731096E-8	6.714074E-14	1.770742E+2
1.000000E-1	1.672057E-8	1.672057E-8	6.485090E-14	1.780771E+2
1.500000E-1	1.912149E-8	1.912149E-8	7.416290E-14	1.790791E+2
2.000000E-1	2.057779E-8	2.057779E-8	7.981116E-14	1.800820E+2
2.500000E-1	2.057779E-8	2.057779E-8	7.981116E-14	1.810850E+2
3.000000E-1	2.085331E-8	2.085331E-8	8.087975E-14	1.820869E+2
3.500000E-1	2.815625E-8	2.815625E-8	1.092043E-13	1.830898E+2
4.000000E-1	2.148306E-8	2.148306E-8	8.332224E-14	1.840928E+2
4.500000E-1	2.053128E-8	2.053128E-8	7.963075E-14	1.850947E+2
5.000000E-1	2.321129E-8	2.321129E-8	9.002521E-14	1.860977E+2
5.000000E-1	2.284990E-8	2.284990E-8	8.862355E-14	1.871006E+2
4.500000E-1	1.399762E-8	1.399762E-8	5.428991E-14	1.881025E+2
4.000000E-1	1.148578E-8	1.148578E-8	4.454770E-14	1.891055E+2
3.500000E-1	9.836263E-9	9.836263E-9	3.815004E-14	1.901084E+2
3.000000E-1	7.642872E-9	7.642872E-9	2.964295E-14	1.911104E+2
2.500000E-1	6.229514E-9	6.229514E-9	2.416123E-14	1.921133E+2
2.000000E-1	5.839498E-9	5.839498E-9	2.264855E-14	1.931162E+2
1.500000E-1	4.157780E-9	4.157780E-9	1.612599E-14	1.941182E+2
1.000000E-1	3.173797E-9	3.173797E-9	1.230960E-14	1.951211E+2
5.000000E-2	4.934233E-9	4.934233E-9	1.913747E-14	1.961240E+2
0.000000E+0	9.804060E-10	9.804060E-10	3.802514E-15	1.971260E+2
-5.000000E-2	1.452718E-9	1.452718E-9	5.634382E-15	1.981289E+2
-1.000000E-1	1.535015E-9	1.535015E-9	5.953571E-15	1.991318E+2
-1.500000E-1	1.527859E-9	-1.527859E-9	-5.925815E-15	2.001348E+2
-2.000000E-1	1.921453E-9	-1.921453E-9	-7.452372E-15	2.011367E+2
-2.500000E-1	5.907483E-9	-5.907483E-9	-2.291223E-14	2.021396E+2
-3.000000E-1	3.549500E-9	-3.549500E-9	-1.376677E-14	2.031426E+2
-3.500000E-1	3.585279E-9	-3.585279E-9	-1.390554E-14	2.041445E+2
-4.000000E-1	4.665875E-9	-4.665875E-9	-1.809664E-14	2.051475E+2
-4.500000E-1	4.730281E-9	-4.730281E-9	-1.834644E-14	2.061504E+2
-5.000000E-1	7.016701E-9	-7.016701E-9	-2.721434E-14	2.071523E+2
-5.000000E-1	1.953656E-9	-1.953656E-9	-7.577272E-15	2.081553E+2
-4.500000E-1	3.184530E-9	3.184530E-9	1.235123E-14	2.091582E+2
-4.000000E-1	5.982623E-9	5.982623E-9	2.320366E-14	2.101611E+2
-3.500000E-1	8.669794E-9	8.669794E-9	3.362588E-14	2.111631E+2
-3.000000E-1	9.696715E-9	9.696715E-9	3.760880E-14	2.121660E+2
-2.500000E-1	1.218709E-8	1.218709E-8	4.726775E-14	2.131689E+2
-2.000000E-1	1.181854E-8	1.181854E-8	4.583833E-14	2.141709E+2
-1.500000E-1	1.102778E-8	1.102778E-8	4.277134E-14	2.151738E+2
-1.000000E-1	1.151082E-8	1.151082E-8	4.464484E-14	2.161768E+2
-5.000000E-2	1.825917E-8	1.825917E-8	7.081835E-14	2.171787E+2
0.000000E+0	1.429460E-8	1.429460E-8	5.544176E-14	2.181816E+2
0.000000E+0	1.689233E-8	1.689233E-8	6.551704E-14	2.191846E+2
5.000000E-2	1.576879E-8	1.576879E-8	6.115941E-14	2.201875E+2
1.000000E-1	1.682792E-8	1.682792E-8	6.526724E-14	2.211904E+2
1.500000E-1	1.692810E-8	1.692810E-8	6.565581E-14	2.221924E+2
2.000000E-1	1.935407E-8	1.935407E-8	7.506495E-14	2.231953E+2
2.500000E-1	1.918948E-8	1.918948E-8	7.442658E-14	2.241982E+2
3.000000E-1	1.834146E-8	1.834146E-8	7.113754E-14	2.252012E+2
3.500000E-1	5.015099E-8	-5.015099E-8	-1.945111E-13	2.262031E+2
4.000000E-1	1.586755E-7	1.586755E-7	6.154244E-13	2.272061E+2
4.500000E-1	2.294293E-8	2.294293E-8	8.898438E-14	2.282090E+2
5.000000E-1	2.114671E-8	2.114671E-8	8.201773E-14	2.292109E+2
5.000000E-1	1.984785E-8	1.984785E-8	7.698009E-14	2.302139E+2
4.500000E-1	9.027607E-9	9.027607E-9	3.501366E-14	2.312168E+2
4.000000E-1	1.104209E-8	1.104209E-8	4.282685E-14	2.322188E+2
3.500000E-1	7.610669E-9	7.610669E-9	2.951805E-14	2.332217E+2
3.000000E-1	5.682062E-9	5.682062E-9	2.203793E-14	2.342246E+2
2.500000E-1	6.615951E-9	6.615951E-9	2.566003E-14	2.352266E+2
2.000000E-1	5.184700E-9	5.184700E-9	2.010891E-14	2.362295E+2
1.500000E-1	4.583578E-9	4.583578E-9	1.777745E-14	2.372324E+2
1.000000E-1	6.118593E-9	6.118593E-9	2.373102E-14	2.382354E+2
5.000000E-2	2.211281E-9	-2.211281E-9	-8.576473E-15	2.392373E+2
0.000000E+0	1.688875E-9	-1.688875E-9	-6.550316E-15	2.402402E+2
-5.000000E-2	1.772245E-8	1.772245E-8	6.873668E-14	2.412432E+2
-1.000000E-1	2.184445E-8	-2.184445E-8	-8.472389E-14	2.422461E+2
-1.500000E-1	3.576693E-8	3.576693E-8	1.387224E-13	2.432480E+2
-2.000000E-1	2.934063E-10	-2.934063E-10	-1.137979E-15	2.442510E+2
-2.500000E-1	1.789062E-11	1.789062E-11	6.938894E-17	2.452539E+2
-3.000000E-1	9.195778E-10	9.195778E-10	3.566591E-15	2.462568E+2
-3.500000E-1	3.867952E-9	-3.867952E-9	-1.500189E-14	2.472588E+2
-4.000000E-1	5.077358E-9	-5.077358E-9	-1.969258E-14	2.482617E+2
-4.500000E-1	3.581703E-9	-3.581703E-9	-1.389167E-14	2.492646E+2
-5.000000E-1	6.612373E-9	-6.612373E-9	-2.564615E-14	2.502666E+2
-5.000000E-1	4.884139E-9	-4.884139E-9	-1.894318E-14	2.512695E+2
-4.500000E-1	3.481515E-9	3.481515E-9	1.350309E-14	2.522725E+2
-4.000000E-1	6.680358E-9	6.680358E-9	2.590983E-14	2.532754E+2
-3.500000E-1	1.058767E-8	1.058767E-8	4.106437E-14	2.542773E+2
-3.000000E-1	1.079520E-8	1.079520E-8	4.186929E-14	2.552803E+2
-2.500000E-1	1.124962E-8	1.124962E-8	4.363176E-14	2.562832E+2
-2.000000E-1	1.448782E-8	1.448782E-8	5.619116E-14	2.572852E+2
-1.500000E-1	1.433039E-8	1.433039E-8	5.558054E-14	2.582881E+2
-1.000000E-1	1.648442E-8	1.648442E-8	6.393497E-14	2.592910E+2
-5.000000E-2	7.725169E-9	7.725169E-9	2.996214E-14	2.602930E+2
0.000000E+0	1.385092E-8	1.385092E-8	5.372092E-14	2.612959E+2
0.000000E+0	1.436617E-8	1.436617E-8	5.571932E-14	2.622988E+2
5.000000E-2	1.325695E-8	1.325695E-8	5.141720E-14	2.633018E+2
1.000000E-1	2.204124E-8	2.204124E-8	8.548717E-14	2.643047E+2
1.500000E-1	1.810888E-8	1.810888E-8	7.023548E-14	2.653066E+2
2.000000E-1	1.819834E-8	1.819834E-8	7.058243E-14	2.663096E+2
2.500000E-1	1.773676E-8	1.773676E-8	6.879219E-14	2.673125E+2
3.000000E-1	1.865276E-8	1.865276E-8	7.234491E-14	2.683145E+2
3.500000E-1	2.221657E-8	2.221657E-8	8.616718E-14	2.693174E+2
4.000000E-1	1.943637E-8	1.943637E-8	7.538414E-14	2.703203E+2
4.500000E-1	2.778771E-8	2.778771E-8	1.077749E-13	2.713223E+2
5.000000E-1	2.082826E-8	2.082826E-8	8.078260E-14	2.723252E+2
5.000000E-1	1.922526E-8	1.922526E-8	7.456535E-14	2.733271E+2
4.500000E-1	1.271665E-8	1.271665E-8	4.932166E-14	2.743301E+2
4.000000E-1	8.079403E-9	8.079403E-9	3.133604E-14	2.753330E+2
3.500000E-1	7.685811E-9	7.685811E-9	2.980949E-14	2.763359E+2
3.000000E-1	5.224061E-9	5.224061E-9	2.026157E-14	2.773379E+2
2.500000E-1	4.132732E-9	4.132732E-9	1.602884E-14	2.783408E+2
2.000000E-1	6.340436E-9	6.340436E-9	2.459144E-14	2.793428E+2
1.500000E-1	4.465499E-9	4.465499E-9	1.731948E-14	2.803457E+2
1.000000E-1	2.247062E-9	2.247062E-9	8.715251E-15	2.813486E+2
5.000000E-2	1.789062E-10	1.789062E-10	6.938894E-16	2.823506E+2
0.000000E+0	6.047029E-10	-6.047029E-10	-2.345346E-15	2.833535E+2
-5.000000E-2	1.112797E-9	1.112797E-9	4.315992E-15	2.843564E+2
-1.000000E-1	1.230875E-9	-1.230875E-9	-4.773959E-15	2.853594E+2
-1.500000E-1	2.812405E-9	-2.812405E-9	-1.090794E-14	2.863623E+2
-2.000000E-1	6.190154E-10	-6.190154E-10	-2.400857E-15	2.873643E+2
-2.500000E-1	9.410466E-10	-9.410466E-10	-3.649858E-15	2.883672E+2
-3.000000E-1	3.853640E-9	-3.853640E-9	-1.494638E-14	2.893701E+2
-3.500000E-1	3.327655E-9	-3.327655E-9	-1.290634E-14	2.903721E+2
-4.000000E-1	3.857219E-9	-3.857219E-9	-1.496026E-14	2.913750E+2
-4.500000E-1	4.562108E-9	-4.562108E-9	-1.769418E-14	2.923779E+2
-5.000000E-1	6.043451E-9	-6.043451E-9	-2.343958E-14	2.933799E+2
-5.000000E-1	2.894702E-9	-2.894702E-9	-1.122713E-14	2.943828E+2
-4.500000E-1	1.255206E-8	1.255206E-8	4.868328E-14	2.953857E+2
-4.000000E-1	1.538236E-8	1.538236E-8	5.966061E-14	2.963877E+2
-3.500000E-1	6.775894E-8	6.775894E-8	2.628037E-13	2.973906E+2
-3.000000E-1	7.897279E-8	-7.897279E-8	-3.062967E-13	2.983936E+2
-2.500000E-1	4.687342E-9	4.687342E-9	1.817990E-14	2.993955E+2
-2.000000E-1	9.997279E-9	9.997279E-9	3.877454E-14	3.003984E+2
-1.500000E-1	1.109576E-8	1.109576E-8	4.303502E-14	3.014014E+2
-1.000000E-1	1.211553E-8	1.211553E-8	4.699019E-14	3.024033E+2
-5.000000E-2	1.385807E-8	1.385807E-8	5.374867E-14	3.034063E+2
0.000000E+0	1.546465E-8	1.546465E-8	5.997980E-14	3.044092E+2
0.000000E+0	1.339292E-8	1.339292E-8	5.194456E-14	3.054121E+2
5.000000E-2	1.430892E-8	1.430892E-8	5.549727E-14	3.064150E+2
1.000000E-1	1.425167E-8	1.425167E-8	5.527523E-14	3.074170E+2
1.500000E-1	1.721078E-8	1.721078E-8	6.675216E-14	3.084199E+2
2.000000E-1	1.727876E-8	1.727876E-8	6.701584E-14	3.094229E+2
2.500000E-1	1.785126E-8	1.785126E-8	6.923628E-14	3.104248E+2
3.000000E-1	1.830926E-8	1.830926E-8	7.101264E-14	3.114277E+2
3.500000E-1	1.949362E-8	1.949362E-8	7.560619E-14	3.124307E+2
4.000000E-1	2.215216E-8	2.215216E-8	8.591738E-14	3.134326E+2
4.500000E-1	1.912149E-8	1.912149E-8	7.416290E-14	3.144355E+2
5.000000E-1	2.036668E-8	2.036668E-8	7.899237E-14	3.154375E+2
5.000000E-1	1.756143E-8	1.756143E-8	6.811218E-14	3.164404E+2
4.500000E-1	1.190800E-8	1.190800E-8	4.618528E-14	3.174434E+2
4.000000E-1	8.501622E-9	8.501622E-9	3.297362E-14	3.184463E+2
3.500000E-1	7.639296E-9	7.639296E-9	2.962908E-14	3.194482E+2
3.000000E-1	5.918217E-9	5.918217E-9	2.295386E-14	3.204512E+2
2.500000E-1	4.011077E-9	4.011077E-9	1.555700E-14	3.214531E+2
2.000000E-1	3.592437E-9	3.592437E-9	1.393330E-14	3.224561E+2
1.500000E-1	2.833875E-9	2.833875E-9	1.099121E-14	3.234590E+2
1.000000E-1	2.476062E-9	2.476062E-9	9.603429E-15	3.244619E+2
5.000000E-2	3.578125E-9	3.578125E-9	1.387779E-14	3.254639E+2
0.000000E+0	4.043280E-10	-4.043280E-10	-1.568190E-15	3.264668E+2
-5.000000E-2	4.973593E-10	-4.973593E-10	-1.929013E-15	3.274697E+2
-1.000000E-1	1.098484E-9	-1.098484E-9	-4.260481E-15	3.284727E+2
-1.500000E-1	2.794514E-9	-2.794514E-9	-1.083855E-14	3.294756E+2
-2.000000E-1	1.509968E-9	-1.509968E-9	-5.856426E-15	3.304775E+2
-2.500000E-1	3.689046E-9	-3.689046E-9	-1.430800E-14	3.314805E+2
-3.000000E-1	4.254389E-9	-4.254389E-9	-1.650069E-14	3.324824E+2
-3.500000E-1	5.417280E-9	-5.417280E-9	-2.101097E-14	3.334854E+2
-4.000000E-1	6.208045E-9	-6.208045E-9	-2.407796E-14	3.344883E+2
-4.500000E-1	6.437045E-9	-6.437045E-9	-2.496614E-14	3.354912E+2
-5.000000E-1	7.370935E-9	-7.370935E-9	-2.858824E-14	3.364932E+2
-5.000000E-1	2.805250E-9	-2.805250E-9	-1.088019E-14	3.374961E+2
-4.500000E-1	9.875621E-10	9.875621E-10	3.830269E-15	3.384990E+2
-4.000000E-1	5.843077E-9	5.843077E-9	2.266243E-14	3.395010E+2
-3.500000E-1	1.450929E-8	1.450929E-8	5.627443E-14	3.405039E+2
-3.000000E-1	2.267493E-7	2.267493E-7	8.794493E-13	3.415068E+2
-2.500000E-1	1.290737E-7	-1.290737E-7	-5.006134E-13	3.425088E+2
-2.000000E-1	1.989437E-9	1.989437E-9	7.716050E-15	3.435117E+2
-1.500000E-1	1.703187E-9	-1.703187E-9	-6.605827E-15	3.445146E+2
-1.000000E-1	1.207975E-8	1.207975E-8	4.685141E-14	3.455166E+2
-5.000000E-2	1.594412E-8	1.594412E-8	6.183942E-14	3.465195E+2
0.000000E+0	1.415506E-8	1.415506E-8	5.490053E-14	3.475225E+2
0.000000E+0	1.075226E-8	1.075226E-8	4.170275E-14	3.485254E+2
5.000000E-2	1.288840E-8	1.288840E-8	4.998779E-14	3.495283E+2
1.000000E-1	1.347879E-8	1.347879E-8	5.227763E-14	3.505303E+2
1.500000E-1	1.592265E-8	1.592265E-8	6.175616E-14	3.515332E+2
2.000000E-1	1.560062E-8	1.560062E-8	6.050715E-14	3.525361E+2
2.500000E-1	1.802659E-8	1.802659E-8	6.991629E-14	3.535381E+2
3.000000E-1	1.732886E-8	1.732886E-8	6.721013E-14	3.545410E+2
3.500000E-1	1.830210E-8	1.830210E-8	7.098488E-14	3.555439E+2
4.000000E-1	2.090698E-8	2.090698E-8	8.108791E-14	3.565459E+2
4.500000E-1	1.995520E-8	1.995520E-8	7.739642E-14	3.575488E+2
5.000000E-1	2.046329E-8	2.046329E-8	7.936707E-14	3.585518E+2
5.000000E-1	1.679929E-8	1.679929E-8	6.515621E-14	3.595537E+2
4.500000E-1	2.287137E-8	2.287137E-8	8.870682E-14	3.605566E+2
4.000000E-1	4.316865E-7	4.316865E-7	1.674300E-12	3.615596E+2
3.500000E-1	1.427528E-7	1.427528E-7	5.536682E-13	3.625625E+2
3.000000E-1	3.735383E-7	-3.735383E-7	-1.448772E-12	3.635645E+2
2.500000E-1	3.655054E-8	-3.655054E-8	-1.417616E-13	3.645674E+2
2.000000E-1	1.563640E-9	-1.563640E-9	-6.064593E-15	3.655703E+2
1.500000E-1	2.200546E-9	2.200546E-9	8.534840E-15	3.665723E+2
1.000000E-1	2.171921E-9	2.171921E-9	8.423817E-15	3.675752E+2
5.000000E-2	7.549841E-10	7.549841E-10	2.928213E-15	3.685781E+2
0.000000E+0	1.427671E-9	-1.427671E-9	-5.537237E-15	3.695801E+2
-5.000000E-2	1.917874E-9	-1.917874E-9	-7.438494E-15	3.705830E+2
-1.000000E-1	1.932187E-10	1.932187E-10	7.494005E-16	3.715859E+2
-1.500000E-1	1.059125E-9	-1.059125E-9	-4.107825E-15	3.725889E+2
-2.000000E-1	4.970015E-9	-4.970015E-9	-1.927625E-14	3.735918E+2
-2.500000E-1	4.590733E-9	-4.590733E-9	-1.780520E-14	3.745938E+2
-3.000000E-1	4.354577E-9	-4.354577E-9	-1.688927E-14	3.755967E+2
-3.500000E-1	4.658717E-9	-4.658717E-9	-1.806888E-14	3.765996E+2
-4.000000E-1	4.426139E-9	-4.426139E-9	-1.716682E-14	3.776016E+2
-4.500000E-1	5.674904E-9	-5.674904E-9	-2.201017E-14	3.786045E+2
-5.000000E-1	6.215202E-9	-6.215202E-9	-2.410572E-14	3.796074E+2
-5.000000E-1	9.159999E-10	-9.159999E-10	-3.552714E-15	3.806094E+2
-4.500000E-1	2.640656E-9	2.640656E-9	1.024181E-14	3.816123E+2
-4.000000E-1	4.011077E-9	4.011077E-9	1.555700E-14	3.826152E+2
-3.500000E-1	6.741185E-9	6.741185E-9	2.614575E-14	3.836172E+2
-3.000000E-1	8.634012E-9	8.634012E-9	3.348710E-14	3.846201E+2
-2.500000E-1	9.886358E-9	9.886358E-9	3.834433E-14	3.856230E+2
-2.000000E-1	8.286936E-9	8.286936E-9	3.214096E-14	3.866250E+2
-1.500000E-1	1.150367E-8	1.150367E-8	4.461709E-14	3.876279E+2
-1.000000E-1	1.381156E-8	1.381156E-8	5.356826E-14	3.886309E+2
-5.000000E-2	1.263436E-8	1.263436E-8	4.900247E-14	3.896338E+2
0.000000E+0	7.728748E-9	7.728748E-9	2.997602E-14	3.906357E+2
0.000000E+0	8.716310E-9	8.716310E-9	3.380629E-14	3.916396E+2
5.000000E-2	7.152670E-9	-7.152670E-9	-2.774170E-14	3.926416E+2
1.000000E-1	3.238203E-9	3.238203E-9	1.255940E-14	3.936445E+2
1.500000E-1	2.366213E-8	-2.366213E-8	-9.177381E-14	3.946475E+2
2.000000E-1	2.387682E-8	-2.387682E-8	-9.260648E-14	3.956494E+2
2.500000E-1	9.445175E-8	-9.445175E-8	-3.663320E-13	3.966523E+2
3.000000E-1	6.543674E-8	-6.543674E-8	-2.537970E-13	3.976553E+2
3.500000E-1	1.107787E-8	1.107787E-8	4.296563E-14	3.986572E+2
4.000000E-1	1.847743E-8	1.847743E-8	7.166490E-14	3.996602E+2
4.500000E-1	2.227740E-8	2.227740E-8	8.640311E-14	4.006631E+2
5.000000E-1	2.127910E-8	2.127910E-8	8.253120E-14	4.016650E+2
5.000000E-1	1.762942E-8	1.762942E-8	6.837586E-14	4.026680E+2
4.500000E-1	1.204396E-8	1.204396E-8	4.671263E-14	4.036709E+2
4.000000E-1	8.118763E-9	8.118763E-9	3.148870E-14	4.046738E+2
3.500000E-1	7.234968E-9	7.234968E-9	2.806089E-14	4.056758E+2
3.000000E-1	4.809000E-9	4.809000E-9	1.865175E-14	4.066787E+2
2.500000E-1	3.588858E-9	3.588858E-9	1.391942E-14	4.076816E+2
2.000000E-1	7.875451E-9	7.875451E-9	3.054501E-14	4.086836E+2
1.500000E-1	2.060999E-9	-2.060999E-9	-7.993606E-15	4.096865E+2
1.000000E-1	1.760437E-9	1.760437E-9	6.827872E-15	4.106895E+2
5.000000E-2	4.186405E-10	-4.186405E-10	-1.623701E-15	4.116914E+2
0.000000E+0	1.509968E-9	-1.509968E-9	-5.856426E-15	4.126943E+2
-5.000000E-2	7.585623E-10	-7.585623E-10	-2.942091E-15	4.136973E+2
-1.000000E-1	1.109218E-10	1.109218E-10	4.302114E-16	4.147002E+2
-1.500000E-1	3.081122E-8	3.081122E-8	1.195016E-13	4.157031E+2
-2.000000E-1	1.061028E-6	1.061028E-6	4.115208E-12	4.167051E+2
-2.500000E-1	9.143933E-7	-9.143933E-7	-3.546483E-12	4.177080E+2
-3.000000E-1	5.286642E-7	-5.286642E-7	-2.050429E-12	4.187109E+2
-3.500000E-1	9.401163E-8	-9.401163E-8	-3.646250E-13	4.197129E+2
-4.000000E-1	8.422903E-9	8.422903E-9	3.266831E-14	4.207158E+2
-4.500000E-1	1.356109E-9	-1.356109E-9	-5.259682E-15	4.217178E+2
-5.000000E-1	1.055904E-8	1.055904E-8	4.095335E-14	4.227207E+2
-5.000000E-1	2.153279E-7	2.153279E-7	8.351514E-13	4.237236E+2
-4.500000E-1	4.843061E-7	4.843061E-7	1.878386E-12	4.247266E+2
-4.000000E-1	6.876832E-7	-6.876832E-7	-2.667186E-12	4.257285E+2
-3.500000E-1	4.627587E-8	-4.627587E-8	-1.794814E-13	4.267314E+2
-3.000000E-1	9.550014E-9	9.550014E-9	3.703982E-14	4.277344E+2
-2.500000E-1	1.694957E-8	1.694957E-8	6.573908E-14	4.287363E+2
-2.000000E-1	1.024417E-8	1.024417E-8	3.973211E-14	4.297393E+2
-1.500000E-1	4.275859E-9	-4.275859E-9	-1.658396E-14	4.307422E+2
-1.000000E-1	7.742345E-8	-7.742345E-8	-3.002876E-13	4.317441E+2
-5.000000E-2	6.813822E-8	6.813822E-8	2.642747E-13	4.327471E+2
0.000000E+0	1.848817E-8	1.848817E-8	7.170653E-14	4.337490E+2
0.000000E+0	1.294923E-8	1.294923E-8	5.022371E-14	4.347529E+2
5.000000E-2	1.521776E-8	1.521776E-8	5.902223E-14	4.357549E+2
1.000000E-1	1.529648E-8	1.529648E-8	5.932754E-14	4.367578E+2
1.500000E-1	1.659534E-8	1.659534E-8	6.436518E-14	4.377598E+2
2.000000E-1	1.799438E-8	1.799438E-8	6.979139E-14	4.387627E+2
2.500000E-1	2.166196E-8	2.166196E-8	8.401613E-14	4.397646E+2
3.000000E-1	1.771887E-8	1.771887E-8	6.872281E-14	4.407676E+2
3.500000E-1	1.891754E-8	1.891754E-8	7.337186E-14	4.417705E+2
4.000000E-1	1.998024E-8	1.998024E-8	7.749357E-14	4.427725E+2
4.500000E-1	2.187665E-8	2.187665E-8	8.484879E-14	4.437754E+2
5.000000E-1	2.026649E-8	2.026649E-8	7.860379E-14	4.447773E+2
5.000000E-1	1.762226E-8	1.762226E-8	6.834810E-14	4.457803E+2
4.500000E-1	1.243040E-8	1.243040E-8	4.821143E-14	4.467832E+2
4.000000E-1	1.117806E-8	1.117806E-8	4.335421E-14	4.477852E+2
3.500000E-1	8.623279E-9	8.623279E-9	3.344547E-14	4.487881E+2
3.000000E-1	7.356622E-9	7.356622E-9	2.853273E-14	4.497900E+2
2.500000E-1	5.589028E-9	5.589028E-9	2.167710E-14	4.507930E+2
2.000000E-1	3.273985E-9	3.273985E-9	1.269818E-14	4.517959E+2
1.500000E-1	2.669281E-9	2.669281E-9	1.035283E-14	4.527979E+2
1.000000E-1	1.180781E-10	-1.180781E-10	-4.579670E-16	4.538008E+2
5.000000E-2	4.551375E-9	-4.551375E-9	-1.765255E-14	4.548027E+2
0.000000E+0	8.515934E-10	-8.515934E-10	-3.302913E-15	4.558057E+2
-5.000000E-2	6.887888E-9	-6.887888E-9	-2.671474E-14	4.568086E+2
-1.000000E-1	1.642359E-9	-1.642359E-9	-6.369905E-15	4.578105E+2
-1.500000E-1	2.826717E-10	-2.826717E-10	-1.096345E-15	4.588135E+2
-2.000000E-1	2.662123E-9	2.662123E-9	1.032507E-14	4.598164E+2
-2.500000E-1	3.302609E-9	-3.302609E-9	-1.280920E-14	4.608184E+2
-3.000000E-1	4.118420E-9	-4.118420E-9	-1.597333E-14	4.618213E+2
-3.500000E-1	8.018575E-9	-8.018575E-9	-3.110012E-14	4.628232E+2
-4.000000E-1	5.845581E-8	-5.845581E-8	-2.267214E-13	4.638262E+2
-4.500000E-1	1.152049E-7	1.152049E-7	4.468231E-13	4.648291E+2
-5.000000E-1	3.492249E-9	-3.492249E-9	-1.354472E-14	4.658311E+2
-5.000000E-1	3.384906E-9	-3.384906E-9	-1.312839E-14	4.668340E+2
-4.500000E-1	1.867781E-9	1.867781E-9	7.244205E-15	4.678359E+2
-4.000000E-1	2.336515E-9	2.336515E-9	9.062195E-15	4.688389E+2
-3.500000E-1	4.687342E-9	4.687342E-9	1.817990E-14	4.698418E+2
-3.000000E-1	4.401093E-9	4.401093E-9	1.706968E-14	4.708437E+2
-2.500000E-1	1.290629E-8	1.290629E-8	5.005718E-14	4.718467E+2
-2.000000E-1	2.341524E-8	2.341524E-8	9.081624E-14	4.728486E+2
-1.500000E-1	1.642252E-7	-1.642252E-7	-6.369488E-13	4.738516E+2
-1.000000E-1	2.272467E-8	2.272467E-8	8.813783E-14	4.748545E+2
-5.000000E-2	1.150152E-7	1.150152E-7	4.460876E-13	4.758564E+2
0.000000E+0	1.389135E-7	1.389135E-7	5.387774E-13	4.768594E+2
0.000000E+0	5.904977E-8	5.904977E-8	2.290251E-13	4.778623E+2
5.000000E-2	2.295009E-8	2.295009E-8	8.901213E-14	4.788643E+2
1.000000E-1	1.496371E-8	1.496371E-8	5.803691E-14	4.798672E+2
1.500000E-1	1.918232E-8	1.918232E-8	7.439882E-14	4.808691E+2
2.000000E-1	1.878873E-8	1.878873E-8	7.287226E-14	4.818721E+2
2.500000E-1	1.293492E-8	1.293492E-8	5.016820E-14	4.828750E+2
3.000000E-1	1.508895E-8	1.508895E-8	5.852263E-14	4.838770E+2
3.500000E-1	1.904993E-8	1.904993E-8	7.388534E-14	4.848799E+2
4.000000E-1	1.859551E-8	1.859551E-8	7.212286E-14	4.858818E+2
4.500000E-1	2.083542E-8	2.083542E-8	8.081036E-14	4.868848E+2
5.000000E-1	2.124690E-8	2.124690E-8	8.240630E-14	4.878877E+2
5.000000E-1	1.931114E-8	1.931114E-8	7.489842E-14	4.888896E+2
4.500000E-1	1.361118E-8	1.361118E-8	5.279110E-14	4.898926E+2
4.000000E-1	1.002232E-8	1.002232E-8	3.887168E-14	4.908945E+2
3.500000E-1	7.217077E-9	7.217077E-9	2.799150E-14	4.918975E+2
3.000000E-1	5.596186E-9	5.596186E-9	2.170486E-14	4.928994E+2
2.500000E-1	3.574546E-9	3.574546E-9	1.386391E-14	4.939023E+2
2.000000E-1	3.810701E-9	3.810701E-9	1.477984E-14	4.949043E+2
1.500000E-1	3.220312E-9	3.220312E-9	1.249001E-14	4.959072E+2
1.000000E-1	1.030500E-9	1.030500E-9	3.996803E-15	4.969102E+2
5.000000E-2	1.416937E-9	-1.416937E-9	-5.495604E-15	4.979121E+2
0.000000E+0	1.470609E-9	-1.470609E-9	-5.703771E-15	4.989150E+2
-5.000000E-2	1.227296E-9	-1.227296E-9	-4.760081E-15	4.999180E+2
-1.000000E-1	2.529734E-9	-2.529734E-9	-9.811596E-15	5.009199E+2
-1.500000E-1	3.363436E-9	-3.363436E-9	-1.304512E-14	5.019229E+2
-2.000000E-1	3.646109E-9	-3.646109E-9	-1.414147E-14	5.029258E+2
-2.500000E-1	3.875107E-9	-3.875107E-9	-1.502964E-14	5.039277E+2
-3.000000E-1	5.538937E-9	-5.538937E-9	-2.148282E-14	5.049307E+2
-3.500000E-1	5.324249E-9	-5.324249E-9	-2.065015E-14	5.059326E+2
-4.000000E-1	4.579999E-9	-4.579999E-9	-1.776357E-14	5.069355E+2
-4.500000E-1	4.730281E-9	-4.730281E-9	-1.834644E-14	5.079385E+2
-5.000000E-1	6.755497E-9	-6.755497E-9	-2.620126E-14	5.089404E+2
-5.000000E-1	1.091328E-9	-1.091328E-9	-4.232725E-15	5.099434E+2
-4.500000E-1	3.302609E-9	3.302609E-9	1.280920E-14	5.109453E+2
-4.000000E-1	4.826891E-9	4.826891E-9	1.872114E-14	5.119482E+2
-3.500000E-1	6.837795E-9	6.837795E-9	2.652045E-14	5.129512E+2
-3.000000E-1	8.025733E-9	8.025733E-9	3.112788E-14	5.139531E+2
-2.500000E-1	1.035867E-8	1.035867E-8	4.017620E-14	5.149561E+2
-2.000000E-1	1.057336E-8	1.057336E-8	4.100886E-14	5.159580E+2
-1.500000E-1	1.231233E-8	1.231233E-8	4.775347E-14	5.169609E+2
-1.000000E-1	1.316750E-8	1.316750E-8	5.107026E-14	5.179639E+2
-5.000000E-2	1.380798E-8	1.380798E-8	5.355438E-14	5.189658E+2
0.000000E+0	1.453434E-8	1.453434E-8	5.637157E-14	5.199687E+2
0.000000E+0	1.139990E-8	1.139990E-8	4.421463E-14	5.209717E+2
5.000000E-2	1.464526E-8	1.464526E-8	5.680179E-14	5.219746E+2
1.000000E-1	1.503886E-8	1.503886E-8	5.832834E-14	5.229766E+2
1.500000E-1	1.520703E-8	1.520703E-8	5.898060E-14	5.239795E+2
2.000000E-1	1.635918E-8	1.635918E-8	6.344925E-14	5.249814E+2
2.500000E-1	1.660250E-8	1.660250E-8	6.439294E-14	5.259844E+2
3.000000E-1	1.724298E-8	1.724298E-8	6.687706E-14	5.269863E+2
3.500000E-1	1.866349E-8	1.866349E-8	7.238654E-14	5.279893E+2
4.000000E-1	1.819118E-8	1.819118E-8	7.055467E-14	5.289922E+2
4.500000E-1	1.901415E-8	1.901415E-8	7.374656E-14	5.299941E+2
5.000000E-1	1.926462E-8	1.926462E-8	7.471801E-14	5.309971E+2
5.000000E-1	1.607293E-8	1.607293E-8	6.233902E-14	5.319990E+2
4.500000E-1	1.131403E-8	1.131403E-8	4.388157E-14	5.330020E+2
4.000000E-1	7.703702E-9	7.703702E-9	2.987888E-14	5.340039E+2
3.500000E-1	5.460216E-9	5.460216E-9	2.117750E-14	5.350068E+2
3.000000E-1	5.266998E-9	5.266998E-9	2.042810E-14	5.360098E+2
2.500000E-1	4.018235E-9	4.018235E-9	1.558476E-14	5.370117E+2
2.000000E-1	1.656672E-9	1.656672E-9	6.425416E-15	5.380146E+2
1.500000E-1	1.449140E-9	1.449140E-9	5.620504E-15	5.390166E+2
1.000000E-1	3.792813E-10	3.792813E-10	1.471046E-15	5.400195E+2
5.000000E-2	5.796562E-10	5.796562E-10	2.248202E-15	5.410215E+2
0.000000E+0	1.084172E-9	-1.084172E-9	-4.204970E-15	5.420244E+2
-5.000000E-2	2.003749E-10	-2.003749E-10	-7.771561E-16	5.430273E+2
-1.000000E-1	2.490374E-9	-2.490374E-9	-9.658940E-15	5.440303E+2
-1.500000E-1	1.867781E-9	-1.867781E-9	-7.244205E-15	5.450322E+2
-2.000000E-1	3.220312E-9	-3.220312E-9	-1.249001E-14	5.460352E+2
-2.500000E-1	1.953656E-9	-1.953656E-9	-7.577272E-15	5.470371E+2
-3.000000E-1	5.596186E-9	-5.596186E-9	-2.170486E-14	5.480400E+2
-3.500000E-1	4.447608E-9	-4.447608E-9	-1.725009E-14	5.490430E+2
-4.000000E-1	4.508435E-9	-4.508435E-9	-1.748601E-14	5.500449E+2
-4.500000E-1	5.055888E-9	-5.055888E-9	-1.960931E-14	5.510479E+2
-5.000000E-1	5.982623E-9	-5.982623E-9	-2.320366E-14	5.520498E+2
-5.000000E-1	3.062875E-9	-3.062875E-9	-1.187939E-14	5.530527E+2
-4.500000E-1	2.071734E-9	2.071734E-9	8.035239E-15	5.540547E+2
-4.000000E-1	3.356279E-9	3.356279E-9	1.301736E-14	5.550576E+2
-3.500000E-1	6.880733E-9	6.880733E-9	2.668699E-14	5.560605E+2
-3.000000E-1	1.079162E-8	1.079162E-8	4.185541E-14	5.570625E+2
-2.500000E-1	9.410465E-9	9.410465E-9	3.649858E-14	5.580654E+2
-2.000000E-1	9.503497E-9	9.503497E-9	3.685940E-14	5.590674E+2
-1.500000E-1	1.309951E-8	1.309951E-8	5.080658E-14	5.600703E+2
-1.000000E-1	1.375431E-8	1.375431E-8	5.334622E-14	5.610732E+2
-5.000000E-2	1.263793E-8	1.263793E-8	4.901635E-14	5.620752E+2
0.000000E+0	1.382945E-8	1.382945E-8	5.363765E-14	5.630781E+2
0.000000E+0	1.086318E-8	1.086318E-8	4.213296E-14	5.640811E+2
5.000000E-2	1.497803E-8	1.497803E-8	5.809242E-14	5.650830E+2
1.000000E-1	1.497803E-8	1.497803E-8	5.809242E-14	5.660859E+2
1.500000E-1	1.638423E-8	1.638423E-8	6.354639E-14	5.670879E+2
2.000000E-1	1.692453E-8	1.692453E-8	6.564194E-14	5.680908E+2
2.500000E-1	1.748629E-8	1.748629E-8	6.782075E-14	5.690928E+2
3.000000E-1	1.887460E-8	1.887460E-8	7.320533E-14	5.700957E+2
3.500000E-1	1.874937E-8	1.874937E-8	7.271961E-14	5.710986E+2
4.000000E-1	1.895332E-8	1.895332E-8	7.351064E-14	5.721006E+2
4.500000E-1	1.952940E-8	1.952940E-8	7.574497E-14	5.731035E+2
5.000000E-1	1.951509E-8	1.951509E-8	7.568945E-14	5.741055E+2
5.000000E-1	1.744336E-8	1.744336E-8	6.765422E-14	5.751084E+2
4.500000E-1	1.400836E-8	1.400836E-8	5.433154E-14	5.761113E+2
4.000000E-1	7.267171E-9	7.267171E-9	2.818579E-14	5.771133E+2
3.500000E-1	6.880733E-9	6.880733E-9	2.668699E-14	5.781162E+2
3.000000E-1	4.708812E-9	4.708812E-9	1.826317E-14	5.791182E+2
2.500000E-1	2.189812E-9	2.189812E-9	8.493206E-15	5.801211E+2
2.000000E-1	3.799968E-9	3.799968E-9	1.473821E-14	5.811230E+2
1.500000E-1	1.306015E-9	1.306015E-9	5.065393E-15	5.821260E+2
1.000000E-1	2.307890E-9	2.307890E-9	8.951173E-15	5.831279E+2
5.000000E-2	2.075312E-9	-2.075312E-9	-8.049117E-15	5.841309E+2
0.000000E+0	1.109218E-10	1.109218E-10	4.302114E-16	5.851338E+2
-5.000000E-2	1.073437E-10	1.073437E-10	4.163336E-16	5.861367E+2
-1.000000E-1	1.148578E-9	-1.148578E-9	-4.454770E-15	5.871387E+2
-1.500000E-1	1.041234E-9	-1.041234E-9	-4.038436E-15	5.881416E+2
-2.000000E-1	3.449312E-9	-3.449312E-9	-1.337819E-14	5.891436E+2
-2.500000E-1	3.721249E-9	-3.721249E-9	-1.443290E-14	5.901465E+2
-3.000000E-1	4.862670E-9	-4.862670E-9	-1.885991E-14	5.911494E+2
-3.500000E-1	4.458342E-9	-4.458342E-9	-1.729172E-14	5.921514E+2
-4.000000E-1	5.546092E-9	-5.546092E-9	-2.151057E-14	5.931543E+2
-4.500000E-1	5.810874E-9	-5.810874E-9	-2.253753E-14	5.941562E+2
-5.000000E-1	5.914638E-9	-5.914638E-9	-2.293998E-14	5.951592E+2
-5.000000E-1	2.701484E-9	-2.701484E-9	-1.047773E-14	5.961611E+2
-4.500000E-1	1.842734E-9	1.842734E-9	7.147061E-15	5.971641E+2
-4.000000E-1	3.313342E-9	3.313342E-9	1.285083E-14	5.981670E+2
-3.500000E-1	7.145513E-9	7.145513E-9	2.771394E-14	5.991689E+2
-3.000000E-1	8.129497E-9	8.129497E-9	3.153033E-14	6.001719E+2
-2.500000E-1	7.968481E-9	7.968481E-9	3.090583E-14	6.011738E+2
-2.000000E-1	1.115301E-8	1.115301E-8	4.325706E-14	6.021768E+2
-1.500000E-1	1.078089E-8	1.078089E-8	4.181377E-14	6.031797E+2
-1.000000E-1	1.217278E-8	1.217278E-8	4.721223E-14	6.041816E+2
-5.000000E-2	1.367201E-8	1.367201E-8	5.302703E-14	6.051846E+2
0.000000E+0	1.330704E-8	1.330704E-8	5.161149E-14	6.061865E+2
0.000000E+0	1.236242E-8	1.236242E-8	4.794776E-14	6.071904E+2
5.000000E-2	1.611945E-8	1.611945E-8	6.251943E-14	6.081924E+2
1.000000E-1	6.462091E-9	6.462091E-9	2.506328E-14	6.091953E+2
1.500000E-1	1.291345E-8	1.291345E-8	5.008494E-14	6.101973E+2
2.000000E-1	1.545034E-8	1.545034E-8	5.992429E-14	6.112002E+2
2.500000E-1	1.575806E-8	1.575806E-8	6.111778E-14	6.122021E+2
3.000000E-1	1.781548E-8	1.781548E-8	6.909751E-14	6.132051E+2
3.500000E-1	1.900342E-8	1.900342E-8	7.370493E-14	6.142080E+2
4.000000E-1	1.869928E-8	1.869928E-8	7.252532E-14	6.152100E+2
4.500000E-1	1.947931E-8	1.947931E-8	7.555068E-14	6.162129E+2
5.000000E-1	1.980492E-8	1.980492E-8	7.681356E-14	6.172148E+2
5.000000E-1	1.698893E-8	1.698893E-8	6.589174E-14	6.182178E+2
4.500000E-1	1.214773E-8	1.214773E-8	4.711509E-14	6.192197E+2
4.000000E-1	8.619701E-9	8.619701E-9	3.343159E-14	6.202227E+2
3.500000E-1	7.149092E-9	7.149092E-9	2.772782E-14	6.212256E+2
3.000000E-1	5.657014E-9	5.657014E-9	2.194078E-14	6.222275E+2
2.500000E-1	3.832171E-9	3.832171E-9	1.486311E-14	6.232305E+2
2.000000E-1	2.887545E-9	2.887545E-9	1.119937E-14	6.242324E+2
1.500000E-1	1.849890E-9	1.849890E-9	7.174816E-15	6.252354E+2
1.000000E-1	1.753281E-9	1.753281E-9	6.800116E-15	6.262373E+2
5.000000E-2	1.255922E-9	1.255922E-9	4.871104E-15	6.272402E+2
0.000000E+0	7.299374E-10	-7.299374E-10	-2.831069E-15	6.282432E+2
-5.000000E-2	8.837967E-10	-8.837967E-10	-3.427814E-15	6.292461E+2
-1.000000E-1	6.369060E-10	-6.369060E-10	-2.470246E-15	6.302480E+2
-1.500000E-1	2.025218E-9	-2.025218E-9	-7.854828E-15	6.312510E+2
-2.000000E-1	1.445562E-9	-1.445562E-9	-5.606626E-15	6.322529E+2
-2.500000E-1	3.867952E-9	-3.867952E-9	-1.500189E-14	6.332559E+2
-3.000000E-1	4.011077E-9	-4.011077E-9	-1.555700E-14	6.342588E+2
-3.500000E-1	4.952124E-9	-4.952124E-9	-1.920686E-14	6.352607E+2
-4.000000E-1	5.957577E-9	-5.957577E-9	-2.310652E-14	6.362637E+2
-4.500000E-1	5.871702E-9	-5.871702E-9	-2.277345E-14	6.372656E+2
-5.000000E-1	5.388655E-9	-5.388655E-9	-2.089995E-14	6.382686E+2
-5.000000E-1	2.107515E-9	-2.107515E-9	-8.174017E-15	6.392715E+2
-4.500000E-1	3.173797E-9	3.173797E-9	1.230960E-14	6.402734E+2
-4.000000E-1	4.862670E-9	4.862670E-9	1.885991E-14	6.412764E+2
-3.500000E-1	7.356622E-9	7.356622E-9	2.853273E-14	6.422783E+2
-3.000000E-1	7.950591E-9	7.950591E-9	3.083644E-14	6.432813E+2
-2.500000E-1	1.016903E-8	1.016903E-8	3.944067E-14	6.442842E+2
-2.000000E-1	1.065565E-8	1.065565E-8	4.132805E-14	6.452861E+2
-1.500000E-1	1.074153E-8	1.074153E-8	4.166112E-14	6.462891E+2
-1.000000E-1	1.276317E-8	1.276317E-8	4.950207E-14	6.472910E+2
-5.000000E-2	1.293492E-8	1.293492E-8	5.016820E-14	6.482939E+2
0.000000E+0	1.406918E-8	1.406918E-8	5.456746E-14	6.492969E+2
0.000000E+0	1.156092E-8	1.156092E-8	4.483913E-14	6.502998E+2
5.000000E-2	1.337145E-8	1.337145E-8	5.186129E-14	6.513018E+2
1.000000E-1	1.481343E-8	1.481343E-8	5.745404E-14	6.523047E+2
1.500000E-1	1.576879E-8	1.576879E-8	6.115941E-14	6.533066E+2
2.000000E-1	1.654167E-8	1.654167E-8	6.415701E-14	6.543096E+2
2.500000E-1	1.675278E-8	1.675278E-8	6.497580E-14	6.553115E+2
3.000000E-1	1.795503E-8	1.795503E-8	6.963874E-14	6.563145E+2
3.500000E-1	1.825201E-8	1.825201E-8	7.079060E-14	6.573174E+2
4.000000E-1	1.834504E-8	1.834504E-8	7.115142E-14	6.583193E+2
4.500000E-1	2.127553E-8	2.127553E-8	8.251733E-14	6.593223E+2
5.000000E-1	2.046687E-8	2.046687E-8	7.938095E-14	6.603242E+2
5.000000E-1	1.694957E-8	1.694957E-8	6.573908E-14	6.613271E+2
4.500000E-1	1.094548E-8	1.094548E-8	4.245215E-14	6.623291E+2
4.000000E-1	8.240420E-9	8.240420E-9	3.196055E-14	6.633320E+2
3.500000E-1	6.955873E-9	6.955873E-9	2.697842E-14	6.643350E+2
3.000000E-1	5.034421E-9	5.034421E-9	1.952605E-14	6.653369E+2
2.500000E-1	2.154031E-9	2.154031E-9	8.354428E-15	6.663398E+2
2.000000E-1	2.558359E-9	2.558359E-9	9.922618E-15	6.673418E+2
1.500000E-1	1.749703E-9	1.749703E-9	6.786238E-15	6.683447E+2
1.000000E-1	7.907654E-10	7.907654E-10	3.066991E-15	6.693477E+2
5.000000E-2	2.826717E-10	-2.826717E-10	-1.096345E-15	6.703496E+2
0.000000E+0	2.501109E-9	-2.501109E-9	-9.700574E-15	6.713525E+2
-5.000000E-2	1.867781E-9	-1.867781E-9	-7.244205E-15	6.723555E+2
-1.000000E-1	3.273985E-9	-3.273985E-9	-1.269818E-14	6.733574E+2
-1.500000E-1	4.959279E-9	-4.959279E-9	-1.923461E-14	6.743604E+2
-2.000000E-1	4.597890E-9	-4.597890E-9	-1.783296E-14	6.753633E+2
-2.500000E-1	5.764359E-9	-5.764359E-9	-2.235712E-14	6.763652E+2
-3.000000E-1	5.882435E-9	-5.882435E-9	-2.281508E-14	6.773682E+2
-3.500000E-1	5.571140E-9	-5.571140E-9	-2.160772E-14	6.783701E+2
-4.000000E-1	6.583748E-9	-6.583748E-9	-2.553513E-14	6.793730E+2
-4.500000E-1	6.852107E-9	-6.852107E-9	-2.657596E-14	6.803750E+2
-5.000000E-1	6.945140E-9	-6.945140E-9	-2.693679E-14	6.813779E+2
-5.000000E-1	2.844608E-9	-2.844608E-9	-1.103284E-14	6.823809E+2
-4.500000E-1	2.289999E-9	2.289999E-9	8.881784E-15	6.833828E+2
-4.000000E-1	4.071905E-9	4.071905E-9	1.579292E-14	6.843857E+2
-3.500000E-1	6.093544E-9	6.093544E-9	2.363387E-14	6.853877E+2
-3.000000E-1	7.005967E-9	7.005967E-9	2.717271E-14	6.863906E+2
-2.500000E-1	8.143811E-9	8.143811E-9	3.158585E-14	6.873936E+2
-2.000000E-1	9.081280E-9	9.081280E-9	3.522183E-14	6.883955E+2
-1.500000E-1	9.954342E-9	9.954342E-9	3.860801E-14	6.893984E+2
-1.000000E-1	1.136054E-8	1.136054E-8	4.406198E-14	6.904004E+2
-5.000000E-2	1.172909E-8	1.172909E-8	4.549139E-14	6.914033E+2
0.000000E+0	1.394753E-8	1.394753E-8	5.409562E-14	6.924053E+2
0.000000E+0	1.035867E-8	1.035867E-8	4.017620E-14	6.934092E+2
5.000000E-2	1.245187E-8	1.245187E-8	4.829470E-14	6.944111E+2
1.000000E-1	1.377578E-8	1.377578E-8	5.342948E-14	6.954141E+2
1.500000E-1	1.507106E-8	1.507106E-8	5.845324E-14	6.964160E+2
2.000000E-1	1.604789E-8	1.604789E-8	6.224188E-14	6.974189E+2
2.500000E-1	1.579384E-8	1.579384E-8	6.125656E-14	6.984209E+2
3.000000E-1	1.649873E-8	1.649873E-8	6.399048E-14	6.994238E+2
3.500000E-1	1.645579E-8	1.645579E-8	6.382395E-14	7.004268E+2
4.000000E-1	1.826990E-8	1.826990E-8	7.085998E-14	7.014287E+2
4.500000E-1	1.801227E-8	1.801227E-8	6.986078E-14	7.024316E+2
5.000000E-1	1.849174E-8	1.849174E-8	7.172041E-14	7.034336E+2
5.000000E-1	1.714995E-8	1.714995E-8	6.651624E-14	7.044365E+2
4.500000E-1	1.149651E-8	1.149651E-8	4.458933E-14	7.054385E+2
4.000000E-1	7.496171E-9	7.496171E-9	2.907397E-14	7.064414E+2
3.500000E-1	6.218781E-9	6.218781E-9	2.411960E-14	7.074434E+2
3.000000E-1	4.719545E-9	4.719545E-9	1.830480E-14	7.084463E+2
2.500000E-1	1.749703E-9	1.749703E-9	6.786238E-15	7.094492E+2
2.000000E-1	1.506390E-9	1.506390E-9	5.842549E-15	7.104512E+2
1.500000E-1	1.162890E-9	1.162890E-9	4.510281E-15	7.114541E+2
1.000000E-1	7.263592E-10	-7.263592E-10	-2.817191E-15	7.124561E+2
5.000000E-2	5.474531E-10	-5.474531E-10	-2.123302E-15	7.134590E+2
0.000000E+0	1.166468E-9	-1.166468E-9	-4.524159E-15	7.144609E+2
-5.000000E-2	1.105640E-9	-1.105640E-9	-4.288236E-15	7.154639E+2
-1.000000E-1	2.901860E-9	-2.901860E-9	-1.125489E-14	7.164668E+2
-1.500000E-1	3.588858E-9	-3.588858E-9	-1.391942E-14	7.174697E+2
-2.000000E-1	4.601469E-9	-4.601469E-9	-1.784684E-14	7.184717E+2
-2.500000E-1	4.987906E-9	-4.987906E-9	-1.934564E-14	7.194746E+2
-3.000000E-1	5.431592E-9	-5.431592E-9	-2.106648E-14	7.204766E+2
-3.500000E-1	7.181295E-9	-7.181295E-9	-2.785272E-14	7.214795E+2
-4.000000E-1	6.386951E-9	-6.386951E-9	-2.477185E-14	7.224824E+2
-4.500000E-1	7.592780E-9	-7.592780E-9	-2.944867E-14	7.234844E+2
-5.000000E-1	8.787873E-9	-8.787873E-9	-3.408385E-14	7.244873E+2
-5.000000E-1	4.737436E-9	-4.737436E-9	-1.837419E-14	7.254893E+2
-4.500000E-1	6.047029E-10	6.047029E-10	2.345346E-15	7.264922E+2
-4.000000E-1	3.585279E-9	3.585279E-9	1.390554E-14	7.274951E+2
-3.500000E-1	5.331404E-9	5.331404E-9	2.067790E-14	7.284971E+2
-3.000000E-1	7.857559E-9	7.857559E-9	3.047562E-14	7.295000E+2
-2.500000E-1	9.696715E-9	9.696715E-9	3.760880E-14	7.305020E+2
-2.000000E-1	1.035509E-8	1.035509E-8	4.016232E-14	7.315049E+2
-1.500000E-1	1.109576E-8	1.109576E-8	4.303502E-14	7.325068E+2
-1.000000E-1	1.211195E-8	1.211195E-8	4.697631E-14	7.335098E+2
-5.000000E-2	1.229443E-8	1.229443E-8	4.768408E-14	7.345127E+2
0.000000E+0	1.338218E-8	1.338218E-8	5.190293E-14	7.355146E+2
0.000000E+0	1.097053E-8	1.097053E-8	4.254930E-14	7.365176E+2
5.000000E-2	1.244472E-8	1.244472E-8	4.826695E-14	7.375205E+2
1.000000E-1	1.384376E-8	1.384376E-8	5.369316E-14	7.385225E+2
1.500000E-1	1.416579E-8	1.416579E-8	5.494216E-14	7.395254E+2
2.000000E-1	1.569007E-8	1.569007E-8	6.085410E-14	7.405283E+2
2.500000E-1	1.586898E-8	1.586898E-8	6.154799E-14	7.415303E+2
3.000000E-1	1.775823E-8	1.775823E-8	6.887546E-14	7.425332E+2
3.500000E-1	1.734675E-8	1.734675E-8	6.727952E-14	7.435352E+2
4.000000E-1	1.784410E-8	1.784410E-8	6.920853E-14	7.445381E+2
4.500000E-1	1.872075E-8	1.872075E-8	7.260859E-14	7.455400E+2
5.000000E-1	1.971546E-8	1.971546E-8	7.646661E-14	7.465430E+2
5.000000E-1	1.563998E-8	1.563998E-8	6.065981E-14	7.475459E+2
4.500000E-1	1.017261E-8	1.017261E-8	3.945455E-14	7.485479E+2
4.000000E-1	8.111606E-9	8.111606E-9	3.146094E-14	7.495508E+2
3.500000E-1	5.657014E-9	5.657014E-9	2.194078E-14	7.505527E+2
3.000000E-1	4.315217E-9	4.315217E-9	1.673661E-14	7.515557E+2
2.500000E-1	3.452891E-9	3.452891E-9	1.339207E-14	7.525576E+2
2.000000E-1	3.782077E-9	3.782077E-9	1.466882E-14	7.535605E+2
1.500000E-1	1.134265E-9	1.134265E-9	4.399259E-15	7.545635E+2
1.000000E-1	3.184530E-10	-3.184530E-10	-1.235123E-15	7.555654E+2
5.000000E-2	7.192028E-10	-7.192028E-10	-2.789435E-15	7.565684E+2
0.000000E+0	8.909528E-10	-8.909528E-10	-3.455569E-15	7.575703E+2
-5.000000E-2	4.472654E-10	-4.472654E-10	-1.734723E-15	7.585732E+2
-1.000000E-1	2.601296E-9	-2.601296E-9	-1.008915E-14	7.595762E+2
-1.500000E-1	3.130857E-9	-3.130857E-9	-1.214306E-14	7.605791E+2
-2.000000E-1	4.240077E-9	-4.240077E-9	-1.644518E-14	7.615811E+2
-2.500000E-1	4.114843E-9	-4.114843E-9	-1.595946E-14	7.625840E+2
-3.000000E-1	5.227640E-9	-5.227640E-9	-2.027545E-14	7.635859E+2
-3.500000E-1	5.939686E-9	-5.939686E-9	-2.303713E-14	7.645889E+2
-4.000000E-1	7.220655E-9	-7.220655E-9	-2.800538E-14	7.655918E+2
-4.500000E-1	7.285061E-9	-7.285061E-9	-2.825518E-14	7.665938E+2
-5.000000E-1	7.875451E-9	-7.875451E-9	-3.054501E-14	7.675967E+2
-5.000000E-1	3.681889E-9	-3.681889E-9	-1.428024E-14	7.685986E+2
-4.500000E-1	1.728234E-9	1.728234E-9	6.702972E-15	7.696016E+2
-4.000000E-1	4.422563E-9	4.422563E-9	1.715295E-14	7.706045E+2
-3.500000E-1	7.292216E-9	7.292216E-9	2.828293E-14	7.716064E+2
-3.000000E-1	7.016701E-9	7.016701E-9	2.721434E-14	7.726094E+2
-2.500000E-1	8.680528E-9	8.680528E-9	3.366751E-14	7.736113E+2
-2.000000E-1	9.249451E-9	9.249451E-9	3.587408E-14	7.746143E+2
-1.500000E-1	1.070217E-8	1.070217E-8	4.150846E-14	7.756172E+2
-1.000000E-1	1.191158E-8	1.191158E-8	4.619916E-14	7.766191E+2
-5.000000E-2	1.258784E-8	1.258784E-8	4.882206E-14	7.776221E+2
0.000000E+0	1.241967E-8	1.241967E-8	4.816980E-14	7.786240E+2
0.000000E+0	1.008673E-8	1.008673E-8	3.912148E-14	7.796279E+2
5.000000E-2	1.247334E-8	1.247334E-8	4.837797E-14	7.806299E+2
1.000000E-1	1.401909E-8	1.401909E-8	5.437317E-14	7.816328E+2
1.500000E-1	1.441268E-8	1.441268E-8	5.589973E-14	7.826348E+2
2.000000E-1	1.487069E-8	1.487069E-8	5.767609E-14	7.836377E+2
2.500000E-1	1.658103E-8	1.658103E-8	6.430967E-14	7.846396E+2
3.000000E-1	1.732886E-8	1.732886E-8	6.721013E-14	7.856426E+2
3.500000E-1	1.780117E-8	1.780117E-8	6.904199E-14	7.866445E+2
4.000000E-1	1.797650E-8	1.797650E-8	6.972201E-14	7.876475E+2
4.500000E-1	1.749703E-8	1.749703E-8	6.786238E-14	7.886504E+2
5.000000E-1	1.823412E-8	1.823412E-8	7.072121E-14	7.896523E+2
5.000000E-1	1.482417E-8	1.482417E-8	5.749567E-14	7.906553E+2
4.500000E-1	1.000801E-8	1.000801E-8	3.881617E-14	7.916572E+2
4.000000E-1	6.973764E-9	6.973764E-9	2.704781E-14	7.926602E+2
3.500000E-1	5.385077E-9	5.385077E-9	2.088607E-14	7.936631E+2
3.000000E-1	4.501281E-9	4.501281E-9	1.745826E-14	7.946650E+2
2.500000E-1	2.615608E-9	2.615608E-9	1.014466E-14	7.956680E+2
2.000000E-1	8.408591E-10	8.408591E-10	3.261280E-15	7.966699E+2
1.500000E-1	8.873746E-10	8.873746E-10	3.441691E-15	7.976729E+2
1.000000E-1	2.111093E-10	2.111093E-10	8.187895E-16	7.986748E+2
5.000000E-2	6.834216E-10	-6.834216E-10	-2.650657E-15	7.996777E+2
0.000000E+0	1.688875E-9	-1.688875E-9	-6.550316E-15	8.006807E+2
-5.000000E-2	2.139718E-9	-2.139718E-9	-8.298917E-15	8.016836E+2
-1.000000E-1	2.951951E-9	-2.951951E-9	-1.144917E-14	8.026855E+2
-1.500000E-1	2.883969E-9	-2.883969E-9	-1.118550E-14	8.036885E+2
-2.000000E-1	4.612202E-9	-4.612202E-9	-1.788847E-14	8.046904E+2
-2.500000E-1	3.402797E-9	-3.402797E-9	-1.319778E-14	8.056934E+2
-3.000000E-1	5.009373E-9	-5.009373E-9	-1.942890E-14	8.066953E+2
-3.500000E-1	4.980749E-9	-4.980749E-9	-1.931788E-14	8.076982E+2
-4.000000E-1	5.549671E-9	-5.549671E-9	-2.152445E-14	8.087012E+2
-4.500000E-1	6.190154E-9	-6.190154E-9	-2.400857E-14	8.097031E+2
-5.000000E-1	6.408421E-9	-6.408421E-9	-2.485512E-14	8.107061E+2
-5.000000E-1	2.644235E-9	-2.644235E-9	-1.025569E-14	8.117080E+2
-4.500000E-1	2.386609E-9	2.386609E-9	9.256484E-15	8.127109E+2
-4.000000E-1	3.739140E-9	3.739140E-9	1.450229E-14	8.137139E+2
-3.500000E-1	5.023685E-9	5.023685E-9	1.948441E-14	8.147158E+2
-3.000000E-1	6.630264E-9	6.630264E-9	2.571554E-14	8.157188E+2
-2.500000E-1	8.022154E-9	8.022154E-9	3.111400E-14	8.167207E+2
-2.000000E-1	1.010104E-8	1.010104E-8	3.917699E-14	8.177236E+2
-1.500000E-1	1.013325E-8	1.013325E-8	3.930190E-14	8.187266E+2
-1.000000E-1	1.141779E-8	1.141779E-8	4.428402E-14	8.197285E+2
-5.000000E-2	1.423736E-8	1.423736E-8	5.521972E-14	8.207314E+2
0.000000E+0	1.482417E-8	1.482417E-8	5.749567E-14	8.217334E+2
0.000000E+0	1.047675E-8	1.047675E-8	4.063416E-14	8.227363E+2
5.000000E-2	1.352173E-8	1.352173E-8	5.244416E-14	8.237393E+2
1.000000E-1	1.462737E-8	1.462737E-8	5.673240E-14	8.247422E+2
1.500000E-1	1.510326E-8	1.510326E-8	5.857814E-14	8.257441E+2
2.000000E-1	1.592265E-8	1.592265E-8	6.175616E-14	8.267471E+2
2.500000E-1	1.544318E-8	1.544318E-8	5.989653E-14	8.277490E+2
3.000000E-1	1.836293E-8	1.836293E-8	7.122081E-14	8.287520E+2
3.500000E-1	2.197326E-8	2.197326E-8	8.522349E-14	8.297549E+2
4.000000E-1	1.639139E-8	1.639139E-8	6.357415E-14	8.307568E+2
4.500000E-1	1.978703E-8	1.978703E-8	7.674417E-14	8.317598E+2
5.000000E-1	1.966895E-8	1.966895E-8	7.628620E-14	8.327617E+2
5.000000E-1	1.655598E-8	1.655598E-8	6.421252E-14	8.337646E+2
4.500000E-1	1.136054E-8	1.136054E-8	4.406198E-14	8.347666E+2
4.000000E-1	8.644748E-9	8.644748E-9	3.352874E-14	8.357695E+2
3.500000E-1	7.134780E-9	7.134780E-9	2.767231E-14	8.367725E+2
3.000000E-1	2.894702E-9	2.894702E-9	1.122713E-14	8.377744E+2
2.500000E-1	2.286421E-9	2.286421E-9	8.867906E-15	8.387773E+2
2.000000E-1	1.273812E-9	-1.273812E-9	-4.940492E-15	8.397793E+2
1.500000E-1	1.749703E-9	1.749703E-9	6.786238E-15	8.407822E+2
1.000000E-1	3.435000E-10	3.435000E-10	1.332268E-15	8.417842E+2
5.000000E-2	8.694840E-10	-8.694840E-10	-3.372302E-15	8.427871E+2
0.000000E+0	2.415234E-9	-2.415234E-9	-9.367507E-15	8.437900E+2
-5.000000E-2	2.976999E-9	-2.976999E-9	-1.154632E-14	8.447930E+2
-1.000000E-1	2.883969E-9	-2.883969E-9	-1.118550E-14	8.457949E+2
-1.500000E-1	2.844608E-9	-2.844608E-9	-1.103284E-14	8.467979E+2
-2.000000E-1	6.590906E-9	-6.590906E-9	-2.556289E-14	8.477998E+2
-2.500000E-1	5.206170E-9	-5.206170E-9	-2.019218E-14	8.488027E+2
-3.000000E-1	5.596186E-9	-5.596186E-9	-2.170486E-14	8.498057E+2
-3.500000E-1	6.161530E-9	-6.161530E-9	-2.389755E-14	8.508076E+2
-4.000000E-1	5.717841E-9	-5.717841E-9	-2.217670E-14	8.518105E+2
-4.500000E-1	6.673200E-9	-6.673200E-9	-2.588207E-14	8.528125E+2
-5.000000E-1	7.288638E-9	-7.288638E-9	-2.826905E-14	8.538154E+2
-5.000000E-1	3.867952E-9	-3.867952E-9	-1.500189E-14	8.548184E+2
-4.500000E-1	1.034078E-9	1.034078E-9	4.010681E-15	8.558203E+2
-4.000000E-1	4.869827E-9	4.869827E-9	1.888767E-14	8.568232E+2
-3.500000E-1	6.691091E-9	6.691091E-9	2.595146E-14	8.578252E+2
-3.000000E-1	7.821778E-9	7.821778E-9	3.033684E-14	8.588281E+2
-2.500000E-1	9.349638E-9	9.349638E-9	3.626266E-14	8.598301E+2
-2.000000E-1	1.059125E-8	1.059125E-8	4.107825E-14	8.608330E+2
-1.500000E-1	1.293850E-8	1.293850E-8	5.018208E-14	8.618350E+2
-1.000000E-1	1.096337E-8	1.096337E-8	4.252154E-14	8.628379E+2
-5.000000E-2	1.220140E-8	1.220140E-8	4.732326E-14	8.638408E+2
0.000000E+0	1.256279E-8	1.256279E-8	4.872491E-14	8.648428E+2
