voltage_19_3_20	absJ_19_3_20	J_19_3_20	current_19_3_20	time_19_3_20	
0.000000E+0	4.777836E-8	4.777836E-8	2.840644E-13	0.000000E+0
5.000000E-2	1.190726E-5	1.190726E-5	7.079416E-11	6.142578E-1
1.000000E-1	4.398392E-5	4.398392E-5	2.615047E-10	1.287109E+0
1.500000E-1	7.940325E-5	7.940325E-5	4.720890E-10	1.559570E+0
2.000000E-1	1.337510E-4	1.337510E-4	7.952115E-10	1.831055E+0
2.500000E-1	2.125510E-4	2.125510E-4	1.263714E-9	2.503906E+0
3.000000E-1	2.997843E-4	2.997843E-4	1.782356E-9	2.622070E+0
3.500000E-1	4.072580E-4	4.072580E-4	2.421337E-9	2.739258E+0
4.000000E-1	5.514029E-4	5.514029E-4	3.278345E-9	2.857422E+0
4.500000E-1	6.804902E-4	6.804902E-4	4.045828E-9	2.975586E+0
5.000000E-1	8.852976E-4	8.852976E-4	5.263503E-9	3.093750E+0
5.000000E-1	8.192474E-4	8.192474E-4	4.870804E-9	3.211914E+0
4.500000E-1	6.534196E-4	6.534196E-4	3.884881E-9	3.329102E+0
4.000000E-1	5.257427E-4	5.257427E-4	3.125783E-9	3.447266E+0
3.500000E-1	4.026106E-4	4.026106E-4	2.393706E-9	3.565430E+0
3.000000E-1	2.906659E-4	2.906659E-4	1.728143E-9	3.683594E+0
2.500000E-1	2.039418E-4	2.039418E-4	1.212528E-9	3.801758E+0
2.000000E-1	1.359788E-4	1.359788E-4	8.084569E-10	4.042969E+0
1.500000E-1	8.262430E-5	8.262430E-5	4.912396E-10	4.314453E+0
1.000000E-1	4.771372E-5	4.771372E-5	2.836801E-10	4.586914E+0
5.000000E-2	1.849402E-5	1.849402E-5	1.099555E-10	4.859375E+0
0.000000E+0	4.184955E-8	-4.184955E-8	-2.488149E-13	5.848633E+0
-5.000000E-2	1.245549E-5	-1.245549E-5	-7.405361E-11	6.463867E+0
-1.000000E-1	4.329580E-5	-4.329580E-5	-2.574135E-10	7.478516E+0
-1.500000E-1	7.998021E-5	-7.998021E-5	-4.755193E-10	7.750977E+0
-2.000000E-1	1.259147E-4	-1.259147E-4	-7.486211E-10	8.022461E+0
-2.500000E-1	1.512879E-4	-1.512879E-4	-8.994762E-10	8.294922E+0
-3.000000E-1	1.603093E-4	-1.603093E-4	-9.531126E-10	8.567383E+0
-3.500000E-1	3.184668E-4	-3.184668E-4	-1.893432E-9	9.240234E+0
-4.000000E-1	4.004734E-4	-4.004734E-4	-2.380999E-9	9.358398E+0
-4.500000E-1	5.062803E-4	-5.062803E-4	-3.010070E-9	9.476563E+0
-5.000000E-1	6.037372E-4	-6.037372E-4	-3.589496E-9	9.593750E+0
-5.000000E-1	6.009020E-4	-6.009020E-4	-3.572640E-9	9.711914E+0
-4.500000E-1	4.989387E-4	-4.989387E-4	-2.966421E-9	9.830078E+0
-4.000000E-1	3.996204E-4	-3.996204E-4	-2.375928E-9	9.948242E+0
-3.500000E-1	3.130277E-4	-3.130277E-4	-1.861094E-9	1.006641E+1
-3.000000E-1	2.369311E-4	-2.369311E-4	-1.408665E-9	1.018359E+1
-2.500000E-1	1.802768E-4	-1.802768E-4	-1.071829E-9	1.030176E+1
-2.000000E-1	1.115685E-4	-1.115685E-4	-6.633262E-10	1.054297E+1
-1.500000E-1	7.290151E-5	-7.290151E-5	-4.334331E-10	1.081543E+1
-1.000000E-1	4.463596E-5	-4.463596E-5	-2.653814E-10	1.108789E+1
-5.000000E-2	1.939442E-5	-1.939442E-5	-1.153088E-10	1.136035E+1
0.000000E+0	1.004888E-7	1.004888E-7	5.974526E-13	1.234961E+1
0.000000E+0	1.673608E-9	1.673608E-9	9.950374E-15	1.296387E+1
5.000000E-2	1.352374E-5	1.352374E-5	8.040488E-11	1.357813E+1
1.000000E-1	4.715200E-5	4.715200E-5	2.803404E-10	1.425098E+1
1.500000E-1	8.396678E-5	8.396678E-5	4.992213E-10	1.452344E+1
2.000000E-1	1.344526E-4	1.344526E-4	7.993829E-10	1.479492E+1
2.500000E-1	2.174733E-4	2.174733E-4	1.292979E-9	1.546777E+1
3.000000E-1	2.908881E-4	2.908881E-4	1.729464E-9	1.558594E+1
3.500000E-1	4.057357E-4	4.057357E-4	2.412286E-9	1.570313E+1
4.000000E-1	5.188154E-4	5.188154E-4	3.084597E-9	1.582129E+1
4.500000E-1	6.195142E-4	6.195142E-4	3.683298E-9	1.593945E+1
5.000000E-1	7.712017E-4	7.712017E-4	4.585150E-9	1.605762E+1
5.000000E-1	7.542659E-4	7.542659E-4	4.484459E-9	1.617578E+1
4.500000E-1	6.195391E-4	6.195391E-4	3.683446E-9	1.629297E+1
4.000000E-1	4.864240E-4	4.864240E-4	2.892015E-9	1.641113E+1
3.500000E-1	3.579061E-4	3.579061E-4	2.127917E-9	1.652930E+1
3.000000E-1	2.863292E-4	2.863292E-4	1.702359E-9	1.664746E+1
2.500000E-1	1.987955E-4	1.987955E-4	1.181931E-9	1.676563E+1
2.000000E-1	1.285316E-4	1.285316E-4	7.641796E-10	1.700684E+1
1.500000E-1	8.737296E-5	8.737296E-5	5.194726E-10	1.727930E+1
1.000000E-1	4.691795E-5	4.691795E-5	2.789489E-10	1.755078E+1
5.000000E-2	2.015248E-5	2.015248E-5	1.198158E-10	1.782324E+1
0.000000E+0	5.274083E-8	-5.274083E-8	-3.135686E-13	1.881250E+1
-5.000000E-2	1.271333E-5	-1.271333E-5	-7.558662E-11	1.942773E+1
-1.000000E-1	4.561049E-5	-4.561049E-5	-2.711754E-10	2.027148E+1
-1.500000E-1	8.290185E-5	-8.290185E-5	-4.928898E-10	2.054395E+1
-2.000000E-1	1.338035E-4	-1.338035E-4	-7.955233E-10	2.081543E+1
-2.500000E-1	1.879102E-4	-1.879102E-4	-1.117213E-9	2.148828E+1
-3.000000E-1	2.567816E-4	-2.567816E-4	-1.526685E-9	2.160645E+1
-3.500000E-1	3.307294E-4	-3.307294E-4	-1.966339E-9	2.172461E+1
-4.000000E-1	4.247758E-4	-4.247758E-4	-2.525488E-9	2.184277E+1
-4.500000E-1	5.011502E-4	-5.011502E-4	-2.979569E-9	2.195996E+1
-5.000000E-1	6.290190E-4	-6.290190E-4	-3.739808E-9	2.207813E+1
-5.000000E-1	6.414151E-4	-6.414151E-4	-3.813509E-9	2.219629E+1
-4.500000E-1	5.085580E-4	-5.085580E-4	-3.023612E-9	2.231445E+1
-4.000000E-1	4.216784E-4	-4.216784E-4	-2.507073E-9	2.243262E+1
-3.500000E-1	3.291845E-4	-3.291845E-4	-1.957154E-9	2.254980E+1
-3.000000E-1	2.619009E-4	-2.619009E-4	-1.557122E-9	2.266797E+1
-2.500000E-1	1.839060E-4	-1.839060E-4	-1.093406E-9	2.278613E+1
-2.000000E-1	1.267412E-4	-1.267412E-4	-7.535349E-10	2.302734E+1
-1.500000E-1	7.565165E-5	-7.565165E-5	-4.497840E-10	2.329980E+1
-1.000000E-1	4.519389E-5	-4.519389E-5	-2.686985E-10	2.357227E+1
-5.000000E-2	1.928710E-5	-1.928710E-5	-1.146707E-10	2.384375E+1
0.000000E+0	1.311997E-7	1.311997E-7	7.800427E-13	2.483398E+1
0.000000E+0	1.109647E-7	1.109647E-7	6.597362E-13	2.544824E+1
5.000000E-2	1.231120E-5	1.231120E-5	7.319576E-11	2.606250E+1
1.000000E-1	1.490789E-5	1.490789E-5	8.863427E-11	2.667578E+1
1.500000E-1	8.153347E-5	8.153347E-5	4.847541E-10	2.734863E+1
2.000000E-1	1.376142E-4	1.376142E-4	8.181802E-10	2.762109E+1
2.500000E-1	2.074184E-4	2.074184E-4	1.233198E-9	2.829395E+1
3.000000E-1	2.873552E-4	2.873552E-4	1.708459E-9	2.841113E+1
3.500000E-1	3.707369E-4	3.707369E-4	2.204202E-9	2.852930E+1
4.000000E-1	4.531478E-4	4.531478E-4	2.694173E-9	2.864746E+1
4.500000E-1	5.920063E-4	5.920063E-4	3.519751E-9	2.876562E+1
5.000000E-1	7.543512E-4	7.543512E-4	4.484966E-9	2.888379E+1
5.000000E-1	7.630883E-4	7.630883E-4	4.536912E-9	2.900098E+1
4.500000E-1	5.998216E-4	5.998216E-4	3.566216E-9	2.911914E+1
4.000000E-1	4.634619E-4	4.634619E-4	2.755495E-9	2.923730E+1
3.500000E-1	3.707063E-4	3.707063E-4	2.204020E-9	2.935547E+1
3.000000E-1	2.712799E-4	2.712799E-4	1.612884E-9	2.947363E+1
2.500000E-1	1.890534E-4	1.890534E-4	1.124010E-9	2.959082E+1
2.000000E-1	1.226738E-4	1.226738E-4	7.293525E-10	2.983301E+1
1.500000E-1	7.689063E-5	7.689063E-5	4.571503E-10	3.010449E+1
1.000000E-1	4.415587E-5	4.415587E-5	2.625270E-10	3.037695E+1
5.000000E-2	2.031084E-5	2.031084E-5	1.207573E-10	3.064941E+1
0.000000E+0	3.715316E-8	-3.715316E-8	-2.208927E-13	3.163867E+1
-5.000000E-2	1.180119E-5	-1.180119E-5	-7.016353E-11	3.225293E+1
-1.000000E-1	1.478312E-5	-1.478312E-5	-8.789247E-11	3.286719E+1
-1.500000E-1	1.539821E-5	-1.539821E-5	-9.154948E-11	3.348145E+1
-2.000000E-1	1.094651E-4	-1.094651E-4	-6.508204E-10	3.415430E+1
-2.500000E-1	1.462598E-4	-1.462598E-4	-8.695819E-10	3.442676E+1
-3.000000E-1	1.538465E-4	-1.538465E-4	-9.146884E-10	3.469922E+1
-3.500000E-1	3.114288E-4	-3.114288E-4	-1.851588E-9	3.537207E+1
-4.000000E-1	3.980683E-4	-3.980683E-4	-2.366700E-9	3.549023E+1
-4.500000E-1	4.773333E-4	-4.773333E-4	-2.837967E-9	3.560840E+1
-5.000000E-1	5.634299E-4	-5.634299E-4	-3.349851E-9	3.572559E+1
-5.000000E-1	5.758877E-4	-5.758877E-4	-3.423918E-9	3.584375E+1
-4.500000E-1	4.609163E-4	-4.609163E-4	-2.740360E-9	3.596191E+1
-4.000000E-1	3.758729E-4	-3.758729E-4	-2.234738E-9	3.608008E+1
-3.500000E-1	2.928447E-4	-2.928447E-4	-1.741097E-9	3.619824E+1
-3.000000E-1	2.177559E-4	-2.177559E-4	-1.294659E-9	3.631543E+1
-2.500000E-1	1.460025E-4	-1.460025E-4	-8.680520E-10	3.655762E+1
-2.000000E-1	1.092779E-4	-1.092779E-4	-6.497075E-10	3.682910E+1
-1.500000E-1	7.081267E-5	-7.081267E-5	-4.210140E-10	3.710156E+1
-1.000000E-1	4.115330E-5	-4.115330E-5	-2.446754E-10	3.737402E+1
-5.000000E-2	1.747859E-5	-1.747859E-5	-1.039183E-10	3.764648E+1
0.000000E+0	1.326609E-7	1.326609E-7	7.887302E-13	3.863574E+1
0.000000E+0	2.095069E-7	2.095069E-7	1.245615E-12	3.925098E+1
5.000000E-2	1.173326E-5	1.173326E-5	6.975964E-11	3.986426E+1
1.000000E-1	4.511685E-5	4.511685E-5	2.682405E-10	4.087891E+1
1.500000E-1	7.784028E-5	7.784028E-5	4.627964E-10	4.115039E+1
2.000000E-1	1.246356E-4	1.246356E-4	7.410162E-10	4.142285E+1
2.500000E-1	1.912358E-4	1.912358E-4	1.136985E-9	4.209570E+1
3.000000E-1	2.705334E-4	2.705334E-4	1.608446E-9	4.221289E+1
3.500000E-1	3.658639E-4	3.658639E-4	2.175230E-9	4.233105E+1
4.000000E-1	4.559081E-4	4.559081E-4	2.710584E-9	4.244922E+1
4.500000E-1	5.887789E-4	5.887789E-4	3.500562E-9	4.256738E+1
5.000000E-1	7.294613E-4	7.294613E-4	4.336984E-9	4.268555E+1
5.000000E-1	7.375365E-4	7.375365E-4	4.384995E-9	4.280273E+1
4.500000E-1	6.034743E-4	6.034743E-4	3.587933E-9	4.292090E+1
4.000000E-1	4.662333E-4	4.662333E-4	2.771972E-9	4.303906E+1
3.500000E-1	3.603961E-4	3.603961E-4	2.142721E-9	4.315723E+1
3.000000E-1	2.796304E-4	2.796304E-4	1.662532E-9	4.327539E+1
2.500000E-1	1.946108E-4	1.946108E-4	1.157051E-9	4.339258E+1
2.000000E-1	1.285472E-4	1.285472E-4	7.642722E-10	4.363477E+1
1.500000E-1	7.957983E-5	7.957983E-5	4.731388E-10	4.390625E+1
1.000000E-1	4.271159E-5	4.271159E-5	2.539401E-10	4.417871E+1
5.000000E-2	1.823936E-5	1.823936E-5	1.084414E-10	4.445117E+1
0.000000E+0	7.782862E-8	-7.782862E-8	-4.627271E-13	4.544043E+1
-5.000000E-2	1.219455E-5	-1.219455E-5	-7.250223E-11	4.605469E+1
-1.000000E-1	4.454884E-5	-4.454884E-5	-2.648634E-10	4.707031E+1
-1.500000E-1	7.586871E-5	-7.586871E-5	-4.510745E-10	4.734180E+1
-2.000000E-1	1.146313E-4	-1.146313E-4	-6.815358E-10	4.761426E+1
-2.500000E-1	1.463571E-4	-1.463571E-4	-8.701607E-10	4.788672E+1
-3.000000E-1	1.563153E-4	-1.563153E-4	-9.293667E-10	4.815918E+1
-3.500000E-1	3.054375E-4	-3.054375E-4	-1.815967E-9	4.883203E+1
-4.000000E-1	3.824591E-4	-3.824591E-4	-2.273896E-9	4.894922E+1
-4.500000E-1	4.657569E-4	-4.657569E-4	-2.769140E-9	4.906738E+1
-5.000000E-1	5.688482E-4	-5.688482E-4	-3.382065E-9	4.918555E+1
-5.000000E-1	5.628799E-4	-5.628799E-4	-3.346581E-9	4.930371E+1
-4.500000E-1	4.523375E-4	-4.523375E-4	-2.689355E-9	4.942188E+1
-4.000000E-1	3.693849E-4	-3.693849E-4	-2.196164E-9	4.953906E+1
-3.500000E-1	2.885971E-4	-2.885971E-4	-1.715843E-9	4.965723E+1
-3.000000E-1	2.285490E-4	-2.285490E-4	-1.358829E-9	4.977539E+1
-2.500000E-1	1.714150E-4	-1.714150E-4	-1.019141E-9	5.041699E+1
-2.000000E-1	1.152293E-4	-1.152293E-4	-6.850914E-10	5.065820E+1
-1.500000E-1	7.138629E-5	-7.138629E-5	-4.244244E-10	5.093066E+1
-1.000000E-1	4.065848E-5	-4.065848E-5	-2.417334E-10	5.120312E+1
-5.000000E-2	1.784196E-5	-1.784196E-5	-1.060787E-10	5.147559E+1
0.000000E+0	1.552231E-7	1.552231E-7	9.228729E-13	5.246484E+1
0.000000E+0	2.340531E-7	2.340531E-7	1.391554E-12	5.308008E+1
5.000000E-2	1.230521E-5	1.230521E-5	7.316015E-11	5.369336E+1
1.000000E-1	4.607895E-5	4.607895E-5	2.739606E-10	5.470801E+1
1.500000E-1	8.061244E-5	8.061244E-5	4.792782E-10	5.497949E+1
2.000000E-1	1.355843E-4	1.355843E-4	8.061112E-10	5.525195E+1
2.500000E-1	2.038399E-4	2.038399E-4	1.211922E-9	5.592480E+1
3.000000E-1	2.820336E-4	2.820336E-4	1.676820E-9	5.604199E+1
3.500000E-1	4.127283E-4	4.127283E-4	2.453860E-9	5.616016E+1
4.000000E-1	5.217867E-4	5.217867E-4	3.102263E-9	5.627832E+1
4.500000E-1	6.416745E-4	6.416745E-4	3.815051E-9	5.639648E+1
5.000000E-1	7.605223E-4	7.605223E-4	4.521656E-9	5.651465E+1
5.000000E-1	7.355565E-4	7.355565E-4	4.373223E-9	5.663184E+1
4.500000E-1	5.662555E-4	5.662555E-4	3.366650E-9	5.675000E+1
4.000000E-1	4.516965E-4	4.516965E-4	2.685544E-9	5.686816E+1
3.500000E-1	3.570079E-4	3.570079E-4	2.122577E-9	5.698633E+1
3.000000E-1	2.625889E-4	2.625889E-4	1.561212E-9	5.710449E+1
2.500000E-1	1.934644E-4	1.934644E-4	1.150235E-9	5.722168E+1
2.000000E-1	1.201048E-4	1.201048E-4	7.140784E-10	5.746387E+1
1.500000E-1	7.821310E-5	7.821310E-5	4.650130E-10	5.773535E+1
1.000000E-1	4.477595E-5	4.477595E-5	2.662137E-10	5.800781E+1
5.000000E-2	1.842148E-5	1.842148E-5	1.095242E-10	5.828027E+1
0.000000E+0	2.405374E-8	-2.405374E-8	-1.430106E-13	5.926953E+1
-5.000000E-2	1.201559E-5	-1.201559E-5	-7.143820E-11	5.988379E+1
-1.000000E-1	4.232785E-5	-4.232785E-5	-2.516586E-10	6.089941E+1
-1.500000E-1	7.392614E-5	-7.392614E-5	-4.395250E-10	6.117090E+1
-2.000000E-1	1.144913E-4	-1.144913E-4	-6.807036E-10	6.144336E+1
-2.500000E-1	1.465319E-4	-1.465319E-4	-8.711999E-10	6.171582E+1
-3.000000E-1	1.572097E-4	-1.572097E-4	-9.346842E-10	6.198730E+1
-3.500000E-1	2.960028E-4	-2.960028E-4	-1.759873E-9	6.266016E+1
-4.000000E-1	3.686002E-4	-3.686002E-4	-2.191498E-9	6.277832E+1
-4.500000E-1	4.592919E-4	-4.592919E-4	-2.730702E-9	6.289648E+1
-5.000000E-1	5.488721E-4	-5.488721E-4	-3.263298E-9	6.301465E+1
-5.000000E-1	5.668707E-4	-5.668707E-4	-3.370308E-9	6.313281E+1
-4.500000E-1	4.651341E-4	-4.651341E-4	-2.765437E-9	6.325000E+1
-4.000000E-1	3.797456E-4	-3.797456E-4	-2.257763E-9	6.336816E+1
-3.500000E-1	3.034399E-4	-3.034399E-4	-1.804090E-9	6.348633E+1
-3.000000E-1	2.270443E-4	-2.270443E-4	-1.349883E-9	6.360449E+1
-2.500000E-1	1.746056E-4	-1.746056E-4	-1.038111E-9	6.372266E+1
-2.000000E-1	1.132720E-4	-1.132720E-4	-6.734545E-10	6.396387E+1
-1.500000E-1	7.204840E-5	-7.204840E-5	-4.283610E-10	6.423633E+1
-1.000000E-1	4.121277E-5	-4.121277E-5	-2.450289E-10	6.450781E+1
-5.000000E-2	1.865221E-5	-1.865221E-5	-1.108960E-10	6.478027E+1
0.000000E+0	1.298622E-7	1.298622E-7	7.720907E-13	6.576953E+1
0.000000E+0	7.446039E-10	7.446039E-10	4.427014E-15	6.638477E+1
5.000000E-2	1.283140E-5	1.283140E-5	7.628861E-11	6.699805E+1
1.000000E-1	4.936017E-5	4.936017E-5	2.934690E-10	6.767090E+1
1.500000E-1	8.858072E-5	8.858072E-5	5.266533E-10	6.794336E+1
2.000000E-1	1.375347E-4	1.375347E-4	8.177074E-10	6.821484E+1
2.500000E-1	2.225373E-4	2.225373E-4	1.323087E-9	6.888770E+1
3.000000E-1	2.837078E-4	2.837078E-4	1.686774E-9	6.900586E+1
3.500000E-1	4.004009E-4	4.004009E-4	2.380568E-9	6.912305E+1
4.000000E-1	4.840590E-4	4.840590E-4	2.877954E-9	6.924121E+1
4.500000E-1	6.220789E-4	6.220789E-4	3.698546E-9	6.935938E+1
5.000000E-1	7.576004E-4	7.576004E-4	4.504284E-9	6.947754E+1
5.000000E-1	7.880074E-4	7.880074E-4	4.685068E-9	6.959570E+1
4.500000E-1	6.200346E-4	6.200346E-4	3.686392E-9	6.971289E+1
4.000000E-1	4.807230E-4	4.807230E-4	2.858120E-9	6.983105E+1
3.500000E-1	3.793186E-4	3.793186E-4	2.255224E-9	6.994922E+1
3.000000E-1	2.653944E-4	2.653944E-4	1.577892E-9	7.006738E+1
2.500000E-1	1.911979E-4	1.911979E-4	1.136760E-9	7.018555E+1
2.000000E-1	1.207093E-4	1.207093E-4	7.176723E-10	7.042676E+1
1.500000E-1	8.021036E-5	8.021036E-5	4.768876E-10	7.069824E+1
1.000000E-1	4.284833E-5	4.284833E-5	2.547531E-10	7.097070E+1
5.000000E-2	1.819771E-5	1.819771E-5	1.081938E-10	7.124316E+1
0.000000E+0	3.147877E-8	-3.147877E-8	-1.871558E-13	7.223242E+1
-5.000000E-2	1.124659E-5	-1.124659E-5	-6.686619E-11	7.284766E+1
-1.000000E-1	4.011899E-5	-4.011899E-5	-2.385259E-10	7.386230E+1
-1.500000E-1	6.967706E-5	-6.967706E-5	-4.142623E-10	7.413477E+1
-2.000000E-1	1.079339E-4	-1.079339E-4	-6.417170E-10	7.440625E+1
-2.500000E-1	1.637542E-4	-1.637542E-4	-9.735945E-10	7.507910E+1
-3.000000E-1	2.207253E-4	-2.207253E-4	-1.312314E-9	7.519727E+1
-3.500000E-1	2.970023E-4	-2.970023E-4	-1.765816E-9	7.531543E+1
-4.000000E-1	3.717878E-4	-3.717878E-4	-2.210450E-9	7.543359E+1
-4.500000E-1	4.602264E-4	-4.602264E-4	-2.736258E-9	7.555078E+1
-5.000000E-1	5.331697E-4	-5.331697E-4	-3.169940E-9	7.566895E+1
-5.000000E-1	5.267845E-4	-5.267845E-4	-3.131977E-9	7.578711E+1
-4.500000E-1	4.351642E-4	-4.351642E-4	-2.587252E-9	7.590527E+1
-4.000000E-1	3.711549E-4	-3.711549E-4	-2.206687E-9	7.602344E+1
-3.500000E-1	2.803424E-4	-2.803424E-4	-1.666765E-9	7.614062E+1
-3.000000E-1	2.153752E-4	-2.153752E-4	-1.280505E-9	7.625879E+1
-2.500000E-1	1.442601E-4	-1.442601E-4	-8.576927E-10	7.650000E+1
-2.000000E-1	1.103757E-4	-1.103757E-4	-6.562343E-10	7.677246E+1
-1.500000E-1	7.108286E-5	-7.108286E-5	-4.226204E-10	7.704492E+1
-1.000000E-1	4.408215E-5	-4.408215E-5	-2.620887E-10	7.731738E+1
-5.000000E-2	1.960479E-5	-1.960479E-5	-1.165595E-10	7.758887E+1
0.000000E+0	1.401723E-7	1.401723E-7	8.333889E-13	7.857910E+1
0.000000E+0	1.806610E-7	1.806610E-7	1.074113E-12	7.919336E+1
5.000000E-2	1.206461E-5	1.206461E-5	7.172967E-11	7.980762E+1
1.000000E-1	4.277443E-5	4.277443E-5	2.543137E-10	8.065039E+1
1.500000E-1	7.439678E-5	7.439678E-5	4.423232E-10	8.092285E+1
2.000000E-1	1.203825E-4	1.203825E-4	7.157293E-10	8.119531E+1
2.500000E-1	1.830684E-4	1.830684E-4	1.088426E-9	8.186719E+1
3.000000E-1	2.619724E-4	2.619724E-4	1.557547E-9	8.198535E+1
3.500000E-1	3.372416E-4	3.372416E-4	2.005057E-9	8.210352E+1
4.000000E-1	4.380561E-4	4.380561E-4	2.604446E-9	8.222168E+1
4.500000E-1	5.238828E-4	5.238828E-4	3.114725E-9	8.233887E+1
5.000000E-1	6.499590E-4	6.499590E-4	3.864306E-9	8.245703E+1
5.000000E-1	6.810994E-4	6.810994E-4	4.049450E-9	8.257520E+1
4.500000E-1	5.348518E-4	5.348518E-4	3.179941E-9	8.269336E+1
4.000000E-1	4.228306E-4	4.228306E-4	2.513923E-9	8.281152E+1
3.500000E-1	3.279274E-4	3.279274E-4	1.949680E-9	8.292871E+1
3.000000E-1	2.418534E-4	2.418534E-4	1.437930E-9	8.304688E+1
2.500000E-1	1.716407E-4	1.716407E-4	1.020483E-9	8.316504E+1
2.000000E-1	1.116550E-4	1.116550E-4	6.638403E-10	8.340625E+1
1.500000E-1	7.107194E-5	7.107194E-5	4.225555E-10	8.367871E+1
1.000000E-1	4.129446E-5	4.129446E-5	2.455146E-10	8.395020E+1
5.000000E-2	1.798611E-5	1.798611E-5	1.069357E-10	8.422266E+1
0.000000E+0	2.065750E-8	-2.065750E-8	-1.228184E-13	8.521191E+1
-5.000000E-2	1.124655E-5	-1.124655E-5	-6.686594E-11	8.582617E+1
-1.000000E-1	1.474703E-5	-1.474703E-5	-8.767793E-11	8.644043E+1
-1.500000E-1	1.527651E-5	-1.527651E-5	-9.082589E-11	8.705469E+1
-2.000000E-1	9.791719E-5	-9.791719E-5	-5.821629E-10	8.772754E+1
-2.500000E-1	1.434525E-4	-1.434525E-4	-8.528914E-10	8.800000E+1
-3.000000E-1	1.519659E-4	-1.519659E-4	-9.035076E-10	8.827246E+1
-3.500000E-1	2.795246E-4	-2.795246E-4	-1.661903E-9	8.894531E+1
-4.000000E-1	3.509043E-4	-3.509043E-4	-2.086288E-9	8.906250E+1
-4.500000E-1	4.262165E-4	-4.262165E-4	-2.534054E-9	8.918066E+1
-5.000000E-1	5.139539E-4	-5.139539E-4	-3.055693E-9	8.929883E+1
-5.000000E-1	5.071906E-4	-5.071906E-4	-3.015482E-9	8.941699E+1
-4.500000E-1	4.168756E-4	-4.168756E-4	-2.478518E-9	8.953516E+1
-4.000000E-1	3.433288E-4	-3.433288E-4	-2.041248E-9	8.965234E+1
-3.500000E-1	2.758375E-4	-2.758375E-4	-1.639981E-9	8.977051E+1
-3.000000E-1	2.021330E-4	-2.021330E-4	-1.201774E-9	8.988867E+1
-2.500000E-1	1.427951E-4	-1.427951E-4	-8.489826E-10	9.012988E+1
-2.000000E-1	1.020680E-4	-1.020680E-4	-6.068411E-10	9.040234E+1
-1.500000E-1	6.517129E-5	-6.517129E-5	-3.874734E-10	9.067480E+1
-1.000000E-1	3.808826E-5	-3.808826E-5	-2.264523E-10	9.094629E+1
-5.000000E-2	1.732691E-5	-1.732691E-5	-1.030165E-10	9.121875E+1
0.000000E+0	1.191343E-7	1.191343E-7	7.083084E-13	9.220898E+1
0.000000E+0	1.940966E-7	1.940966E-7	1.153994E-12	9.282324E+1
5.000000E-2	1.134467E-5	1.134467E-5	6.744928E-11	9.343750E+1
1.000000E-1	4.017378E-5	4.017378E-5	2.388517E-10	9.445117E+1
1.500000E-1	7.347939E-5	7.347939E-5	4.368689E-10	9.472363E+1
2.000000E-1	1.096472E-4	1.096472E-4	6.519033E-10	9.499512E+1
2.500000E-1	1.702578E-4	1.702578E-4	1.012261E-9	9.566797E+1
3.000000E-1	2.525523E-4	2.525523E-4	1.501540E-9	9.578613E+1
3.500000E-1	3.181099E-4	3.181099E-4	1.891310E-9	9.590332E+1
4.000000E-1	4.000066E-4	4.000066E-4	2.378224E-9	9.602148E+1
4.500000E-1	5.144326E-4	5.144326E-4	3.058539E-9	9.613965E+1
5.000000E-1	6.375208E-4	6.375208E-4	3.790355E-9	9.625781E+1
5.000000E-1	6.547454E-4	6.547454E-4	3.892764E-9	9.637598E+1
4.500000E-1	5.154839E-4	5.154839E-4	3.064790E-9	9.649316E+1
4.000000E-1	4.186467E-4	4.186467E-4	2.489048E-9	9.661133E+1
3.500000E-1	3.312212E-4	3.312212E-4	1.969263E-9	9.672949E+1
3.000000E-1	2.357856E-4	2.357856E-4	1.401854E-9	9.684766E+1
2.500000E-1	1.470411E-4	1.470411E-4	8.742274E-10	9.708887E+1
2.000000E-1	1.149670E-4	1.149670E-4	6.835318E-10	9.736133E+1
1.500000E-1	7.056742E-5	7.056742E-5	4.195559E-10	9.763281E+1
1.000000E-1	4.080460E-5	4.080460E-5	2.426022E-10	9.790527E+1
5.000000E-2	1.718393E-5	1.718393E-5	1.021664E-10	9.817773E+1
0.000000E+0	1.834433E-8	-1.834433E-8	-1.090655E-13	9.916699E+1
-5.000000E-2	1.058815E-5	-1.058815E-5	-6.295146E-11	9.978125E+1
-1.000000E-1	3.738396E-5	-3.738396E-5	-2.222649E-10	1.006250E+2
-1.500000E-1	6.534854E-5	-6.534854E-5	-3.885272E-10	1.008975E+2
-2.000000E-1	9.970883E-5	-9.970883E-5	-5.928150E-10	1.011699E+2
-2.500000E-1	1.406412E-4	-1.406412E-4	-8.361766E-10	1.014424E+2
-3.000000E-1	1.507476E-4	-1.507476E-4	-8.962638E-10	1.017139E+2
-3.500000E-1	1.605638E-4	-1.605638E-4	-9.546258E-10	1.019863E+2
-4.000000E-1	3.304820E-4	-3.304820E-4	-1.964868E-9	1.026592E+2
-4.500000E-1	4.047190E-4	-4.047190E-4	-2.406241E-9	1.027773E+2
-5.000000E-1	4.786476E-4	-4.786476E-4	-2.845781E-9	1.028955E+2
-5.000000E-1	4.785317E-4	-4.785317E-4	-2.845092E-9	1.030127E+2
-4.500000E-1	4.030309E-4	-4.030309E-4	-2.396205E-9	1.031309E+2
-4.000000E-1	3.257542E-4	-3.257542E-4	-1.936759E-9	1.032490E+2
-3.500000E-1	2.568374E-4	-2.568374E-4	-1.527017E-9	1.033672E+2
-3.000000E-1	1.969649E-4	-1.969649E-4	-1.171047E-9	1.034854E+2
-2.500000E-1	1.412563E-4	-1.412563E-4	-8.398341E-10	1.037266E+2
-2.000000E-1	9.782392E-5	-9.782392E-5	-5.816084E-10	1.039980E+2
-1.500000E-1	6.543919E-5	-6.543919E-5	-3.890662E-10	1.042705E+2
-1.000000E-1	3.766739E-5	-3.766739E-5	-2.239500E-10	1.045430E+2
-5.000000E-2	1.686064E-5	-1.686064E-5	-1.002443E-10	1.048154E+2
0.000000E+0	1.359381E-7	1.359381E-7	8.082146E-13	1.058047E+2
0.000000E+0	1.134926E-7	1.134926E-7	6.747658E-13	1.064189E+2
5.000000E-2	1.046769E-5	1.046769E-5	6.223523E-11	1.070332E+2
1.000000E-1	1.473938E-5	1.473938E-5	8.763244E-11	1.076465E+2
1.500000E-1	6.884290E-5	6.884290E-5	4.093028E-10	1.083193E+2
2.000000E-1	1.030701E-4	1.030701E-4	6.127995E-10	1.085918E+2
2.500000E-1	1.450762E-4	1.450762E-4	8.625448E-10	1.088633E+2
3.000000E-1	2.245932E-4	2.245932E-4	1.335310E-9	1.095361E+2
3.500000E-1	2.963691E-4	2.963691E-4	1.762051E-9	1.096543E+2
4.000000E-1	3.991631E-4	3.991631E-4	2.373209E-9	1.097715E+2
4.500000E-1	5.030726E-4	5.030726E-4	2.990999E-9	1.098896E+2
5.000000E-1	6.087812E-4	6.087812E-4	3.619485E-9	1.100078E+2
5.000000E-1	6.128868E-4	6.128868E-4	3.643895E-9	1.101260E+2
4.500000E-1	4.875219E-4	4.875219E-4	2.898543E-9	1.102441E+2
4.000000E-1	3.987058E-4	3.987058E-4	2.370490E-9	1.103613E+2
3.500000E-1	2.983999E-4	2.983999E-4	1.774125E-9	1.104795E+2
3.000000E-1	2.251928E-4	2.251928E-4	1.338875E-9	1.105977E+2
2.500000E-1	1.451410E-4	1.451410E-4	8.629304E-10	1.108389E+2
2.000000E-1	1.076023E-4	1.076023E-4	6.397451E-10	1.111113E+2
1.500000E-1	6.790236E-5	6.790236E-5	4.037109E-10	1.113838E+2
1.000000E-1	3.996349E-5	3.996349E-5	2.376014E-10	1.116553E+2
5.000000E-2	1.061202E-5	1.061202E-5	6.309333E-11	1.126455E+2
0.000000E+0	1.648189E-7	-1.648189E-7	-9.799245E-13	1.132588E+2
-5.000000E-2	1.000279E-5	-1.000279E-5	-5.947123E-11	1.138740E+2
-1.000000E-1	1.464816E-5	-1.464816E-5	-8.709010E-11	1.144873E+2
-1.500000E-1	6.190229E-5	-6.190229E-5	-3.680377E-10	1.151611E+2
-2.000000E-1	9.991009E-5	-9.991009E-5	-5.940116E-10	1.154326E+2
-2.500000E-1	1.382702E-4	-1.382702E-4	-8.220801E-10	1.157051E+2
-3.000000E-1	1.497158E-4	-1.497158E-4	-8.901296E-10	1.159775E+2
-3.500000E-1	1.602743E-4	-1.602743E-4	-9.529048E-10	1.162500E+2
-4.000000E-1	3.290715E-4	-3.290715E-4	-1.956482E-9	1.169229E+2
-4.500000E-1	4.128302E-4	-4.128302E-4	-2.454466E-9	1.170400E+2
-5.000000E-1	4.877583E-4	-4.877583E-4	-2.899948E-9	1.171582E+2
-5.000000E-1	4.832446E-4	-4.832446E-4	-2.873112E-9	1.172764E+2
-4.500000E-1	4.079607E-4	-4.079607E-4	-2.425515E-9	1.173945E+2
-4.000000E-1	3.388681E-4	-3.388681E-4	-2.014727E-9	1.175127E+2
-3.500000E-1	2.665018E-4	-2.665018E-4	-1.584476E-9	1.176299E+2
-3.000000E-1	2.089523E-4	-2.089523E-4	-1.242318E-9	1.177480E+2
-2.500000E-1	1.431590E-4	-1.431590E-4	-8.511462E-10	1.179893E+2
-2.000000E-1	1.014312E-4	-1.014312E-4	-6.030555E-10	1.182617E+2
-1.500000E-1	6.346417E-5	-6.346417E-5	-3.773238E-10	1.185342E+2
-1.000000E-1	3.764421E-5	-3.764421E-5	-2.238122E-10	1.188057E+2
-5.000000E-2	1.055434E-5	-1.055434E-5	-6.275043E-11	1.197959E+2
0.000000E+0	1.702319E-8	1.702319E-8	1.012107E-13	1.204102E+2
0.000000E+0	2.124479E-7	2.124479E-7	1.263101E-12	1.210244E+2
5.000000E-2	1.006524E-5	1.006524E-5	5.984253E-11	1.216387E+2
1.000000E-1	3.600937E-5	3.600937E-5	2.140923E-10	1.226523E+2
1.500000E-1	6.356877E-5	6.356877E-5	3.779457E-10	1.229248E+2
2.000000E-1	1.016185E-4	1.016185E-4	6.041689E-10	1.231973E+2
2.500000E-1	1.625476E-4	1.625476E-4	9.664207E-10	1.238691E+2
3.000000E-1	2.212918E-4	2.212918E-4	1.315682E-9	1.239873E+2
3.500000E-1	2.967440E-4	2.967440E-4	1.764280E-9	1.241055E+2
4.000000E-1	3.792832E-4	3.792832E-4	2.255014E-9	1.242227E+2
4.500000E-1	4.901589E-4	4.901589E-4	2.914221E-9	1.243408E+2
5.000000E-1	5.874704E-4	5.874704E-4	3.492783E-9	1.244590E+2
5.000000E-1	5.723895E-4	5.723895E-4	3.403120E-9	1.245771E+2
4.500000E-1	4.423374E-4	4.423374E-4	2.629900E-9	1.246953E+2
4.000000E-1	3.517390E-4	3.517390E-4	2.091251E-9	1.248125E+2
3.500000E-1	2.820417E-4	2.820417E-4	1.676868E-9	1.249307E+2
3.000000E-1	2.146557E-4	2.146557E-4	1.276227E-9	1.250488E+2
2.500000E-1	1.454150E-4	1.454150E-4	8.645591E-10	1.252900E+2
2.000000E-1	1.032683E-4	1.032683E-4	6.139778E-10	1.255625E+2
1.500000E-1	6.140494E-5	6.140494E-5	3.650807E-10	1.258350E+2
1.000000E-1	3.672090E-5	3.672090E-5	2.183227E-10	1.261064E+2
5.000000E-2	1.063226E-5	1.063226E-5	6.321371E-11	1.270967E+2
0.000000E+0	1.842510E-7	-1.842510E-7	-1.095457E-12	1.277100E+2
-5.000000E-2	1.006429E-5	-1.006429E-5	-5.983682E-11	1.283242E+2
-1.000000E-1	1.466351E-5	-1.466351E-5	-8.718135E-11	1.289385E+2
-1.500000E-1	1.515997E-5	-1.515997E-5	-9.013304E-11	1.295527E+2
-2.000000E-1	9.204145E-5	-9.204145E-5	-5.472289E-10	1.302266E+2
-2.500000E-1	1.346171E-4	-1.346171E-4	-8.003606E-10	1.304980E+2
-3.000000E-1	1.491860E-4	-1.491860E-4	-8.869795E-10	1.307705E+2
-3.500000E-1	2.352379E-4	-2.352379E-4	-1.398598E-9	1.314434E+2
-4.000000E-1	3.001156E-4	-3.001156E-4	-1.784326E-9	1.315615E+2
-4.500000E-1	3.662353E-4	-3.662353E-4	-2.177438E-9	1.316787E+2
-5.000000E-1	4.297306E-4	-4.297306E-4	-2.554947E-9	1.317969E+2
-5.000000E-1	4.322795E-4	-4.322795E-4	-2.570101E-9	1.319150E+2
-4.500000E-1	3.635475E-4	-3.635475E-4	-2.161458E-9	1.320332E+2
-4.000000E-1	2.960115E-4	-2.960115E-4	-1.759925E-9	1.321514E+2
-3.500000E-1	2.355935E-4	-2.355935E-4	-1.400712E-9	1.322686E+2
-3.000000E-1	1.766300E-4	-1.766300E-4	-1.050147E-9	1.323867E+2
-2.500000E-1	1.288243E-4	-1.288243E-4	-7.659201E-10	1.326279E+2
-2.000000E-1	9.072946E-5	-9.072946E-5	-5.394285E-10	1.329004E+2
-1.500000E-1	6.067548E-5	-6.067548E-5	-3.607437E-10	1.331729E+2
-1.000000E-1	3.573438E-5	-3.573438E-5	-2.124574E-10	1.334453E+2
-5.000000E-2	1.015178E-5	-1.015178E-5	-6.035700E-11	1.344346E+2
0.000000E+0	4.182855E-8	4.182855E-8	2.486900E-13	1.350488E+2
0.000000E+0	4.828254E-8	4.828254E-8	2.870620E-13	1.356631E+2
5.000000E-2	1.047464E-5	1.047464E-5	6.227659E-11	1.362773E+2
1.000000E-1	3.661135E-5	3.661135E-5	2.176714E-10	1.369502E+2
1.500000E-1	6.405514E-5	6.405514E-5	3.808374E-10	1.372217E+2
2.000000E-1	1.013262E-4	1.013262E-4	6.024310E-10	1.374941E+2
2.500000E-1	1.588218E-4	1.588218E-4	9.442687E-10	1.381670E+2
3.000000E-1	2.172410E-4	2.172410E-4	1.291598E-9	1.382842E+2
3.500000E-1	2.785824E-4	2.785824E-4	1.656301E-9	1.384023E+2
4.000000E-1	3.476420E-4	3.476420E-4	2.066892E-9	1.385205E+2
4.500000E-1	4.560744E-4	4.560744E-4	2.711573E-9	1.386387E+2
5.000000E-1	5.628932E-4	5.628932E-4	3.346660E-9	1.387559E+2
5.000000E-1	5.771323E-4	5.771323E-4	3.431318E-9	1.388740E+2
4.500000E-1	4.867361E-4	4.867361E-4	2.893871E-9	1.389922E+2
4.000000E-1	3.968136E-4	3.968136E-4	2.359240E-9	1.391104E+2
3.500000E-1	2.812571E-4	2.812571E-4	1.672203E-9	1.392285E+2
3.000000E-1	2.113027E-4	2.113027E-4	1.256292E-9	1.393457E+2
2.500000E-1	1.439694E-4	1.439694E-4	8.559647E-10	1.395879E+2
2.000000E-1	1.049687E-4	1.049687E-4	6.240875E-10	1.398594E+2
1.500000E-1	6.680068E-5	6.680068E-5	3.971609E-10	1.401318E+2
1.000000E-1	3.642538E-5	3.642538E-5	2.165657E-10	1.404043E+2
5.000000E-2	1.089396E-5	1.089396E-5	6.476964E-11	1.413936E+2
0.000000E+0	9.482147E-8	-9.482147E-8	-5.637574E-13	1.420068E+2
-5.000000E-2	9.984892E-6	-9.984892E-6	-5.936479E-11	1.426221E+2
-1.000000E-1	3.722626E-5	-3.722626E-5	-2.213273E-10	1.432949E+2
-1.500000E-1	6.279847E-5	-6.279847E-5	-3.733659E-10	1.435664E+2
-2.000000E-1	9.442275E-5	-9.442275E-5	-5.613868E-10	1.438389E+2
-2.500000E-1	1.349558E-4	-1.349558E-4	-8.023745E-10	1.441113E+2
-3.000000E-1	1.497203E-4	-1.497203E-4	-8.901563E-10	1.443828E+2
-3.500000E-1	2.468538E-4	-2.468538E-4	-1.467660E-9	1.450557E+2
-4.000000E-1	3.037374E-4	-3.037374E-4	-1.805859E-9	1.451738E+2
-4.500000E-1	3.748101E-4	-3.748101E-4	-2.228419E-9	1.452920E+2
-5.000000E-1	4.493086E-4	-4.493086E-4	-2.671347E-9	1.454102E+2
-5.000000E-1	4.498428E-4	-4.498428E-4	-2.674523E-9	1.455283E+2
-4.500000E-1	4.002392E-4	-4.002392E-4	-2.379607E-9	1.456455E+2
-4.000000E-1	3.118505E-4	-3.118505E-4	-1.854095E-9	1.457637E+2
-3.500000E-1	2.416578E-4	-2.416578E-4	-1.436767E-9	1.458818E+2
-3.000000E-1	1.866235E-4	-1.866235E-4	-1.109563E-9	1.460000E+2
-2.500000E-1	1.311487E-4	-1.311487E-4	-7.797393E-10	1.462412E+2
-2.000000E-1	9.270776E-5	-9.270776E-5	-5.511904E-10	1.465137E+2
-1.500000E-1	6.147894E-5	-6.147894E-5	-3.655207E-10	1.467861E+2
-1.000000E-1	3.590334E-5	-3.590334E-5	-2.134619E-10	1.470576E+2
-5.000000E-2	1.059733E-5	-1.059733E-5	-6.300602E-11	1.480479E+2
0.000000E+0	1.140481E-8	-1.140481E-8	-6.780687E-14	1.486621E+2
0.000000E+0	1.262862E-7	1.262862E-7	7.508300E-13	1.492764E+2
5.000000E-2	1.107317E-5	1.107317E-5	6.583508E-11	1.498906E+2
1.000000E-1	3.947626E-5	3.947626E-5	2.347046E-10	1.507334E+2
1.500000E-1	7.051558E-5	7.051558E-5	4.192477E-10	1.510059E+2
2.000000E-1	1.101393E-4	1.101393E-4	6.548290E-10	1.512783E+2
2.500000E-1	1.590048E-4	1.590048E-4	9.453567E-10	1.519502E+2
3.000000E-1	2.106972E-4	2.106972E-4	1.252692E-9	1.520684E+2
3.500000E-1	2.886265E-4	2.886265E-4	1.716018E-9	1.521865E+2
4.000000E-1	3.697101E-4	3.697101E-4	2.198097E-9	1.523037E+2
4.500000E-1	4.593233E-4	4.593233E-4	2.730889E-9	1.524219E+2
5.000000E-1	5.629501E-4	5.629501E-4	3.346998E-9	1.525400E+2
5.000000E-1	5.641463E-4	5.641463E-4	3.354110E-9	1.526582E+2
4.500000E-1	4.633235E-4	4.633235E-4	2.754672E-9	1.527764E+2
4.000000E-1	3.711846E-4	3.711846E-4	2.206864E-9	1.528936E+2
3.500000E-1	2.833815E-4	2.833815E-4	1.684834E-9	1.530117E+2
3.000000E-1	2.128151E-4	2.128151E-4	1.265284E-9	1.531299E+2
2.500000E-1	1.437926E-4	1.437926E-4	8.549135E-10	1.533711E+2
2.000000E-1	1.047838E-4	1.047838E-4	6.229878E-10	1.536436E+2
1.500000E-1	6.875663E-5	6.875663E-5	4.087899E-10	1.539160E+2
1.000000E-1	3.791941E-5	3.791941E-5	2.254484E-10	1.541875E+2
5.000000E-2	1.067064E-5	1.067064E-5	6.344186E-11	1.551777E+2
0.000000E+0	1.010421E-7	-1.010421E-7	-6.007417E-13	1.557910E+2
-5.000000E-2	1.043181E-5	-1.043181E-5	-6.202194E-11	1.564053E+2
-1.000000E-1	3.636688E-5	-3.636688E-5	-2.162179E-10	1.570781E+2
-1.500000E-1	6.196510E-5	-6.196510E-5	-3.684111E-10	1.573506E+2
-2.000000E-1	9.383767E-5	-9.383767E-5	-5.579083E-10	1.576230E+2
-2.500000E-1	1.364242E-4	-1.364242E-4	-8.111048E-10	1.578955E+2
-3.000000E-1	1.502074E-4	-1.502074E-4	-8.930522E-10	1.581670E+2
-3.500000E-1	2.464174E-4	-2.464174E-4	-1.465065E-9	1.588398E+2
-4.000000E-1	3.196672E-4	-3.196672E-4	-1.900569E-9	1.589580E+2
-4.500000E-1	3.758211E-4	-3.758211E-4	-2.234430E-9	1.590762E+2
-5.000000E-1	4.528915E-4	-4.528915E-4	-2.692649E-9	1.591943E+2
-5.000000E-1	4.587847E-4	-4.587847E-4	-2.727687E-9	1.593125E+2
-4.500000E-1	3.842001E-4	-3.842001E-4	-2.284247E-9	1.594297E+2
-4.000000E-1	3.148639E-4	-3.148639E-4	-1.872011E-9	1.595479E+2
-3.500000E-1	2.455814E-4	-2.455814E-4	-1.460095E-9	1.596660E+2
-3.000000E-1	1.911283E-4	-1.911283E-4	-1.136346E-9	1.597842E+2
-2.500000E-1	1.375864E-4	-1.375864E-4	-8.180147E-10	1.600254E+2
-2.000000E-1	1.017577E-4	-1.017577E-4	-6.049964E-10	1.602979E+2
-1.500000E-1	6.840236E-5	-6.840236E-5	-4.066836E-10	1.605693E+2
-1.000000E-1	3.896606E-5	-3.896606E-5	-2.316712E-10	1.608418E+2
-5.000000E-2	1.806129E-5	-1.806129E-5	-1.073827E-10	1.611143E+2
0.000000E+0	1.357980E-7	1.357980E-7	8.073819E-13	1.621035E+2
0.000000E+0	7.933183E-8	7.933183E-8	4.716644E-13	1.627178E+2
5.000000E-2	1.073672E-5	1.073672E-5	6.383478E-11	1.633320E+2
1.000000E-1	1.472813E-5	1.472813E-5	8.756556E-11	1.639453E+2
1.500000E-1	6.763645E-5	6.763645E-5	4.021299E-10	1.646182E+2
2.000000E-1	1.093861E-4	1.093861E-4	6.503509E-10	1.648906E+2
2.500000E-1	1.459011E-4	1.459011E-4	8.674492E-10	1.651621E+2
3.000000E-1	2.230981E-4	2.230981E-4	1.326421E-9	1.658350E+2
3.500000E-1	2.920318E-4	2.920318E-4	1.736264E-9	1.659531E+2
4.000000E-1	3.804445E-4	3.804445E-4	2.261918E-9	1.660713E+2
4.500000E-1	4.897554E-4	4.897554E-4	2.911822E-9	1.661885E+2
5.000000E-1	5.811801E-4	5.811801E-4	3.455384E-9	1.663066E+2
5.000000E-1	5.875535E-4	5.875535E-4	3.493277E-9	1.664248E+2
4.500000E-1	5.016115E-4	5.016115E-4	2.982312E-9	1.665430E+2
4.000000E-1	3.838455E-4	3.838455E-4	2.282139E-9	1.666611E+2
3.500000E-1	2.996724E-4	2.996724E-4	1.781691E-9	1.667783E+2
3.000000E-1	2.331681E-4	2.331681E-4	1.386292E-9	1.668965E+2
2.500000E-1	1.457807E-4	1.457807E-4	8.667336E-10	1.671377E+2
2.000000E-1	1.087594E-4	1.087594E-4	6.466248E-10	1.674102E+2
1.500000E-1	6.792300E-5	6.792300E-5	4.038336E-10	1.676816E+2
1.000000E-1	3.814698E-5	3.814698E-5	2.268014E-10	1.679541E+2
5.000000E-2	1.733442E-5	1.733442E-5	1.030611E-10	1.682266E+2
0.000000E+0	9.936612E-9	-9.936612E-9	-5.907774E-14	1.692158E+2
-5.000000E-2	1.116613E-5	-1.116613E-5	-6.638777E-11	1.698301E+2
-1.000000E-1	3.671399E-5	-3.671399E-5	-2.182816E-10	1.706748E+2
-1.500000E-1	6.355224E-5	-6.355224E-5	-3.778474E-10	1.709463E+2
-2.000000E-1	9.796664E-5	-9.796664E-5	-5.824569E-10	1.712188E+2
-2.500000E-1	1.367693E-4	-1.367693E-4	-8.131565E-10	1.714912E+2
-3.000000E-1	1.497138E-4	-1.497138E-4	-8.901174E-10	1.717637E+2
-3.500000E-1	1.580323E-4	-1.580323E-4	-9.395750E-10	1.720352E+2
-4.000000E-1	3.107365E-4	-3.107365E-4	-1.847472E-9	1.727080E+2
-4.500000E-1	3.664827E-4	-3.664827E-4	-2.178909E-9	1.728262E+2
-5.000000E-1	4.430889E-4	-4.430889E-4	-2.634368E-9	1.729443E+2
-5.000000E-1	4.410125E-4	-4.410125E-4	-2.622023E-9	1.730625E+2
-4.500000E-1	3.683662E-4	-3.683662E-4	-2.190107E-9	1.731797E+2
-4.000000E-1	3.013221E-4	-3.013221E-4	-1.791499E-9	1.732979E+2
-3.500000E-1	2.366888E-4	-2.366888E-4	-1.407224E-9	1.734160E+2
-3.000000E-1	1.821690E-4	-1.821690E-4	-1.083079E-9	1.735342E+2
-2.500000E-1	1.327506E-4	-1.327506E-4	-7.892637E-10	1.737754E+2
-2.000000E-1	9.289028E-5	-9.289028E-5	-5.522756E-10	1.740479E+2
-1.500000E-1	6.304057E-5	-6.304057E-5	-3.748053E-10	1.743193E+2
-1.000000E-1	3.743536E-5	-3.743536E-5	-2.225705E-10	1.745918E+2
-5.000000E-2	1.007323E-5	-1.007323E-5	-5.989001E-11	1.755820E+2
0.000000E+0	2.252252E-8	2.252252E-8	1.339068E-13	1.761953E+2
0.000000E+0	8.626669E-8	8.626669E-8	5.128953E-13	1.768105E+2
5.000000E-2	1.088721E-5	1.088721E-5	6.472949E-11	1.774238E+2
1.000000E-1	3.891940E-5	3.891940E-5	2.313938E-10	1.782676E+2
1.500000E-1	6.767677E-5	6.767677E-5	4.023696E-10	1.785400E+2
2.000000E-1	1.042822E-4	1.042822E-4	6.200059E-10	1.788115E+2
2.500000E-1	1.594292E-4	1.594292E-4	9.478800E-10	1.796016E+2
3.000000E-1	2.198511E-4	2.198511E-4	1.307116E-9	1.797197E+2
3.500000E-1	2.890110E-4	2.890110E-4	1.718304E-9	1.798379E+2
4.000000E-1	3.781195E-4	3.781195E-4	2.248095E-9	1.799561E+2
4.500000E-1	4.715205E-4	4.715205E-4	2.803407E-9	1.800742E+2
5.000000E-1	5.902223E-4	5.902223E-4	3.509144E-9	1.801914E+2
5.000000E-1	5.972734E-4	5.972734E-4	3.551066E-9	1.803096E+2
4.500000E-1	4.722365E-4	4.722365E-4	2.807664E-9	1.804277E+2
4.000000E-1	3.809077E-4	3.809077E-4	2.264672E-9	1.805459E+2
3.500000E-1	2.856106E-4	2.856106E-4	1.698087E-9	1.806641E+2
3.000000E-1	2.231162E-4	2.231162E-4	1.326529E-9	1.807813E+2
2.500000E-1	1.444275E-4	1.444275E-4	8.586883E-10	1.810234E+2
2.000000E-1	1.037325E-4	1.037325E-4	6.167379E-10	1.812949E+2
1.500000E-1	6.629881E-5	6.629881E-5	3.941770E-10	1.815674E+2
1.000000E-1	3.774669E-5	3.774669E-5	2.244215E-10	1.818398E+2
5.000000E-2	1.101448E-5	1.101448E-5	6.548615E-11	1.828291E+2
0.000000E+0	1.548520E-7	-1.548520E-7	-9.206663E-13	1.834424E+2
-5.000000E-2	1.062394E-5	-1.062394E-5	-6.316425E-11	1.840566E+2
-1.000000E-1	1.473668E-5	-1.473668E-5	-8.761637E-11	1.846709E+2
-1.500000E-1	1.523079E-5	-1.523079E-5	-9.055405E-11	1.852852E+2
-2.000000E-1	9.634966E-5	-9.634966E-5	-5.728432E-10	1.859580E+2
-2.500000E-1	1.365764E-4	-1.365764E-4	-8.120099E-10	1.862305E+2
-3.000000E-1	1.500196E-4	-1.500196E-4	-8.919357E-10	1.865029E+2
-3.500000E-1	2.383396E-4	-2.383396E-4	-1.417039E-9	1.871758E+2
-4.000000E-1	3.122526E-4	-3.122526E-4	-1.856486E-9	1.872939E+2
-4.500000E-1	3.804795E-4	-3.804795E-4	-2.262126E-9	1.874111E+2
-5.000000E-1	4.732928E-4	-4.732928E-4	-2.813944E-9	1.875293E+2
-5.000000E-1	4.655479E-4	-4.655479E-4	-2.767897E-9	1.876475E+2
-4.500000E-1	3.840772E-4	-3.840772E-4	-2.283516E-9	1.877656E+2
-4.000000E-1	3.108527E-4	-3.108527E-4	-1.848163E-9	1.878838E+2
-3.500000E-1	2.425470E-4	-2.425470E-4	-1.442054E-9	1.880010E+2
-3.000000E-1	1.915014E-4	-1.915014E-4	-1.138564E-9	1.881191E+2
-2.500000E-1	1.330297E-4	-1.330297E-4	-7.909228E-10	1.883604E+2
-2.000000E-1	9.484660E-5	-9.484660E-5	-5.639068E-10	1.886328E+2
-1.500000E-1	6.628833E-5	-6.628833E-5	-3.941147E-10	1.889053E+2
-1.000000E-1	3.762529E-5	-3.762529E-5	-2.236997E-10	1.891777E+2
-5.000000E-2	1.740790E-5	-1.740790E-5	-1.034980E-10	1.894492E+2
0.000000E+0	1.347150E-7	1.347150E-7	8.009426E-13	1.904395E+2
0.000000E+0	1.904739E-7	1.904739E-7	1.132455E-12	1.910537E+2
5.000000E-2	1.165940E-5	1.165940E-5	6.932049E-11	1.916680E+2
1.000000E-1	4.021000E-5	4.021000E-5	2.390670E-10	1.926816E+2
1.500000E-1	7.162033E-5	7.162033E-5	4.258159E-10	1.929541E+2
2.000000E-1	1.142894E-4	1.142894E-4	6.795035E-10	1.932256E+2
2.500000E-1	1.684122E-4	1.684122E-4	1.001288E-9	1.938984E+2
3.000000E-1	2.350252E-4	2.350252E-4	1.397333E-9	1.940166E+2
3.500000E-1	3.094068E-4	3.094068E-4	1.839566E-9	1.941338E+2
4.000000E-1	3.886062E-4	3.886062E-4	2.310443E-9	1.942520E+2
4.500000E-1	4.968285E-4	4.968285E-4	2.953875E-9	1.943701E+2
5.000000E-1	5.896821E-4	5.896821E-4	3.505932E-9	1.944883E+2
5.000000E-1	5.926578E-4	5.926578E-4	3.523624E-9	1.946064E+2
4.500000E-1	4.737358E-4	4.737358E-4	2.816578E-9	1.947236E+2
4.000000E-1	3.831892E-4	3.831892E-4	2.278237E-9	1.948418E+2
3.500000E-1	2.931840E-4	2.931840E-4	1.743114E-9	1.949600E+2
3.000000E-1	2.242110E-4	2.242110E-4	1.333038E-9	1.950781E+2
2.500000E-1	1.454942E-4	1.454942E-4	8.650302E-10	1.953193E+2
2.000000E-1	1.093476E-4	1.093476E-4	6.501220E-10	1.955918E+2
1.500000E-1	6.974360E-5	6.974360E-5	4.146579E-10	1.958633E+2
1.000000E-1	3.951893E-5	3.951893E-5	2.349583E-10	1.961357E+2
5.000000E-2	1.768048E-5	1.768048E-5	1.051186E-10	1.964082E+2
0.000000E+0	3.170985E-8	-3.170985E-8	-1.885297E-13	1.973975E+2
-5.000000E-2	1.074866E-5	-1.074866E-5	-6.390574E-11	1.980117E+2
-1.000000E-1	3.790325E-5	-3.790325E-5	-2.253523E-10	1.988555E+2
-1.500000E-1	6.463828E-5	-6.463828E-5	-3.843044E-10	1.991279E+2
-2.000000E-1	9.508730E-5	-9.508730E-5	-5.653379E-10	1.994004E+2
-2.500000E-1	1.339002E-4	-1.339002E-4	-7.960984E-10	1.996719E+2
-3.000000E-1	1.491238E-4	-1.491238E-4	-8.866100E-10	1.999443E+2
-3.500000E-1	1.581405E-4	-1.581405E-4	-9.402180E-10	2.002168E+2
-4.000000E-1	2.949162E-4	-2.949162E-4	-1.753413E-9	2.008896E+2
-4.500000E-1	3.651304E-4	-3.651304E-4	-2.170869E-9	2.010068E+2
-5.000000E-1	4.740598E-4	-4.740598E-4	-2.818504E-9	2.011250E+2
-5.000000E-1	4.470889E-4	-4.470889E-4	-2.658150E-9	2.012432E+2
-4.500000E-1	3.639413E-4	-3.639413E-4	-2.163799E-9	2.013613E+2
-4.000000E-1	3.022817E-4	-3.022817E-4	-1.797204E-9	2.014795E+2
-3.500000E-1	2.474682E-4	-2.474682E-4	-1.471313E-9	2.015967E+2
-3.000000E-1	1.932947E-4	-1.932947E-4	-1.149226E-9	2.017148E+2
-2.500000E-1	1.335981E-4	-1.335981E-4	-7.943023E-10	2.019561E+2
-2.000000E-1	9.362226E-5	-9.362226E-5	-5.566275E-10	2.022285E+2
-1.500000E-1	6.165964E-5	-6.165964E-5	-3.665950E-10	2.025010E+2
-1.000000E-1	3.694849E-5	-3.694849E-5	-2.196758E-10	2.027725E+2
-5.000000E-2	1.686078E-5	-1.686078E-5	-1.002451E-10	2.030449E+2
0.000000E+0	1.443155E-7	1.443155E-7	8.580220E-13	2.040352E+2
0.000000E+0	1.672465E-7	1.672465E-7	9.943574E-13	2.046494E+2
5.000000E-2	1.121974E-5	1.121974E-5	6.670656E-11	2.052637E+2
1.000000E-1	1.469693E-5	1.469693E-5	8.738001E-11	2.058770E+2
1.500000E-1	1.519646E-5	1.519646E-5	9.034997E-11	2.064912E+2
2.000000E-1	1.042472E-4	1.042472E-4	6.197978E-10	2.071631E+2
2.500000E-1	1.433840E-4	1.433840E-4	8.524842E-10	2.074355E+2
3.000000E-1	1.526820E-4	1.526820E-4	9.077647E-10	2.077080E+2
3.500000E-1	2.873281E-4	2.873281E-4	1.708298E-9	2.083799E+2
4.000000E-1	3.626126E-4	3.626126E-4	2.155899E-9	2.084980E+2
4.500000E-1	4.536285E-4	4.536285E-4	2.697031E-9	2.086162E+2
5.000000E-1	5.632584E-4	5.632584E-4	3.348831E-9	2.087344E+2
5.000000E-1	5.540083E-4	5.540083E-4	3.293835E-9	2.088516E+2
4.500000E-1	4.355209E-4	4.355209E-4	2.589373E-9	2.089697E+2
4.000000E-1	3.534129E-4	3.534129E-4	2.101203E-9	2.090879E+2
3.500000E-1	2.767656E-4	2.767656E-4	1.645499E-9	2.092061E+2
3.000000E-1	2.079827E-4	2.079827E-4	1.236553E-9	2.093242E+2
2.500000E-1	1.425381E-4	1.425381E-4	8.474546E-10	2.095654E+2
2.000000E-1	1.005337E-4	1.005337E-4	5.977195E-10	2.098369E+2
1.500000E-1	6.265370E-5	6.265370E-5	3.725052E-10	2.101094E+2
1.000000E-1	3.598589E-5	3.598589E-5	2.139527E-10	2.103818E+2
5.000000E-2	1.039351E-5	1.039351E-5	6.179424E-11	2.113711E+2
0.000000E+0	7.780996E-8	-7.780996E-8	-4.626161E-13	2.119854E+2
-5.000000E-2	1.066722E-5	-1.066722E-5	-6.342153E-11	2.125996E+2
-1.000000E-1	1.467932E-5	-1.467932E-5	-8.727534E-11	2.132139E+2
-1.500000E-1	6.115589E-5	-6.115589E-5	-3.636000E-10	2.138867E+2
-2.000000E-1	9.158066E-5	-9.158066E-5	-5.444893E-10	2.141592E+2
-2.500000E-1	1.320725E-4	-1.320725E-4	-7.852322E-10	2.144316E+2
-3.000000E-1	1.505441E-4	-1.505441E-4	-8.950541E-10	2.147031E+2
-3.500000E-1	1.565923E-4	-1.565923E-4	-9.310136E-10	2.149756E+2
-4.000000E-1	2.966520E-4	-2.966520E-4	-1.763733E-9	2.156484E+2
-4.500000E-1	3.671828E-4	-3.671828E-4	-2.183071E-9	2.157666E+2
-5.000000E-1	4.398088E-4	-4.398088E-4	-2.614866E-9	2.158848E+2
-5.000000E-1	4.189227E-4	-4.189227E-4	-2.490689E-9	2.160020E+2
-4.500000E-1	3.481227E-4	-3.481227E-4	-2.069750E-9	2.161201E+2
-4.000000E-1	2.797332E-4	-2.797332E-4	-1.663143E-9	2.162383E+2
-3.500000E-1	2.206349E-4	-2.206349E-4	-1.311776E-9	2.163564E+2
-3.000000E-1	1.721974E-4	-1.721974E-4	-1.023793E-9	2.164746E+2
-2.500000E-1	1.230756E-4	-1.230756E-4	-7.317410E-10	2.167158E+2
-2.000000E-1	8.619644E-5	-8.619644E-5	-5.124776E-10	2.169873E+2
-1.500000E-1	5.740007E-5	-5.740007E-5	-3.412699E-10	2.172598E+2
-1.000000E-1	3.444367E-5	-3.444367E-5	-2.047835E-10	2.175322E+2
-5.000000E-2	1.040279E-5	-1.040279E-5	-6.184940E-11	2.185215E+2
0.000000E+0	9.135987E-9	9.135987E-9	5.431766E-14	2.191357E+2
0.000000E+0	1.792559E-7	1.792559E-7	1.065759E-12	2.197510E+2
5.000000E-2	1.073852E-5	1.073852E-5	6.384548E-11	2.203643E+2
1.000000E-1	3.682974E-5	3.682974E-5	2.189698E-10	2.212080E+2
1.500000E-1	6.376422E-5	6.376422E-5	3.791077E-10	2.214795E+2
2.000000E-1	9.855563E-5	9.855563E-5	5.859587E-10	2.217520E+2
2.500000E-1	1.401849E-4	1.401849E-4	8.334641E-10	2.220244E+2
3.000000E-1	1.509376E-4	1.509376E-4	8.973938E-10	2.222969E+2
3.500000E-1	1.595060E-4	1.595060E-4	9.483369E-10	2.225684E+2
4.000000E-1	3.392290E-4	3.392290E-4	2.016873E-9	2.232412E+2
4.500000E-1	4.168146E-4	4.168146E-4	2.478155E-9	2.233594E+2
5.000000E-1	5.114199E-4	5.114199E-4	3.040627E-9	2.234766E+2
5.000000E-1	5.038734E-4	5.038734E-4	2.995760E-9	2.235947E+2
4.500000E-1	4.087901E-4	4.087901E-4	2.430446E-9	2.237129E+2
4.000000E-1	3.361421E-4	3.361421E-4	1.998520E-9	2.238311E+2
3.500000E-1	2.605850E-4	2.605850E-4	1.549298E-9	2.239492E+2
3.000000E-1	1.990335E-4	1.990335E-4	1.183346E-9	2.240664E+2
2.500000E-1	1.412137E-4	1.412137E-4	8.395805E-10	2.243086E+2
2.000000E-1	9.614372E-5	9.614372E-5	5.716188E-10	2.245801E+2
1.500000E-1	6.159246E-5	6.159246E-5	3.661956E-10	2.248525E+2
1.000000E-1	3.749859E-5	3.749859E-5	2.229464E-10	2.251250E+2
5.000000E-2	1.055608E-5	1.055608E-5	6.276077E-11	2.261143E+2
0.000000E+0	9.314786E-8	-9.314786E-8	-5.538070E-13	2.267275E+2
-5.000000E-2	9.886985E-6	-9.886985E-6	-5.878269E-11	2.273428E+2
-1.000000E-1	3.620758E-5	-3.620758E-5	-2.152708E-10	2.280156E+2
-1.500000E-1	6.081452E-5	-6.081452E-5	-3.615704E-10	2.282881E+2
-2.000000E-1	9.215828E-5	-9.215828E-5	-5.479235E-10	2.285596E+2
-2.500000E-1	1.300766E-4	-1.300766E-4	-7.733657E-10	2.288320E+2
-3.000000E-1	1.482389E-4	-1.482389E-4	-8.813487E-10	2.291045E+2
-3.500000E-1	1.567241E-4	-1.567241E-4	-9.317972E-10	2.293770E+2
-4.000000E-1	2.952723E-4	-2.952723E-4	-1.755530E-9	2.300488E+2
-4.500000E-1	3.714098E-4	-3.714098E-4	-2.208203E-9	2.301670E+2
-5.000000E-1	4.459067E-4	-4.459067E-4	-2.651121E-9	2.302852E+2
-5.000000E-1	4.431308E-4	-4.431308E-4	-2.634617E-9	2.304033E+2
-4.500000E-1	3.670413E-4	-3.670413E-4	-2.182230E-9	2.305215E+2
-4.000000E-1	2.947547E-4	-2.947547E-4	-1.752453E-9	2.306387E+2
-3.500000E-1	2.384469E-4	-2.384469E-4	-1.417677E-9	2.307568E+2
-3.000000E-1	1.862336E-4	-1.862336E-4	-1.107245E-9	2.308750E+2
-2.500000E-1	1.364324E-4	-1.364324E-4	-8.111533E-10	2.311162E+2
-2.000000E-1	9.811270E-5	-9.811270E-5	-5.833253E-10	2.313887E+2
-1.500000E-1	6.553740E-5	-6.553740E-5	-3.896501E-10	2.316611E+2
-1.000000E-1	3.857741E-5	-3.857741E-5	-2.293605E-10	2.319326E+2
-5.000000E-2	1.782967E-5	-1.782967E-5	-1.060056E-10	2.322051E+2
0.000000E+0	1.460848E-7	1.460848E-7	8.685413E-13	2.331943E+2
0.000000E+0	1.435008E-7	1.435008E-7	8.531786E-13	2.338096E+2
5.000000E-2	1.161547E-5	1.161547E-5	6.905931E-11	2.344229E+2
1.000000E-1	1.476584E-5	1.476584E-5	8.778975E-11	2.350371E+2
1.500000E-1	7.085864E-5	7.085864E-5	4.212873E-10	2.357100E+2
2.000000E-1	1.074583E-4	1.074583E-4	6.388894E-10	2.359814E+2
2.500000E-1	1.451207E-4	1.451207E-4	8.628094E-10	2.362539E+2
3.000000E-1	1.543516E-4	1.543516E-4	9.176914E-10	2.365264E+2
3.500000E-1	1.634756E-4	1.634756E-4	9.719378E-10	2.367979E+2
4.000000E-1	3.709392E-4	3.709392E-4	2.205405E-9	2.374707E+2
4.500000E-1	4.624822E-4	4.624822E-4	2.749670E-9	2.375889E+2
5.000000E-1	5.495869E-4	5.495869E-4	3.267548E-9	2.377061E+2
5.000000E-1	5.513819E-4	5.513819E-4	3.278220E-9	2.378242E+2
4.500000E-1	4.470743E-4	4.470743E-4	2.658063E-9	2.379424E+2
4.000000E-1	3.572441E-4	3.572441E-4	2.123981E-9	2.380605E+2
3.500000E-1	2.854934E-4	2.854934E-4	1.697390E-9	2.381787E+2
3.000000E-1	2.152662E-4	2.152662E-4	1.279857E-9	2.382959E+2
2.500000E-1	1.441276E-4	1.441276E-4	8.569048E-10	2.385381E+2
2.000000E-1	1.030937E-4	1.030937E-4	6.129398E-10	2.388096E+2
1.500000E-1	6.589601E-5	6.589601E-5	3.917822E-10	2.390820E+2
1.000000E-1	3.737336E-5	3.737336E-5	2.222019E-10	2.393545E+2
5.000000E-2	1.093439E-5	1.093439E-5	6.500998E-11	2.403437E+2
0.000000E+0	1.301820E-7	-1.301820E-7	-7.739920E-13	2.409570E+2
-5.000000E-2	1.052534E-5	-1.052534E-5	-6.257803E-11	2.415723E+2
-1.000000E-1	3.733264E-5	-3.733264E-5	-2.219598E-10	2.424160E+2
-1.500000E-1	6.317634E-5	-6.317634E-5	-3.756125E-10	2.426885E+2
-2.000000E-1	9.585258E-5	-9.585258E-5	-5.698878E-10	2.429600E+2
-2.500000E-1	1.310578E-4	-1.310578E-4	-7.791990E-10	2.432324E+2
-3.000000E-1	1.491826E-4	-1.491826E-4	-8.869591E-10	2.435049E+2
-3.500000E-1	2.303609E-4	-2.303609E-4	-1.369602E-9	2.441777E+2
-4.000000E-1	2.927705E-4	-2.927705E-4	-1.740656E-9	2.442949E+2
-4.500000E-1	3.567441E-4	-3.567441E-4	-2.121008E-9	2.444131E+2
-5.000000E-1	4.276331E-4	-4.276331E-4	-2.542476E-9	2.445313E+2
-5.000000E-1	4.362694E-4	-4.362694E-4	-2.593823E-9	2.446494E+2
-4.500000E-1	3.605905E-4	-3.605905E-4	-2.143877E-9	2.447676E+2
-4.000000E-1	2.954218E-4	-2.954218E-4	-1.756419E-9	2.448848E+2
-3.500000E-1	2.321324E-4	-2.321324E-4	-1.380134E-9	2.450029E+2
-3.000000E-1	1.808679E-4	-1.808679E-4	-1.075343E-9	2.451211E+2
-2.500000E-1	1.260137E-4	-1.260137E-4	-7.492095E-10	2.453623E+2
-2.000000E-1	9.147315E-5	-9.147315E-5	-5.438501E-10	2.456348E+2
-1.500000E-1	6.267752E-5	-6.267752E-5	-3.726468E-10	2.459072E+2
-1.000000E-1	3.667286E-5	-3.667286E-5	-2.180371E-10	2.461787E+2
-5.000000E-2	1.704113E-5	-1.704113E-5	-1.013174E-10	2.464512E+2
0.000000E+0	1.406835E-7	1.406835E-7	8.364281E-13	2.474404E+2
