voltage_10_3_22	absJ_10_3_22	J_10_3_22	current_10_3_22	time_10_3_22	
0.000000E+0	5.074560E-6	5.074560E-6	3.326212E-11	0.000000E+0
5.000000E-2	4.403690E-3	4.403690E-3	2.886478E-8	3.828125E-1
1.000000E-1	1.004298E-2	1.004298E-2	6.582853E-8	5.712891E-1
1.500000E-1	1.787103E-2	1.787103E-2	1.171389E-7	1.145508E+0
2.000000E-1	2.786703E-2	2.786703E-2	1.826595E-7	1.333984E+0
2.500000E-1	4.081018E-2	4.081018E-2	2.674977E-7	1.521484E+0
3.000000E-1	5.638430E-2	5.638430E-2	3.695811E-7	1.709961E+0
3.500000E-1	7.445050E-2	7.445050E-2	4.879993E-7	1.897461E+0
4.000000E-1	9.484005E-2	9.484005E-2	6.216463E-7	2.085938E+0
4.500000E-1	1.183505E-1	1.183505E-1	7.757501E-7	2.274414E+0
5.000000E-1	1.451222E-1	1.451222E-1	9.512298E-7	2.461914E+0
5.000000E-1	1.451358E-1	1.451358E-1	9.513188E-7	2.650391E+0
4.500000E-1	1.188658E-1	1.188658E-1	7.791271E-7	2.837891E+0
4.000000E-1	9.609006E-2	9.609006E-2	6.298397E-7	3.026367E+0
3.500000E-1	7.567522E-2	7.567522E-2	4.960269E-7	3.214844E+0
3.000000E-1	5.719351E-2	5.719351E-2	3.748852E-7	3.402344E+0
2.500000E-1	4.164270E-2	4.164270E-2	2.729546E-7	3.590820E+0
2.000000E-1	2.890147E-2	2.890147E-2	1.894399E-7	3.778320E+0
1.500000E-1	1.841046E-2	1.841046E-2	1.206747E-7	3.966797E+0
1.000000E-1	1.048662E-2	1.048662E-2	6.873644E-8	4.348633E+0
5.000000E-2	4.567611E-3	4.567611E-3	2.993923E-8	4.537109E+0
0.000000E+0	5.511776E-6	5.511776E-6	3.612793E-11	5.431641E+0
-5.000000E-2	4.397591E-3	-4.397591E-3	-2.882481E-8	5.814453E+0
-1.000000E-1	9.960312E-3	-9.960312E-3	-6.528667E-8	6.002930E+0
-1.500000E-1	1.748549E-2	-1.748549E-2	-1.146118E-7	6.577148E+0
-2.000000E-1	2.713699E-2	-2.713699E-2	-1.778743E-7	6.765625E+0
-2.500000E-1	3.859341E-2	-3.859341E-2	-2.529675E-7	6.953125E+0
-3.000000E-1	5.266068E-2	-5.266068E-2	-3.451740E-7	7.141602E+0
-3.500000E-1	6.888761E-2	-6.888761E-2	-4.515363E-7	7.330078E+0
-4.000000E-1	8.717918E-2	-8.717918E-2	-5.714317E-7	7.517578E+0
-4.500000E-1	1.068388E-1	-1.068388E-1	-7.002945E-7	7.706055E+0
-5.000000E-1	1.284928E-1	-1.284928E-1	-8.422294E-7	7.894531E+0
-5.000000E-1	1.280117E-1	-1.280117E-1	-8.390759E-7	8.082031E+0
-4.500000E-1	1.080408E-1	-1.080408E-1	-7.081733E-7	8.270508E+0
-4.000000E-1	8.904164E-2	-8.904164E-2	-5.836396E-7	8.458008E+0
-3.500000E-1	7.074891E-2	-7.074891E-2	-4.637365E-7	8.646484E+0
-3.000000E-1	5.455576E-2	-5.455576E-2	-3.575956E-7	8.834961E+0
-2.500000E-1	4.025009E-2	-4.025009E-2	-2.638265E-7	9.022461E+0
-2.000000E-1	2.775593E-2	-2.775593E-2	-1.819313E-7	9.210938E+0
-1.500000E-1	1.772487E-2	-1.772487E-2	-1.161809E-7	9.399414E+0
-1.000000E-1	1.007666E-2	-1.007666E-2	-6.604932E-8	9.780273E+0
-5.000000E-2	4.405389E-3	-4.405389E-3	-2.887592E-8	9.968750E+0
0.000000E+0	5.251337E-6	5.251337E-6	3.442084E-11	1.086328E+1
0.000000E+0	2.986335E-6	2.986335E-6	1.957447E-11	1.138770E+1
5.000000E-2	4.472279E-3	4.472279E-3	2.931436E-8	1.177051E+1
1.000000E-1	1.029754E-2	1.029754E-2	6.749709E-8	1.195801E+1
1.500000E-1	1.853355E-2	1.853355E-2	1.214815E-7	1.253223E+1
2.000000E-1	2.956742E-2	2.956742E-2	1.938050E-7	1.272070E+1
2.500000E-1	4.287567E-2	4.287567E-2	2.810363E-7	1.290918E+1
3.000000E-1	5.927106E-2	5.927106E-2	3.885029E-7	1.309668E+1
3.500000E-1	7.804067E-2	7.804067E-2	5.115317E-7	1.328516E+1
4.000000E-1	9.587197E-2	9.587197E-2	6.284102E-7	1.347266E+1
4.500000E-1	1.232901E-1	1.232901E-1	8.081270E-7	1.366113E+1
5.000000E-1	1.505216E-1	1.505216E-1	9.866211E-7	1.384961E+1
5.000000E-1	1.587520E-1	1.587520E-1	1.040569E-6	1.403711E+1
4.500000E-1	1.291409E-1	1.291409E-1	8.464773E-7	1.422559E+1
4.000000E-1	9.941443E-2	9.941443E-2	6.516299E-7	1.441406E+1
3.500000E-1	7.645855E-2	7.645855E-2	5.011614E-7	1.460156E+1
3.000000E-1	5.807212E-2	5.807212E-2	3.806442E-7	1.479004E+1
2.500000E-1	4.193456E-2	4.193456E-2	2.748677E-7	1.497754E+1
2.000000E-1	2.899937E-2	2.899937E-2	1.900816E-7	1.516602E+1
1.500000E-1	1.814258E-2	1.814258E-2	1.189188E-7	1.535449E+1
1.000000E-1	9.851958E-3	9.851958E-3	6.457644E-8	1.573535E+1
5.000000E-2	4.304567E-3	4.304567E-3	2.821506E-8	1.592383E+1
0.000000E+0	4.969296E-6	4.969296E-6	3.257215E-11	1.681836E+1
-5.000000E-2	4.144139E-3	-4.144139E-3	-2.716351E-8	1.720215E+1
-1.000000E-1	9.480071E-3	-9.480071E-3	-6.213884E-8	1.738965E+1
-1.500000E-1	1.668229E-2	-1.668229E-2	-1.093471E-7	1.796484E+1
-2.000000E-1	2.623202E-2	-2.623202E-2	-1.719425E-7	1.815234E+1
-2.500000E-1	3.757200E-2	-3.757200E-2	-2.462725E-7	1.834082E+1
-3.000000E-1	5.131504E-2	-5.131504E-2	-3.363537E-7	1.852832E+1
-3.500000E-1	6.701660E-2	-6.701660E-2	-4.392724E-7	1.871680E+1
-4.000000E-1	8.426166E-2	-8.426166E-2	-5.523083E-7	1.890527E+1
-4.500000E-1	1.035293E-1	-1.035293E-1	-6.786017E-7	1.909277E+1
-5.000000E-1	1.240725E-1	-1.240725E-1	-8.132556E-7	1.928125E+1
-5.000000E-1	1.232372E-1	-1.232372E-1	-8.077807E-7	1.946973E+1
-4.500000E-1	1.028813E-1	-1.028813E-1	-6.743542E-7	1.965723E+1
-4.000000E-1	8.378089E-2	-8.378089E-2	-5.491570E-7	1.984570E+1
-3.500000E-1	6.641359E-2	-6.641359E-2	-4.353199E-7	2.003320E+1
-3.000000E-1	5.100851E-2	-5.100851E-2	-3.343445E-7	2.022168E+1
-2.500000E-1	3.741129E-2	-3.741129E-2	-2.452191E-7	2.041016E+1
-2.000000E-1	2.591058E-2	-2.591058E-2	-1.698356E-7	2.059766E+1
-1.500000E-1	1.666493E-2	-1.666493E-2	-1.092333E-7	2.078613E+1
-1.000000E-1	9.435389E-3	-9.435389E-3	-6.184597E-8	2.116797E+1
-5.000000E-2	4.179763E-3	-4.179763E-3	-2.739701E-8	2.135547E+1
0.000000E+0	4.789499E-6	4.789499E-6	3.139364E-11	2.225098E+1
0.000000E+0	1.516121E-6	1.516121E-6	9.937690E-12	2.277441E+1
5.000000E-2	4.227115E-3	4.227115E-3	2.770739E-8	2.315723E+1
1.000000E-1	9.750190E-3	9.750190E-3	6.390938E-8	2.334473E+1
1.500000E-1	1.763756E-2	1.763756E-2	1.156086E-7	2.391992E+1
2.000000E-1	2.793530E-2	2.793530E-2	1.831070E-7	2.410742E+1
2.500000E-1	4.043039E-2	4.043039E-2	2.650083E-7	2.429590E+1
3.000000E-1	5.557831E-2	5.557831E-2	3.642981E-7	2.448340E+1
3.500000E-1	7.338144E-2	7.338144E-2	4.809919E-7	2.467188E+1
4.000000E-1	9.396758E-2	9.396758E-2	6.159275E-7	2.486035E+1
4.500000E-1	1.163525E-1	1.163525E-1	7.626537E-7	2.504785E+1
5.000000E-1	1.423873E-1	1.423873E-1	9.333030E-7	2.523633E+1
5.000000E-1	1.426800E-1	1.426800E-1	9.352220E-7	2.542480E+1
4.500000E-1	1.169067E-1	1.169067E-1	7.662860E-7	2.561230E+1
4.000000E-1	9.431048E-2	9.431048E-2	6.181751E-7	2.580078E+1
3.500000E-1	7.404899E-2	7.404899E-2	4.853675E-7	2.598828E+1
3.000000E-1	5.578851E-2	5.578851E-2	3.656759E-7	2.617676E+1
2.500000E-1	4.048392E-2	4.048392E-2	2.653592E-7	2.636523E+1
2.000000E-1	2.787985E-2	2.787985E-2	1.827435E-7	2.655273E+1
1.500000E-1	1.771337E-2	1.771337E-2	1.161055E-7	2.674121E+1
1.000000E-1	9.971290E-3	9.971290E-3	6.535863E-8	2.712305E+1
5.000000E-2	4.335351E-3	4.335351E-3	2.841684E-8	2.731055E+1
0.000000E+0	4.039025E-6	4.039025E-6	2.647452E-11	2.820605E+1
-5.000000E-2	4.148129E-3	-4.148129E-3	-2.718966E-8	2.858887E+1
-1.000000E-1	9.452272E-3	-9.452272E-3	-6.195663E-8	2.877637E+1
-1.500000E-1	1.695109E-2	-1.695109E-2	-1.111090E-7	2.935156E+1
-2.000000E-1	2.657631E-2	-2.657631E-2	-1.741992E-7	2.953906E+1
-2.500000E-1	3.801439E-2	-3.801439E-2	-2.491722E-7	2.972754E+1
-3.000000E-1	5.186100E-2	-5.186100E-2	-3.399323E-7	2.991504E+1
-3.500000E-1	6.732713E-2	-6.732713E-2	-4.413079E-7	3.010352E+1
-4.000000E-1	8.546201E-2	-8.546201E-2	-5.601762E-7	3.029199E+1
-4.500000E-1	1.040016E-1	-1.040016E-1	-6.816972E-7	3.047949E+1
-5.000000E-1	1.256212E-1	-1.256212E-1	-8.234067E-7	3.066797E+1
-5.000000E-1	1.254885E-1	-1.254885E-1	-8.225368E-7	3.085645E+1
-4.500000E-1	1.045915E-1	-1.045915E-1	-6.855637E-7	3.104395E+1
-4.000000E-1	8.482324E-2	-8.482324E-2	-5.559893E-7	3.123242E+1
-3.500000E-1	6.731316E-2	-6.731316E-2	-4.412163E-7	3.141992E+1
-3.000000E-1	5.157056E-2	-5.157056E-2	-3.380286E-7	3.160840E+1
-2.500000E-1	3.780811E-2	-3.780811E-2	-2.478201E-7	3.179688E+1
-2.000000E-1	2.612177E-2	-2.612177E-2	-1.712199E-7	3.198437E+1
-1.500000E-1	1.668066E-2	-1.668066E-2	-1.093364E-7	3.217285E+1
-1.000000E-1	9.512128E-3	-9.512128E-3	-6.234897E-8	3.255469E+1
-5.000000E-2	4.186451E-3	-4.186451E-3	-2.744085E-8	3.274219E+1
0.000000E+0	4.350860E-6	4.350860E-6	2.851850E-11	3.363770E+1
0.000000E+0	4.008718E-6	4.008718E-6	2.627587E-11	3.416113E+1
5.000000E-2	4.297938E-3	4.297938E-3	2.817161E-8	3.454395E+1
1.000000E-1	9.856579E-3	9.856579E-3	6.460673E-8	3.473145E+1
1.500000E-1	1.771067E-2	1.771067E-2	1.160878E-7	3.530664E+1
2.000000E-1	2.791367E-2	2.791367E-2	1.829652E-7	3.549414E+1
2.500000E-1	4.052603E-2	4.052603E-2	2.656352E-7	3.568262E+1
3.000000E-1	5.611997E-2	5.611997E-2	3.678485E-7	3.587012E+1
3.500000E-1	7.436660E-2	7.436660E-2	4.874493E-7	3.605859E+1
4.000000E-1	9.533230E-2	9.533230E-2	6.248728E-7	3.624707E+1
4.500000E-1	1.191406E-1	1.191406E-1	7.809285E-7	3.643457E+1
5.000000E-1	1.444196E-1	1.444196E-1	9.466245E-7	3.662305E+1
5.000000E-1	1.441460E-1	1.441460E-1	9.448311E-7	3.681152E+1
4.500000E-1	1.188236E-1	1.188236E-1	7.788508E-7	3.699902E+1
4.000000E-1	9.600508E-2	9.600508E-2	6.292827E-7	3.718750E+1
3.500000E-1	7.530722E-2	7.530722E-2	4.936148E-7	3.737500E+1
3.000000E-1	5.684228E-2	5.684228E-2	3.725830E-7	3.756348E+1
2.500000E-1	4.108452E-2	4.108452E-2	2.692959E-7	3.775195E+1
2.000000E-1	2.822111E-2	2.822111E-2	1.849804E-7	3.793945E+1
1.500000E-1	1.798335E-2	1.798335E-2	1.178751E-7	3.812793E+1
1.000000E-1	1.001323E-2	1.001323E-2	6.563350E-8	3.850977E+1
5.000000E-2	4.359960E-3	4.359960E-3	2.857815E-8	3.869727E+1
0.000000E+0	5.567226E-6	5.567226E-6	3.649139E-11	3.959277E+1
-5.000000E-2	4.254977E-3	-4.254977E-3	-2.789002E-8	3.997559E+1
-1.000000E-1	9.731952E-3	-9.731952E-3	-6.378984E-8	4.016309E+1
-1.500000E-1	1.711468E-2	-1.711468E-2	-1.121813E-7	4.073828E+1
-2.000000E-1	2.668931E-2	-2.668931E-2	-1.749399E-7	4.092578E+1
-2.500000E-1	3.838641E-2	-3.838641E-2	-2.516107E-7	4.111426E+1
-3.000000E-1	5.247967E-2	-5.247967E-2	-3.439875E-7	4.130176E+1
-3.500000E-1	6.845511E-2	-6.845511E-2	-4.487014E-7	4.149023E+1
-4.000000E-1	8.623167E-2	-8.623167E-2	-5.652211E-7	4.167871E+1
-4.500000E-1	1.056944E-1	-1.056944E-1	-6.927933E-7	4.186621E+1
-5.000000E-1	1.282605E-1	-1.282605E-1	-8.407069E-7	4.205469E+1
-5.000000E-1	1.280198E-1	-1.280198E-1	-8.391287E-7	4.224316E+1
-4.500000E-1	1.068431E-1	-1.068431E-1	-7.003223E-7	4.243066E+1
-4.000000E-1	8.627338E-2	-8.627338E-2	-5.654945E-7	4.261914E+1
-3.500000E-1	6.872890E-2	-6.872890E-2	-4.504960E-7	4.280664E+1
-3.000000E-1	5.313380E-2	-5.313380E-2	-3.482751E-7	4.299512E+1
-2.500000E-1	3.879707E-2	-3.879707E-2	-2.543024E-7	4.318359E+1
-2.000000E-1	2.687331E-2	-2.687331E-2	-1.761460E-7	4.337109E+1
-1.500000E-1	1.716543E-2	-1.716543E-2	-1.125139E-7	4.355957E+1
-1.000000E-1	9.799138E-3	-9.799138E-3	-6.423022E-8	4.394141E+1
-5.000000E-2	4.308910E-3	-4.308910E-3	-2.824353E-8	4.412891E+1
0.000000E+0	5.132025E-6	5.132025E-6	3.363879E-11	4.502441E+1
0.000000E+0	1.446672E-6	1.446672E-6	9.482470E-12	4.554785E+1
5.000000E-2	4.308068E-3	4.308068E-3	2.823801E-8	4.593066E+1
1.000000E-1	9.912425E-3	9.912425E-3	6.497278E-8	4.611816E+1
1.500000E-1	1.780019E-2	1.780019E-2	1.166746E-7	4.669336E+1
2.000000E-1	2.785933E-2	2.785933E-2	1.826090E-7	4.688086E+1
2.500000E-1	4.075822E-2	4.075822E-2	2.671571E-7	4.706934E+1
3.000000E-1	5.598573E-2	5.598573E-2	3.669686E-7	4.725684E+1
3.500000E-1	7.455963E-2	7.455963E-2	4.887146E-7	4.744531E+1
4.000000E-1	9.495452E-2	9.495452E-2	6.223966E-7	4.763379E+1
4.500000E-1	1.180499E-1	1.180499E-1	7.737796E-7	4.782129E+1
5.000000E-1	1.432844E-1	1.432844E-1	9.391832E-7	4.800977E+1
5.000000E-1	1.433544E-1	1.433544E-1	9.396426E-7	4.819824E+1
4.500000E-1	1.180676E-1	1.180676E-1	7.738952E-7	4.838574E+1
4.000000E-1	9.562941E-2	9.562941E-2	6.268203E-7	4.857422E+1
3.500000E-1	7.484936E-2	7.484936E-2	4.906137E-7	4.876172E+1
3.000000E-1	5.665591E-2	5.665591E-2	3.713614E-7	4.895020E+1
2.500000E-1	4.131720E-2	4.131720E-2	2.708211E-7	4.913867E+1
2.000000E-1	2.814253E-2	2.814253E-2	1.844653E-7	4.932617E+1
1.500000E-1	1.790554E-2	1.790554E-2	1.173651E-7	4.951465E+1
1.000000E-1	1.003075E-2	1.003075E-2	6.574835E-8	4.989648E+1
5.000000E-2	4.393930E-3	4.393930E-3	2.880081E-8	5.008398E+1
0.000000E+0	3.909267E-6	3.909267E-6	2.562400E-11	5.097852E+1
-5.000000E-2	4.298072E-3	-4.298072E-3	-2.817249E-8	5.136230E+1
-1.000000E-1	9.801144E-3	-9.801144E-3	-6.424337E-8	5.154980E+1
-1.500000E-1	1.732142E-2	-1.732142E-2	-1.135364E-7	5.212500E+1
-2.000000E-1	2.703834E-2	-2.703834E-2	-1.772277E-7	5.231250E+1
-2.500000E-1	3.909266E-2	-3.909266E-2	-2.562399E-7	5.250098E+1
-3.000000E-1	5.309078E-2	-5.309078E-2	-3.479931E-7	5.268848E+1
-3.500000E-1	6.958325E-2	-6.958325E-2	-4.560960E-7	5.287695E+1
-4.000000E-1	8.812383E-2	-8.812383E-2	-5.776236E-7	5.306543E+1
-4.500000E-1	1.083574E-1	-1.083574E-1	-7.102483E-7	5.325293E+1
-5.000000E-1	1.300578E-1	-1.300578E-1	-8.524873E-7	5.344141E+1
-5.000000E-1	1.295848E-1	-1.295848E-1	-8.493871E-7	5.362891E+1
-4.500000E-1	1.070671E-1	-1.070671E-1	-7.017909E-7	5.381738E+1
-4.000000E-1	8.681304E-2	-8.681304E-2	-5.690318E-7	5.400586E+1
-3.500000E-1	6.919678E-2	-6.919678E-2	-4.535628E-7	5.419336E+1
-3.000000E-1	5.288189E-2	-5.288189E-2	-3.466239E-7	5.438184E+1
-2.500000E-1	3.883214E-2	-3.883214E-2	-2.545323E-7	5.457031E+1
-2.000000E-1	2.690700E-2	-2.690700E-2	-1.763668E-7	5.475781E+1
-1.500000E-1	1.731202E-2	-1.731202E-2	-1.134748E-7	5.494629E+1
-1.000000E-1	9.760634E-3	-9.760634E-3	-6.397784E-8	5.532813E+1
-5.000000E-2	4.326661E-3	-4.326661E-3	-2.835988E-8	5.551563E+1
0.000000E+0	4.061353E-6	4.061353E-6	2.662087E-11	5.641113E+1
0.000000E+0	3.982830E-6	3.982830E-6	2.610618E-11	5.693457E+1
5.000000E-2	4.398094E-3	4.398094E-3	2.882810E-8	5.731738E+1
1.000000E-1	1.014461E-2	1.014461E-2	6.649466E-8	5.750488E+1
1.500000E-1	1.800876E-2	1.800876E-2	1.180417E-7	5.808008E+1
2.000000E-1	2.851030E-2	2.851030E-2	1.868759E-7	5.826758E+1
2.500000E-1	4.163363E-2	4.163363E-2	2.728952E-7	5.845605E+1
3.000000E-1	5.733382E-2	5.733382E-2	3.758049E-7	5.864355E+1
3.500000E-1	7.599662E-2	7.599662E-2	4.981336E-7	5.883203E+1
4.000000E-1	9.719965E-2	9.719965E-2	6.371127E-7	5.902051E+1
4.500000E-1	1.210921E-1	1.210921E-1	7.937204E-7	5.920801E+1
5.000000E-1	1.465540E-1	1.465540E-1	9.606149E-7	5.939648E+1
5.000000E-1	1.462264E-1	1.462264E-1	9.584677E-7	5.958398E+1
4.500000E-1	1.202616E-1	1.202616E-1	7.882763E-7	5.977246E+1
4.000000E-1	9.695574E-2	9.695574E-2	6.355139E-7	5.996094E+1
3.500000E-1	7.611381E-2	7.611381E-2	4.989017E-7	6.014844E+1
3.000000E-1	5.798239E-2	5.798239E-2	3.800561E-7	6.033691E+1
2.500000E-1	4.191841E-2	4.191841E-2	2.747618E-7	6.052441E+1
2.000000E-1	2.878921E-2	2.878921E-2	1.887041E-7	6.071289E+1
1.500000E-1	1.816528E-2	1.816528E-2	1.190676E-7	6.090137E+1
1.000000E-1	1.019919E-2	1.019919E-2	6.685246E-8	6.128320E+1
5.000000E-2	4.464059E-3	4.464059E-3	2.926048E-8	6.147070E+1
0.000000E+0	5.300476E-6	5.300476E-6	3.474293E-11	6.236523E+1
-5.000000E-2	4.330658E-3	-4.330658E-3	-2.838608E-8	6.274902E+1
-1.000000E-1	9.924191E-3	-9.924191E-3	-6.504990E-8	6.293652E+1
-1.500000E-1	1.759134E-2	-1.759134E-2	-1.153056E-7	6.351172E+1
-2.000000E-1	2.744716E-2	-2.744716E-2	-1.799074E-7	6.369922E+1
-2.500000E-1	3.961103E-2	-3.961103E-2	-2.596377E-7	6.388770E+1
-3.000000E-1	5.379885E-2	-5.379885E-2	-3.526343E-7	6.407520E+1
-3.500000E-1	7.042805E-2	-7.042805E-2	-4.616334E-7	6.426367E+1
-4.000000E-1	8.868942E-2	-8.868942E-2	-5.813308E-7	6.445215E+1
-4.500000E-1	1.086529E-1	-1.086529E-1	-7.121851E-7	6.463965E+1
-5.000000E-1	1.307196E-1	-1.307196E-1	-8.568252E-7	6.482813E+1
-5.000000E-1	1.306920E-1	-1.306920E-1	-8.566446E-7	6.501660E+1
-4.500000E-1	1.087949E-1	-1.087949E-1	-7.131157E-7	6.520410E+1
-4.000000E-1	8.852872E-2	-8.852872E-2	-5.802775E-7	6.539258E+1
-3.500000E-1	7.015995E-2	-7.015995E-2	-4.598761E-7	6.558008E+1
-3.000000E-1	5.386737E-2	-5.386737E-2	-3.530834E-7	6.576855E+1
-2.500000E-1	3.956814E-2	-3.956814E-2	-2.593565E-7	6.595703E+1
-2.000000E-1	2.735616E-2	-2.735616E-2	-1.793109E-7	6.614453E+1
-1.500000E-1	1.747850E-2	-1.747850E-2	-1.145660E-7	6.633301E+1
-1.000000E-1	9.937663E-3	-9.937663E-3	-6.513821E-8	6.671484E+1
-5.000000E-2	4.359606E-3	-4.359606E-3	-2.857583E-8	6.690234E+1
0.000000E+0	5.261486E-6	5.261486E-6	3.448736E-11	6.779785E+1
0.000000E+0	1.998537E-6	1.998537E-6	1.309977E-11	6.832129E+1
5.000000E-2	4.472428E-3	4.472428E-3	2.931534E-8	6.870410E+1
1.000000E-1	1.027427E-2	1.027427E-2	6.734454E-8	6.889160E+1
1.500000E-1	1.824693E-2	1.824693E-2	1.196028E-7	6.946680E+1
2.000000E-1	2.874315E-2	2.874315E-2	1.884022E-7	6.965430E+1
2.500000E-1	4.207215E-2	4.207215E-2	2.757695E-7	6.984277E+1
3.000000E-1	5.818112E-2	5.818112E-2	3.813587E-7	7.003027E+1
3.500000E-1	7.690405E-2	7.690405E-2	5.040815E-7	7.021875E+1
4.000000E-1	9.824439E-2	9.824439E-2	6.439606E-7	7.040723E+1
4.500000E-1	1.217245E-1	1.217245E-1	7.978651E-7	7.059473E+1
5.000000E-1	1.475344E-1	1.475344E-1	9.670412E-7	7.078320E+1
5.000000E-1	1.489635E-1	1.489635E-1	9.764080E-7	7.097070E+1
4.500000E-1	1.227324E-1	1.227324E-1	8.044715E-7	7.115918E+1
4.000000E-1	9.899321E-2	9.899321E-2	6.488689E-7	7.134766E+1
3.500000E-1	7.802464E-2	7.802464E-2	5.114266E-7	7.153516E+1
3.000000E-1	5.882636E-2	5.882636E-2	3.855880E-7	7.172363E+1
2.500000E-1	4.303313E-2	4.303313E-2	2.820684E-7	7.191211E+1
2.000000E-1	2.950198E-2	2.950198E-2	1.933761E-7	7.209961E+1
1.500000E-1	1.860078E-2	1.860078E-2	1.219222E-7	7.228809E+1
1.000000E-1	1.048388E-2	1.048388E-2	6.871849E-8	7.266992E+1
5.000000E-2	4.577616E-3	4.577616E-3	3.000481E-8	7.285742E+1
0.000000E+0	3.978348E-6	3.978348E-6	2.607680E-11	7.375195E+1
-5.000000E-2	4.432574E-3	-4.432574E-3	-2.905411E-8	7.413574E+1
-1.000000E-1	1.019248E-2	-1.019248E-2	-6.680844E-8	7.432324E+1
-1.500000E-1	1.784796E-2	-1.784796E-2	-1.169877E-7	7.489844E+1
-2.000000E-1	2.792543E-2	-2.792543E-2	-1.830423E-7	7.508594E+1
-2.500000E-1	4.026725E-2	-4.026725E-2	-2.639390E-7	7.527441E+1
-3.000000E-1	5.487948E-2	-5.487948E-2	-3.597175E-7	7.546191E+1
-3.500000E-1	7.135835E-2	-7.135835E-2	-4.677312E-7	7.565039E+1
-4.000000E-1	9.023771E-2	-9.023771E-2	-5.914794E-7	7.583887E+1
-4.500000E-1	1.104398E-1	-1.104398E-1	-7.238978E-7	7.602637E+1
-5.000000E-1	1.325577E-1	-1.325577E-1	-8.688733E-7	7.621484E+1
-5.000000E-1	1.320426E-1	-1.320426E-1	-8.654970E-7	7.640332E+1
-4.500000E-1	1.101698E-1	-1.101698E-1	-7.221279E-7	7.659082E+1
-4.000000E-1	8.966418E-2	-8.966418E-2	-5.877201E-7	7.677930E+1
-3.500000E-1	7.080082E-2	-7.080082E-2	-4.640768E-7	7.696680E+1
-3.000000E-1	5.403984E-2	-5.403984E-2	-3.542139E-7	7.715527E+1
-2.500000E-1	3.937205E-2	-3.937205E-2	-2.580712E-7	7.734375E+1
-2.000000E-1	2.737120E-2	-2.737120E-2	-1.794095E-7	7.753125E+1
-1.500000E-1	1.752519E-2	-1.752519E-2	-1.148720E-7	7.771973E+1
-1.000000E-1	9.859036E-3	-9.859036E-3	-6.462284E-8	7.810156E+1
-5.000000E-2	4.298205E-3	-4.298205E-3	-2.817336E-8	7.828906E+1
0.000000E+0	4.042349E-6	4.042349E-6	2.649631E-11	7.918457E+1
0.000000E+0	2.040604E-6	2.040604E-6	1.337551E-11	7.970801E+1
5.000000E-2	4.467682E-3	4.467682E-3	2.928423E-8	8.009082E+1
1.000000E-1	1.022131E-2	1.022131E-2	6.699746E-8	8.027832E+1
1.500000E-1	1.809351E-2	1.809351E-2	1.185972E-7	8.085352E+1
2.000000E-1	2.876637E-2	2.876637E-2	1.885544E-7	8.104102E+1
2.500000E-1	4.213511E-2	4.213511E-2	2.761822E-7	8.122949E+1
3.000000E-1	5.813692E-2	5.813692E-2	3.810690E-7	8.141699E+1
3.500000E-1	7.647021E-2	7.647021E-2	5.012378E-7	8.160547E+1
4.000000E-1	9.794495E-2	9.794495E-2	6.419979E-7	8.179395E+1
4.500000E-1	1.216445E-1	1.216445E-1	7.973410E-7	8.198145E+1
5.000000E-1	1.483041E-1	1.483041E-1	9.720858E-7	8.216992E+1
5.000000E-1	1.485727E-1	1.485727E-1	9.738467E-7	8.235840E+1
4.500000E-1	1.227865E-1	1.227865E-1	8.048265E-7	8.254590E+1
4.000000E-1	9.860989E-2	9.860989E-2	6.463564E-7	8.273438E+1
3.500000E-1	7.737217E-2	7.737217E-2	5.071499E-7	8.292188E+1
3.000000E-1	5.871843E-2	5.871843E-2	3.848806E-7	8.311035E+1
2.500000E-1	4.230837E-2	4.230837E-2	2.773179E-7	8.329883E+1
2.000000E-1	2.894345E-2	2.894345E-2	1.897151E-7	8.348633E+1
1.500000E-1	1.835075E-2	1.835075E-2	1.202833E-7	8.367480E+1
1.000000E-1	1.023953E-2	1.023953E-2	6.711682E-8	8.405664E+1
5.000000E-2	4.489540E-3	4.489540E-3	2.942750E-8	8.424414E+1
0.000000E+0	4.194616E-6	4.194616E-6	2.749437E-11	8.513867E+1
-5.000000E-2	4.384256E-3	-4.384256E-3	-2.873740E-8	8.552246E+1
-1.000000E-1	9.991072E-3	-9.991072E-3	-6.548829E-8	8.570996E+1
-1.500000E-1	1.754111E-2	-1.754111E-2	-1.149764E-7	8.628418E+1
-2.000000E-1	2.743378E-2	-2.743378E-2	-1.798197E-7	8.647266E+1
-2.500000E-1	3.971048E-2	-3.971048E-2	-2.602895E-7	8.666113E+1
-3.000000E-1	5.417392E-2	-5.417392E-2	-3.550928E-7	8.684863E+1
-3.500000E-1	7.080188E-2	-7.080188E-2	-4.640837E-7	8.703711E+1
-4.000000E-1	8.972176E-2	-8.972176E-2	-5.880975E-7	8.722559E+1
-4.500000E-1	1.098500E-1	-1.098500E-1	-7.200317E-7	8.741309E+1
-5.000000E-1	1.316792E-1	-1.316792E-1	-8.631152E-7	8.760156E+1
-5.000000E-1	1.317541E-1	-1.317541E-1	-8.636064E-7	8.779004E+1
-4.500000E-1	1.096452E-1	-1.096452E-1	-7.186891E-7	8.797754E+1
-4.000000E-1	8.915747E-2	-8.915747E-2	-5.843988E-7	8.816602E+1
-3.500000E-1	7.016387E-2	-7.016387E-2	-4.599018E-7	8.835352E+1
-3.000000E-1	5.367358E-2	-5.367358E-2	-3.518132E-7	8.854199E+1
-2.500000E-1	3.934965E-2	-3.934965E-2	-2.579244E-7	8.873047E+1
-2.000000E-1	2.726964E-2	-2.726964E-2	-1.787438E-7	8.891797E+1
-1.500000E-1	1.750180E-2	-1.750180E-2	-1.147187E-7	8.910645E+1
-1.000000E-1	9.875116E-3	-9.875116E-3	-6.472823E-8	8.948828E+1
-5.000000E-2	4.319740E-3	-4.319740E-3	-2.831452E-8	8.967578E+1
0.000000E+0	3.877994E-6	3.877994E-6	2.541901E-11	9.057129E+1
0.000000E+0	4.037802E-6	4.037802E-6	2.646650E-11	9.109473E+1
5.000000E-2	4.403708E-3	4.403708E-3	2.886490E-8	9.147754E+1
1.000000E-1	1.011978E-2	1.011978E-2	6.633195E-8	9.166504E+1
1.500000E-1	1.821158E-2	1.821158E-2	1.193711E-7	9.224023E+1
2.000000E-1	2.872996E-2	2.872996E-2	1.883157E-7	9.242773E+1
2.500000E-1	4.193579E-2	4.193579E-2	2.748757E-7	9.261621E+1
3.000000E-1	5.813053E-2	5.813053E-2	3.810271E-7	9.280371E+1
3.500000E-1	7.702042E-2	7.702042E-2	5.048443E-7	9.299219E+1
4.000000E-1	9.829685E-2	9.829685E-2	6.443045E-7	9.318066E+1
4.500000E-1	1.222514E-1	1.222514E-1	8.013189E-7	9.336816E+1
5.000000E-1	1.496155E-1	1.496155E-1	9.806819E-7	9.355664E+1
5.000000E-1	1.500088E-1	1.500088E-1	9.832600E-7	9.374414E+1
4.500000E-1	1.234481E-1	1.234481E-1	8.091629E-7	9.393262E+1
4.000000E-1	9.987162E-2	9.987162E-2	6.546266E-7	9.412109E+1
3.500000E-1	7.850484E-2	7.850484E-2	5.145742E-7	9.430859E+1
3.000000E-1	5.945967E-2	5.945967E-2	3.897392E-7	9.449707E+1
2.500000E-1	4.303807E-2	4.303807E-2	2.821008E-7	9.468457E+1
2.000000E-1	2.953657E-2	2.953657E-2	1.936028E-7	9.487305E+1
1.500000E-1	1.862982E-2	1.862982E-2	1.221125E-7	9.506152E+1
1.000000E-1	1.042866E-2	1.042866E-2	6.835653E-8	9.544238E+1
5.000000E-2	4.535382E-3	4.535382E-3	2.972798E-8	9.563086E+1
0.000000E+0	5.472767E-6	5.472767E-6	3.587224E-11	9.652539E+1
-5.000000E-2	4.386926E-3	-4.386926E-3	-2.875490E-8	9.690820E+1
-1.000000E-1	1.003389E-2	-1.003389E-2	-6.576892E-8	9.709668E+1
-1.500000E-1	1.775374E-2	-1.775374E-2	-1.163701E-7	9.767090E+1
-2.000000E-1	2.777644E-2	-2.777644E-2	-1.820657E-7	9.785938E+1
-2.500000E-1	4.019209E-2	-4.019209E-2	-2.634463E-7	9.804785E+1
-3.000000E-1	5.492426E-2	-5.492426E-2	-3.600110E-7	9.823535E+1
-3.500000E-1	7.177892E-2	-7.177892E-2	-4.704879E-7	9.842383E+1
-4.000000E-1	9.095265E-2	-9.095265E-2	-5.961656E-7	9.861133E+1
-4.500000E-1	1.112690E-1	-1.112690E-1	-7.293331E-7	9.879980E+1
-5.000000E-1	1.336470E-1	-1.336470E-1	-8.760137E-7	9.898828E+1
-5.000000E-1	1.337918E-1	-1.337918E-1	-8.769625E-7	9.917578E+1
-4.500000E-1	1.111143E-1	-1.111143E-1	-7.283188E-7	9.936426E+1
-4.000000E-1	9.032147E-2	-9.032147E-2	-5.920284E-7	9.955273E+1
-3.500000E-1	7.140961E-2	-7.140961E-2	-4.680672E-7	9.974023E+1
-3.000000E-1	5.456993E-2	-5.456993E-2	-3.576885E-7	9.992871E+1
-2.500000E-1	3.998550E-2	-3.998550E-2	-2.620922E-7	1.001162E+2
-2.000000E-1	2.753136E-2	-2.753136E-2	-1.804593E-7	1.003047E+2
-1.500000E-1	1.755965E-2	-1.755965E-2	-1.150979E-7	1.004932E+2
-1.000000E-1	9.942430E-3	-9.942430E-3	-6.516946E-8	1.008750E+2
-5.000000E-2	4.372814E-3	-4.372814E-3	-2.866240E-8	1.010625E+2
0.000000E+0	5.380958E-6	5.380958E-6	3.527046E-11	1.019570E+2
0.000000E+0	2.249141E-6	2.249141E-6	1.474240E-11	1.024814E+2
5.000000E-2	4.444570E-3	4.444570E-3	2.913274E-8	1.028643E+2
1.000000E-1	1.025575E-2	1.025575E-2	6.722316E-8	1.030518E+2
1.500000E-1	1.811678E-2	1.811678E-2	1.187497E-7	1.036260E+2
2.000000E-1	2.877043E-2	2.877043E-2	1.885810E-7	1.038145E+2
2.500000E-1	4.214429E-2	4.214429E-2	2.762424E-7	1.040029E+2
3.000000E-1	5.816948E-2	5.816948E-2	3.812824E-7	1.041904E+2
3.500000E-1	7.720858E-2	7.720858E-2	5.060776E-7	1.043789E+2
4.000000E-1	9.910816E-2	9.910816E-2	6.496224E-7	1.045664E+2
4.500000E-1	1.230970E-1	1.230970E-1	8.068617E-7	1.047549E+2
5.000000E-1	1.501569E-1	1.501569E-1	9.842305E-7	1.049434E+2
5.000000E-1	1.502780E-1	1.502780E-1	9.850246E-7	1.051309E+2
4.500000E-1	1.240504E-1	1.240504E-1	8.131111E-7	1.053193E+2
4.000000E-1	9.989023E-2	9.989023E-2	6.547486E-7	1.055078E+2
3.500000E-1	7.805488E-2	7.805488E-2	5.116248E-7	1.056953E+2
3.000000E-1	5.862299E-2	5.862299E-2	3.842550E-7	1.058838E+2
2.500000E-1	4.247246E-2	4.247246E-2	2.783934E-7	1.060713E+2
2.000000E-1	2.889855E-2	2.889855E-2	1.894208E-7	1.062598E+2
1.500000E-1	1.825965E-2	1.825965E-2	1.196862E-7	1.064482E+2
1.000000E-1	1.025801E-2	1.025801E-2	6.723798E-8	1.068301E+2
5.000000E-2	4.485811E-3	4.485811E-3	2.940306E-8	1.070176E+2
0.000000E+0	4.182793E-6	4.182793E-6	2.741687E-11	1.079121E+2
-5.000000E-2	4.425769E-3	-4.425769E-3	-2.900950E-8	1.082959E+2
-1.000000E-1	1.014872E-2	-1.014872E-2	-6.652162E-8	1.084834E+2
-1.500000E-1	1.768696E-2	-1.768696E-2	-1.159324E-7	1.090576E+2
-2.000000E-1	2.770977E-2	-2.770977E-2	-1.816287E-7	1.092461E+2
-2.500000E-1	4.020621E-2	-4.020621E-2	-2.635389E-7	1.094346E+2
-3.000000E-1	5.510051E-2	-5.510051E-2	-3.611663E-7	1.096221E+2
-3.500000E-1	7.214656E-2	-7.214656E-2	-4.728977E-7	1.098105E+2
-4.000000E-1	9.125385E-2	-9.125385E-2	-5.981399E-7	1.099990E+2
-4.500000E-1	1.120269E-1	-1.120269E-1	-7.343008E-7	1.101865E+2
-5.000000E-1	1.341956E-1	-1.341956E-1	-8.796092E-7	1.103750E+2
-5.000000E-1	1.343156E-1	-1.343156E-1	-8.803956E-7	1.105625E+2
-4.500000E-1	1.115037E-1	-1.115037E-1	-7.308713E-7	1.107510E+2
-4.000000E-1	9.081632E-2	-9.081632E-2	-5.952720E-7	1.109395E+2
-3.500000E-1	7.206781E-2	-7.206781E-2	-4.723815E-7	1.111270E+2
-3.000000E-1	5.489372E-2	-5.489372E-2	-3.598108E-7	1.113154E+2
-2.500000E-1	3.986438E-2	-3.986438E-2	-2.612983E-7	1.115039E+2
-2.000000E-1	2.760208E-2	-2.760208E-2	-1.809228E-7	1.116914E+2
-1.500000E-1	1.763791E-2	-1.763791E-2	-1.156109E-7	1.118799E+2
-1.000000E-1	9.956987E-3	-9.956987E-3	-6.526487E-8	1.122617E+2
-5.000000E-2	4.381219E-3	-4.381219E-3	-2.871749E-8	1.124492E+2
0.000000E+0	4.243036E-6	4.243036E-6	2.781175E-11	1.133438E+2
0.000000E+0	1.943463E-6	1.943463E-6	1.273878E-11	1.138682E+2
5.000000E-2	4.477718E-3	4.477718E-3	2.935001E-8	1.142510E+2
1.000000E-1	1.027128E-2	1.027128E-2	6.732499E-8	1.144385E+2
1.500000E-1	1.825573E-2	1.825573E-2	1.196605E-7	1.150137E+2
2.000000E-1	2.899073E-2	2.899073E-2	1.900250E-7	1.152012E+2
2.500000E-1	4.247751E-2	4.247751E-2	2.784265E-7	1.153896E+2
3.000000E-1	5.868730E-2	5.868730E-2	3.846765E-7	1.155771E+2
3.500000E-1	7.768773E-2	7.768773E-2	5.092183E-7	1.157656E+2
4.000000E-1	9.971079E-2	9.971079E-2	6.535724E-7	1.159541E+2
4.500000E-1	1.240047E-1	1.240047E-1	8.128110E-7	1.161416E+2
5.000000E-1	1.515836E-1	1.515836E-1	9.935820E-7	1.163301E+2
5.000000E-1	1.514042E-1	1.514042E-1	9.924065E-7	1.165176E+2
4.500000E-1	1.244409E-1	1.244409E-1	8.156701E-7	1.167061E+2
4.000000E-1	1.002446E-1	1.002446E-1	6.570716E-7	1.168945E+2
3.500000E-1	7.835971E-2	7.835971E-2	5.136229E-7	1.170820E+2
3.000000E-1	5.927489E-2	5.927489E-2	3.885280E-7	1.172705E+2
2.500000E-1	4.287811E-2	4.287811E-2	2.810523E-7	1.174590E+2
2.000000E-1	2.924531E-2	2.924531E-2	1.916937E-7	1.176465E+2
1.500000E-1	1.859647E-2	1.859647E-2	1.218939E-7	1.178350E+2
1.000000E-1	1.044929E-2	1.044929E-2	6.849177E-8	1.182168E+2
5.000000E-2	4.570851E-3	4.570851E-3	2.996047E-8	1.184043E+2
0.000000E+0	4.039922E-6	4.039922E-6	2.648040E-11	1.192988E+2
-5.000000E-2	4.439589E-3	-4.439589E-3	-2.910009E-8	1.196826E+2
-1.000000E-1	1.014575E-2	-1.014575E-2	-6.650215E-8	1.198701E+2
-1.500000E-1	1.778299E-2	-1.778299E-2	-1.165618E-7	1.204443E+2
-2.000000E-1	2.784140E-2	-2.784140E-2	-1.824915E-7	1.206328E+2
-2.500000E-1	4.029693E-2	-4.029693E-2	-2.641335E-7	1.208213E+2
-3.000000E-1	5.493227E-2	-5.493227E-2	-3.600635E-7	1.210088E+2
-3.500000E-1	7.192283E-2	-7.192283E-2	-4.714312E-7	1.211973E+2
-4.000000E-1	9.100078E-2	-9.100078E-2	-5.964811E-7	1.213857E+2
-4.500000E-1	1.122780E-1	-1.122780E-1	-7.359463E-7	1.215732E+2
-5.000000E-1	1.345481E-1	-1.345481E-1	-8.819200E-7	1.217617E+2
-5.000000E-1	1.341674E-1	-1.341674E-1	-8.794245E-7	1.219492E+2
-4.500000E-1	1.116603E-1	-1.116603E-1	-7.318974E-7	1.221377E+2
-4.000000E-1	9.056104E-2	-9.056104E-2	-5.935987E-7	1.223262E+2
-3.500000E-1	7.197400E-2	-7.197400E-2	-4.717666E-7	1.225137E+2
-3.000000E-1	5.493698E-2	-5.493698E-2	-3.600944E-7	1.227021E+2
-2.500000E-1	4.008590E-2	-4.008590E-2	-2.627503E-7	1.228906E+2
-2.000000E-1	2.781618E-2	-2.781618E-2	-1.823262E-7	1.230781E+2
-1.500000E-1	1.772288E-2	-1.772288E-2	-1.161678E-7	1.232666E+2
-1.000000E-1	1.003083E-2	-1.003083E-2	-6.574888E-8	1.236484E+2
-5.000000E-2	4.397378E-3	-4.397378E-3	-2.882341E-8	1.238359E+2
0.000000E+0	3.771532E-6	3.771532E-6	2.472119E-11	1.247305E+2
0.000000E+0	3.629423E-6	3.629423E-6	2.378971E-11	1.252549E+2
5.000000E-2	4.473017E-3	4.473017E-3	2.931920E-8	1.256377E+2
1.000000E-1	1.025029E-2	1.025029E-2	6.718741E-8	1.258252E+2
1.500000E-1	1.825029E-2	1.825029E-2	1.196248E-7	1.263994E+2
2.000000E-1	2.892771E-2	2.892771E-2	1.896119E-7	1.265879E+2
2.500000E-1	4.231235E-2	4.231235E-2	2.773440E-7	1.267764E+2
3.000000E-1	5.863251E-2	5.863251E-2	3.843174E-7	1.269639E+2
3.500000E-1	7.772546E-2	7.772546E-2	5.094656E-7	1.271523E+2
4.000000E-1	9.960187E-2	9.960187E-2	6.528585E-7	1.273398E+2
4.500000E-1	1.240907E-1	1.240907E-1	8.133748E-7	1.275283E+2
5.000000E-1	1.512649E-1	1.512649E-1	9.914934E-7	1.277168E+2
5.000000E-1	1.523796E-1	1.523796E-1	9.987996E-7	1.279043E+2
4.500000E-1	1.257280E-1	1.257280E-1	8.241072E-7	1.280928E+2
4.000000E-1	1.009656E-1	1.009656E-1	6.617971E-7	1.282803E+2
3.500000E-1	7.909621E-2	7.909621E-2	5.184504E-7	1.284688E+2
3.000000E-1	5.970075E-2	5.970075E-2	3.913194E-7	1.286572E+2
2.500000E-1	4.343493E-2	4.343493E-2	2.847021E-7	1.288447E+2
2.000000E-1	3.000650E-2	3.000650E-2	1.966830E-7	1.290332E+2
1.500000E-1	1.879361E-2	1.879361E-2	1.231861E-7	1.292217E+2
1.000000E-1	1.051041E-2	1.051041E-2	6.889239E-8	1.296025E+2
5.000000E-2	4.563034E-3	4.563034E-3	2.990923E-8	1.297910E+2
0.000000E+0	5.086568E-6	5.086568E-6	3.334083E-11	1.306855E+2
-5.000000E-2	4.450705E-3	-4.450705E-3	-2.917295E-8	1.310684E+2
-1.000000E-1	1.020072E-2	-1.020072E-2	-6.686250E-8	1.312568E+2
-1.500000E-1	1.805272E-2	-1.805272E-2	-1.183298E-7	1.318311E+2
-2.000000E-1	2.806001E-2	-2.806001E-2	-1.839244E-7	1.320195E+2
-2.500000E-1	4.079083E-2	-4.079083E-2	-2.673709E-7	1.322080E+2
-3.000000E-1	5.564948E-2	-5.564948E-2	-3.647646E-7	1.323955E+2
-3.500000E-1	7.269959E-2	-7.269959E-2	-4.765226E-7	1.325840E+2
-4.000000E-1	9.184533E-2	-9.184533E-2	-6.020168E-7	1.327715E+2
-4.500000E-1	1.129047E-1	-1.129047E-1	-7.400540E-7	1.329600E+2
-5.000000E-1	1.353898E-1	-1.353898E-1	-8.874370E-7	1.331484E+2
-5.000000E-1	1.349443E-1	-1.349443E-1	-8.845170E-7	1.333359E+2
-4.500000E-1	1.121876E-1	-1.121876E-1	-7.353542E-7	1.335244E+2
-4.000000E-1	9.192296E-2	-9.192296E-2	-6.025257E-7	1.337129E+2
-3.500000E-1	7.291178E-2	-7.291178E-2	-4.779135E-7	1.339004E+2
-3.000000E-1	5.578799E-2	-5.578799E-2	-3.656725E-7	1.340889E+2
-2.500000E-1	4.054855E-2	-4.054855E-2	-2.657828E-7	1.342764E+2
-2.000000E-1	2.792833E-2	-2.792833E-2	-1.830613E-7	1.344648E+2
-1.500000E-1	1.777627E-2	-1.777627E-2	-1.165178E-7	1.346533E+2
-1.000000E-1	1.003953E-2	-1.003953E-2	-6.580591E-8	1.350352E+2
-5.000000E-2	4.388713E-3	-4.388713E-3	-2.876661E-8	1.352227E+2
0.000000E+0	4.524660E-6	4.524660E-6	2.965770E-11	1.361172E+2
0.000000E+0	3.910447E-6	3.910447E-6	2.563173E-11	1.366416E+2
5.000000E-2	4.472924E-3	4.472924E-3	2.931859E-8	1.370244E+2
1.000000E-1	1.022444E-2	1.022444E-2	6.701794E-8	1.372119E+2
1.500000E-1	1.843835E-2	1.843835E-2	1.208575E-7	1.377861E+2
2.000000E-1	2.907353E-2	2.907353E-2	1.905677E-7	1.379746E+2
2.500000E-1	4.241822E-2	4.241822E-2	2.780379E-7	1.381631E+2
3.000000E-1	5.857068E-2	5.857068E-2	3.839121E-7	1.383506E+2
3.500000E-1	7.747228E-2	7.747228E-2	5.078061E-7	1.385391E+2
4.000000E-1	9.898102E-2	9.898102E-2	6.487890E-7	1.387275E+2
4.500000E-1	1.234500E-1	1.234500E-1	8.091756E-7	1.389150E+2
5.000000E-1	1.509010E-1	1.509010E-1	9.891078E-7	1.391035E+2
5.000000E-1	1.514898E-1	1.514898E-1	9.929670E-7	1.392910E+2
4.500000E-1	1.249171E-1	1.249171E-1	8.187920E-7	1.394795E+2
4.000000E-1	1.004733E-1	1.004733E-1	6.585702E-7	1.396680E+2
3.500000E-1	7.850602E-2	7.850602E-2	5.145819E-7	1.398555E+2
3.000000E-1	5.931892E-2	5.931892E-2	3.888166E-7	1.400439E+2
2.500000E-1	4.282761E-2	4.282761E-2	2.807213E-7	1.402314E+2
2.000000E-1	2.938685E-2	2.938685E-2	1.926214E-7	1.404199E+2
1.500000E-1	1.862306E-2	1.862306E-2	1.220682E-7	1.406084E+2
1.000000E-1	1.041912E-2	1.041912E-2	6.829400E-8	1.409902E+2
5.000000E-2	4.558704E-3	4.558704E-3	2.988085E-8	1.411777E+2
0.000000E+0	5.354813E-6	5.354813E-6	3.509909E-11	1.420723E+2
-5.000000E-2	4.422410E-3	-4.422410E-3	-2.898749E-8	1.424561E+2
-1.000000E-1	1.012947E-2	-1.012947E-2	-6.639547E-8	1.426436E+2
-1.500000E-1	1.794092E-2	-1.794092E-2	-1.175970E-7	1.432178E+2
-2.000000E-1	2.820400E-2	-2.820400E-2	-1.848682E-7	1.434063E+2
-2.500000E-1	4.057807E-2	-4.057807E-2	-2.659763E-7	1.435947E+2
-3.000000E-1	5.546093E-2	-5.546093E-2	-3.635287E-7	1.437822E+2
-3.500000E-1	7.234467E-2	-7.234467E-2	-4.741962E-7	1.439707E+2
-4.000000E-1	9.157653E-2	-9.157653E-2	-6.002549E-7	1.441592E+2
-4.500000E-1	1.127874E-1	-1.127874E-1	-7.392855E-7	1.443467E+2
-5.000000E-1	1.359693E-1	-1.359693E-1	-8.912355E-7	1.445352E+2
-5.000000E-1	1.359239E-1	-1.359239E-1	-8.909378E-7	1.447227E+2
-4.500000E-1	1.130657E-1	-1.130657E-1	-7.411093E-7	1.449111E+2
-4.000000E-1	9.198138E-2	-9.198138E-2	-6.029086E-7	1.450996E+2
-3.500000E-1	7.266119E-2	-7.266119E-2	-4.762709E-7	1.452871E+2
-3.000000E-1	5.523651E-2	-5.523651E-2	-3.620577E-7	1.454756E+2
-2.500000E-1	4.035647E-2	-4.035647E-2	-2.645238E-7	1.456641E+2
-2.000000E-1	2.771663E-2	-2.771663E-2	-1.816737E-7	1.458516E+2
-1.500000E-1	1.777504E-2	-1.777504E-2	-1.165097E-7	1.460400E+2
-1.000000E-1	1.008877E-2	-1.008877E-2	-6.612864E-8	1.464219E+2
-5.000000E-2	4.427143E-3	-4.427143E-3	-2.901851E-8	1.466094E+2
0.000000E+0	5.072668E-6	5.072668E-6	3.324972E-11	1.475039E+2
0.000000E+0	2.756404E-6	2.756404E-6	1.806735E-11	1.480283E+2
5.000000E-2	4.440448E-3	4.440448E-3	2.910572E-8	1.484111E+2
1.000000E-1	1.018346E-2	1.018346E-2	6.674932E-8	1.485986E+2
1.500000E-1	1.826745E-2	1.826745E-2	1.197373E-7	1.491729E+2
2.000000E-1	2.904018E-2	2.904018E-2	1.903491E-7	1.493613E+2
2.500000E-1	4.244240E-2	4.244240E-2	2.781964E-7	1.495498E+2
3.000000E-1	5.898702E-2	5.898702E-2	3.866411E-7	1.497373E+2
3.500000E-1	7.811396E-2	7.811396E-2	5.120121E-7	1.499258E+2
4.000000E-1	1.001070E-1	1.001070E-1	6.561697E-7	1.501143E+2
4.500000E-1	1.242886E-1	1.242886E-1	8.146724E-7	1.503018E+2
5.000000E-1	1.522836E-1	1.522836E-1	9.981707E-7	1.504902E+2
5.000000E-1	1.518520E-1	1.518520E-1	9.953413E-7	1.506777E+2
4.500000E-1	1.244611E-1	1.244611E-1	8.158025E-7	1.508662E+2
4.000000E-1	1.000488E-1	1.000488E-1	6.557877E-7	1.510547E+2
3.500000E-1	7.865828E-2	7.865828E-2	5.155799E-7	1.512422E+2
3.000000E-1	5.955782E-2	5.955782E-2	3.903825E-7	1.514307E+2
2.500000E-1	4.317476E-2	4.317476E-2	2.829968E-7	1.516182E+2
2.000000E-1	2.946223E-2	2.946223E-2	1.931155E-7	1.518066E+2
1.500000E-1	1.860217E-2	1.860217E-2	1.219313E-7	1.519951E+2
1.000000E-1	1.040884E-2	1.040884E-2	6.822660E-8	1.523770E+2
5.000000E-2	4.548820E-3	4.548820E-3	2.981606E-8	1.525645E+2
0.000000E+0	5.479931E-6	5.479931E-6	3.591920E-11	1.534590E+2
-5.000000E-2	4.413632E-3	-4.413632E-3	-2.892995E-8	1.538428E+2
-1.000000E-1	1.010296E-2	-1.010296E-2	-6.622167E-8	1.540303E+2
-1.500000E-1	1.788908E-2	-1.788908E-2	-1.172572E-7	1.546055E+2
-2.000000E-1	2.805961E-2	-2.805961E-2	-1.839218E-7	1.547930E+2
-2.500000E-1	4.072828E-2	-4.072828E-2	-2.669609E-7	1.549814E+2
-3.000000E-1	5.583655E-2	-5.583655E-2	-3.659908E-7	1.551689E+2
-3.500000E-1	7.299819E-2	-7.299819E-2	-4.784798E-7	1.553574E+2
-4.000000E-1	9.260885E-2	-9.260885E-2	-6.070215E-7	1.555459E+2
-4.500000E-1	1.136625E-1	-1.136625E-1	-7.450212E-7	1.557334E+2
-5.000000E-1	1.369466E-1	-1.369466E-1	-8.976415E-7	1.559219E+2
-5.000000E-1	1.367329E-1	-1.367329E-1	-8.962404E-7	1.561104E+2
-4.500000E-1	1.137168E-1	-1.137168E-1	-7.453773E-7	1.562979E+2
-4.000000E-1	9.224013E-2	-9.224013E-2	-6.046046E-7	1.564863E+2
-3.500000E-1	7.277954E-2	-7.277954E-2	-4.770467E-7	1.566738E+2
-3.000000E-1	5.565720E-2	-5.565720E-2	-3.648152E-7	1.568623E+2
-2.500000E-1	4.054866E-2	-4.054866E-2	-2.657835E-7	1.570508E+2
-2.000000E-1	2.781138E-2	-2.781138E-2	-1.822947E-7	1.572383E+2
-1.500000E-1	1.773323E-2	-1.773323E-2	-1.162357E-7	1.574268E+2
-1.000000E-1	1.010113E-2	-1.010113E-2	-6.620971E-8	1.578086E+2
-5.000000E-2	4.465969E-3	-4.465969E-3	-2.927300E-8	1.579961E+2
0.000000E+0	5.342289E-6	5.342289E-6	3.501700E-11	1.588916E+2
0.000000E+0	2.286425E-6	2.286425E-6	1.498679E-11	1.594150E+2
5.000000E-2	4.490330E-3	4.490330E-3	2.943268E-8	1.597979E+2
1.000000E-1	1.034243E-2	1.034243E-2	6.779135E-8	1.599854E+2
1.500000E-1	1.855102E-2	1.855102E-2	1.215960E-7	1.605605E+2
2.000000E-1	2.922415E-2	2.922415E-2	1.915550E-7	1.607480E+2
2.500000E-1	4.269675E-2	4.269675E-2	2.798636E-7	1.609365E+2
3.000000E-1	5.921439E-2	5.921439E-2	3.881314E-7	1.611240E+2
3.500000E-1	7.882048E-2	7.882048E-2	5.166431E-7	1.613125E+2
4.000000E-1	1.009502E-1	1.009502E-1	6.616966E-7	1.615010E+2
4.500000E-1	1.260640E-1	1.260640E-1	8.263094E-7	1.616885E+2
5.000000E-1	1.538319E-1	1.538319E-1	1.008319E-6	1.618770E+2
5.000000E-1	1.543335E-1	1.543335E-1	1.011607E-6	1.620645E+2
4.500000E-1	1.266801E-1	1.266801E-1	8.303475E-7	1.622529E+2
4.000000E-1	1.018068E-1	1.018068E-1	6.673113E-7	1.624414E+2
3.500000E-1	7.977364E-2	7.977364E-2	5.228908E-7	1.626289E+2
3.000000E-1	6.030582E-2	6.030582E-2	3.952854E-7	1.628174E+2
2.500000E-1	4.355380E-2	4.355380E-2	2.854813E-7	1.630059E+2
2.000000E-1	2.982499E-2	2.982499E-2	1.954933E-7	1.631934E+2
1.500000E-1	1.892571E-2	1.892571E-2	1.240520E-7	1.633818E+2
1.000000E-1	1.061195E-2	1.061195E-2	6.955795E-8	1.637637E+2
5.000000E-2	4.652527E-3	4.652527E-3	3.049583E-8	1.639512E+2
0.000000E+0	4.710841E-6	4.710841E-6	3.087806E-11	1.648457E+2
-5.000000E-2	4.508683E-3	-4.508683E-3	-2.955298E-8	1.652295E+2
-1.000000E-1	1.030601E-2	-1.030601E-2	-6.755263E-8	1.654170E+2
-1.500000E-1	1.800612E-2	-1.800612E-2	-1.180244E-7	1.659912E+2
-2.000000E-1	2.826170E-2	-2.826170E-2	-1.852464E-7	1.661797E+2
-2.500000E-1	4.105146E-2	-4.105146E-2	-2.690792E-7	1.663682E+2
-3.000000E-1	5.599177E-2	-5.599177E-2	-3.670082E-7	1.665557E+2
-3.500000E-1	7.327198E-2	-7.327198E-2	-4.802744E-7	1.667441E+2
-4.000000E-1	9.291572E-2	-9.291572E-2	-6.090329E-7	1.669326E+2
-4.500000E-1	1.148649E-1	-1.148649E-1	-7.529025E-7	1.671201E+2
-5.000000E-1	1.377714E-1	-1.377714E-1	-9.030473E-7	1.673086E+2
-5.000000E-1	1.375193E-1	-1.375193E-1	-9.013952E-7	1.674961E+2
-4.500000E-1	1.144921E-1	-1.144921E-1	-7.504589E-7	1.676846E+2
-4.000000E-1	9.256789E-2	-9.256789E-2	-6.067530E-7	1.678730E+2
-3.500000E-1	7.339820E-2	-7.339820E-2	-4.811018E-7	1.680605E+2
-3.000000E-1	5.601371E-2	-5.601371E-2	-3.671520E-7	1.682490E+2
-2.500000E-1	4.079184E-2	-4.079184E-2	-2.673775E-7	1.684375E+2
-2.000000E-1	2.807057E-2	-2.807057E-2	-1.839936E-7	1.686250E+2
-1.500000E-1	1.798545E-2	-1.798545E-2	-1.178889E-7	1.688135E+2
-1.000000E-1	1.018249E-2	-1.018249E-2	-6.674300E-8	1.691953E+2
-5.000000E-2	4.462876E-3	-4.462876E-3	-2.925273E-8	1.693828E+2
0.000000E+0	5.617837E-6	5.617837E-6	3.682313E-11	1.702773E+2
0.000000E+0	1.899501E-6	1.899501E-6	1.245062E-11	1.708018E+2
5.000000E-2	4.549363E-3	4.549363E-3	2.981962E-8	1.711846E+2
1.000000E-1	1.052258E-2	1.052258E-2	6.897218E-8	1.713721E+2
1.500000E-1	1.856754E-2	1.856754E-2	1.217043E-7	1.719463E+2
2.000000E-1	2.954974E-2	2.954974E-2	1.936891E-7	1.721348E+2
2.500000E-1	4.327919E-2	4.327919E-2	2.836813E-7	1.723232E+2
3.000000E-1	6.039687E-2	6.039687E-2	3.958822E-7	1.725107E+2
3.500000E-1	8.003126E-2	8.003126E-2	5.245794E-7	1.726992E+2
4.000000E-1	1.019935E-1	1.019935E-1	6.685349E-7	1.728867E+2
4.500000E-1	1.266872E-1	1.266872E-1	8.303940E-7	1.730752E+2
5.000000E-1	1.542795E-1	1.542795E-1	1.011253E-6	1.732637E+2
5.000000E-1	1.544594E-1	1.544594E-1	1.012432E-6	1.734512E+2
4.500000E-1	1.274653E-1	1.274653E-1	8.354947E-7	1.736396E+2
4.000000E-1	1.027081E-1	1.027081E-1	6.732189E-7	1.738271E+2
3.500000E-1	8.042095E-2	8.042095E-2	5.271337E-7	1.740156E+2
3.000000E-1	6.063663E-2	6.063663E-2	3.974538E-7	1.742041E+2
2.500000E-1	4.393355E-2	4.393355E-2	2.879704E-7	1.743916E+2
2.000000E-1	3.005107E-2	3.005107E-2	1.969752E-7	1.745801E+2
1.500000E-1	1.887982E-2	1.887982E-2	1.237512E-7	1.747676E+2
1.000000E-1	1.054055E-2	1.054055E-2	6.908995E-8	1.751494E+2
5.000000E-2	4.582258E-3	4.582258E-3	3.003524E-8	1.753379E+2
0.000000E+0	4.281124E-6	4.281124E-6	2.806140E-11	1.762324E+2
-5.000000E-2	4.483694E-3	-4.483694E-3	-2.938918E-8	1.766152E+2
-1.000000E-1	1.029207E-2	-1.029207E-2	-6.746124E-8	1.768037E+2
-1.500000E-1	1.814915E-2	-1.814915E-2	-1.189619E-7	1.773779E+2
-2.000000E-1	2.842985E-2	-2.842985E-2	-1.863486E-7	1.775664E+2
-2.500000E-1	4.096212E-2	-4.096212E-2	-2.684936E-7	1.777539E+2
-3.000000E-1	5.587026E-2	-5.587026E-2	-3.662117E-7	1.779424E+2
-3.500000E-1	7.318199E-2	-7.318199E-2	-4.796846E-7	1.781309E+2
-4.000000E-1	9.318855E-2	-9.318855E-2	-6.108212E-7	1.783184E+2
-4.500000E-1	1.142174E-1	-1.142174E-1	-7.486585E-7	1.785068E+2
-5.000000E-1	1.372851E-1	-1.372851E-1	-8.998602E-7	1.786943E+2
-5.000000E-1	1.373488E-1	-1.373488E-1	-9.002777E-7	1.788828E+2
-4.500000E-1	1.137521E-1	-1.137521E-1	-7.456085E-7	1.790713E+2
-4.000000E-1	9.274994E-2	-9.274994E-2	-6.079463E-7	1.792588E+2
-3.500000E-1	7.343766E-2	-7.343766E-2	-4.813604E-7	1.794473E+2
-3.000000E-1	5.621271E-2	-5.621271E-2	-3.684564E-7	1.796357E+2
-2.500000E-1	4.105412E-2	-4.105412E-2	-2.690967E-7	1.798232E+2
-2.000000E-1	2.828838E-2	-2.828838E-2	-1.854213E-7	1.800117E+2
-1.500000E-1	1.799551E-2	-1.799551E-2	-1.179548E-7	1.801992E+2
-1.000000E-1	1.019468E-2	-1.019468E-2	-6.682289E-8	1.805811E+2
-5.000000E-2	4.446509E-3	-4.446509E-3	-2.914545E-8	1.807695E+2
0.000000E+0	5.440947E-6	5.440947E-6	3.566367E-11	1.816641E+2
0.000000E+0	1.818795E-6	1.818795E-6	1.192162E-11	1.821885E+2
5.000000E-2	4.489354E-3	4.489354E-3	2.942628E-8	1.825703E+2
1.000000E-1	1.031911E-2	1.031911E-2	6.763847E-8	1.827588E+2
1.500000E-1	1.855198E-2	1.855198E-2	1.216023E-7	1.833330E+2
2.000000E-1	2.958174E-2	2.958174E-2	1.938989E-7	1.835215E+2
2.500000E-1	4.321664E-2	4.321664E-2	2.832713E-7	1.837090E+2
3.000000E-1	5.974500E-2	5.974500E-2	3.916094E-7	1.838975E+2
3.500000E-1	7.931217E-2	7.931217E-2	5.198660E-7	1.840859E+2
4.000000E-1	1.016750E-1	1.016750E-1	6.664475E-7	1.842734E+2
4.500000E-1	1.263785E-1	1.263785E-1	8.283710E-7	1.844619E+2
5.000000E-1	1.540092E-1	1.540092E-1	1.009481E-6	1.846494E+2
5.000000E-1	1.540241E-1	1.540241E-1	1.009579E-6	1.848379E+2
4.500000E-1	1.267132E-1	1.267132E-1	8.305645E-7	1.850264E+2
4.000000E-1	1.015807E-1	1.015807E-1	6.658292E-7	1.852139E+2
3.500000E-1	7.990114E-2	7.990114E-2	5.237265E-7	1.854023E+2
3.000000E-1	6.034887E-2	6.034887E-2	3.955676E-7	1.855898E+2
2.500000E-1	4.357130E-2	4.357130E-2	2.855960E-7	1.857783E+2
2.000000E-1	2.966751E-2	2.966751E-2	1.944611E-7	1.859668E+2
1.500000E-1	1.867176E-2	1.867176E-2	1.223874E-7	1.861543E+2
1.000000E-1	1.047086E-2	1.047086E-2	6.863316E-8	1.865361E+2
5.000000E-2	4.560774E-3	4.560774E-3	2.989442E-8	1.867246E+2
0.000000E+0	4.320134E-6	4.320134E-6	2.831710E-11	1.876191E+2
-5.000000E-2	4.420502E-3	-4.420502E-3	-2.897498E-8	1.880020E+2
-1.000000E-1	1.015253E-2	-1.015253E-2	-6.654662E-8	1.881904E+2
-1.500000E-1	1.780361E-2	-1.780361E-2	-1.166970E-7	1.887646E+2
-2.000000E-1	2.790659E-2	-2.790659E-2	-1.829188E-7	1.889531E+2
-2.500000E-1	4.024069E-2	-4.024069E-2	-2.637649E-7	1.891406E+2
-3.000000E-1	5.512589E-2	-5.512589E-2	-3.613326E-7	1.893291E+2
-3.500000E-1	7.248585E-2	-7.248585E-2	-4.751216E-7	1.895176E+2
-4.000000E-1	9.133357E-2	-9.133357E-2	-5.986624E-7	1.897051E+2
-4.500000E-1	1.124985E-1	-1.124985E-1	-7.373915E-7	1.898936E+2
-5.000000E-1	1.359175E-1	-1.359175E-1	-8.908958E-7	1.900811E+2
-5.000000E-1	1.360327E-1	-1.360327E-1	-8.916511E-7	1.902695E+2
-4.500000E-1	1.129995E-1	-1.129995E-1	-7.406754E-7	1.904580E+2
-4.000000E-1	9.169731E-2	-9.169731E-2	-6.010466E-7	1.906455E+2
-3.500000E-1	7.240635E-2	-7.240635E-2	-4.746005E-7	1.908340E+2
-3.000000E-1	5.527982E-2	-5.527982E-2	-3.623416E-7	1.910225E+2
-2.500000E-1	4.029096E-2	-4.029096E-2	-2.640944E-7	1.912100E+2
-2.000000E-1	2.772443E-2	-2.772443E-2	-1.817248E-7	1.913984E+2
-1.500000E-1	1.769198E-2	-1.769198E-2	-1.159653E-7	1.915859E+2
-1.000000E-1	1.004922E-2	-1.004922E-2	-6.586940E-8	1.919678E+2
-5.000000E-2	4.405819E-3	-4.405819E-3	-2.887874E-8	1.921563E+2
0.000000E+0	4.718496E-6	4.718496E-6	3.092824E-11	1.930508E+2
0.000000E+0	1.752290E-6	1.752290E-6	1.148570E-11	1.935752E+2
5.000000E-2	4.441940E-3	4.441940E-3	2.911550E-8	1.939570E+2
1.000000E-1	1.030606E-2	1.030606E-2	6.755295E-8	1.941455E+2
1.500000E-1	1.850819E-2	1.850819E-2	1.213153E-7	1.947197E+2
2.000000E-1	2.937972E-2	2.937972E-2	1.925747E-7	1.949082E+2
2.500000E-1	4.292644E-2	4.292644E-2	2.813691E-7	1.950957E+2
3.000000E-1	5.973154E-2	5.973154E-2	3.915212E-7	1.952842E+2
3.500000E-1	7.904673E-2	7.904673E-2	5.181261E-7	1.954727E+2
4.000000E-1	1.017544E-1	1.017544E-1	6.669674E-7	1.956602E+2
4.500000E-1	1.266410E-1	1.266410E-1	8.300913E-7	1.958486E+2
5.000000E-1	1.542553E-1	1.542553E-1	1.011094E-6	1.960361E+2
5.000000E-1	1.541192E-1	1.541192E-1	1.010202E-6	1.962246E+2
4.500000E-1	1.270562E-1	1.270562E-1	8.328126E-7	1.964131E+2
4.000000E-1	1.020635E-1	1.020635E-1	6.689937E-7	1.966006E+2
3.500000E-1	7.989815E-2	7.989815E-2	5.237069E-7	1.967891E+2
3.000000E-1	6.073603E-2	6.073603E-2	3.981053E-7	1.969766E+2
2.500000E-1	4.383813E-2	4.383813E-2	2.873450E-7	1.971650E+2
2.000000E-1	2.999572E-2	2.999572E-2	1.966124E-7	1.973535E+2
1.500000E-1	1.886922E-2	1.886922E-2	1.236817E-7	1.975410E+2
1.000000E-1	1.056165E-2	1.056165E-2	6.922826E-8	1.979229E+2
5.000000E-2	4.583079E-3	4.583079E-3	3.004062E-8	1.981113E+2
0.000000E+0	3.743927E-6	3.743927E-6	2.454025E-11	1.990059E+2
-5.000000E-2	4.503730E-3	-4.503730E-3	-2.952051E-8	1.993887E+2
-1.000000E-1	1.029107E-2	-1.029107E-2	-6.745469E-8	1.995771E+2
-1.500000E-1	1.796074E-2	-1.796074E-2	-1.177269E-7	2.001514E+2
-2.000000E-1	2.812569E-2	-2.812569E-2	-1.843549E-7	2.003398E+2
-2.500000E-1	4.080775E-2	-4.080775E-2	-2.674818E-7	2.005273E+2
-3.000000E-1	5.592197E-2	-5.592197E-2	-3.665507E-7	2.007158E+2
-3.500000E-1	7.310345E-2	-7.310345E-2	-4.791698E-7	2.009043E+2
-4.000000E-1	9.227902E-2	-9.227902E-2	-6.048595E-7	2.010918E+2
-4.500000E-1	1.136096E-1	-1.136096E-1	-7.446749E-7	2.012803E+2
-5.000000E-1	1.369350E-1	-1.369350E-1	-8.975653E-7	2.014678E+2
-5.000000E-1	1.372136E-1	-1.372136E-1	-8.993911E-7	2.016563E+2
-4.500000E-1	1.142413E-1	-1.142413E-1	-7.488150E-7	2.018447E+2
-4.000000E-1	9.242911E-2	-9.242911E-2	-6.058433E-7	2.020322E+2
-3.500000E-1	7.312046E-2	-7.312046E-2	-4.792813E-7	2.022207E+2
-3.000000E-1	5.611106E-2	-5.611106E-2	-3.677901E-7	2.024092E+2
-2.500000E-1	4.104369E-2	-4.104369E-2	-2.690283E-7	2.025967E+2
-2.000000E-1	2.834207E-2	-2.834207E-2	-1.857732E-7	2.027852E+2
-1.500000E-1	1.808473E-2	-1.808473E-2	-1.185396E-7	2.029727E+2
-1.000000E-1	1.018457E-2	-1.018457E-2	-6.675658E-8	2.033545E+2
-5.000000E-2	4.472973E-3	-4.472973E-3	-2.931891E-8	2.035430E+2
0.000000E+0	4.000651E-6	4.000651E-6	2.622299E-11	2.044375E+2
0.000000E+0	3.781847E-6	3.781847E-6	2.478880E-11	2.049619E+2
5.000000E-2	4.510194E-3	4.510194E-3	2.956288E-8	2.053437E+2
1.000000E-1	1.034669E-2	1.034669E-2	6.781922E-8	2.055322E+2
1.500000E-1	1.869032E-2	1.869032E-2	1.225091E-7	2.061064E+2
2.000000E-1	2.953385E-2	2.953385E-2	1.935850E-7	2.062949E+2
2.500000E-1	4.327668E-2	4.327668E-2	2.836648E-7	2.064824E+2
3.000000E-1	6.024215E-2	6.024215E-2	3.948681E-7	2.066709E+2
3.500000E-1	7.965825E-2	7.965825E-2	5.221344E-7	2.068594E+2
4.000000E-1	1.020543E-1	1.020543E-1	6.689331E-7	2.070469E+2
4.500000E-1	1.276412E-1	1.276412E-1	8.366472E-7	2.072354E+2
5.000000E-1	1.557881E-1	1.557881E-1	1.021141E-6	2.074229E+2
5.000000E-1	1.552491E-1	1.552491E-1	1.017608E-6	2.076113E+2
4.500000E-1	1.276569E-1	1.276569E-1	8.367500E-7	2.077998E+2
4.000000E-1	1.024403E-1	1.024403E-1	6.714634E-7	2.079873E+2
3.500000E-1	7.997917E-2	7.997917E-2	5.242379E-7	2.081758E+2
3.000000E-1	6.014737E-2	6.014737E-2	3.942468E-7	2.083633E+2
2.500000E-1	4.345903E-2	4.345903E-2	2.848601E-7	2.085518E+2
2.000000E-1	2.957026E-2	2.957026E-2	1.938236E-7	2.087402E+2
1.500000E-1	1.875441E-2	1.875441E-2	1.229292E-7	2.089277E+2
1.000000E-1	1.051300E-2	1.051300E-2	6.890939E-8	2.093096E+2
5.000000E-2	4.609811E-3	4.609811E-3	3.021584E-8	2.094980E+2
0.000000E+0	5.522095E-6	5.522095E-6	3.619557E-11	2.103926E+2
-5.000000E-2	4.477353E-3	-4.477353E-3	-2.934762E-8	2.107754E+2
-1.000000E-1	1.023495E-2	-1.023495E-2	-6.708683E-8	2.109639E+2
-1.500000E-1	1.809327E-2	-1.809327E-2	-1.185956E-7	2.115381E+2
-2.000000E-1	2.809711E-2	-2.809711E-2	-1.841676E-7	2.117266E+2
-2.500000E-1	4.093051E-2	-4.093051E-2	-2.682864E-7	2.119141E+2
-3.000000E-1	5.599711E-2	-5.599711E-2	-3.670432E-7	2.121025E+2
-3.500000E-1	7.320044E-2	-7.320044E-2	-4.798055E-7	2.122910E+2
-4.000000E-1	9.293272E-2	-9.293272E-2	-6.091443E-7	2.124785E+2
-4.500000E-1	1.144931E-1	-1.144931E-1	-7.504655E-7	2.126670E+2
-5.000000E-1	1.374683E-1	-1.374683E-1	-9.010610E-7	2.128545E+2
-5.000000E-1	1.367987E-1	-1.367987E-1	-8.966715E-7	2.130430E+2
-4.500000E-1	1.135722E-1	-1.135722E-1	-7.444298E-7	2.132314E+2
-4.000000E-1	9.277977E-2	-9.277977E-2	-6.081418E-7	2.134189E+2
-3.500000E-1	7.303254E-2	-7.303254E-2	-4.787050E-7	2.136074E+2
-3.000000E-1	5.591556E-2	-5.591556E-2	-3.665087E-7	2.137959E+2
-2.500000E-1	4.083154E-2	-4.083154E-2	-2.676377E-7	2.139834E+2
-2.000000E-1	2.822352E-2	-2.822352E-2	-1.849962E-7	2.141719E+2
-1.500000E-1	1.800106E-2	-1.800106E-2	-1.179912E-7	2.143594E+2
-1.000000E-1	1.019140E-2	-1.019140E-2	-6.680136E-8	2.147412E+2
-5.000000E-2	4.482481E-3	-4.482481E-3	-2.938123E-8	2.149297E+2
0.000000E+0	5.219133E-6	5.219133E-6	3.420975E-11	2.158242E+2
0.000000E+0	2.610588E-6	2.610588E-6	1.711157E-11	2.163486E+2
5.000000E-2	4.566395E-3	4.566395E-3	2.993126E-8	2.167305E+2
1.000000E-1	1.043396E-2	1.043396E-2	6.839129E-8	2.169189E+2
1.500000E-1	1.856513E-2	1.856513E-2	1.216885E-7	2.174932E+2
2.000000E-1	2.941852E-2	2.941852E-2	1.928290E-7	2.176816E+2
2.500000E-1	4.307767E-2	4.307767E-2	2.823604E-7	2.178701E+2
3.000000E-1	5.974274E-2	5.974274E-2	3.915946E-7	2.180576E+2
3.500000E-1	7.901360E-2	7.901360E-2	5.179090E-7	2.182461E+2
4.000000E-1	1.014497E-1	1.014497E-1	6.649702E-7	2.184336E+2
4.500000E-1	1.265916E-1	1.265916E-1	8.297677E-7	2.186221E+2
5.000000E-1	1.546574E-1	1.546574E-1	1.013730E-6	2.188105E+2
5.000000E-1	1.557406E-1	1.557406E-1	1.020830E-6	2.189980E+2
4.500000E-1	1.276635E-1	1.276635E-1	8.367938E-7	2.191865E+2
4.000000E-1	1.028977E-1	1.028977E-1	6.744618E-7	2.193740E+2
3.500000E-1	8.007195E-2	8.007195E-2	5.248461E-7	2.195625E+2
3.000000E-1	6.024891E-2	6.024891E-2	3.949124E-7	2.197510E+2
2.500000E-1	4.355148E-2	4.355148E-2	2.854661E-7	2.199385E+2
2.000000E-1	2.975240E-2	2.975240E-2	1.950175E-7	2.201270E+2
1.500000E-1	1.874762E-2	1.874762E-2	1.228847E-7	2.203145E+2
1.000000E-1	1.047852E-2	1.047852E-2	6.868338E-8	2.206963E+2
5.000000E-2	4.567452E-3	4.567452E-3	2.993819E-8	2.208848E+2
0.000000E+0	4.609794E-6	4.609794E-6	3.021573E-11	2.217793E+2
-5.000000E-2	4.476473E-3	-4.476473E-3	-2.934185E-8	2.221621E+2
-1.000000E-1	1.027405E-2	-1.027405E-2	-6.734311E-8	2.223506E+2
-1.500000E-1	1.813528E-2	-1.813528E-2	-1.188710E-7	2.229248E+2
-2.000000E-1	2.843710E-2	-2.843710E-2	-1.863961E-7	2.231133E+2
-2.500000E-1	4.105562E-2	-4.105562E-2	-2.691065E-7	2.233008E+2
-3.000000E-1	5.614545E-2	-5.614545E-2	-3.680155E-7	2.234893E+2
-3.500000E-1	7.354203E-2	-7.354203E-2	-4.820445E-7	2.236777E+2
-4.000000E-1	9.307899E-2	-9.307899E-2	-6.101031E-7	2.238652E+2
-4.500000E-1	1.142601E-1	-1.142601E-1	-7.489382E-7	2.240537E+2
-5.000000E-1	1.372363E-1	-1.372363E-1	-8.995403E-7	2.242412E+2
-5.000000E-1	1.372476E-1	-1.372476E-1	-8.996142E-7	2.244297E+2
-4.500000E-1	1.139855E-1	-1.139855E-1	-7.471385E-7	2.246182E+2
-4.000000E-1	9.290036E-2	-9.290036E-2	-6.089322E-7	2.248057E+2
-3.500000E-1	7.307588E-2	-7.307588E-2	-4.789891E-7	2.249941E+2
-3.000000E-1	5.578059E-2	-5.578059E-2	-3.656240E-7	2.251826E+2
-2.500000E-1	4.087899E-2	-4.087899E-2	-2.679487E-7	2.253701E+2
-2.000000E-1	2.810550E-2	-2.810550E-2	-1.842226E-7	2.255586E+2
-1.500000E-1	1.793883E-2	-1.793883E-2	-1.175833E-7	2.257461E+2
-1.000000E-1	1.019587E-2	-1.019587E-2	-6.683068E-8	2.261279E+2
-5.000000E-2	4.477064E-3	-4.477064E-3	-2.934573E-8	2.263164E+2
0.000000E+0	4.752669E-6	4.752669E-6	3.115223E-11	2.272109E+2
