voltage_8_21_40	absJ_8_21_40	J_8_21_40	current_8_21_40	time_8_21_40	
0.000000E+0	1.773365E-5	1.773365E-5	1.647418E-10	0.000000E+0
5.000000E-2	1.737769E-3	1.737769E-3	1.614350E-8	6.728516E-1
1.000000E-1	3.758520E-3	3.758520E-3	3.491584E-8	7.910156E-1
1.500000E-1	5.947962E-3	5.947962E-3	5.525528E-8	9.082031E-1
2.000000E-1	8.129629E-3	8.129629E-3	7.552249E-8	1.026367E+0
2.500000E-1	1.044149E-2	1.044149E-2	9.699919E-8	1.144531E+0
3.000000E-1	1.064896E-2	1.064896E-2	9.892653E-8	1.508789E+0
3.500000E-1	1.342497E-2	1.342497E-2	1.247151E-7	1.626953E+0
4.000000E-1	1.626321E-2	1.626321E-2	1.510817E-7	1.744141E+0
4.500000E-1	1.916608E-2	1.916608E-2	1.780487E-7	1.862305E+0
5.000000E-1	2.249623E-2	2.249623E-2	2.089851E-7	1.980469E+0
5.000000E-1	2.236700E-2	2.236700E-2	2.077846E-7	2.098633E+0
4.500000E-1	1.870703E-2	1.870703E-2	1.737843E-7	2.216797E+0
4.000000E-1	1.546484E-2	1.546484E-2	1.436650E-7	2.333984E+0
3.500000E-1	1.268668E-2	1.268668E-2	1.178565E-7	2.452148E+0
3.000000E-1	1.031566E-2	1.031566E-2	9.583025E-8	2.693359E+0
2.500000E-1	8.107990E-3	8.107990E-3	7.532147E-8	2.811523E+0
2.000000E-1	6.058544E-3	6.058544E-3	5.628256E-8	2.929688E+0
1.500000E-1	4.253679E-3	4.253679E-3	3.951576E-8	3.047852E+0
1.000000E-1	2.630946E-3	2.630946E-3	2.444092E-8	3.166016E+0
5.000000E-2	1.265866E-3	1.265866E-3	1.175962E-8	3.283203E+0
0.000000E+0	6.545353E-6	6.545353E-6	6.080492E-11	3.965820E+0
-5.000000E-2	1.193948E-3	-1.193948E-3	-1.109152E-8	4.515625E+0
-1.000000E-1	2.441487E-3	-2.441487E-3	-2.268089E-8	4.633789E+0
-1.500000E-1	3.663844E-3	-3.663844E-3	-3.403632E-8	4.750977E+0
-2.000000E-1	5.011941E-3	-5.011941E-3	-4.655985E-8	4.869141E+0
-2.500000E-1	6.373452E-3	-6.373452E-3	-5.920799E-8	4.987305E+0
-3.000000E-1	7.816528E-3	-7.816528E-3	-7.261386E-8	5.105469E+0
-3.500000E-1	9.277154E-3	-9.277154E-3	-8.618275E-8	5.223633E+0
-4.000000E-1	1.078914E-2	-1.078914E-2	-1.002288E-7	5.340820E+0
-4.500000E-1	1.275228E-2	-1.275228E-2	-1.184659E-7	5.705078E+0
-5.000000E-1	1.466951E-2	-1.466951E-2	-1.362766E-7	5.823242E+0
-5.000000E-1	1.455968E-2	-1.455968E-2	-1.352563E-7	5.941406E+0
-4.500000E-1	1.280380E-2	-1.280380E-2	-1.189445E-7	6.059570E+0
-4.000000E-1	1.113890E-2	-1.113890E-2	-1.034780E-7	6.176758E+0
-3.500000E-1	9.456098E-3	-9.456098E-3	-8.784511E-8	6.418945E+0
-3.000000E-1	7.886133E-3	-7.886133E-3	-7.326047E-8	6.536133E+0
-2.500000E-1	6.457864E-3	-6.457864E-3	-5.999216E-8	6.654297E+0
-2.000000E-1	5.111183E-3	-5.111183E-3	-4.748178E-8	6.772461E+0
-1.500000E-1	3.777748E-3	-3.777748E-3	-3.509446E-8	6.890625E+0
-1.000000E-1	2.480233E-3	-2.480233E-3	-2.304083E-8	7.008789E+0
-5.000000E-2	1.233917E-3	-1.233917E-3	-1.146282E-8	7.125977E+0
0.000000E+0	1.136167E-5	1.136167E-5	1.055475E-10	7.368164E+0
0.000000E+0	6.393008E-6	6.393008E-6	5.938966E-11	8.358398E+0
5.000000E-2	1.284802E-3	1.284802E-3	1.193553E-8	8.907227E+0
1.000000E-1	2.734099E-3	2.734099E-3	2.539919E-8	9.025391E+0
1.500000E-1	4.344176E-3	4.344176E-3	4.035645E-8	9.143555E+0
2.000000E-1	6.119949E-3	6.119949E-3	5.685300E-8	9.260742E+0
2.500000E-1	8.209273E-3	8.209273E-3	7.626237E-8	9.378906E+0
3.000000E-1	1.041919E-2	1.041919E-2	9.679201E-8	9.497070E+0
3.500000E-1	1.266235E-2	1.266235E-2	1.176305E-7	9.861328E+0
4.000000E-1	1.548689E-2	1.548689E-2	1.438699E-7	9.979492E+0
4.500000E-1	1.860546E-2	1.860546E-2	1.728407E-7	1.009668E+1
5.000000E-1	2.193487E-2	2.193487E-2	2.037702E-7	1.021484E+1
5.000000E-1	2.215963E-2	2.215963E-2	2.058582E-7	1.033301E+1
4.500000E-1	1.860892E-2	1.860892E-2	1.728728E-7	1.045117E+1
4.000000E-1	1.534633E-2	1.534633E-2	1.425641E-7	1.056934E+1
3.500000E-1	1.257937E-2	1.257937E-2	1.168596E-7	1.068652E+1
3.000000E-1	1.008037E-2	1.008037E-2	9.364449E-8	1.092871E+1
2.500000E-1	7.902507E-3	7.902507E-3	7.341258E-8	1.104590E+1
2.000000E-1	5.926049E-3	5.926049E-3	5.505171E-8	1.116406E+1
1.500000E-1	4.121930E-3	4.121930E-3	3.829184E-8	1.128223E+1
1.000000E-1	2.581266E-3	2.581266E-3	2.397940E-8	1.140039E+1
5.000000E-2	1.216288E-3	1.216288E-3	1.129905E-8	1.151855E+1
0.000000E+0	6.023110E-6	6.023110E-6	5.595339E-11	1.220020E+1
-5.000000E-2	1.150756E-3	-1.150756E-3	-1.069027E-8	1.275000E+1
-1.000000E-1	2.333636E-3	-2.333636E-3	-2.167897E-8	1.286816E+1
-1.500000E-1	3.560138E-3	-3.560138E-3	-3.307291E-8	1.298633E+1
-2.000000E-1	4.879245E-3	-4.879245E-3	-4.532713E-8	1.310352E+1
-2.500000E-1	6.255669E-3	-6.255669E-3	-5.811381E-8	1.322168E+1
-3.000000E-1	7.674632E-3	-7.674632E-3	-7.129567E-8	1.333984E+1
-3.500000E-1	9.158832E-3	-9.158832E-3	-8.508356E-8	1.345801E+1
-4.000000E-1	1.077233E-2	-1.077233E-2	-1.000726E-7	1.357617E+1
-4.500000E-1	1.266823E-2	-1.266823E-2	-1.176851E-7	1.394043E+1
-5.000000E-1	1.436398E-2	-1.436398E-2	-1.334383E-7	1.405762E+1
-5.000000E-1	1.428140E-2	-1.428140E-2	-1.326711E-7	1.417578E+1
-4.500000E-1	1.264240E-2	-1.264240E-2	-1.174452E-7	1.429395E+1
-4.000000E-1	1.118986E-2	-1.118986E-2	-1.039514E-7	1.441211E+1
-3.500000E-1	9.490193E-3	-9.490193E-3	-8.816184E-8	1.465332E+1
-3.000000E-1	7.893650E-3	-7.893650E-3	-7.333030E-8	1.477148E+1
-2.500000E-1	6.468497E-3	-6.468497E-3	-6.009094E-8	1.488965E+1
-2.000000E-1	5.075684E-3	-5.075684E-3	-4.715201E-8	1.500684E+1
-1.500000E-1	3.733243E-3	-3.733243E-3	-3.468102E-8	1.512500E+1
-1.000000E-1	2.441028E-3	-2.441028E-3	-2.267662E-8	1.524316E+1
-5.000000E-2	1.199917E-3	-1.199917E-3	-1.114697E-8	1.536133E+1
0.000000E+0	7.372212E-6	7.372212E-6	6.848625E-11	1.632031E+1
0.000000E+0	4.172111E-6	4.172111E-6	3.875801E-11	1.693457E+1
5.000000E-2	1.268775E-3	1.268775E-3	1.178665E-8	1.748340E+1
1.000000E-1	2.673819E-3	2.673819E-3	2.483920E-8	1.760156E+1
1.500000E-1	4.272508E-3	4.272508E-3	3.969068E-8	1.771973E+1
2.000000E-1	6.100117E-3	6.100117E-3	5.666877E-8	1.783789E+1
2.500000E-1	8.143971E-3	8.143971E-3	7.565573E-8	1.795605E+1
3.000000E-1	1.025865E-2	1.025865E-2	9.530065E-8	1.807324E+1
3.500000E-1	1.261062E-2	1.261062E-2	1.171499E-7	1.843750E+1
4.000000E-1	1.567147E-2	1.567147E-2	1.455846E-7	1.855566E+1
4.500000E-1	1.888794E-2	1.888794E-2	1.754649E-7	1.867383E+1
5.000000E-1	2.222998E-2	2.222998E-2	2.065117E-7	1.879199E+1
5.000000E-1	2.158792E-2	2.158792E-2	2.005471E-7	1.890918E+1
4.500000E-1	1.829832E-2	1.829832E-2	1.699874E-7	1.902734E+1
4.000000E-1	1.529360E-2	1.529360E-2	1.420742E-7	1.914551E+1
3.500000E-1	1.250656E-2	1.250656E-2	1.161832E-7	1.926367E+1
3.000000E-1	9.813087E-3	9.813087E-3	9.116145E-8	1.950488E+1
2.500000E-1	7.724895E-3	7.724895E-3	7.176261E-8	1.962305E+1
2.000000E-1	5.759088E-3	5.759088E-3	5.350068E-8	1.974121E+1
1.500000E-1	4.035823E-3	4.035823E-3	3.749192E-8	1.985840E+1
1.000000E-1	2.517175E-3	2.517175E-3	2.338401E-8	1.997656E+1
5.000000E-2	1.200678E-3	1.200678E-3	1.115404E-8	2.009473E+1
0.000000E+0	4.965244E-6	4.965244E-6	4.612604E-11	2.077637E+1
-5.000000E-2	1.136315E-3	-1.136315E-3	-1.055612E-8	2.132617E+1
-1.000000E-1	2.319232E-3	-2.319232E-3	-2.154516E-8	2.144434E+1
-1.500000E-1	3.554851E-3	-3.554851E-3	-3.302380E-8	2.156250E+1
-2.000000E-1	4.872947E-3	-4.872947E-3	-4.526862E-8	2.167969E+1
-2.500000E-1	6.211762E-3	-6.211762E-3	-5.770593E-8	2.179785E+1
-3.000000E-1	7.602756E-3	-7.602756E-3	-7.062796E-8	2.191602E+1
-3.500000E-1	9.135008E-3	-9.135008E-3	-8.486224E-8	2.203418E+1
-4.000000E-1	1.066331E-2	-1.066331E-2	-9.905983E-8	2.215234E+1
-4.500000E-1	1.238513E-2	-1.238513E-2	-1.150552E-7	2.251562E+1
-5.000000E-1	1.387918E-2	-1.387918E-2	-1.289346E-7	2.263379E+1
-5.000000E-1	1.387052E-2	-1.387052E-2	-1.288541E-7	2.275195E+1
-4.500000E-1	1.224674E-2	-1.224674E-2	-1.137696E-7	2.287012E+1
-4.000000E-1	1.059731E-2	-1.059731E-2	-9.844673E-8	2.311133E+1
-3.500000E-1	9.114635E-3	-9.114635E-3	-8.467298E-8	2.322949E+1
-3.000000E-1	7.632556E-3	-7.632556E-3	-7.090479E-8	2.334766E+1
-2.500000E-1	6.244511E-3	-6.244511E-3	-5.801016E-8	2.346484E+1
-2.000000E-1	4.896859E-3	-4.896859E-3	-4.549076E-8	2.358301E+1
-1.500000E-1	3.618257E-3	-3.618257E-3	-3.361282E-8	2.370117E+1
-1.000000E-1	2.416446E-3	-2.416446E-3	-2.244826E-8	2.381934E+1
-5.000000E-2	1.199193E-3	-1.199193E-3	-1.114024E-8	2.393750E+1
0.000000E+0	1.159342E-5	1.159342E-5	1.077004E-10	2.417871E+1
0.000000E+0	6.618685E-6	6.618685E-6	6.148615E-11	2.516895E+1
5.000000E-2	1.242743E-3	1.242743E-3	1.154481E-8	2.571777E+1
1.000000E-1	2.626355E-3	2.626355E-3	2.439827E-8	2.583594E+1
1.500000E-1	4.210105E-3	4.210105E-3	3.911097E-8	2.595410E+1
2.000000E-1	5.960282E-3	5.960282E-3	5.536973E-8	2.607129E+1
2.500000E-1	7.924346E-3	7.924346E-3	7.361546E-8	2.618945E+1
3.000000E-1	1.008044E-2	1.008044E-2	9.364511E-8	2.630762E+1
3.500000E-1	1.252556E-2	1.252556E-2	1.163597E-7	2.667187E+1
4.000000E-1	1.503877E-2	1.503877E-2	1.397069E-7	2.679004E+1
4.500000E-1	1.797188E-2	1.797188E-2	1.669549E-7	2.690820E+1
5.000000E-1	2.120273E-2	2.120273E-2	1.969688E-7	2.702539E+1
5.000000E-1	2.105223E-2	2.105223E-2	1.955707E-7	2.714355E+1
4.500000E-1	1.779526E-2	1.779526E-2	1.653141E-7	2.726172E+1
4.000000E-1	1.492405E-2	1.492405E-2	1.386412E-7	2.737988E+1
3.500000E-1	1.217648E-2	1.217648E-2	1.131169E-7	2.749805E+1
3.000000E-1	9.804989E-3	9.804989E-3	9.108623E-8	2.773926E+1
2.500000E-1	7.651583E-3	7.651583E-3	7.108155E-8	2.785742E+1
2.000000E-1	5.729391E-3	5.729391E-3	5.322480E-8	2.797461E+1
1.500000E-1	4.026284E-3	4.026284E-3	3.740331E-8	2.809277E+1
1.000000E-1	2.520767E-3	2.520767E-3	2.341738E-8	2.821094E+1
5.000000E-2	1.208074E-3	1.208074E-3	1.122275E-8	2.832910E+1
0.000000E+0	4.651572E-6	4.651572E-6	4.321210E-11	2.901074E+1
-5.000000E-2	1.134515E-3	-1.134515E-3	-1.053940E-8	2.956055E+1
-1.000000E-1	2.329776E-3	-2.329776E-3	-2.164312E-8	2.967871E+1
-1.500000E-1	3.564697E-3	-3.564697E-3	-3.311526E-8	2.979687E+1
-2.000000E-1	4.879472E-3	-4.879472E-3	-4.532924E-8	2.991406E+1
-2.500000E-1	6.383508E-3	-6.383508E-3	-5.930141E-8	3.003223E+1
-3.000000E-1	7.861221E-3	-7.861221E-3	-7.302904E-8	3.015039E+1
-3.500000E-1	9.369804E-3	-9.369804E-3	-8.704345E-8	3.026855E+1
-4.000000E-1	1.085317E-2	-1.085317E-2	-1.008236E-7	3.038672E+1
-4.500000E-1	1.338759E-2	-1.338759E-2	-1.243678E-7	3.075000E+1
-5.000000E-1	1.511593E-2	-1.511593E-2	-1.404237E-7	3.086816E+1
-5.000000E-1	1.527558E-2	-1.527558E-2	-1.419068E-7	3.098633E+1
-4.500000E-1	1.336279E-2	-1.336279E-2	-1.241374E-7	3.110449E+1
-4.000000E-1	1.160951E-2	-1.160951E-2	-1.078498E-7	3.122266E+1
-3.500000E-1	9.763718E-3	-9.763718E-3	-9.070283E-8	3.146387E+1
-3.000000E-1	8.284898E-3	-8.284898E-3	-7.696491E-8	3.158203E+1
-2.500000E-1	6.743593E-3	-6.743593E-3	-6.264652E-8	3.169922E+1
-2.000000E-1	5.221017E-3	-5.221017E-3	-4.850212E-8	3.181738E+1
-1.500000E-1	3.867009E-3	-3.867009E-3	-3.592368E-8	3.193555E+1
-1.000000E-1	2.483086E-3	-2.483086E-3	-2.306733E-8	3.205371E+1
-5.000000E-2	1.242160E-3	-1.242160E-3	-1.153940E-8	3.217188E+1
0.000000E+0	5.087594E-6	5.087594E-6	4.726265E-11	3.285352E+1
0.000000E+0	3.569108E-6	3.569108E-6	3.315624E-11	3.346777E+1
5.000000E-2	1.274139E-3	1.274139E-3	1.183648E-8	3.401758E+1
1.000000E-1	2.703540E-3	2.703540E-3	2.511530E-8	3.413477E+1
1.500000E-1	4.318834E-3	4.318834E-3	4.012103E-8	3.425293E+1
2.000000E-1	6.205489E-3	6.205489E-3	5.764765E-8	3.437109E+1
2.500000E-1	8.379459E-3	8.379459E-3	7.784336E-8	3.448926E+1
3.000000E-1	1.077598E-2	1.077598E-2	1.001065E-7	3.460742E+1
3.500000E-1	1.281299E-2	1.281299E-2	1.190299E-7	3.497070E+1
4.000000E-1	1.535185E-2	1.535185E-2	1.426154E-7	3.508887E+1
4.500000E-1	1.900478E-2	1.900478E-2	1.765503E-7	3.520703E+1
5.000000E-1	2.204351E-2	2.204351E-2	2.047794E-7	3.532520E+1
5.000000E-1	2.192383E-2	2.192383E-2	2.036676E-7	3.544336E+1
4.500000E-1	1.848511E-2	1.848511E-2	1.717227E-7	3.556055E+1
4.000000E-1	1.535289E-2	1.535289E-2	1.426250E-7	3.567871E+1
3.500000E-1	1.255210E-2	1.255210E-2	1.166063E-7	3.579687E+1
3.000000E-1	1.038787E-2	1.038787E-2	9.650110E-8	3.603809E+1
2.500000E-1	7.982134E-3	7.982134E-3	7.415230E-8	3.615625E+1
2.000000E-1	5.999118E-3	5.999118E-3	5.573051E-8	3.627441E+1
1.500000E-1	4.162158E-3	4.162158E-3	3.866555E-8	3.639258E+1
1.000000E-1	2.654244E-3	2.654244E-3	2.465735E-8	3.650977E+1
5.000000E-2	1.237034E-3	1.237034E-3	1.149178E-8	3.662793E+1
0.000000E+0	5.641190E-6	5.641190E-6	5.240543E-11	3.730957E+1
-5.000000E-2	1.160698E-3	-1.160698E-3	-1.078263E-8	3.785938E+1
-1.000000E-1	2.352781E-3	-2.352781E-3	-2.185683E-8	3.797754E+1
-1.500000E-1	3.576574E-3	-3.576574E-3	-3.322560E-8	3.809570E+1
-2.000000E-1	4.907615E-3	-4.907615E-3	-4.559068E-8	3.821387E+1
-2.500000E-1	6.283924E-3	-6.283924E-3	-5.837629E-8	3.833105E+1
-3.000000E-1	7.736175E-3	-7.736175E-3	-7.186739E-8	3.844922E+1
-3.500000E-1	9.153322E-3	-9.153322E-3	-8.503238E-8	3.856738E+1
-4.000000E-1	1.076842E-2	-1.076842E-2	-1.000363E-7	3.868555E+1
-4.500000E-1	1.325686E-2	-1.325686E-2	-1.231534E-7	3.904980E+1
-5.000000E-1	1.513569E-2	-1.513569E-2	-1.406073E-7	3.916797E+1
-5.000000E-1	1.485120E-2	-1.485120E-2	-1.379644E-7	3.928516E+1
-4.500000E-1	1.312172E-2	-1.312172E-2	-1.218979E-7	3.940332E+1
-4.000000E-1	1.156221E-2	-1.156221E-2	-1.074104E-7	3.952148E+1
-3.500000E-1	9.790636E-3	-9.790636E-3	-9.095289E-8	3.976270E+1
-3.000000E-1	8.122274E-3	-8.122274E-3	-7.545417E-8	3.988086E+1
-2.500000E-1	6.603169E-3	-6.603169E-3	-6.134201E-8	3.999902E+1
-2.000000E-1	5.200304E-3	-5.200304E-3	-4.830970E-8	4.011719E+1
-1.500000E-1	3.831949E-3	-3.831949E-3	-3.559798E-8	4.023438E+1
-1.000000E-1	2.501349E-3	-2.501349E-3	-2.323699E-8	4.035254E+1
-5.000000E-2	1.247084E-3	-1.247084E-3	-1.158514E-8	4.047070E+1
0.000000E+0	1.261372E-5	1.261372E-5	1.171787E-10	4.071191E+1
0.000000E+0	7.361303E-6	7.361303E-6	6.838491E-11	4.170215E+1
5.000000E-2	1.299940E-3	1.299940E-3	1.207616E-8	4.225098E+1
1.000000E-1	2.727180E-3	2.727180E-3	2.533491E-8	4.236914E+1
1.500000E-1	4.406589E-3	4.406589E-3	4.093626E-8	4.248730E+1
2.000000E-1	6.180498E-3	6.180498E-3	5.741549E-8	4.260547E+1
2.500000E-1	8.271744E-3	8.271744E-3	7.684271E-8	4.272363E+1
3.000000E-1	1.058812E-2	1.058812E-2	9.836130E-8	4.284082E+1
3.500000E-1	1.294149E-2	1.294149E-2	1.202236E-7	4.320508E+1
4.000000E-1	1.677660E-2	1.677660E-2	1.558510E-7	4.332324E+1
4.500000E-1	1.873565E-2	1.873565E-2	1.740501E-7	4.344141E+1
5.000000E-1	2.300813E-2	2.300813E-2	2.137405E-7	4.355957E+1
5.000000E-1	2.361953E-2	2.361953E-2	2.194203E-7	4.367676E+1
4.500000E-1	1.985836E-2	1.985836E-2	1.844799E-7	4.379492E+1
4.000000E-1	1.713150E-2	1.713150E-2	1.591479E-7	4.391309E+1
3.500000E-1	1.315813E-2	1.315813E-2	1.222362E-7	4.403125E+1
3.000000E-1	1.101538E-2	1.101538E-2	1.023305E-7	4.414941E+1
2.500000E-1	8.520132E-3	8.520132E-3	7.915018E-8	4.439063E+1
2.000000E-1	6.412325E-3	6.412325E-3	5.956911E-8	4.450879E+1
1.500000E-1	4.504002E-3	4.504002E-3	4.184120E-8	4.462598E+1
1.000000E-1	2.803172E-3	2.803172E-3	2.604086E-8	4.474414E+1
5.000000E-2	1.344831E-3	1.344831E-3	1.249319E-8	4.486230E+1
0.000000E+0	1.125786E-5	1.125786E-5	1.045831E-10	4.510352E+1
-5.000000E-2	1.297102E-3	-1.297102E-3	-1.204980E-8	4.577734E+1
-1.000000E-1	2.622202E-3	-2.622202E-3	-2.435969E-8	4.589453E+1
-1.500000E-1	4.022049E-3	-4.022049E-3	-3.736396E-8	4.601270E+1
-2.000000E-1	5.476486E-3	-5.476486E-3	-5.087537E-8	4.613086E+1
-2.500000E-1	6.977935E-3	-6.977935E-3	-6.482351E-8	4.624902E+1
-3.000000E-1	8.524969E-3	-8.524969E-3	-7.919512E-8	4.636719E+1
-3.500000E-1	1.013375E-2	-1.013375E-2	-9.414033E-8	4.648438E+1
-4.000000E-1	1.161031E-2	-1.161031E-2	-1.078573E-7	4.684863E+1
-4.500000E-1	1.321279E-2	-1.321279E-2	-1.227440E-7	4.696680E+1
-5.000000E-1	1.532794E-2	-1.532794E-2	-1.423932E-7	4.708496E+1
-5.000000E-1	1.534578E-2	-1.534578E-2	-1.425590E-7	4.720313E+1
-4.500000E-1	1.351187E-2	-1.351187E-2	-1.255223E-7	4.732129E+1
-4.000000E-1	1.174115E-2	-1.174115E-2	-1.090727E-7	4.743848E+1
-3.500000E-1	1.016173E-2	-1.016173E-2	-9.440028E-8	4.768066E+1
-3.000000E-1	8.629004E-3	-8.629004E-3	-8.016158E-8	4.779785E+1
-2.500000E-1	7.054283E-3	-7.054283E-3	-6.553276E-8	4.791602E+1
-2.000000E-1	5.521532E-3	-5.521532E-3	-5.129384E-8	4.803418E+1
-1.500000E-1	4.078431E-3	-4.078431E-3	-3.788774E-8	4.815234E+1
-1.000000E-1	2.742254E-3	-2.742254E-3	-2.547495E-8	4.827051E+1
-5.000000E-2	1.353980E-3	-1.353980E-3	-1.257818E-8	4.838770E+1
0.000000E+0	6.216451E-6	6.216451E-6	5.774949E-11	4.934668E+1
0.000000E+0	2.736815E-6	2.736815E-6	2.542442E-11	4.996191E+1
5.000000E-2	1.399653E-3	1.399653E-3	1.300247E-8	5.051074E+1
1.000000E-1	2.881464E-3	2.881464E-3	2.676818E-8	5.062891E+1
1.500000E-1	4.597950E-3	4.597950E-3	4.271396E-8	5.074707E+1
2.000000E-1	6.545260E-3	6.545260E-3	6.080405E-8	5.086426E+1
2.500000E-1	8.796814E-3	8.796814E-3	8.172050E-8	5.098242E+1
3.000000E-1	1.105315E-2	1.105315E-2	1.026814E-7	5.110059E+1
3.500000E-1	1.301050E-2	1.301050E-2	1.208647E-7	5.146484E+1
4.000000E-1	1.575824E-2	1.575824E-2	1.463906E-7	5.158301E+1
4.500000E-1	1.874948E-2	1.874948E-2	1.741786E-7	5.170117E+1
5.000000E-1	2.193233E-2	2.193233E-2	2.037466E-7	5.181836E+1
5.000000E-1	2.200891E-2	2.200891E-2	2.044580E-7	5.193652E+1
4.500000E-1	1.837147E-2	1.837147E-2	1.706670E-7	5.205469E+1
4.000000E-1	1.520334E-2	1.520334E-2	1.412357E-7	5.217285E+1
3.500000E-1	1.243224E-2	1.243224E-2	1.154928E-7	5.229102E+1
3.000000E-1	1.009003E-2	1.009003E-2	9.373418E-8	5.253223E+1
2.500000E-1	7.760441E-3	7.760441E-3	7.209282E-8	5.265039E+1
2.000000E-1	5.775697E-3	5.775697E-3	5.365498E-8	5.276758E+1
1.500000E-1	4.021862E-3	4.021862E-3	3.736223E-8	5.288574E+1
1.000000E-1	2.544189E-3	2.544189E-3	2.363497E-8	5.300391E+1
5.000000E-2	1.211408E-3	1.211408E-3	1.125372E-8	5.312207E+1
0.000000E+0	5.539143E-6	5.539143E-6	5.145744E-11	5.380371E+1
-5.000000E-2	1.144150E-3	-1.144150E-3	-1.062891E-8	5.435352E+1
-1.000000E-1	2.331779E-3	-2.331779E-3	-2.166172E-8	5.447168E+1
-1.500000E-1	3.481960E-3	-3.481960E-3	-3.234665E-8	5.458984E+1
-2.000000E-1	4.764940E-3	-4.764940E-3	-4.426526E-8	5.470801E+1
-2.500000E-1	6.124348E-3	-6.124348E-3	-5.689387E-8	5.482520E+1
-3.000000E-1	7.428454E-3	-7.428454E-3	-6.900873E-8	5.494336E+1
-3.500000E-1	8.871973E-3	-8.871973E-3	-8.241871E-8	5.506152E+1
-4.000000E-1	1.039011E-2	-1.039011E-2	-9.652183E-8	5.517969E+1
-4.500000E-1	1.220054E-2	-1.220054E-2	-1.133404E-7	5.554395E+1
-5.000000E-1	1.381986E-2	-1.381986E-2	-1.283835E-7	5.566113E+1
-5.000000E-1	1.386434E-2	-1.386434E-2	-1.287967E-7	5.577930E+1
-4.500000E-1	1.237773E-2	-1.237773E-2	-1.149864E-7	5.589746E+1
-4.000000E-1	1.074759E-2	-1.074759E-2	-9.984278E-8	5.613867E+1
-3.500000E-1	9.241874E-3	-9.241874E-3	-8.585501E-8	5.625684E+1
-3.000000E-1	7.710793E-3	-7.710793E-3	-7.163160E-8	5.637500E+1
-2.500000E-1	6.182350E-3	-6.182350E-3	-5.743269E-8	5.649316E+1
-2.000000E-1	4.890032E-3	-4.890032E-3	-4.542734E-8	5.661133E+1
-1.500000E-1	3.643929E-3	-3.643929E-3	-3.385131E-8	5.672852E+1
-1.000000E-1	2.394137E-3	-2.394137E-3	-2.224101E-8	5.684668E+1
-5.000000E-2	1.182248E-3	-1.182248E-3	-1.098283E-8	5.696484E+1
0.000000E+0	7.546670E-6	7.546670E-6	7.010693E-11	5.792383E+1
0.000000E+0	4.069463E-6	4.069463E-6	3.780443E-11	5.853809E+1
5.000000E-2	1.258302E-3	1.258302E-3	1.168935E-8	5.908691E+1
1.000000E-1	2.641696E-3	2.641696E-3	2.454078E-8	5.920508E+1
1.500000E-1	4.163670E-3	4.163670E-3	3.867959E-8	5.932324E+1
2.000000E-1	5.917477E-3	5.917477E-3	5.497208E-8	5.944141E+1
2.500000E-1	7.870492E-3	7.870492E-3	7.311517E-8	5.955957E+1
3.000000E-1	1.002120E-2	1.002120E-2	9.309477E-8	5.967773E+1
3.500000E-1	1.214668E-2	1.214668E-2	1.128400E-7	6.004102E+1
4.000000E-1	1.466652E-2	1.466652E-2	1.362488E-7	6.015918E+1
4.500000E-1	1.765107E-2	1.765107E-2	1.639746E-7	6.027734E+1
5.000000E-1	2.094107E-2	2.094107E-2	1.945380E-7	6.039551E+1
5.000000E-1	2.082605E-2	2.082605E-2	1.934695E-7	6.051367E+1
4.500000E-1	1.749960E-2	1.749960E-2	1.625675E-7	6.063086E+1
4.000000E-1	1.435288E-2	1.435288E-2	1.333351E-7	6.074902E+1
3.500000E-1	1.183992E-2	1.183992E-2	1.099903E-7	6.086719E+1
3.000000E-1	9.435033E-3	9.435033E-3	8.764941E-8	6.110840E+1
2.500000E-1	7.320166E-3	7.320166E-3	6.800276E-8	6.122656E+1
2.000000E-1	5.473757E-3	5.473757E-3	5.085002E-8	6.134473E+1
1.500000E-1	3.865709E-3	3.865709E-3	3.591160E-8	6.146289E+1
1.000000E-1	2.430655E-3	2.430655E-3	2.258026E-8	6.158008E+1
5.000000E-2	1.150749E-3	1.150749E-3	1.069021E-8	6.169824E+1
0.000000E+0	4.924543E-6	4.924543E-6	4.574794E-11	6.237988E+1
-5.000000E-2	1.095239E-3	-1.095239E-3	-1.017453E-8	6.292969E+1
-1.000000E-1	2.228811E-3	-2.228811E-3	-2.070517E-8	6.304785E+1
-1.500000E-1	3.425189E-3	-3.425189E-3	-3.181927E-8	6.316602E+1
-2.000000E-1	4.639468E-3	-4.639468E-3	-4.309965E-8	6.328418E+1
-2.500000E-1	5.928170E-3	-5.928170E-3	-5.507142E-8	6.340137E+1
-3.000000E-1	7.353358E-3	-7.353358E-3	-6.831110E-8	6.351953E+1
-3.500000E-1	8.745668E-3	-8.745668E-3	-8.124537E-8	6.363770E+1
-4.000000E-1	1.022832E-2	-1.022832E-2	-9.501890E-8	6.375586E+1
-4.500000E-1	1.227840E-2	-1.227840E-2	-1.140637E-7	6.412012E+1
-5.000000E-1	1.390159E-2	-1.390159E-2	-1.291428E-7	6.423730E+1
-5.000000E-1	1.388138E-2	-1.388138E-2	-1.289550E-7	6.435547E+1
-4.500000E-1	1.219648E-2	-1.219648E-2	-1.133027E-7	6.447363E+1
-4.000000E-1	1.062402E-2	-1.062402E-2	-9.869481E-8	6.471484E+1
-3.500000E-1	8.935698E-3	-8.935698E-3	-8.301070E-8	6.483301E+1
-3.000000E-1	7.435090E-3	-7.435090E-3	-6.907038E-8	6.495117E+1
-2.500000E-1	6.106214E-3	-6.106214E-3	-5.672541E-8	6.506934E+1
-2.000000E-1	4.802069E-3	-4.802069E-3	-4.461018E-8	6.518750E+1
-1.500000E-1	3.534182E-3	-3.534182E-3	-3.283179E-8	6.530469E+1
-1.000000E-1	2.317880E-3	-2.317880E-3	-2.153260E-8	6.542285E+1
-5.000000E-2	1.146533E-3	-1.146533E-3	-1.065104E-8	6.554102E+1
0.000000E+0	6.845935E-6	6.845935E-6	6.359725E-11	6.622266E+1
0.000000E+0	4.176752E-6	4.176752E-6	3.880112E-11	6.683691E+1
5.000000E-2	1.231891E-3	1.231891E-3	1.144400E-8	6.738672E+1
1.000000E-1	2.594082E-3	2.594082E-3	2.409846E-8	6.750488E+1
1.500000E-1	4.165125E-3	4.165125E-3	3.869311E-8	6.762207E+1
2.000000E-1	5.923668E-3	5.923668E-3	5.502960E-8	6.774023E+1
2.500000E-1	7.925421E-3	7.925421E-3	7.362544E-8	6.785840E+1
3.000000E-1	1.015488E-2	1.015488E-2	9.433666E-8	6.797656E+1
3.500000E-1	1.219067E-2	1.219067E-2	1.132487E-7	6.834082E+1
4.000000E-1	1.474152E-2	1.474152E-2	1.369455E-7	6.845801E+1
4.500000E-1	1.761542E-2	1.761542E-2	1.636434E-7	6.857617E+1
5.000000E-1	2.100654E-2	2.100654E-2	1.951462E-7	6.869434E+1
5.000000E-1	2.096847E-2	2.096847E-2	1.947925E-7	6.881250E+1
4.500000E-1	1.740177E-2	1.740177E-2	1.616587E-7	6.893066E+1
4.000000E-1	1.440164E-2	1.440164E-2	1.337881E-7	6.904785E+1
3.500000E-1	1.176735E-2	1.176735E-2	1.093161E-7	6.916602E+1
3.000000E-1	9.340409E-3	9.340409E-3	8.677038E-8	6.940820E+1
2.500000E-1	7.305804E-3	7.305804E-3	6.786934E-8	6.952539E+1
2.000000E-1	5.414526E-3	5.414526E-3	5.029977E-8	6.964355E+1
1.500000E-1	3.752014E-3	3.752014E-3	3.485540E-8	6.976172E+1
1.000000E-1	2.372951E-3	2.372951E-3	2.204420E-8	6.987988E+1
5.000000E-2	1.141372E-3	1.141372E-3	1.060310E-8	6.999805E+1
0.000000E+0	4.587335E-6	4.587335E-6	4.261535E-11	7.067969E+1
-5.000000E-2	1.062649E-3	-1.062649E-3	-9.871783E-9	7.135254E+1
-1.000000E-1	2.220693E-3	-2.220693E-3	-2.062976E-8	7.171777E+1
-1.500000E-1	3.429986E-3	-3.429986E-3	-3.186383E-8	7.183594E+1
-2.000000E-1	4.674056E-3	-4.674056E-3	-4.342097E-8	7.195313E+1
-2.500000E-1	5.925898E-3	-5.925898E-3	-5.505031E-8	7.207129E+1
-3.000000E-1	7.353823E-3	-7.353823E-3	-6.831542E-8	7.218945E+1
-3.500000E-1	8.658453E-3	-8.658453E-3	-8.043516E-8	7.230762E+1
-4.000000E-1	1.015733E-2	-1.015733E-2	-9.435938E-8	7.242578E+1
-4.500000E-1	1.163029E-2	-1.163029E-2	-1.080429E-7	7.278906E+1
-5.000000E-1	1.292895E-2	-1.292895E-2	-1.201071E-7	7.290723E+1
-5.000000E-1	1.297341E-2	-1.297341E-2	-1.205202E-7	7.302539E+1
-4.500000E-1	1.142966E-2	-1.142966E-2	-1.061791E-7	7.314355E+1
-4.000000E-1	9.981012E-3	-9.981012E-3	-9.272144E-8	7.338477E+1
-3.500000E-1	8.498061E-3	-8.498061E-3	-7.894515E-8	7.350293E+1
-3.000000E-1	7.155231E-3	-7.155231E-3	-6.647055E-8	7.362109E+1
-2.500000E-1	5.880870E-3	-5.880870E-3	-5.463201E-8	7.373926E+1
-2.000000E-1	4.646065E-3	-4.646065E-3	-4.316094E-8	7.385645E+1
-1.500000E-1	3.430034E-3	-3.430034E-3	-3.186427E-8	7.397461E+1
-1.000000E-1	2.262509E-3	-2.262509E-3	-2.101822E-8	7.409277E+1
-5.000000E-2	1.114768E-3	-1.114768E-3	-1.035595E-8	7.421094E+1
0.000000E+0	7.633828E-6	7.633828E-6	7.091661E-11	7.516992E+1
0.000000E+0	4.328510E-6	4.328510E-6	4.021092E-11	7.578418E+1
5.000000E-2	1.180581E-3	1.180581E-3	1.096734E-8	7.633301E+1
1.000000E-1	2.499113E-3	2.499113E-3	2.321622E-8	7.645117E+1
1.500000E-1	3.955207E-3	3.955207E-3	3.674302E-8	7.656934E+1
2.000000E-1	5.629521E-3	5.629521E-3	5.229703E-8	7.668750E+1
2.500000E-1	7.587198E-3	7.587198E-3	7.048343E-8	7.680566E+1
3.000000E-1	9.613256E-3	9.613256E-3	8.930507E-8	7.692285E+1
3.500000E-1	1.163378E-2	1.163378E-2	1.080753E-7	7.728711E+1
4.000000E-1	1.412045E-2	1.412045E-2	1.311759E-7	7.740527E+1
4.500000E-1	1.692592E-2	1.692592E-2	1.572381E-7	7.752344E+1
5.000000E-1	2.016805E-2	2.016805E-2	1.873568E-7	7.764160E+1
5.000000E-1	2.010661E-2	2.010661E-2	1.867861E-7	7.775977E+1
4.500000E-1	1.668491E-2	1.668491E-2	1.549992E-7	7.787695E+1
4.000000E-1	1.393505E-2	1.393505E-2	1.294536E-7	7.799512E+1
3.500000E-1	1.125500E-2	1.125500E-2	1.045565E-7	7.811328E+1
3.000000E-1	9.133536E-3	9.133536E-3	8.484857E-8	7.835449E+1
2.500000E-1	7.055864E-3	7.055864E-3	6.554745E-8	7.847266E+1
2.000000E-1	5.245082E-3	5.245082E-3	4.872568E-8	7.859082E+1
1.500000E-1	3.676066E-3	3.676066E-3	3.414986E-8	7.870898E+1
1.000000E-1	2.298166E-3	2.298166E-3	2.134946E-8	7.882617E+1
5.000000E-2	1.080214E-3	1.080214E-3	1.003495E-8	7.894434E+1
0.000000E+0	5.590139E-6	5.590139E-6	5.193118E-11	7.962598E+1
-5.000000E-2	1.040534E-3	-1.040534E-3	-9.666332E-9	8.029980E+1
-1.000000E-1	2.133721E-3	-2.133721E-3	-1.982181E-8	8.066406E+1
-1.500000E-1	3.248519E-3	-3.248519E-3	-3.017804E-8	8.078223E+1
-2.000000E-1	4.443339E-3	-4.443339E-3	-4.127766E-8	8.090039E+1
-2.500000E-1	5.629076E-3	-5.629076E-3	-5.229290E-8	8.101855E+1
-3.000000E-1	6.857130E-3	-6.857130E-3	-6.370125E-8	8.113672E+1
-3.500000E-1	8.138865E-3	-8.138865E-3	-7.560830E-8	8.125391E+1
-4.000000E-1	9.414273E-3	-9.414273E-3	-8.745656E-8	8.137207E+1
-4.500000E-1	1.091458E-2	-1.091458E-2	-1.013941E-7	8.149023E+1
-5.000000E-1	1.255388E-2	-1.255388E-2	-1.166228E-7	8.185449E+1
-5.000000E-1	1.259830E-2	-1.259830E-2	-1.170355E-7	8.197266E+1
-4.500000E-1	1.115683E-2	-1.115683E-2	-1.036445E-7	8.208984E+1
-4.000000E-1	9.735012E-3	-9.735012E-3	-9.043616E-8	8.233203E+1
-3.500000E-1	8.393810E-3	-8.393810E-3	-7.797668E-8	8.244922E+1
-3.000000E-1	7.013084E-3	-7.013084E-3	-6.515003E-8	8.256738E+1
-2.500000E-1	5.792680E-3	-5.792680E-3	-5.381274E-8	8.268555E+1
-2.000000E-1	4.549946E-3	-4.549946E-3	-4.226801E-8	8.280371E+1
-1.500000E-1	3.348212E-3	-3.348212E-3	-3.110416E-8	8.292188E+1
-1.000000E-1	2.217213E-3	-2.217213E-3	-2.059743E-8	8.303906E+1
-5.000000E-2	1.090515E-3	-1.090515E-3	-1.013065E-8	8.315723E+1
0.000000E+0	6.601529E-6	6.601529E-6	6.132678E-11	8.383887E+1
0.000000E+0	4.068343E-6	4.068343E-6	3.779403E-11	8.445410E+1
5.000000E-2	1.158191E-3	1.158191E-3	1.075934E-8	8.500293E+1
1.000000E-1	2.435949E-3	2.435949E-3	2.262944E-8	8.512109E+1
1.500000E-1	3.852375E-3	3.852375E-3	3.578773E-8	8.523926E+1
2.000000E-1	5.520484E-3	5.520484E-3	5.128410E-8	8.535645E+1
2.500000E-1	7.286204E-3	7.286204E-3	6.768726E-8	8.547461E+1
3.000000E-1	9.319349E-3	9.319349E-3	8.657474E-8	8.559277E+1
3.500000E-1	1.135540E-2	1.135540E-2	1.054892E-7	8.595703E+1
4.000000E-1	1.391177E-2	1.391177E-2	1.292373E-7	8.607520E+1
4.500000E-1	1.674366E-2	1.674366E-2	1.555450E-7	8.619238E+1
5.000000E-1	1.977183E-2	1.977183E-2	1.836760E-7	8.631055E+1
5.000000E-1	1.957685E-2	1.957685E-2	1.818647E-7	8.642871E+1
4.500000E-1	1.637567E-2	1.637567E-2	1.521264E-7	8.654687E+1
4.000000E-1	1.346820E-2	1.346820E-2	1.251167E-7	8.666504E+1
3.500000E-1	1.107130E-2	1.107130E-2	1.028500E-7	8.678223E+1
3.000000E-1	8.986022E-3	8.986022E-3	8.347820E-8	8.702441E+1
2.500000E-1	7.004104E-3	7.004104E-3	6.506661E-8	8.714160E+1
2.000000E-1	5.212028E-3	5.212028E-3	4.841861E-8	8.725977E+1
1.500000E-1	3.664989E-3	3.664989E-3	3.404696E-8	8.737793E+1
1.000000E-1	2.300095E-3	2.300095E-3	2.136738E-8	8.749609E+1
5.000000E-2	1.101690E-3	1.101690E-3	1.023446E-8	8.761426E+1
0.000000E+0	6.379142E-6	6.379142E-6	5.926085E-11	8.829590E+1
-5.000000E-2	1.032985E-3	-1.032985E-3	-9.596206E-9	8.896875E+1
-1.000000E-1	2.165040E-3	-2.165040E-3	-2.011275E-8	8.933398E+1
-1.500000E-1	3.256549E-3	-3.256549E-3	-3.025264E-8	8.945215E+1
-2.000000E-1	4.407919E-3	-4.407919E-3	-4.094861E-8	8.956934E+1
-2.500000E-1	5.665839E-3	-5.665839E-3	-5.263442E-8	8.968750E+1
-3.000000E-1	6.950805E-3	-6.950805E-3	-6.457147E-8	8.980566E+1
-3.500000E-1	8.220529E-3	-8.220529E-3	-7.636694E-8	8.992383E+1
-4.000000E-1	9.537388E-3	-9.537388E-3	-8.860027E-8	9.004199E+1
-4.500000E-1	1.086669E-2	-1.086669E-2	-1.009492E-7	9.015918E+1
-5.000000E-1	1.269379E-2	-1.269379E-2	-1.179226E-7	9.052344E+1
-5.000000E-1	1.244954E-2	-1.244954E-2	-1.156535E-7	9.064160E+1
-4.500000E-1	1.117313E-2	-1.117313E-2	-1.037960E-7	9.075977E+1
-4.000000E-1	9.659630E-3	-9.659630E-3	-8.973588E-8	9.100098E+1
-3.500000E-1	8.322426E-3	-8.322426E-3	-7.731354E-8	9.111914E+1
-3.000000E-1	7.032416E-3	-7.032416E-3	-6.532962E-8	9.123730E+1
-2.500000E-1	5.737896E-3	-5.737896E-3	-5.330381E-8	9.135449E+1
-2.000000E-1	4.486261E-3	-4.486261E-3	-4.167639E-8	9.147266E+1
-1.500000E-1	3.298372E-3	-3.298372E-3	-3.064116E-8	9.159082E+1
-1.000000E-1	2.183176E-3	-2.183176E-3	-2.028123E-8	9.170898E+1
-5.000000E-2	1.080535E-3	-1.080535E-3	-1.003794E-8	9.182715E+1
0.000000E+0	7.247181E-6	7.247181E-6	6.732474E-11	9.250879E+1
0.000000E+0	3.841481E-6	3.841481E-6	3.568653E-11	9.312305E+1
5.000000E-2	1.145760E-3	1.145760E-3	1.064386E-8	9.367188E+1
1.000000E-1	2.411357E-3	2.411357E-3	2.240098E-8	9.379004E+1
1.500000E-1	3.848882E-3	3.848882E-3	3.575528E-8	9.390820E+1
2.000000E-1	5.523984E-3	5.523984E-3	5.131662E-8	9.402637E+1
2.500000E-1	7.333667E-3	7.333667E-3	6.812818E-8	9.414453E+1
3.000000E-1	9.316163E-3	9.316163E-3	8.654514E-8	9.426172E+1
3.500000E-1	1.136906E-2	1.136906E-2	1.056161E-7	9.462598E+1
4.000000E-1	1.370772E-2	1.370772E-2	1.273417E-7	9.474414E+1
4.500000E-1	1.650183E-2	1.650183E-2	1.532984E-7	9.486230E+1
5.000000E-1	1.958574E-2	1.958574E-2	1.819473E-7	9.498047E+1
5.000000E-1	1.980912E-2	1.980912E-2	1.840224E-7	9.509766E+1
4.500000E-1	1.680451E-2	1.680451E-2	1.561103E-7	9.521582E+1
4.000000E-1	1.391115E-2	1.391115E-2	1.292316E-7	9.533398E+1
3.500000E-1	1.178968E-2	1.178968E-2	1.095236E-7	9.545215E+1
3.000000E-1	9.110027E-3	9.110027E-3	8.463018E-8	9.569336E+1
2.500000E-1	7.091925E-3	7.091925E-3	6.588245E-8	9.581152E+1
2.000000E-1	5.312512E-3	5.312512E-3	4.935209E-8	9.592969E+1
1.500000E-1	3.747545E-3	3.747545E-3	3.481388E-8	9.604688E+1
1.000000E-1	2.340551E-3	2.340551E-3	2.174321E-8	9.616504E+1
5.000000E-2	1.106405E-3	1.106405E-3	1.027826E-8	9.628320E+1
0.000000E+0	5.342024E-6	5.342024E-6	4.962625E-11	9.696484E+1
-5.000000E-2	1.034434E-3	-1.034434E-3	-9.609666E-9	9.763770E+1
-1.000000E-1	2.125025E-3	-2.125025E-3	-1.974102E-8	9.800293E+1
-1.500000E-1	3.306149E-3	-3.306149E-3	-3.071341E-8	9.812109E+1
-2.000000E-1	4.509547E-3	-4.509547E-3	-4.189272E-8	9.823828E+1
-2.500000E-1	5.768297E-3	-5.768297E-3	-5.358623E-8	9.835645E+1
-3.000000E-1	7.035823E-3	-7.035823E-3	-6.536128E-8	9.847461E+1
-3.500000E-1	8.359803E-3	-8.359803E-3	-7.766076E-8	9.859277E+1
-4.000000E-1	9.777891E-3	-9.777891E-3	-9.083449E-8	9.871094E+1
-4.500000E-1	1.114581E-2	-1.114581E-2	-1.035422E-7	9.882813E+1
-5.000000E-1	1.347109E-2	-1.347109E-2	-1.251435E-7	9.919238E+1
-5.000000E-1	1.349183E-2	-1.349183E-2	-1.253362E-7	9.931055E+1
-4.500000E-1	1.199816E-2	-1.199816E-2	-1.114603E-7	9.942871E+1
-4.000000E-1	9.910613E-3	-9.910613E-3	-9.206745E-8	9.966992E+1
-3.500000E-1	8.549786E-3	-8.549786E-3	-7.942566E-8	9.978809E+1
-3.000000E-1	7.081085E-3	-7.081085E-3	-6.578175E-8	9.990625E+1
-2.500000E-1	5.725019E-3	-5.725019E-3	-5.318419E-8	1.000244E+2
-2.000000E-1	4.489073E-3	-4.489073E-3	-4.170252E-8	1.001416E+2
-1.500000E-1	3.295124E-3	-3.295124E-3	-3.061099E-8	1.002598E+2
-1.000000E-1	2.189969E-3	-2.189969E-3	-2.034434E-8	1.003779E+2
-5.000000E-2	1.113478E-3	-1.113478E-3	-1.034397E-8	1.004961E+2
0.000000E+0	7.125518E-6	7.125518E-6	6.619452E-11	1.014551E+2
0.000000E+0	4.112281E-6	4.112281E-6	3.820220E-11	1.020693E+2
5.000000E-2	1.145084E-3	1.145084E-3	1.063758E-8	1.026182E+2
1.000000E-1	2.425643E-3	2.425643E-3	2.253370E-8	1.027363E+2
1.500000E-1	3.876367E-3	3.876367E-3	3.601061E-8	1.028545E+2
2.000000E-1	5.480750E-3	5.480750E-3	5.091498E-8	1.029727E+2
2.500000E-1	7.308237E-3	7.308237E-3	6.789194E-8	1.030898E+2
3.000000E-1	9.377284E-3	9.377284E-3	8.711294E-8	1.032080E+2
3.500000E-1	1.144014E-2	1.144014E-2	1.062764E-7	1.035723E+2
4.000000E-1	1.399150E-2	1.399150E-2	1.299780E-7	1.036904E+2
4.500000E-1	1.671585E-2	1.671585E-2	1.552866E-7	1.038086E+2
5.000000E-1	1.964193E-2	1.964193E-2	1.824693E-7	1.039258E+2
5.000000E-1	1.979583E-2	1.979583E-2	1.838990E-7	1.040439E+2
4.500000E-1	1.682131E-2	1.682131E-2	1.562663E-7	1.041621E+2
4.000000E-1	1.387291E-2	1.387291E-2	1.288763E-7	1.042803E+2
3.500000E-1	1.130488E-2	1.130488E-2	1.050199E-7	1.043984E+2
3.000000E-1	9.040807E-3	9.040807E-3	8.398714E-8	1.046396E+2
2.500000E-1	6.961154E-3	6.961154E-3	6.466762E-8	1.047568E+2
2.000000E-1	5.230929E-3	5.230929E-3	4.859420E-8	1.048750E+2
1.500000E-1	3.689230E-3	3.689230E-3	3.427215E-8	1.049932E+2
1.000000E-1	2.288939E-3	2.288939E-3	2.126375E-8	1.051113E+2
5.000000E-2	1.086226E-3	1.086226E-3	1.009080E-8	1.052295E+2
0.000000E+0	5.234344E-6	5.234344E-6	4.862592E-11	1.059111E+2
-5.000000E-2	1.007836E-3	-1.007836E-3	-9.362578E-9	1.065840E+2
-1.000000E-1	2.094934E-3	-2.094934E-3	-1.946148E-8	1.069492E+2
-1.500000E-1	3.182161E-3	-3.182161E-3	-2.956159E-8	1.070664E+2
-2.000000E-1	4.329490E-3	-4.329490E-3	-4.022003E-8	1.071846E+2
-2.500000E-1	5.470952E-3	-5.470952E-3	-5.082396E-8	1.073027E+2
-3.000000E-1	6.762401E-3	-6.762401E-3	-6.282124E-8	1.074209E+2
-3.500000E-1	8.006144E-3	-8.006144E-3	-7.437535E-8	1.075391E+2
-4.000000E-1	9.265067E-3	-9.265067E-3	-8.607047E-8	1.076563E+2
-4.500000E-1	1.068097E-2	-1.068097E-2	-9.922394E-8	1.077744E+2
-5.000000E-1	1.229809E-2	-1.229809E-2	-1.142466E-7	1.081387E+2
-5.000000E-1	1.235028E-2	-1.235028E-2	-1.147314E-7	1.082568E+2
-4.500000E-1	1.092877E-2	-1.092877E-2	-1.015259E-7	1.083750E+2
-4.000000E-1	9.453882E-3	-9.453882E-3	-8.782452E-8	1.086162E+2
-3.500000E-1	8.079585E-3	-8.079585E-3	-7.505760E-8	1.087344E+2
-3.000000E-1	6.860338E-3	-6.860338E-3	-6.373106E-8	1.088516E+2
-2.500000E-1	5.568070E-3	-5.568070E-3	-5.172616E-8	1.089697E+2
-2.000000E-1	4.366926E-3	-4.366926E-3	-4.056780E-8	1.090879E+2
-1.500000E-1	3.234073E-3	-3.234073E-3	-3.004384E-8	1.092061E+2
-1.000000E-1	2.130139E-3	-2.130139E-3	-1.978853E-8	1.093242E+2
-5.000000E-2	1.050942E-3	-1.050942E-3	-9.763028E-9	1.095654E+2
0.000000E+0	6.568771E-6	6.568771E-6	6.102246E-11	1.102471E+2
0.000000E+0	3.040859E-6	3.040859E-6	2.824892E-11	1.108613E+2
5.000000E-2	1.103160E-3	1.103160E-3	1.024812E-8	1.114111E+2
1.000000E-1	2.334866E-3	2.334866E-3	2.169040E-8	1.115283E+2
1.500000E-1	3.702530E-3	3.702530E-3	3.439570E-8	1.116465E+2
2.000000E-1	5.282856E-3	5.282856E-3	4.907659E-8	1.117646E+2
2.500000E-1	7.064423E-3	7.064423E-3	6.562696E-8	1.118828E+2
3.000000E-1	9.041366E-3	9.041366E-3	8.399233E-8	1.120010E+2
3.500000E-1	1.111917E-2	1.111917E-2	1.032947E-7	1.123643E+2
4.000000E-1	1.356968E-2	1.356968E-2	1.260594E-7	1.124824E+2
4.500000E-1	1.627171E-2	1.627171E-2	1.511607E-7	1.126006E+2
5.000000E-1	1.935273E-2	1.935273E-2	1.797827E-7	1.127188E+2
5.000000E-1	1.906471E-2	1.906471E-2	1.771070E-7	1.128369E+2
4.500000E-1	1.635716E-2	1.635716E-2	1.519545E-7	1.129541E+2
4.000000E-1	1.341482E-2	1.341482E-2	1.246208E-7	1.130723E+2
3.500000E-1	1.082430E-2	1.082430E-2	1.005554E-7	1.131904E+2
3.000000E-1	8.787260E-3	8.787260E-3	8.163175E-8	1.134316E+2
2.500000E-1	6.835435E-3	6.835435E-3	6.349971E-8	1.135498E+2
2.000000E-1	5.098574E-3	5.098574E-3	4.736465E-8	1.136680E+2
1.500000E-1	3.568884E-3	3.568884E-3	3.315416E-8	1.137861E+2
1.000000E-1	2.218498E-3	2.218498E-3	2.060937E-8	1.139033E+2
5.000000E-2	1.050366E-3	1.050366E-3	9.757676E-9	1.141455E+2
0.000000E+0	5.596703E-6	5.596703E-6	5.199216E-11	1.148271E+2
-5.000000E-2	9.924004E-4	-9.924004E-4	-9.219185E-9	1.155000E+2
-1.000000E-1	2.028689E-3	-2.028689E-3	-1.884608E-8	1.158652E+2
-1.500000E-1	3.099492E-3	-3.099492E-3	-2.879361E-8	1.159834E+2
-2.000000E-1	4.230430E-3	-4.230430E-3	-3.929978E-8	1.161006E+2
-2.500000E-1	5.381417E-3	-5.381417E-3	-4.999220E-8	1.162187E+2
-3.000000E-1	6.657543E-3	-6.657543E-3	-6.184713E-8	1.163369E+2
-3.500000E-1	7.903180E-3	-7.903180E-3	-7.341883E-8	1.164551E+2
-4.000000E-1	9.268268E-3	-9.268268E-3	-8.610020E-8	1.165732E+2
-4.500000E-1	1.072911E-2	-1.072911E-2	-9.967113E-8	1.166904E+2
-5.000000E-1	1.235195E-2	-1.235195E-2	-1.147469E-7	1.170547E+2
-5.000000E-1	1.235282E-2	-1.235282E-2	-1.147550E-7	1.171729E+2
-4.500000E-1	1.080363E-2	-1.080363E-2	-1.003634E-7	1.172910E+2
-4.000000E-1	9.564216E-3	-9.564216E-3	-8.884950E-8	1.175322E+2
-3.500000E-1	8.215304E-3	-8.215304E-3	-7.631840E-8	1.176504E+2
-3.000000E-1	6.898688E-3	-6.898688E-3	-6.408732E-8	1.177686E+2
-2.500000E-1	5.689784E-3	-5.689784E-3	-5.285686E-8	1.178857E+2
-2.000000E-1	4.419174E-3	-4.419174E-3	-4.105317E-8	1.180039E+2
-1.500000E-1	3.189114E-3	-3.189114E-3	-2.962618E-8	1.181221E+2
-1.000000E-1	2.104505E-3	-2.104505E-3	-1.955040E-8	1.182402E+2
-5.000000E-2	1.040135E-3	-1.040135E-3	-9.662626E-9	1.184814E+2
0.000000E+0	6.933390E-6	6.933390E-6	6.440969E-11	1.191631E+2
0.000000E+0	3.367632E-6	3.367632E-6	3.128457E-11	1.197773E+2
5.000000E-2	1.090873E-3	1.090873E-3	1.013397E-8	1.203271E+2
1.000000E-1	2.280016E-3	2.280016E-3	2.118085E-8	1.204443E+2
1.500000E-1	3.724421E-3	3.724421E-3	3.459907E-8	1.205625E+2
2.000000E-1	5.246854E-3	5.246854E-3	4.874214E-8	1.206807E+2
2.500000E-1	6.999139E-3	6.999139E-3	6.502049E-8	1.207988E+2
3.000000E-1	8.986588E-3	8.986588E-3	8.348346E-8	1.209170E+2
3.500000E-1	1.098812E-2	1.098812E-2	1.020773E-7	1.212803E+2
4.000000E-1	1.352318E-2	1.352318E-2	1.256274E-7	1.213984E+2
4.500000E-1	1.605462E-2	1.605462E-2	1.491439E-7	1.215166E+2
5.000000E-1	1.891535E-2	1.891535E-2	1.757195E-7	1.216348E+2
5.000000E-1	1.885091E-2	1.885091E-2	1.751209E-7	1.217529E+2
4.500000E-1	1.580348E-2	1.580348E-2	1.468109E-7	1.218701E+2
4.000000E-1	1.327095E-2	1.327095E-2	1.232843E-7	1.219883E+2
3.500000E-1	1.092358E-2	1.092358E-2	1.014777E-7	1.221064E+2
3.000000E-1	8.996462E-3	8.996462E-3	8.357519E-8	1.223477E+2
2.500000E-1	6.871838E-3	6.871838E-3	6.383789E-8	1.224658E+2
2.000000E-1	5.133277E-3	5.133277E-3	4.768703E-8	1.225840E+2
1.500000E-1	3.576890E-3	3.576890E-3	3.322853E-8	1.227021E+2
1.000000E-1	2.228702E-3	2.228702E-3	2.070416E-8	1.228193E+2
5.000000E-2	1.046619E-3	1.046619E-3	9.722868E-9	1.230615E+2
0.000000E+0	6.306004E-6	6.306004E-6	5.858142E-11	1.237432E+2
-5.000000E-2	9.853822E-4	-9.853822E-4	-9.153988E-9	1.244160E+2
-1.000000E-1	2.078040E-3	-2.078040E-3	-1.930454E-8	1.247813E+2
-1.500000E-1	3.164939E-3	-3.164939E-3	-2.940160E-8	1.248994E+2
-2.000000E-1	4.261513E-3	-4.261513E-3	-3.958853E-8	1.250166E+2
-2.500000E-1	5.438214E-3	-5.438214E-3	-5.051983E-8	1.251348E+2
-3.000000E-1	6.682187E-3	-6.682187E-3	-6.207607E-8	1.252529E+2
-3.500000E-1	7.861109E-3	-7.861109E-3	-7.302800E-8	1.253711E+2
-4.000000E-1	9.112800E-3	-9.112800E-3	-8.465594E-8	1.254893E+2
-4.500000E-1	1.035499E-2	-1.035499E-2	-9.619566E-8	1.256064E+2
-5.000000E-1	1.215267E-2	-1.215267E-2	-1.128957E-7	1.259707E+2
-5.000000E-1	1.219021E-2	-1.219021E-2	-1.132444E-7	1.260889E+2
-4.500000E-1	1.064764E-2	-1.064764E-2	-9.891423E-8	1.263301E+2
-4.000000E-1	9.332710E-3	-9.332710E-3	-8.669886E-8	1.264482E+2
-3.500000E-1	8.443112E-3	-8.443112E-3	-7.843468E-8	1.265664E+2
-3.000000E-1	7.071771E-3	-7.071771E-3	-6.569522E-8	1.266846E+2
-2.500000E-1	5.598603E-3	-5.598603E-3	-5.200981E-8	1.268018E+2
-2.000000E-1	4.428230E-3	-4.428230E-3	-4.113730E-8	1.269199E+2
-1.500000E-1	3.228442E-3	-3.228442E-3	-2.999153E-8	1.270381E+2
-1.000000E-1	2.132265E-3	-2.132265E-3	-1.980828E-8	1.271562E+2
-5.000000E-2	1.053954E-3	-1.053954E-3	-9.791009E-9	1.273975E+2
0.000000E+0	6.388717E-6	6.388717E-6	5.934980E-11	1.280791E+2
0.000000E+0	3.173587E-6	3.173587E-6	2.948194E-11	1.286934E+2
5.000000E-2	1.101898E-3	1.101898E-3	1.023639E-8	1.292432E+2
1.000000E-1	2.308115E-3	2.308115E-3	2.144189E-8	1.293604E+2
1.500000E-1	3.790439E-3	3.790439E-3	3.521236E-8	1.294785E+2
2.000000E-1	5.343734E-3	5.343734E-3	4.964213E-8	1.295967E+2
2.500000E-1	7.131327E-3	7.131327E-3	6.624848E-8	1.297148E+2
3.000000E-1	9.106233E-3	9.106233E-3	8.459494E-8	1.298330E+2
3.500000E-1	1.101427E-2	1.101427E-2	1.023202E-7	1.301963E+2
4.000000E-1	1.348845E-2	1.348845E-2	1.253048E-7	1.303145E+2
4.500000E-1	1.608240E-2	1.608240E-2	1.494020E-7	1.304326E+2
5.000000E-1	1.894013E-2	1.894013E-2	1.759497E-7	1.305508E+2
5.000000E-1	1.876664E-2	1.876664E-2	1.743380E-7	1.306689E+2
4.500000E-1	1.574856E-2	1.574856E-2	1.463007E-7	1.307861E+2
4.000000E-1	1.311949E-2	1.311949E-2	1.218772E-7	1.309043E+2
3.500000E-1	1.081114E-2	1.081114E-2	1.004332E-7	1.310225E+2
3.000000E-1	8.609647E-3	8.609647E-3	7.998176E-8	1.312637E+2
2.500000E-1	6.732837E-3	6.732837E-3	6.254660E-8	1.313818E+2
2.000000E-1	5.016331E-3	5.016331E-3	4.660063E-8	1.315000E+2
1.500000E-1	3.519231E-3	3.519231E-3	3.269290E-8	1.316182E+2
1.000000E-1	2.169809E-3	2.169809E-3	2.015706E-8	1.317354E+2
5.000000E-2	1.043287E-3	1.043287E-3	9.691913E-9	1.319775E+2
0.000000E+0	6.010844E-6	6.010844E-6	5.583944E-11	1.326592E+2
-5.000000E-2	9.996630E-4	-9.996630E-4	-9.286653E-9	1.333320E+2
-1.000000E-1	2.042298E-3	-2.042298E-3	-1.897251E-8	1.336963E+2
-1.500000E-1	3.129791E-3	-3.129791E-3	-2.907508E-8	1.338145E+2
-2.000000E-1	4.204939E-3	-4.204939E-3	-3.906297E-8	1.339326E+2
-2.500000E-1	5.470445E-3	-5.470445E-3	-5.081925E-8	1.340508E+2
-3.000000E-1	6.745281E-3	-6.745281E-3	-6.266220E-8	1.341689E+2
-3.500000E-1	7.928946E-3	-7.928946E-3	-7.365819E-8	1.342861E+2
-4.000000E-1	9.235180E-3	-9.235180E-3	-8.579282E-8	1.344043E+2
-4.500000E-1	1.070445E-2	-1.070445E-2	-9.944203E-8	1.345225E+2
-5.000000E-1	1.238274E-2	-1.238274E-2	-1.150330E-7	1.348867E+2
-5.000000E-1	1.220823E-2	-1.220823E-2	-1.134118E-7	1.350049E+2
-4.500000E-1	1.077785E-2	-1.077785E-2	-1.001239E-7	1.352461E+2
-4.000000E-1	9.419198E-3	-9.419198E-3	-8.750231E-8	1.353643E+2
-3.500000E-1	7.918395E-3	-7.918395E-3	-7.356017E-8	1.354814E+2
-3.000000E-1	6.647549E-3	-6.647549E-3	-6.175429E-8	1.355996E+2
-2.500000E-1	5.503498E-3	-5.503498E-3	-5.112631E-8	1.357178E+2
-2.000000E-1	4.322865E-3	-4.322865E-3	-4.015848E-8	1.358359E+2
-1.500000E-1	3.178802E-3	-3.178802E-3	-2.953038E-8	1.359541E+2
-1.000000E-1	2.083082E-3	-2.083082E-3	-1.935138E-8	1.360713E+2
-5.000000E-2	1.023076E-3	-1.023076E-3	-9.504152E-9	1.363135E+2
0.000000E+0	6.477150E-6	6.477150E-6	6.017132E-11	1.369951E+2
0.000000E+0	3.911292E-6	3.911292E-6	3.633506E-11	1.376094E+2
5.000000E-2	1.107986E-3	1.107986E-3	1.029295E-8	1.381582E+2
1.000000E-1	2.341409E-3	2.341409E-3	2.175118E-8	1.382764E+2
1.500000E-1	3.710969E-3	3.710969E-3	3.447410E-8	1.383945E+2
2.000000E-1	5.285532E-3	5.285532E-3	4.910145E-8	1.385127E+2
2.500000E-1	7.034405E-3	7.034405E-3	6.534810E-8	1.386309E+2
3.000000E-1	8.971752E-3	8.971752E-3	8.334563E-8	1.387480E+2
3.500000E-1	1.084363E-2	1.084363E-2	1.007350E-7	1.392305E+2
4.000000E-1	1.339372E-2	1.339372E-2	1.244248E-7	1.393477E+2
4.500000E-1	1.608268E-2	1.608268E-2	1.494046E-7	1.394658E+2
5.000000E-1	1.902083E-2	1.902083E-2	1.766994E-7	1.395840E+2
5.000000E-1	1.875645E-2	1.875645E-2	1.742434E-7	1.397021E+2
4.500000E-1	1.574856E-2	1.574856E-2	1.463007E-7	1.398203E+2
4.000000E-1	1.292821E-2	1.292821E-2	1.201003E-7	1.399375E+2
3.500000E-1	1.065347E-2	1.065347E-2	9.896847E-8	1.401797E+2
3.000000E-1	8.546625E-3	8.546625E-3	7.939630E-8	1.402969E+2
2.500000E-1	6.693306E-3	6.693306E-3	6.217936E-8	1.404150E+2
2.000000E-1	4.985521E-3	4.985521E-3	4.631441E-8	1.405332E+2
1.500000E-1	3.479303E-3	3.479303E-3	3.232197E-8	1.406514E+2
1.000000E-1	2.178148E-3	2.178148E-3	2.023452E-8	1.407695E+2
5.000000E-2	1.036054E-3	1.036054E-3	9.624719E-9	1.410107E+2
0.000000E+0	6.722396E-6	6.722396E-6	6.244960E-11	1.416924E+2
-5.000000E-2	9.794576E-4	-9.794576E-4	-9.098949E-9	1.423652E+2
-1.000000E-1	2.002308E-3	-2.002308E-3	-1.860101E-8	1.427305E+2
-1.500000E-1	3.107293E-3	-3.107293E-3	-2.886608E-8	1.428477E+2
-2.000000E-1	4.211296E-3	-4.211296E-3	-3.912203E-8	1.429658E+2
-2.500000E-1	5.400098E-3	-5.400098E-3	-5.016574E-8	1.430840E+2
-3.000000E-1	6.529440E-3	-6.529440E-3	-6.065709E-8	1.432021E+2
-3.500000E-1	7.884263E-3	-7.884263E-3	-7.324309E-8	1.433203E+2
-4.000000E-1	9.089702E-3	-9.089702E-3	-8.444137E-8	1.434375E+2
-4.500000E-1	1.050174E-2	-1.050174E-2	-9.755887E-8	1.435557E+2
-5.000000E-1	1.230774E-2	-1.230774E-2	-1.143362E-7	1.439199E+2
-5.000000E-1	1.233427E-2	-1.233427E-2	-1.145827E-7	1.440381E+2
-4.500000E-1	1.089386E-2	-1.089386E-2	-1.012016E-7	1.441563E+2
-4.000000E-1	9.287819E-3	-9.287819E-3	-8.628183E-8	1.443975E+2
-3.500000E-1	8.024624E-3	-8.024624E-3	-7.454702E-8	1.445156E+2
-3.000000E-1	6.691385E-3	-6.691385E-3	-6.216152E-8	1.446328E+2
-2.500000E-1	5.511946E-3	-5.511946E-3	-5.120479E-8	1.447510E+2
-2.000000E-1	4.322896E-3	-4.322896E-3	-4.015877E-8	1.448691E+2
-1.500000E-1	3.194211E-3	-3.194211E-3	-2.967353E-8	1.449873E+2
-1.000000E-1	2.083932E-3	-2.083932E-3	-1.935928E-8	1.451055E+2
-5.000000E-2	1.039410E-3	-1.039410E-3	-9.655892E-9	1.455928E+2
0.000000E+0	7.536433E-6	7.536433E-6	7.001183E-11	1.462744E+2
0.000000E+0	4.063908E-6	4.063908E-6	3.775283E-11	1.468887E+2
5.000000E-2	1.089357E-3	1.089357E-3	1.011989E-8	1.474385E+2
1.000000E-1	2.318362E-3	2.318362E-3	2.153708E-8	1.475566E+2
1.500000E-1	3.694746E-3	3.694746E-3	3.432339E-8	1.476738E+2
2.000000E-1	5.216225E-3	5.216225E-3	4.845760E-8	1.477920E+2
2.500000E-1	7.032121E-3	7.032121E-3	6.532689E-8	1.479102E+2
3.000000E-1	8.983234E-3	8.983234E-3	8.345230E-8	1.480283E+2
3.500000E-1	1.113883E-2	1.113883E-2	1.034773E-7	1.481465E+2
4.000000E-1	1.333874E-2	1.333874E-2	1.239140E-7	1.485098E+2
4.500000E-1	1.606209E-2	1.606209E-2	1.492133E-7	1.486279E+2
5.000000E-1	1.915223E-2	1.915223E-2	1.779201E-7	1.487461E+2
5.000000E-1	1.924120E-2	1.924120E-2	1.787466E-7	1.488643E+2
4.500000E-1	1.589845E-2	1.589845E-2	1.476932E-7	1.489824E+2
4.000000E-1	1.314538E-2	1.314538E-2	1.221177E-7	1.490996E+2
3.500000E-1	1.081869E-2	1.081869E-2	1.005033E-7	1.492178E+2
3.000000E-1	8.584455E-3	8.584455E-3	7.974773E-8	1.494590E+2
2.500000E-1	6.663377E-3	6.663377E-3	6.190133E-8	1.495771E+2
2.000000E-1	4.983044E-3	4.983044E-3	4.629140E-8	1.496953E+2
1.500000E-1	3.494271E-3	3.494271E-3	3.246102E-8	1.498135E+2
1.000000E-1	2.162457E-3	2.162457E-3	2.008876E-8	1.499316E+2
5.000000E-2	1.045221E-3	1.045221E-3	9.709879E-9	1.504189E+2
0.000000E+0	5.608163E-6	5.608163E-6	5.209862E-11	1.511016E+2
-5.000000E-2	1.004078E-3	-1.004078E-3	-9.327666E-9	1.517744E+2
-1.000000E-1	2.030015E-3	-2.030015E-3	-1.885840E-8	1.521396E+2
-1.500000E-1	3.105858E-3	-3.105858E-3	-2.885275E-8	1.522568E+2
-2.000000E-1	4.239705E-3	-4.239705E-3	-3.938594E-8	1.523750E+2
-2.500000E-1	5.385643E-3	-5.385643E-3	-5.003146E-8	1.524932E+2
-3.000000E-1	6.586589E-3	-6.586589E-3	-6.118799E-8	1.526113E+2
-3.500000E-1	7.894249E-3	-7.894249E-3	-7.333587E-8	1.527295E+2
-4.000000E-1	9.271879E-3	-9.271879E-3	-8.613375E-8	1.528467E+2
-4.500000E-1	1.050596E-2	-1.050596E-2	-9.759806E-8	1.529648E+2
-5.000000E-1	1.229617E-2	-1.229617E-2	-1.142288E-7	1.533291E+2
-5.000000E-1	1.214657E-2	-1.214657E-2	-1.128390E-7	1.534473E+2
-4.500000E-1	1.069606E-2	-1.069606E-2	-9.936407E-8	1.536885E+2
-4.000000E-1	9.291282E-3	-9.291282E-3	-8.631400E-8	1.538066E+2
-3.500000E-1	7.992994E-3	-7.992994E-3	-7.425319E-8	1.539248E+2
-3.000000E-1	6.927313E-3	-6.927313E-3	-6.435324E-8	1.540420E+2
-2.500000E-1	5.651290E-3	-5.651290E-3	-5.249926E-8	1.541602E+2
-2.000000E-1	4.429848E-3	-4.429848E-3	-4.115233E-8	1.542783E+2
-1.500000E-1	3.215433E-3	-3.215433E-3	-2.987068E-8	1.543965E+2
-1.000000E-1	2.103550E-3	-2.103550E-3	-1.954152E-8	1.545146E+2
-5.000000E-2	1.041877E-3	-1.041877E-3	-9.678811E-9	1.547559E+2
0.000000E+0	1.152011E-5	1.152011E-5	1.070193E-10	1.549971E+2
0.000000E+0	7.449655E-6	7.449655E-6	6.920568E-11	1.559873E+2
5.000000E-2	1.108836E-3	1.108836E-3	1.030085E-8	1.565361E+2
1.000000E-1	2.335960E-3	2.335960E-3	2.170056E-8	1.566543E+2
1.500000E-1	3.701434E-3	3.701434E-3	3.438552E-8	1.567725E+2
2.000000E-1	5.263830E-3	5.263830E-3	4.889984E-8	1.568896E+2
2.500000E-1	7.000964E-3	7.000964E-3	6.503744E-8	1.570078E+2
3.000000E-1	8.968128E-3	8.968128E-3	8.331197E-8	1.571260E+2
3.500000E-1	1.108459E-2	1.108459E-2	1.029734E-7	1.572441E+2
4.000000E-1	1.332342E-2	1.332342E-2	1.237717E-7	1.576084E+2
4.500000E-1	1.578175E-2	1.578175E-2	1.466090E-7	1.577256E+2
5.000000E-1	1.887576E-2	1.887576E-2	1.753517E-7	1.578437E+2
5.000000E-1	1.864469E-2	1.864469E-2	1.732051E-7	1.579619E+2
4.500000E-1	1.542049E-2	1.542049E-2	1.432530E-7	1.580801E+2
4.000000E-1	1.292120E-2	1.292120E-2	1.200352E-7	1.581982E+2
3.500000E-1	1.090628E-2	1.090628E-2	1.013170E-7	1.583154E+2
3.000000E-1	8.870331E-3	8.870331E-3	8.240346E-8	1.585576E+2
2.500000E-1	6.881387E-3	6.881387E-3	6.392660E-8	1.586748E+2
2.000000E-1	5.216828E-3	5.216828E-3	4.846320E-8	1.587930E+2
1.500000E-1	3.635598E-3	3.635598E-3	3.377392E-8	1.589111E+2
1.000000E-1	2.331956E-3	2.331956E-3	2.166337E-8	1.590293E+2
5.000000E-2	1.091777E-3	1.091777E-3	1.014237E-8	1.591475E+2
0.000000E+0	5.307329E-6	5.307329E-6	4.930394E-11	1.598291E+2
-5.000000E-2	1.083258E-3	-1.083258E-3	-1.006323E-8	1.603789E+2
-1.000000E-1	2.154757E-3	-2.154757E-3	-2.001723E-8	1.604961E+2
-1.500000E-1	3.393334E-3	-3.393334E-3	-3.152334E-8	1.606143E+2
-2.000000E-1	4.466607E-3	-4.466607E-3	-4.149381E-8	1.607324E+2
-2.500000E-1	5.728835E-3	-5.728835E-3	-5.321964E-8	1.608506E+2
-3.000000E-1	7.003532E-3	-7.003532E-3	-6.506129E-8	1.609687E+2
-3.500000E-1	8.359312E-3	-8.359312E-3	-7.765620E-8	1.610859E+2
-4.000000E-1	9.721428E-3	-9.721428E-3	-9.030997E-8	1.612041E+2
-4.500000E-1	1.122160E-2	-1.122160E-2	-1.042462E-7	1.613223E+2
-5.000000E-1	1.275208E-2	-1.275208E-2	-1.184641E-7	1.616865E+2
-5.000000E-1	1.247553E-2	-1.247553E-2	-1.158950E-7	1.618047E+2
-4.500000E-1	1.114668E-2	-1.114668E-2	-1.035502E-7	1.619219E+2
-4.000000E-1	9.944444E-3	-9.944444E-3	-9.238173E-8	1.621641E+2
-3.500000E-1	8.610184E-3	-8.610184E-3	-7.998675E-8	1.622813E+2
-3.000000E-1	7.191828E-3	-7.191828E-3	-6.681053E-8	1.623994E+2
-2.500000E-1	5.952625E-3	-5.952625E-3	-5.529860E-8	1.625176E+2
-2.000000E-1	4.613112E-3	-4.613112E-3	-4.285481E-8	1.626357E+2
-1.500000E-1	3.436825E-3	-3.436825E-3	-3.192736E-8	1.627539E+2
-1.000000E-1	2.248761E-3	-2.248761E-3	-2.089050E-8	1.628711E+2
-5.000000E-2	1.113787E-3	-1.113787E-3	-1.034684E-8	1.629893E+2
0.000000E+0	5.460655E-6	5.460655E-6	5.072830E-11	1.636709E+2
0.000000E+0	2.902327E-6	2.902327E-6	2.696199E-11	1.642852E+2
5.000000E-2	1.232945E-3	1.232945E-3	1.145379E-8	1.648350E+2
1.000000E-1	2.547365E-3	2.547365E-3	2.366447E-8	1.649521E+2
1.500000E-1	4.063340E-3	4.063340E-3	3.774755E-8	1.650703E+2
2.000000E-1	5.783713E-3	5.783713E-3	5.372944E-8	1.651885E+2
2.500000E-1	7.994985E-3	7.994985E-3	7.427168E-8	1.653066E+2
3.000000E-1	1.022872E-2	1.022872E-2	9.502258E-8	1.654248E+2
3.500000E-1	1.153651E-2	1.153651E-2	1.071717E-7	1.657881E+2
4.000000E-1	1.378869E-2	1.378869E-2	1.280939E-7	1.659063E+2
4.500000E-1	1.675614E-2	1.675614E-2	1.556609E-7	1.660244E+2
5.000000E-1	1.959002E-2	1.959002E-2	1.819870E-7	1.661426E+2
5.000000E-1	1.964771E-2	1.964771E-2	1.825230E-7	1.662607E+2
4.500000E-1	1.584230E-2	1.584230E-2	1.471715E-7	1.663779E+2
4.000000E-1	1.311421E-2	1.311421E-2	1.218282E-7	1.664961E+2
3.500000E-1	1.080294E-2	1.080294E-2	1.003570E-7	1.667373E+2
3.000000E-1	8.635899E-3	8.635899E-3	8.022563E-8	1.668555E+2
2.500000E-1	6.773256E-3	6.773256E-3	6.292208E-8	1.669736E+2
2.000000E-1	5.061603E-3	5.061603E-3	4.702120E-8	1.670918E+2
1.500000E-1	3.502280E-3	3.502280E-3	3.253542E-8	1.672100E+2
1.000000E-1	2.204038E-3	2.204038E-3	2.047504E-8	1.673271E+2
5.000000E-2	1.037438E-3	1.037438E-3	9.637575E-9	1.675693E+2
0.000000E+0	5.283300E-6	5.283300E-6	4.908071E-11	1.682510E+2
-5.000000E-2	9.642928E-4	-9.642928E-4	-8.958072E-9	1.689238E+2
-1.000000E-1	2.001685E-3	-2.001685E-3	-1.859522E-8	1.692881E+2
-1.500000E-1	3.034960E-3	-3.034960E-3	-2.819412E-8	1.694063E+2
-2.000000E-1	4.111776E-3	-4.111776E-3	-3.819751E-8	1.695244E+2
-2.500000E-1	5.301708E-3	-5.301708E-3	-4.925172E-8	1.696426E+2
-3.000000E-1	6.508474E-3	-6.508474E-3	-6.046231E-8	1.697607E+2
-3.500000E-1	7.722966E-3	-7.722966E-3	-7.174469E-8	1.698779E+2
-4.000000E-1	9.094775E-3	-9.094775E-3	-8.448849E-8	1.699961E+2
-4.500000E-1	1.053306E-2	-1.053306E-2	-9.784985E-8	1.701143E+2
-5.000000E-1	1.199072E-2	-1.199072E-2	-1.113912E-7	1.704785E+2
-5.000000E-1	1.220939E-2	-1.220939E-2	-1.134226E-7	1.705967E+2
-4.500000E-1	1.035120E-2	-1.035120E-2	-9.616039E-8	1.708379E+2
-4.000000E-1	9.056946E-3	-9.056946E-3	-8.413707E-8	1.709561E+2
-3.500000E-1	7.765705E-3	-7.765705E-3	-7.214172E-8	1.710732E+2
-3.000000E-1	6.459327E-3	-6.459327E-3	-6.000575E-8	1.711914E+2
-2.500000E-1	5.326602E-3	-5.326602E-3	-4.948298E-8	1.713096E+2
-2.000000E-1	4.102364E-3	-4.102364E-3	-3.811007E-8	1.714277E+2
-1.500000E-1	3.024112E-3	-3.024112E-3	-2.809335E-8	1.715459E+2
-1.000000E-1	1.977787E-3	-1.977787E-3	-1.837321E-8	1.716631E+2
-5.000000E-2	9.857402E-4	-9.857402E-4	-9.157313E-9	1.719053E+2
0.000000E+0	6.602510E-6	6.602510E-6	6.133589E-11	1.725869E+2
