voltage_4_2_21_500mV_500ms	absJ_4_2_21_500mV_500ms	J_4_2_21_500mV_500ms	current_4_2_21_500mV_500ms	time_4_2_21_500mV_500ms	
0.000000E+0	2.106057E-7	2.106057E-7	6.616374E-13	0.000000E+0
5.000000E-2	2.104482E-4	2.104482E-4	6.611426E-10	1.115234E+0
1.000000E-1	4.370121E-4	4.370121E-4	1.372914E-9	2.230469E+0
1.500000E-1	8.112379E-4	8.112379E-4	2.548579E-9	2.598633E+0
2.000000E-1	1.246192E-3	1.246192E-3	3.915027E-9	2.965820E+0
2.500000E-1	1.597979E-3	1.597979E-3	5.020198E-9	3.333984E+0
3.000000E-1	2.137901E-3	2.137901E-3	6.716414E-9	3.701172E+0
3.500000E-1	2.652864E-3	2.652864E-3	8.334218E-9	4.069336E+0
4.000000E-1	2.518980E-3	2.518980E-3	7.913609E-9	4.437500E+0
4.500000E-1	3.205393E-3	3.205393E-3	1.007004E-8	4.804688E+0
5.000000E-1	2.315548E-3	2.315548E-3	7.274508E-9	5.919922E+0
5.000000E-1	2.314927E-3	2.314927E-3	7.272559E-9	6.660156E+0
4.500000E-1	1.961805E-3	1.961805E-3	6.163191E-9	7.028320E+0
4.000000E-1	1.532281E-3	1.532281E-3	4.813804E-9	7.396484E+0
3.500000E-1	1.232121E-3	1.232121E-3	3.870823E-9	7.764648E+0
3.000000E-1	1.031052E-3	1.031052E-3	3.239147E-9	8.131836E+0
2.500000E-1	7.217848E-4	7.217848E-4	2.267554E-9	8.500000E+0
2.000000E-1	4.764704E-4	4.764704E-4	1.496876E-9	8.868164E+0
1.500000E-1	3.045362E-4	3.045362E-4	9.567286E-10	9.609375E+0
1.000000E-1	1.759625E-4	1.759625E-4	5.528025E-10	9.977539E+0
5.000000E-2	7.130909E-5	7.130909E-5	2.240241E-10	1.034570E+1
0.000000E+0	3.624505E-8	-3.624505E-8	-1.138672E-13	1.152148E+1
-5.000000E-2	6.822317E-5	-6.822317E-5	-2.143294E-10	1.263672E+1
-1.000000E-1	1.527425E-4	-1.527425E-4	-4.798547E-10	1.300586E+1
-1.500000E-1	2.480597E-4	-2.480597E-4	-7.793024E-10	1.337402E+1
-2.000000E-1	4.223059E-4	-4.223059E-4	-1.326713E-9	1.448926E+1
-2.500000E-1	5.837603E-4	-5.837603E-4	-1.833937E-9	1.485645E+1
-3.000000E-1	7.605770E-4	-7.605770E-4	-2.389423E-9	1.522461E+1
-3.500000E-1	9.560517E-4	-9.560517E-4	-3.003525E-9	1.559277E+1
-4.000000E-1	1.247876E-3	-1.247876E-3	-3.920317E-9	1.595996E+1
-4.500000E-1	1.496853E-3	-1.496853E-3	-4.702502E-9	1.632813E+1
-5.000000E-1	1.846722E-3	-1.846722E-3	-5.801650E-9	1.669629E+1
-5.000000E-1	1.781534E-3	-1.781534E-3	-5.596855E-9	1.706348E+1
-4.500000E-1	1.555777E-3	-1.555777E-3	-4.887618E-9	1.743164E+1
-4.000000E-1	1.266947E-3	-1.266947E-3	-3.980230E-9	1.779883E+1
-3.500000E-1	9.579307E-4	-9.579307E-4	-3.009428E-9	1.816699E+1
-3.000000E-1	7.506327E-4	-7.506327E-4	-2.358182E-9	1.853516E+1
-2.500000E-1	5.566645E-4	-5.566645E-4	-1.748813E-9	1.890234E+1
-2.000000E-1	4.230892E-4	-4.230892E-4	-1.329174E-9	1.927051E+1
-1.500000E-1	2.621706E-4	-2.621706E-4	-8.236334E-10	2.001172E+1
-1.000000E-1	1.506079E-4	-1.506079E-4	-4.731485E-10	2.037988E+1
-5.000000E-2	6.993176E-5	-6.993176E-5	-2.196971E-10	2.074902E+1
0.000000E+0	1.219787E-7	-1.219787E-7	-3.832074E-13	2.192383E+1
0.000000E+0	1.357434E-7	-1.357434E-7	-4.264505E-13	2.262793E+1
5.000000E-2	6.688353E-5	6.688353E-5	2.101208E-10	2.374316E+1
1.000000E-1	1.514401E-4	1.514401E-4	4.757632E-10	2.411133E+1
1.500000E-1	2.663468E-4	2.663468E-4	8.367533E-10	2.447949E+1
2.000000E-1	4.257334E-4	4.257334E-4	1.337481E-9	2.559473E+1
2.500000E-1	6.015735E-4	6.015735E-4	1.889899E-9	2.596289E+1
3.000000E-1	8.171556E-4	8.171556E-4	2.567170E-9	2.633105E+1
3.500000E-1	1.055292E-3	1.055292E-3	3.315297E-9	2.669824E+1
4.000000E-1	1.403526E-3	1.403526E-3	4.409306E-9	2.706641E+1
4.500000E-1	1.707226E-3	1.707226E-3	5.363410E-9	2.743359E+1
5.000000E-1	2.028270E-3	2.028270E-3	6.371997E-9	2.780176E+1
5.000000E-1	2.071354E-3	2.071354E-3	6.507351E-9	2.816992E+1
4.500000E-1	1.791799E-3	1.791799E-3	5.629103E-9	2.853809E+1
4.000000E-1	1.421024E-3	1.421024E-3	4.464278E-9	2.890527E+1
3.500000E-1	1.157785E-3	1.157785E-3	3.637288E-9	2.927344E+1
3.000000E-1	8.477878E-4	8.477878E-4	2.663404E-9	2.964160E+1
2.500000E-1	6.035063E-4	6.035063E-4	1.895971E-9	3.000879E+1
2.000000E-1	4.465362E-4	4.465362E-4	1.402835E-9	3.037695E+1
1.500000E-1	2.896878E-4	2.896878E-4	9.100810E-10	3.111816E+1
1.000000E-1	1.572506E-4	1.572506E-4	4.940173E-10	3.148633E+1
5.000000E-2	7.443890E-5	7.443890E-5	2.338567E-10	3.185449E+1
0.000000E+0	1.325673E-8	-1.325673E-8	-4.164724E-14	3.303027E+1
-5.000000E-2	6.995761E-5	-6.995761E-5	-2.197783E-10	3.414551E+1
-1.000000E-1	1.587653E-4	-1.587653E-4	-4.987759E-10	3.451465E+1
-1.500000E-1	2.665928E-4	-2.665928E-4	-8.375258E-10	3.488281E+1
-2.000000E-1	4.498244E-4	-4.498244E-4	-1.413165E-9	3.599805E+1
-2.500000E-1	6.320017E-4	-6.320017E-4	-1.985492E-9	3.636621E+1
-3.000000E-1	9.068989E-4	-9.068989E-4	-2.849107E-9	3.673340E+1
-3.500000E-1	1.267179E-3	-1.267179E-3	-3.980960E-9	3.710156E+1
-4.000000E-1	1.398271E-3	-1.398271E-3	-4.392798E-9	3.746973E+1
-4.500000E-1	1.649244E-3	-1.649244E-3	-5.181254E-9	3.783691E+1
-5.000000E-1	2.137729E-3	-2.137729E-3	-6.715873E-9	3.820508E+1
-5.000000E-1	2.096842E-3	-2.096842E-3	-6.587425E-9	3.857227E+1
-4.500000E-1	1.707102E-3	-1.707102E-3	-5.363018E-9	3.894043E+1
-4.000000E-1	1.423360E-3	-1.423360E-3	-4.471617E-9	3.930859E+1
-3.500000E-1	1.054479E-3	-1.054479E-3	-3.312745E-9	3.967578E+1
-3.000000E-1	7.464733E-4	-7.464733E-4	-2.345115E-9	4.004395E+1
-2.500000E-1	5.396906E-4	-5.396906E-4	-1.695488E-9	4.041211E+1
-2.000000E-1	3.723818E-4	-3.723818E-4	-1.169872E-9	4.078027E+1
-1.500000E-1	2.398479E-4	-2.398479E-4	-7.535044E-10	4.152051E+1
-1.000000E-1	1.378701E-4	-1.378701E-4	-4.331318E-10	4.188965E+1
-5.000000E-2	5.943530E-5	-5.943530E-5	-1.867215E-10	4.225781E+1
0.000000E+0	8.379877E-8	-8.379877E-8	-2.632616E-13	4.343359E+1
0.000000E+0	1.099588E-7	-1.099588E-7	-3.454459E-13	4.413672E+1
5.000000E-2	6.288454E-5	6.288454E-5	1.975576E-10	4.525195E+1
1.000000E-1	1.453766E-4	1.453766E-4	4.567141E-10	4.562109E+1
1.500000E-1	2.728038E-4	2.728038E-4	8.570383E-10	4.598926E+1
2.000000E-1	3.925961E-4	3.925961E-4	1.233377E-9	4.710449E+1
2.500000E-1	5.722954E-4	5.722954E-4	1.797919E-9	4.747266E+1
3.000000E-1	7.708969E-4	7.708969E-4	2.421844E-9	4.783984E+1
3.500000E-1	1.045747E-3	1.045747E-3	3.285310E-9	4.820801E+1
4.000000E-1	1.345858E-3	1.345858E-3	4.228138E-9	4.857520E+1
4.500000E-1	1.683423E-3	1.683423E-3	5.288629E-9	4.894336E+1
5.000000E-1	2.022423E-3	2.022423E-3	6.353629E-9	4.931152E+1
5.000000E-1	2.036537E-3	2.036537E-3	6.397971E-9	4.967969E+1
4.500000E-1	1.617915E-3	1.617915E-3	5.082830E-9	5.004688E+1
4.000000E-1	1.287473E-3	1.287473E-3	4.044715E-9	5.041504E+1
3.500000E-1	1.067870E-3	1.067870E-3	3.354813E-9	5.078320E+1
3.000000E-1	8.257512E-4	8.257512E-4	2.594174E-9	5.115039E+1
2.500000E-1	5.890184E-4	5.890184E-4	1.850456E-9	5.151855E+1
2.000000E-1	3.925162E-4	3.925162E-4	1.233126E-9	5.188672E+1
1.500000E-1	2.603552E-4	2.603552E-4	8.179300E-10	5.262793E+1
1.000000E-1	1.455495E-4	1.455495E-4	4.572571E-10	5.299609E+1
5.000000E-2	6.382301E-5	6.382301E-5	2.005059E-10	5.336426E+1
0.000000E+0	7.268450E-8	-7.268450E-8	-2.283451E-13	5.454004E+1
-5.000000E-2	6.039615E-5	-6.039615E-5	-1.897401E-10	5.565527E+1
-1.000000E-1	1.413037E-4	-1.413037E-4	-4.439187E-10	5.602441E+1
-1.500000E-1	2.475879E-4	-2.475879E-4	-7.778203E-10	5.639258E+1
-2.000000E-1	4.294599E-4	-4.294599E-4	-1.349188E-9	5.750781E+1
-2.500000E-1	5.857781E-4	-5.857781E-4	-1.840276E-9	5.787500E+1
-3.000000E-1	7.997020E-4	-7.997020E-4	-2.512338E-9	5.824316E+1
-3.500000E-1	1.007478E-3	-1.007478E-3	-3.165085E-9	5.861133E+1
-4.000000E-1	1.203809E-3	-1.203809E-3	-3.781877E-9	5.897852E+1
-4.500000E-1	1.456440E-3	-1.456440E-3	-4.575541E-9	5.934668E+1
-5.000000E-1	1.766056E-3	-1.766056E-3	-5.548229E-9	5.971484E+1
-5.000000E-1	1.705916E-3	-1.705916E-3	-5.359293E-9	6.008301E+1
-4.500000E-1	1.500486E-3	-1.500486E-3	-4.713915E-9	6.045020E+1
-4.000000E-1	1.206864E-3	-1.206864E-3	-3.791475E-9	6.081836E+1
-3.500000E-1	9.557923E-4	-9.557923E-4	-3.002710E-9	6.118555E+1
-3.000000E-1	7.269230E-4	-7.269230E-4	-2.283696E-9	6.155371E+1
-2.500000E-1	5.361755E-4	-5.361755E-4	-1.684445E-9	6.192188E+1
-2.000000E-1	3.850471E-4	-3.850471E-4	-1.209661E-9	6.228906E+1
-1.500000E-1	2.315463E-4	-2.315463E-4	-7.274243E-10	6.303027E+1
-1.000000E-1	1.221918E-4	-1.221918E-4	-3.838768E-10	6.339941E+1
-5.000000E-2	5.371333E-5	-5.371333E-5	-1.687454E-10	6.376758E+1
0.000000E+0	6.683581E-8	-6.683581E-8	-2.099709E-13	6.494238E+1
0.000000E+0	1.049495E-7	-1.049495E-7	-3.297085E-13	6.564648E+1
5.000000E-2	5.810476E-5	5.810476E-5	1.825415E-10	6.676172E+1
1.000000E-1	1.425779E-4	1.425779E-4	4.479218E-10	6.712988E+1
1.500000E-1	2.458028E-4	2.458028E-4	7.722121E-10	6.749902E+1
2.000000E-1	4.312259E-4	4.312259E-4	1.354736E-9	6.861426E+1
2.500000E-1	6.562907E-4	6.562907E-4	2.061798E-9	6.898145E+1
3.000000E-1	8.693281E-4	8.693281E-4	2.731075E-9	6.934961E+1
3.500000E-1	1.111567E-3	1.111567E-3	3.492091E-9	6.971777E+1
4.000000E-1	1.399911E-3	1.399911E-3	4.397950E-9	7.008496E+1
4.500000E-1	1.721511E-3	1.721511E-3	5.408287E-9	7.045313E+1
5.000000E-1	2.187685E-3	2.187685E-3	6.872815E-9	7.082129E+1
5.000000E-1	2.190485E-3	2.190485E-3	6.881613E-9	7.118848E+1
4.500000E-1	1.764686E-3	1.764686E-3	5.543924E-9	7.155664E+1
4.000000E-1	1.402390E-3	1.402390E-3	4.405739E-9	7.192383E+1
3.500000E-1	1.147171E-3	1.147171E-3	3.603945E-9	7.229199E+1
3.000000E-1	8.564077E-4	8.564077E-4	2.690484E-9	7.266016E+1
2.500000E-1	6.469817E-4	6.469817E-4	2.032553E-9	7.302734E+1
2.000000E-1	4.355826E-4	4.355826E-4	1.368423E-9	7.339551E+1
1.500000E-1	2.665563E-4	2.665563E-4	8.374112E-10	7.413672E+1
1.000000E-1	1.406716E-4	1.406716E-4	4.419329E-10	7.450488E+1
5.000000E-2	5.949852E-5	5.949852E-5	1.869201E-10	7.487402E+1
0.000000E+0	1.857091E-8	-1.857091E-8	-5.834222E-14	7.604883E+1
-5.000000E-2	5.797989E-5	-5.797989E-5	-1.821492E-10	7.716504E+1
-1.000000E-1	1.405434E-4	-1.405434E-4	-4.415300E-10	7.753320E+1
-1.500000E-1	2.649957E-4	-2.649957E-4	-8.325087E-10	7.790137E+1
-2.000000E-1	4.677513E-4	-4.677513E-4	-1.469484E-9	7.901660E+1
-2.500000E-1	6.520683E-4	-6.520683E-4	-2.048533E-9	7.938477E+1
-3.000000E-1	8.958485E-4	-8.958485E-4	-2.814391E-9	7.975195E+1
-3.500000E-1	1.215218E-3	-1.215218E-3	-3.817719E-9	8.012012E+1
-4.000000E-1	1.493235E-3	-1.493235E-3	-4.691137E-9	8.048828E+1
-4.500000E-1	1.762171E-3	-1.762171E-3	-5.536024E-9	8.085645E+1
-5.000000E-1	2.072829E-3	-2.072829E-3	-6.511983E-9	8.122363E+1
-5.000000E-1	2.138900E-3	-2.138900E-3	-6.719554E-9	8.159180E+1
-4.500000E-1	1.803368E-3	-1.803368E-3	-5.665448E-9	8.195996E+1
-4.000000E-1	1.510972E-3	-1.510972E-3	-4.746858E-9	8.232715E+1
-3.500000E-1	1.184186E-3	-1.184186E-3	-3.720230E-9	8.269531E+1
-3.000000E-1	9.012639E-4	-9.012639E-4	-2.831404E-9	8.306348E+1
-2.500000E-1	6.466825E-4	-6.466825E-4	-2.031613E-9	8.343066E+1
-2.000000E-1	4.395357E-4	-4.395357E-4	-1.380842E-9	8.379883E+1
-1.500000E-1	2.764063E-4	-2.764063E-4	-8.683561E-10	8.454004E+1
-1.000000E-1	1.610597E-4	-1.610597E-4	-5.059841E-10	8.490820E+1
-5.000000E-2	7.700986E-5	-7.700986E-5	-2.419336E-10	8.527734E+1
0.000000E+0	4.273428E-8	-4.273428E-8	-1.342537E-13	8.645215E+1
0.000000E+0	7.098823E-8	-7.098823E-8	-2.230161E-13	8.715527E+1
5.000000E-2	7.455715E-5	7.455715E-5	2.342282E-10	8.827051E+1
1.000000E-1	1.824174E-4	1.824174E-4	5.730812E-10	8.863965E+1
1.500000E-1	3.197642E-4	3.197642E-4	1.004569E-9	8.900781E+1
2.000000E-1	4.043981E-4	4.043981E-4	1.270454E-9	9.012305E+1
2.500000E-1	5.979305E-4	5.979305E-4	1.878454E-9	9.049121E+1
3.000000E-1	8.204196E-4	8.204196E-4	2.577424E-9	9.085840E+1
3.500000E-1	1.052911E-3	1.052911E-3	3.307817E-9	9.122656E+1
4.000000E-1	1.380714E-3	1.380714E-3	4.337641E-9	9.159473E+1
4.500000E-1	1.742331E-3	1.742331E-3	5.473694E-9	9.196191E+1
5.000000E-1	2.206432E-3	2.206432E-3	6.931712E-9	9.233008E+1
5.000000E-1	2.368042E-3	2.368042E-3	7.439424E-9	9.269824E+1
4.500000E-1	1.788198E-3	1.788198E-3	5.617791E-9	9.306543E+1
4.000000E-1	1.448343E-3	1.448343E-3	4.550105E-9	9.343359E+1
3.500000E-1	1.119371E-3	1.119371E-3	3.516607E-9	9.380176E+1
3.000000E-1	8.398848E-4	8.398848E-4	2.638576E-9	9.416895E+1
2.500000E-1	6.207135E-4	6.207135E-4	1.950029E-9	9.453711E+1
2.000000E-1	4.126693E-4	4.126693E-4	1.296439E-9	9.490527E+1
1.500000E-1	2.726967E-4	2.726967E-4	8.567020E-10	9.564648E+1
1.000000E-1	1.447984E-4	1.447984E-4	4.548977E-10	9.601465E+1
5.000000E-2	6.406034E-5	6.406034E-5	2.012515E-10	9.638281E+1
0.000000E+0	3.001648E-8	3.001648E-8	9.429957E-14	9.755859E+1
-5.000000E-2	5.654607E-5	-5.654607E-5	-1.776447E-10	9.867383E+1
-1.000000E-1	1.229065E-4	-1.229065E-4	-3.861221E-10	9.904297E+1
-1.500000E-1	2.266181E-4	-2.266181E-4	-7.119418E-10	9.941113E+1
-2.000000E-1	3.869019E-4	-3.869019E-4	-1.215488E-9	1.005264E+2
-2.500000E-1	5.304752E-4	-5.304752E-4	-1.666537E-9	1.008945E+2
-3.000000E-1	7.369453E-4	-7.369453E-4	-2.315182E-9	1.012617E+2
-3.500000E-1	1.015971E-3	-1.015971E-3	-3.191768E-9	1.016299E+2
-4.000000E-1	1.181748E-3	-1.181748E-3	-3.712572E-9	1.019980E+2
-4.500000E-1	1.418434E-3	-1.418434E-3	-4.456141E-9	1.023652E+2
-5.000000E-1	1.769310E-3	-1.769310E-3	-5.558451E-9	1.027334E+2
-5.000000E-1	1.672733E-3	-1.672733E-3	-5.255045E-9	1.031016E+2
-4.500000E-1	1.311776E-3	-1.311776E-3	-4.121065E-9	1.034687E+2
-4.000000E-1	1.133055E-3	-1.133055E-3	-3.559596E-9	1.038369E+2
-3.500000E-1	8.848079E-4	-8.848079E-4	-2.779706E-9	1.042051E+2
-3.000000E-1	7.064735E-4	-7.064735E-4	-2.219452E-9	1.045723E+2
-2.500000E-1	5.569392E-4	-5.569392E-4	-1.749676E-9	1.049404E+2
-2.000000E-1	3.474257E-4	-3.474257E-4	-1.091470E-9	1.053086E+2
-1.500000E-1	2.380820E-4	-2.380820E-4	-7.479568E-10	1.060498E+2
-1.000000E-1	1.387550E-4	-1.387550E-4	-4.359116E-10	1.064180E+2
-5.000000E-2	5.878461E-5	-5.878461E-5	-1.846773E-10	1.067871E+2
0.000000E+0	3.531740E-8	-3.531740E-8	-1.109529E-13	1.079619E+2
0.000000E+0	7.289656E-8	-7.289656E-8	-2.290113E-13	1.086660E+2
5.000000E-2	6.143842E-5	6.143842E-5	1.930145E-10	1.097813E+2
1.000000E-1	1.502343E-4	1.502343E-4	4.719751E-10	1.101494E+2
1.500000E-1	2.581382E-4	2.581382E-4	8.109651E-10	1.105176E+2
2.000000E-1	4.548610E-4	4.548610E-4	1.428988E-9	1.116328E+2
2.500000E-1	7.088879E-4	7.088879E-4	2.227037E-9	1.120010E+2
3.000000E-1	9.281598E-4	9.281598E-4	2.915900E-9	1.123691E+2
3.500000E-1	1.284838E-3	1.284838E-3	4.036437E-9	1.127363E+2
4.000000E-1	1.693719E-3	1.693719E-3	5.320974E-9	1.131045E+2
4.500000E-1	2.216636E-3	2.216636E-3	6.963766E-9	1.134717E+2
5.000000E-1	2.607875E-3	2.607875E-3	8.192882E-9	1.138398E+2
5.000000E-1	2.498612E-3	2.498612E-3	7.849621E-9	1.142080E+2
4.500000E-1	2.046289E-3	2.046289E-3	6.428608E-9	1.145752E+2
4.000000E-1	1.685945E-3	1.685945E-3	5.296553E-9	1.149434E+2
3.500000E-1	1.259435E-3	1.259435E-3	3.956632E-9	1.153115E+2
3.000000E-1	8.924352E-4	8.924352E-4	2.803668E-9	1.156797E+2
2.500000E-1	6.559482E-4	6.559482E-4	2.060722E-9	1.160469E+2
2.000000E-1	4.542148E-4	4.542148E-4	1.426958E-9	1.164150E+2
1.500000E-1	3.161459E-4	3.161459E-4	9.932015E-10	1.171563E+2
1.000000E-1	1.717045E-4	1.717045E-4	5.394255E-10	1.175244E+2
5.000000E-2	7.372165E-5	7.372165E-5	2.316034E-10	1.178936E+2
0.000000E+0	1.854440E-8	1.854440E-8	5.825895E-14	1.190684E+2
-5.000000E-2	7.627762E-5	-7.627762E-5	-2.396332E-10	1.201846E+2
-1.000000E-1	1.737981E-4	-1.737981E-4	-5.460029E-10	1.205527E+2
-1.500000E-1	2.996402E-4	-2.996402E-4	-9.413474E-10	1.209209E+2
-2.000000E-1	4.448976E-4	-4.448976E-4	-1.397687E-9	1.220361E+2
-2.500000E-1	6.212652E-4	-6.212652E-4	-1.951762E-9	1.224043E+2
-3.000000E-1	8.035730E-4	-8.035730E-4	-2.524499E-9	1.227725E+2
-3.500000E-1	1.085923E-3	-1.085923E-3	-3.411528E-9	1.231396E+2
-4.000000E-1	1.295075E-3	-1.295075E-3	-4.068599E-9	1.235078E+2
-4.500000E-1	1.610924E-3	-1.610924E-3	-5.060868E-9	1.238760E+2
-5.000000E-1	1.871278E-3	-1.871278E-3	-5.878793E-9	1.242432E+2
-5.000000E-1	1.849733E-3	-1.849733E-3	-5.811107E-9	1.246113E+2
-4.500000E-1	1.555697E-3	-1.555697E-3	-4.887366E-9	1.249795E+2
-4.000000E-1	1.303876E-3	-1.303876E-3	-4.096246E-9	1.253467E+2
-3.500000E-1	1.008530E-3	-1.008530E-3	-3.168389E-9	1.257148E+2
-3.000000E-1	7.596898E-4	-7.596898E-4	-2.386636E-9	1.260830E+2
-2.500000E-1	5.463697E-4	-5.463697E-4	-1.716471E-9	1.264502E+2
-2.000000E-1	3.939476E-4	-3.939476E-4	-1.237623E-9	1.268184E+2
-1.500000E-1	2.834335E-4	-2.834335E-4	-8.904326E-10	1.275596E+2
-1.000000E-1	1.556007E-4	-1.556007E-4	-4.888341E-10	1.279277E+2
-5.000000E-2	6.415383E-5	-6.415383E-5	-2.015452E-10	1.282969E+2
0.000000E+0	7.218094E-9	-7.218094E-9	-2.267631E-14	1.294717E+2
0.000000E+0	1.276772E-7	-1.276772E-7	-4.011097E-13	1.301748E+2
5.000000E-2	7.140703E-5	7.140703E-5	2.243318E-10	1.312910E+2
1.000000E-1	1.625963E-4	1.625963E-4	5.108114E-10	1.316592E+2
1.500000E-1	2.910843E-4	2.910843E-4	9.144682E-10	1.320273E+2
2.000000E-1	5.139670E-4	5.139670E-4	1.614675E-9	1.331426E+2
2.500000E-1	7.643324E-4	7.643324E-4	2.401221E-9	1.335107E+2
3.000000E-1	1.038415E-3	1.038415E-3	3.262277E-9	1.338779E+2
3.500000E-1	1.397686E-3	1.397686E-3	4.390960E-9	1.342461E+2
4.000000E-1	1.804118E-3	1.804118E-3	5.667805E-9	1.346143E+2
4.500000E-1	2.490483E-3	2.490483E-3	7.824084E-9	1.349824E+2
5.000000E-1	3.060525E-3	3.060525E-3	9.614924E-9	1.353496E+2
5.000000E-1	3.039904E-3	3.039904E-3	9.550139E-9	1.357178E+2
4.500000E-1	2.398161E-3	2.398161E-3	7.534046E-9	1.360859E+2
4.000000E-1	2.076017E-3	2.076017E-3	6.522000E-9	1.364531E+2
3.500000E-1	1.765011E-3	1.765011E-3	5.544946E-9	1.368213E+2
3.000000E-1	1.226754E-3	1.226754E-3	3.853962E-9	1.371895E+2
2.500000E-1	9.624542E-4	9.624542E-4	3.023639E-9	1.375566E+2
2.000000E-1	6.527202E-4	6.527202E-4	2.050581E-9	1.379248E+2
1.500000E-1	4.256061E-4	4.256061E-4	1.337081E-9	1.382930E+2
1.000000E-1	2.381518E-4	2.381518E-4	7.481761E-10	1.390342E+2
5.000000E-2	1.042757E-4	1.042757E-4	3.275918E-10	1.394023E+2
0.000000E+0	2.232131E-8	2.232131E-8	7.012446E-14	1.405771E+2
-5.000000E-2	7.737359E-5	-7.737359E-5	-2.430763E-10	1.416934E+2
-1.000000E-1	1.693465E-4	-1.693465E-4	-5.320179E-10	1.420615E+2
-1.500000E-1	3.123664E-4	-3.123664E-4	-9.813279E-10	1.424307E+2
-2.000000E-1	4.402983E-4	-4.402983E-4	-1.383238E-9	1.435449E+2
-2.500000E-1	6.176730E-4	-6.176730E-4	-1.940477E-9	1.439131E+2
-3.000000E-1	8.383770E-4	-8.383770E-4	-2.633839E-9	1.442813E+2
-3.500000E-1	1.015345E-3	-1.015345E-3	-3.189800E-9	1.446484E+2
-4.000000E-1	1.343677E-3	-1.343677E-3	-4.221287E-9	1.450166E+2
-4.500000E-1	1.515217E-3	-1.515217E-3	-4.760193E-9	1.453848E+2
-5.000000E-1	1.862368E-3	-1.862368E-3	-5.850802E-9	1.457520E+2
-5.000000E-1	1.929517E-3	-1.929517E-3	-6.061755E-9	1.461201E+2
-4.500000E-1	1.594958E-3	-1.594958E-3	-5.010707E-9	1.464883E+2
-4.000000E-1	1.286320E-3	-1.286320E-3	-4.041095E-9	1.468555E+2
-3.500000E-1	9.580179E-4	-9.580179E-4	-3.009702E-9	1.472236E+2
-3.000000E-1	7.886608E-4	-7.886608E-4	-2.477651E-9	1.475918E+2
-2.500000E-1	5.997799E-4	-5.997799E-4	-1.884264E-9	1.479590E+2
-2.000000E-1	4.418816E-4	-4.418816E-4	-1.388212E-9	1.483271E+2
-1.500000E-1	2.909244E-4	-2.909244E-4	-9.139660E-10	1.490684E+2
-1.000000E-1	1.668265E-4	-1.668265E-4	-5.241008E-10	1.494375E+2
-5.000000E-2	7.855210E-5	-7.855210E-5	-2.467787E-10	1.498057E+2
0.000000E+0	8.145754E-9	-8.145754E-9	-2.559064E-14	1.509805E+2
0.000000E+0	3.262718E-8	-3.262718E-8	-1.025013E-13	1.516846E+2
5.000000E-2	8.101642E-5	8.101642E-5	2.545206E-10	1.527998E+2
1.000000E-1	1.804255E-4	1.804255E-4	5.668233E-10	1.531680E+2
1.500000E-1	3.025642E-4	3.025642E-4	9.505333E-10	1.535361E+2
2.000000E-1	4.596041E-4	4.596041E-4	1.443889E-9	1.546514E+2
2.500000E-1	6.604373E-4	6.604373E-4	2.074825E-9	1.550195E+2
3.000000E-1	8.117169E-4	8.117169E-4	2.550084E-9	1.553867E+2
3.500000E-1	1.018948E-3	1.018948E-3	3.201118E-9	1.557549E+2
4.000000E-1	1.323049E-3	1.323049E-3	4.156480E-9	1.561230E+2
4.500000E-1	1.674006E-3	1.674006E-3	5.259045E-9	1.564912E+2
5.000000E-1	2.229117E-3	2.229117E-3	7.002979E-9	1.568584E+2
5.000000E-1	2.088222E-3	2.088222E-3	6.560342E-9	1.572266E+2
4.500000E-1	1.690915E-3	1.690915E-3	5.312167E-9	1.575947E+2
4.000000E-1	1.290421E-3	1.290421E-3	4.053978E-9	1.579619E+2
3.500000E-1	1.029857E-3	1.029857E-3	3.235390E-9	1.583301E+2
3.000000E-1	7.606687E-4	7.606687E-4	2.389711E-9	1.586982E+2
2.500000E-1	5.187315E-4	5.187315E-4	1.629643E-9	1.590654E+2
2.000000E-1	3.876114E-4	3.876114E-4	1.217717E-9	1.594336E+2
1.500000E-1	2.633293E-4	2.633293E-4	8.272734E-10	1.601748E+2
1.000000E-1	1.585440E-4	1.585440E-4	4.980805E-10	1.605430E+2
5.000000E-2	7.090521E-5	7.090521E-5	2.227553E-10	1.609121E+2
0.000000E+0	1.313746E-8	1.313746E-8	4.127254E-14	1.620869E+2
-5.000000E-2	7.103906E-5	-7.103906E-5	-2.231758E-10	1.632021E+2
-1.000000E-1	1.511085E-4	-1.511085E-4	-4.747215E-10	1.635713E+2
-1.500000E-1	2.632940E-4	-2.632940E-4	-8.271626E-10	1.639395E+2
-2.000000E-1	4.176967E-4	-4.176967E-4	-1.312233E-9	1.650547E+2
-2.500000E-1	6.306066E-4	-6.306066E-4	-1.981109E-9	1.654229E+2
-3.000000E-1	8.187605E-4	-8.187605E-4	-2.572212E-9	1.657900E+2
-3.500000E-1	1.082697E-3	-1.082697E-3	-3.401394E-9	1.661582E+2
-4.000000E-1	1.313267E-3	-1.313267E-3	-4.125751E-9	1.665264E+2
-4.500000E-1	1.618397E-3	-1.618397E-3	-5.084343E-9	1.668936E+2
-5.000000E-1	1.930538E-3	-1.930538E-3	-6.064963E-9	1.672617E+2
-5.000000E-1	1.748109E-3	-1.748109E-3	-5.491848E-9	1.676299E+2
-4.500000E-1	1.448846E-3	-1.448846E-3	-4.551683E-9	1.679971E+2
-4.000000E-1	1.273677E-3	-1.273677E-3	-4.001374E-9	1.683652E+2
-3.500000E-1	9.249792E-4	-9.249792E-4	-2.905908E-9	1.687334E+2
-3.000000E-1	7.505129E-4	-7.505129E-4	-2.357806E-9	1.691006E+2
-2.500000E-1	5.634470E-4	-5.634470E-4	-1.770121E-9	1.694687E+2
-2.000000E-1	3.862461E-4	-3.862461E-4	-1.213428E-9	1.698369E+2
-1.500000E-1	2.166058E-4	-2.166058E-4	-6.804872E-10	1.705781E+2
-1.000000E-1	1.212366E-4	-1.212366E-4	-3.808760E-10	1.709463E+2
-5.000000E-2	5.322345E-5	-5.322345E-5	-1.672064E-10	1.713154E+2
0.000000E+0	2.418105E-8	-2.418105E-8	-7.596701E-14	1.724902E+2
0.000000E+0	3.953606E-8	-3.953606E-8	-1.242062E-13	1.731934E+2
5.000000E-2	5.107842E-5	5.107842E-5	1.604676E-10	1.743086E+2
1.000000E-1	1.233578E-4	1.233578E-4	3.875401E-10	1.746768E+2
1.500000E-1	2.133116E-4	2.133116E-4	6.701380E-10	1.750459E+2
2.000000E-1	3.183825E-4	3.183825E-4	1.000228E-9	1.754141E+2
2.500000E-1	5.329141E-4	5.329141E-4	1.674199E-9	1.765283E+2
3.000000E-1	8.265018E-4	8.265018E-4	2.596532E-9	1.768965E+2
3.500000E-1	1.134396E-3	1.134396E-3	3.563810E-9	1.772646E+2
4.000000E-1	1.396343E-3	1.396343E-3	4.386742E-9	1.776318E+2
4.500000E-1	1.544247E-3	1.544247E-3	4.851394E-9	1.780000E+2
5.000000E-1	2.180793E-3	2.180793E-3	6.851164E-9	1.783672E+2
5.000000E-1	2.512757E-3	2.512757E-3	7.894060E-9	1.787354E+2
4.500000E-1	2.070636E-3	2.070636E-3	6.505096E-9	1.791035E+2
4.000000E-1	1.605831E-3	1.605831E-3	5.044868E-9	1.794707E+2
3.500000E-1	1.258353E-3	1.258353E-3	3.953231E-9	1.798389E+2
3.000000E-1	8.827220E-4	8.827220E-4	2.773153E-9	1.802061E+2
2.500000E-1	6.248219E-4	6.248219E-4	1.962936E-9	1.805742E+2
2.000000E-1	4.536199E-4	4.536199E-4	1.425089E-9	1.809424E+2
1.500000E-1	2.872810E-4	2.872810E-4	9.025198E-10	1.816826E+2
1.000000E-1	1.562838E-4	1.562838E-4	4.909799E-10	1.820518E+2
5.000000E-2	7.773745E-5	7.773745E-5	2.442194E-10	1.824199E+2
0.000000E+0	2.756039E-8	2.756039E-8	8.658352E-14	1.835947E+2
-5.000000E-2	7.246293E-5	-7.246293E-5	-2.276490E-10	1.847100E+2
-1.000000E-1	1.633152E-4	-1.633152E-4	-5.130699E-10	1.850781E+2
-1.500000E-1	2.869793E-4	-2.869793E-4	-9.015722E-10	1.854473E+2
-2.000000E-1	4.092004E-4	-4.092004E-4	-1.285541E-9	1.865615E+2
-2.500000E-1	6.870487E-4	-6.870487E-4	-2.158427E-9	1.869297E+2
-3.000000E-1	8.610079E-4	-8.610079E-4	-2.704936E-9	1.872979E+2
-3.500000E-1	1.056868E-3	-1.056868E-3	-3.320250E-9	1.876650E+2
-4.000000E-1	1.254429E-3	-1.254429E-3	-3.940904E-9	1.880332E+2
-4.500000E-1	1.615884E-3	-1.615884E-3	-5.076450E-9	1.884004E+2
-5.000000E-1	2.008373E-3	-2.008373E-3	-6.309489E-9	1.887686E+2
-5.000000E-1	1.995380E-3	-1.995380E-3	-6.268670E-9	1.891367E+2
-4.500000E-1	1.673950E-3	-1.673950E-3	-5.258870E-9	1.895039E+2
-4.000000E-1	1.395537E-3	-1.395537E-3	-4.384209E-9	1.898721E+2
-3.500000E-1	1.010273E-3	-1.010273E-3	-3.173867E-9	1.902393E+2
-3.000000E-1	8.616044E-4	-8.616044E-4	-2.706810E-9	1.906074E+2
-2.500000E-1	5.948133E-4	-5.948133E-4	-1.868661E-9	1.909756E+2
-2.000000E-1	4.291158E-4	-4.291158E-4	-1.348107E-9	1.913428E+2
-1.500000E-1	2.698377E-4	-2.698377E-4	-8.477201E-10	1.920840E+2
-1.000000E-1	1.552612E-4	-1.552612E-4	-4.877675E-10	1.924521E+2
-5.000000E-2	8.524333E-5	-8.524333E-5	-2.677998E-10	1.928213E+2
0.000000E+0	3.821524E-8	-3.821524E-8	-1.200567E-13	1.939961E+2
0.000000E+0	7.654535E-8	-7.654535E-8	-2.404743E-13	1.946992E+2
5.000000E-2	5.968511E-5	5.968511E-5	1.875063E-10	1.958145E+2
1.000000E-1	1.308291E-4	1.308291E-4	4.110116E-10	1.961826E+2
1.500000E-1	2.251995E-4	2.251995E-4	7.074851E-10	1.965508E+2
2.000000E-1	3.694263E-4	3.694263E-4	1.160587E-9	1.976660E+2
2.500000E-1	5.596709E-4	5.596709E-4	1.758258E-9	1.980342E+2
3.000000E-1	7.384232E-4	7.384232E-4	2.319825E-9	1.984014E+2
3.500000E-1	9.728457E-4	9.728457E-4	3.056285E-9	1.987695E+2
4.000000E-1	1.208882E-3	1.208882E-3	3.797814E-9	1.991367E+2
4.500000E-1	1.619110E-3	1.619110E-3	5.086583E-9	1.995049E+2
5.000000E-1	1.954922E-3	1.954922E-3	6.141570E-9	1.998730E+2
5.000000E-1	2.269199E-3	2.269199E-3	7.128898E-9	2.002402E+2
4.500000E-1	1.816054E-3	1.816054E-3	5.705303E-9	2.006084E+2
4.000000E-1	1.275955E-3	1.275955E-3	4.008532E-9	2.009756E+2
3.500000E-1	1.010625E-3	1.010625E-3	3.174971E-9	2.013438E+2
3.000000E-1	7.631380E-4	7.631380E-4	2.397469E-9	2.017119E+2
2.500000E-1	5.672760E-4	5.672760E-4	1.782150E-9	2.020791E+2
2.000000E-1	3.851333E-4	3.851333E-4	1.209932E-9	2.024473E+2
1.500000E-1	2.562898E-4	2.562898E-4	8.051582E-10	2.031885E+2
1.000000E-1	1.393011E-4	1.393011E-4	4.376273E-10	2.035566E+2
5.000000E-2	6.903400E-5	6.903400E-5	2.168767E-10	2.039248E+2
0.000000E+0	4.858739E-8	-4.858739E-8	-1.526418E-13	2.050996E+2
-5.000000E-2	6.169686E-5	-6.169686E-5	-1.938264E-10	2.062148E+2
-1.000000E-1	1.368216E-4	-1.368216E-4	-4.298377E-10	2.065840E+2
-1.500000E-1	2.435784E-4	-2.435784E-4	-7.652241E-10	2.069521E+2
-2.000000E-1	3.753080E-4	-3.753080E-4	-1.179065E-9	2.080664E+2
-2.500000E-1	5.299140E-4	-5.299140E-4	-1.664774E-9	2.084346E+2
-3.000000E-1	7.290236E-4	-7.290236E-4	-2.290295E-9	2.088027E+2
-3.500000E-1	9.439849E-4	-9.439849E-4	-2.965616E-9	2.091699E+2
-4.000000E-1	1.159363E-3	-1.159363E-3	-3.642247E-9	2.095381E+2
-4.500000E-1	1.460962E-3	-1.460962E-3	-4.589746E-9	2.099053E+2
-5.000000E-1	1.753344E-3	-1.753344E-3	-5.508292E-9	2.102734E+2
-5.000000E-1	1.812499E-3	-1.812499E-3	-5.694134E-9	2.106416E+2
-4.500000E-1	1.508182E-3	-1.508182E-3	-4.738092E-9	2.110088E+2
-4.000000E-1	1.128254E-3	-1.128254E-3	-3.544515E-9	2.113770E+2
-3.500000E-1	9.008007E-4	-9.008007E-4	-2.829949E-9	2.117441E+2
-3.000000E-1	6.536494E-4	-6.536494E-4	-2.053500E-9	2.121123E+2
-2.500000E-1	4.624661E-4	-4.624661E-4	-1.452880E-9	2.124805E+2
-2.000000E-1	3.473111E-4	-3.473111E-4	-1.091110E-9	2.128477E+2
-1.500000E-1	2.225884E-4	-2.225884E-4	-6.992822E-10	2.135889E+2
-1.000000E-1	1.337988E-4	-1.337988E-4	-4.203413E-10	2.139570E+2
-5.000000E-2	5.965586E-5	-5.965586E-5	-1.874144E-10	2.143252E+2
0.000000E+0	2.952173E-8	-2.952173E-8	-9.274526E-14	2.155010E+2
0.000000E+0	5.539467E-8	-5.539467E-8	-1.740275E-13	2.162041E+2
5.000000E-2	6.404182E-5	6.404182E-5	2.011933E-10	2.173193E+2
1.000000E-1	1.235439E-4	1.235439E-4	3.881246E-10	2.176875E+2
1.500000E-1	2.068289E-4	2.068289E-4	6.497720E-10	2.180557E+2
2.000000E-1	3.148108E-4	3.148108E-4	9.890074E-10	2.184238E+2
2.500000E-1	4.839138E-4	4.839138E-4	1.520260E-9	2.195391E+2
3.000000E-1	7.207017E-4	7.207017E-4	2.264151E-9	2.199072E+2
3.500000E-1	9.428747E-4	9.428747E-4	2.962128E-9	2.202744E+2
4.000000E-1	1.231523E-3	1.231523E-3	3.868942E-9	2.206426E+2
4.500000E-1	1.647397E-3	1.647397E-3	5.175451E-9	2.210098E+2
5.000000E-1	1.949511E-3	1.949511E-3	6.124568E-9	2.213779E+2
5.000000E-1	1.980869E-3	1.980869E-3	6.223084E-9	2.217461E+2
4.500000E-1	1.520570E-3	1.520570E-3	4.777012E-9	2.221133E+2
4.000000E-1	1.340721E-3	1.340721E-3	4.211998E-9	2.224814E+2
3.500000E-1	1.034686E-3	1.034686E-3	3.250562E-9	2.228486E+2
3.000000E-1	7.890338E-4	7.890338E-4	2.478823E-9	2.232168E+2
2.500000E-1	5.827255E-4	5.827255E-4	1.830686E-9	2.235850E+2
2.000000E-1	3.923672E-4	3.923672E-4	1.232658E-9	2.239521E+2
1.500000E-1	2.453264E-4	2.453264E-4	7.707155E-10	2.246934E+2
1.000000E-1	1.336572E-4	1.336572E-4	4.198964E-10	2.250615E+2
5.000000E-2	5.658690E-5	5.658690E-5	1.777730E-10	2.254297E+2
0.000000E+0	4.602968E-9	4.602968E-9	1.446065E-14	2.266055E+2
-5.000000E-2	5.592905E-5	-5.592905E-5	-1.757063E-10	2.277207E+2
-1.000000E-1	1.203623E-4	-1.203623E-4	-3.781294E-10	2.280889E+2
-1.500000E-1	1.883421E-4	-1.883421E-4	-5.916942E-10	2.284570E+2
-2.000000E-1	2.946802E-4	-2.946802E-4	-9.257652E-10	2.288262E+2
-2.500000E-1	4.336110E-4	-4.336110E-4	-1.362229E-9	2.299404E+2
-3.000000E-1	5.957479E-4	-5.957479E-4	-1.871597E-9	2.303086E+2
-3.500000E-1	7.462603E-4	-7.462603E-4	-2.344446E-9	2.306758E+2
-4.000000E-1	9.756156E-4	-9.756156E-4	-3.064987E-9	2.310439E+2
-4.500000E-1	1.204912E-3	-1.204912E-3	-3.785344E-9	2.314111E+2
-5.000000E-1	1.583256E-3	-1.583256E-3	-4.973946E-9	2.317793E+2
-5.000000E-1	1.553283E-3	-1.553283E-3	-4.879783E-9	2.321475E+2
-4.500000E-1	1.256602E-3	-1.256602E-3	-3.947732E-9	2.325146E+2
-4.000000E-1	9.782580E-4	-9.782580E-4	-3.073288E-9	2.328828E+2
-3.500000E-1	7.528996E-4	-7.528996E-4	-2.365304E-9	2.332500E+2
-3.000000E-1	5.776637E-4	-5.776637E-4	-1.814784E-9	2.336182E+2
-2.500000E-1	4.316769E-4	-4.316769E-4	-1.356153E-9	2.339863E+2
-2.000000E-1	2.885427E-4	-2.885427E-4	-9.064836E-10	2.347266E+2
-1.500000E-1	1.967395E-4	-1.967395E-4	-6.180754E-10	2.350957E+2
-1.000000E-1	1.103144E-4	-1.103144E-4	-3.465629E-10	2.354639E+2
-5.000000E-2	5.595394E-5	-5.595394E-5	-1.757845E-10	2.358320E+2
0.000000E+0	4.172711E-8	-4.172711E-8	-1.310896E-13	2.370068E+2
0.000000E+0	6.629249E-8	-6.629249E-8	-2.082640E-13	2.377109E+2
5.000000E-2	5.018034E-5	5.018034E-5	1.576462E-10	2.388262E+2
1.000000E-1	1.155041E-4	1.155041E-4	3.628670E-10	2.391943E+2
1.500000E-1	2.197955E-4	2.197955E-4	6.905078E-10	2.395625E+2
2.000000E-1	3.587632E-4	3.587632E-4	1.127088E-9	2.406777E+2
2.500000E-1	5.365145E-4	5.365145E-4	1.685510E-9	2.410449E+2
3.000000E-1	7.360560E-4	7.360560E-4	2.312388E-9	2.414131E+2
3.500000E-1	1.001575E-3	1.001575E-3	3.146542E-9	2.417803E+2
4.000000E-1	1.301434E-3	1.301434E-3	4.088576E-9	2.421484E+2
4.500000E-1	1.655267E-3	1.655267E-3	5.200176E-9	2.425166E+2
5.000000E-1	2.072951E-3	2.072951E-3	6.512368E-9	2.428838E+2
5.000000E-1	2.097288E-3	2.097288E-3	6.588825E-9	2.432520E+2
4.500000E-1	1.773116E-3	1.773116E-3	5.570409E-9	2.436191E+2
4.000000E-1	1.336227E-3	1.336227E-3	4.197881E-9	2.439873E+2
3.500000E-1	1.031364E-3	1.031364E-3	3.240126E-9	2.443555E+2
3.000000E-1	8.292813E-4	8.292813E-4	2.605264E-9	2.447227E+2
2.500000E-1	5.804635E-4	5.804635E-4	1.823580E-9	2.450908E+2
2.000000E-1	4.395347E-4	4.395347E-4	1.380839E-9	2.454580E+2
1.500000E-1	3.076086E-4	3.076086E-4	9.663809E-10	2.461992E+2
1.000000E-1	1.669602E-4	1.669602E-4	5.245209E-10	2.465674E+2
5.000000E-2	7.855694E-5	7.855694E-5	2.467939E-10	2.469365E+2
0.000000E+0	4.974916E-8	4.974916E-8	1.562916E-13	2.481104E+2
-5.000000E-2	6.808639E-5	-6.808639E-5	-2.138997E-10	2.492266E+2
-1.000000E-1	1.544003E-4	-1.544003E-4	-4.850629E-10	2.495947E+2
-1.500000E-1	2.619417E-4	-2.619417E-4	-8.229142E-10	2.499629E+2
-2.000000E-1	4.312023E-4	-4.312023E-4	-1.354662E-9	2.510781E+2
-2.500000E-1	6.326142E-4	-6.326142E-4	-1.987416E-9	2.514453E+2
-3.000000E-1	8.530183E-4	-8.530183E-4	-2.679836E-9	2.518135E+2
-3.500000E-1	1.051695E-3	-1.051695E-3	-3.303998E-9	2.521816E+2
-4.000000E-1	1.255892E-3	-1.255892E-3	-3.945501E-9	2.525488E+2
-4.500000E-1	1.564298E-3	-1.564298E-3	-4.914388E-9	2.529170E+2
-5.000000E-1	1.940640E-3	-1.940640E-3	-6.096699E-9	2.532842E+2
-5.000000E-1	1.888855E-3	-1.888855E-3	-5.934012E-9	2.536523E+2
-4.500000E-1	1.606202E-3	-1.606202E-3	-5.046032E-9	2.540205E+2
-4.000000E-1	1.244860E-3	-1.244860E-3	-3.910842E-9	2.543877E+2
-3.500000E-1	1.026936E-3	-1.026936E-3	-3.226215E-9	2.547559E+2
-3.000000E-1	7.850979E-4	-7.850979E-4	-2.466458E-9	2.551230E+2
-2.500000E-1	5.947470E-4	-5.947470E-4	-1.868453E-9	2.554912E+2
-2.000000E-1	3.971260E-4	-3.971260E-4	-1.247608E-9	2.558594E+2
-1.500000E-1	2.464629E-4	-2.464629E-4	-7.742862E-10	2.565996E+2
-1.000000E-1	1.517897E-4	-1.517897E-4	-4.768614E-10	2.569688E+2
-5.000000E-2	6.977362E-5	-6.977362E-5	-2.192003E-10	2.573369E+2
0.000000E+0	1.621199E-9	1.621199E-9	5.093148E-15	2.585117E+2
0.000000E+0	2.373489E-8	-2.373489E-8	-7.456535E-14	2.592158E+2
5.000000E-2	6.588658E-5	6.588658E-5	2.069888E-10	2.603301E+2
1.000000E-1	1.429060E-4	1.429060E-4	4.489524E-10	2.606992E+2
1.500000E-1	2.527348E-4	2.527348E-4	7.939897E-10	2.610674E+2
2.000000E-1	4.220133E-4	4.220133E-4	1.325794E-9	2.621816E+2
2.500000E-1	5.927198E-4	5.927198E-4	1.862084E-9	2.625498E+2
3.000000E-1	8.188945E-4	8.188945E-4	2.572633E-9	2.629180E+2
3.500000E-1	1.038674E-3	1.038674E-3	3.263090E-9	2.632852E+2
4.000000E-1	1.339162E-3	1.339162E-3	4.207100E-9	2.636533E+2
4.500000E-1	1.684792E-3	1.684792E-3	5.292929E-9	2.640205E+2
5.000000E-1	2.027474E-3	2.027474E-3	6.369497E-9	2.643887E+2
5.000000E-1	2.130932E-3	2.130932E-3	6.694520E-9	2.647568E+2
4.500000E-1	1.665446E-3	1.665446E-3	5.232152E-9	2.651240E+2
4.000000E-1	1.269243E-3	1.269243E-3	3.987444E-9	2.654922E+2
3.500000E-1	1.023556E-3	1.023556E-3	3.215597E-9	2.658594E+2
3.000000E-1	7.801110E-4	7.801110E-4	2.450791E-9	2.662275E+2
2.500000E-1	5.730972E-4	5.730972E-4	1.800438E-9	2.665957E+2
2.000000E-1	4.227219E-4	4.227219E-4	1.328020E-9	2.669629E+2
1.500000E-1	2.592538E-4	2.592538E-4	8.144699E-10	2.677041E+2
1.000000E-1	1.500091E-4	1.500091E-4	4.712674E-10	2.680723E+2
5.000000E-2	7.098234E-5	7.098234E-5	2.229976E-10	2.684404E+2
0.000000E+0	4.057859E-8	4.057859E-8	1.274814E-13	2.696152E+2
-5.000000E-2	6.281098E-5	-6.281098E-5	-1.973265E-10	2.707314E+2
-1.000000E-1	1.432169E-4	-1.432169E-4	-4.499290E-10	2.710996E+2
-1.500000E-1	2.579663E-4	-2.579663E-4	-8.104251E-10	2.714678E+2
-2.000000E-1	4.201745E-4	-4.201745E-4	-1.320017E-9	2.725830E+2
-2.500000E-1	5.835661E-4	-5.835661E-4	-1.833327E-9	2.729502E+2
-3.000000E-1	8.356109E-4	-8.356109E-4	-2.625149E-9	2.733184E+2
-3.500000E-1	1.085732E-3	-1.085732E-3	-3.410929E-9	2.736855E+2
-4.000000E-1	1.385813E-3	-1.385813E-3	-4.353660E-9	2.740537E+2
-4.500000E-1	1.674467E-3	-1.674467E-3	-5.260493E-9	2.744219E+2
-5.000000E-1	2.027599E-3	-2.027599E-3	-6.369889E-9	2.747891E+2
-5.000000E-1	2.071259E-3	-2.071259E-3	-6.507052E-9	2.751572E+2
-4.500000E-1	1.734497E-3	-1.734497E-3	-5.449082E-9	2.755244E+2
-4.000000E-1	1.419513E-3	-1.419513E-3	-4.459531E-9	2.758926E+2
-3.500000E-1	1.070083E-3	-1.070083E-3	-3.361765E-9	2.762607E+2
-3.000000E-1	8.448699E-4	-8.448699E-4	-2.654237E-9	2.766279E+2
-2.500000E-1	6.185471E-4	-6.185471E-4	-1.943223E-9	2.769961E+2
-2.000000E-1	4.354336E-4	-4.354336E-4	-1.367955E-9	2.773633E+2
-1.500000E-1	2.776755E-4	-2.776755E-4	-8.723433E-10	2.781045E+2
-1.000000E-1	1.627227E-4	-1.627227E-4	-5.112084E-10	2.784727E+2
-5.000000E-2	6.272841E-5	-6.272841E-5	-1.970671E-10	2.788418E+2
0.000000E+0	1.145441E-8	-1.145441E-8	-3.598510E-14	2.800166E+2
0.000000E+0	3.669123E-8	-3.669123E-8	-1.152689E-13	2.807197E+2
5.000000E-2	6.772969E-5	6.772969E-5	2.127791E-10	2.818350E+2
1.000000E-1	1.495327E-4	1.495327E-4	4.697707E-10	2.822031E+2
1.500000E-1	2.530139E-4	2.530139E-4	7.948665E-10	2.825713E+2
2.000000E-1	3.760688E-4	3.760688E-4	1.181455E-9	2.836865E+2
2.500000E-1	5.792568E-4	5.792568E-4	1.819789E-9	2.840547E+2
3.000000E-1	8.249284E-4	8.249284E-4	2.591589E-9	2.844219E+2
3.500000E-1	1.100921E-3	1.100921E-3	3.458644E-9	2.847900E+2
4.000000E-1	1.471888E-3	1.471888E-3	4.624072E-9	2.851572E+2
4.500000E-1	1.693238E-3	1.693238E-3	5.319465E-9	2.855254E+2
5.000000E-1	2.032331E-3	2.032331E-3	6.384757E-9	2.858936E+2
5.000000E-1	2.037682E-3	2.037682E-3	6.401567E-9	2.862607E+2
4.500000E-1	1.928659E-3	1.928659E-3	6.059061E-9	2.866289E+2
4.000000E-1	1.832148E-3	1.832148E-3	5.755864E-9	2.869961E+2
3.500000E-1	1.260262E-3	1.260262E-3	3.959231E-9	2.873643E+2
3.000000E-1	9.557662E-4	9.557662E-4	3.002628E-9	2.877324E+2
2.500000E-1	6.554284E-4	6.554284E-4	2.059089E-9	2.880996E+2
2.000000E-1	4.526764E-4	4.526764E-4	1.422125E-9	2.884678E+2
1.500000E-1	2.937374E-4	2.937374E-4	9.228031E-10	2.892090E+2
1.000000E-1	1.195693E-4	1.195693E-4	3.756381E-10	2.895771E+2
5.000000E-2	6.839528E-5	6.839528E-5	2.148701E-10	2.899453E+2
0.000000E+0	9.243929E-8	9.243929E-8	2.904066E-13	2.911201E+2
-5.000000E-2	6.937195E-5	-6.937195E-5	-2.179384E-10	2.922354E+2
-1.000000E-1	1.606748E-4	-1.606748E-4	-5.047748E-10	2.926045E+2
-1.500000E-1	2.679692E-4	-2.679692E-4	-8.418499E-10	2.929727E+2
-2.000000E-1	4.044200E-4	-4.044200E-4	-1.270523E-9	2.940869E+2
-2.500000E-1	5.603686E-4	-5.603686E-4	-1.760450E-9	2.944551E+2
-3.000000E-1	7.557374E-4	-7.557374E-4	-2.374219E-9	2.948232E+2
-3.500000E-1	9.190100E-4	-9.190100E-4	-2.887155E-9	2.951904E+2
-4.000000E-1	1.158735E-3	-1.158735E-3	-3.640273E-9	2.955586E+2
-4.500000E-1	1.433586E-3	-1.433586E-3	-4.503742E-9	2.959258E+2
-5.000000E-1	1.635082E-3	-1.635082E-3	-5.136761E-9	2.962939E+2
-5.000000E-1	1.659571E-3	-1.659571E-3	-5.213695E-9	2.966621E+2
-4.500000E-1	1.446009E-3	-1.446009E-3	-4.542771E-9	2.970293E+2
-4.000000E-1	1.166901E-3	-1.166901E-3	-3.665929E-9	2.973975E+2
-3.500000E-1	9.044737E-4	-9.044737E-4	-2.841488E-9	2.977646E+2
-3.000000E-1	7.237301E-4	-7.237301E-4	-2.273665E-9	2.981328E+2
-2.500000E-1	5.234788E-4	-5.234788E-4	-1.644557E-9	2.985010E+2
-2.000000E-1	3.610319E-4	-3.610319E-4	-1.134215E-9	2.988682E+2
-1.500000E-1	2.422858E-4	-2.422858E-4	-7.611634E-10	2.996094E+2
-1.000000E-1	1.237430E-4	-1.237430E-4	-3.887500E-10	2.999775E+2
-5.000000E-2	5.192599E-5	-5.192599E-5	-1.631303E-10	3.003457E+2
0.000000E+0	4.287122E-8	-4.287122E-8	-1.346839E-13	3.015205E+2
0.000000E+0	2.627050E-8	-2.627050E-8	-8.253120E-14	3.022246E+2
5.000000E-2	6.057240E-5	6.057240E-5	1.902938E-10	3.033398E+2
1.000000E-1	1.555862E-4	1.555862E-4	4.887884E-10	3.037080E+2
1.500000E-1	2.792517E-4	2.792517E-4	8.772950E-10	3.040762E+2
2.000000E-1	4.216931E-4	4.216931E-4	1.324788E-9	3.051914E+2
2.500000E-1	6.142362E-4	6.142362E-4	1.929680E-9	3.055586E+2
3.000000E-1	8.548129E-4	8.548129E-4	2.685474E-9	3.059268E+2
3.500000E-1	1.310819E-3	1.310819E-3	4.118059E-9	3.062939E+2
4.000000E-1	1.647882E-3	1.647882E-3	5.176974E-9	3.066621E+2
4.500000E-1	1.991605E-3	1.991605E-3	6.256812E-9	3.070303E+2
5.000000E-1	2.443976E-3	2.443976E-3	7.677977E-9	3.073975E+2
5.000000E-1	2.395481E-3	2.395481E-3	7.525625E-9	3.077656E+2
4.500000E-1	1.998497E-3	1.998497E-3	6.278463E-9	3.081328E+2
4.000000E-1	1.581374E-3	1.581374E-3	4.968033E-9	3.085010E+2
3.500000E-1	1.275369E-3	1.275369E-3	4.006689E-9	3.088691E+2
3.000000E-1	9.447148E-4	9.447148E-4	2.967909E-9	3.092363E+2
2.500000E-1	7.400190E-4	7.400190E-4	2.324838E-9	3.096045E+2
2.000000E-1	5.379701E-4	5.379701E-4	1.690083E-9	3.099717E+2
1.500000E-1	3.501491E-4	3.501491E-4	1.100026E-9	3.103398E+2
1.000000E-1	1.861595E-4	1.861595E-4	5.848372E-10	3.110811E+2
5.000000E-2	7.668407E-5	7.668407E-5	2.409101E-10	3.114492E+2
0.000000E+0	2.015456E-7	2.015456E-7	6.331741E-13	3.126240E+2
-5.000000E-2	7.295500E-5	-7.295500E-5	-2.291949E-10	3.137393E+2
-1.000000E-1	1.719786E-4	-1.719786E-4	-5.402867E-10	3.141084E+2
-1.500000E-1	2.767587E-4	-2.767587E-4	-8.694632E-10	3.144766E+2
-2.000000E-1	4.015018E-4	-4.015018E-4	-1.261355E-9	3.155908E+2
-2.500000E-1	5.767205E-4	-5.767205E-4	-1.811821E-9	3.159590E+2
-3.000000E-1	8.127724E-4	-8.127724E-4	-2.553400E-9	3.163271E+2
-3.500000E-1	1.030034E-3	-1.030034E-3	-3.235946E-9	3.166943E+2
-4.000000E-1	1.234807E-3	-1.234807E-3	-3.879259E-9	3.170625E+2
-4.500000E-1	1.534004E-3	-1.534004E-3	-4.819216E-9	3.174297E+2
-5.000000E-1	1.930212E-3	-1.930212E-3	-6.063940E-9	3.177979E+2
-5.000000E-1	1.779170E-3	-1.779170E-3	-5.589428E-9	3.181660E+2
-4.500000E-1	1.412032E-3	-1.412032E-3	-4.436029E-9	3.185332E+2
-4.000000E-1	1.134821E-3	-1.134821E-3	-3.565146E-9	3.189014E+2
-3.500000E-1	8.746108E-4	-8.746108E-4	-2.747671E-9	3.192686E+2
-3.000000E-1	6.561045E-4	-6.561045E-4	-2.061213E-9	3.196367E+2
-2.500000E-1	4.586387E-4	-4.586387E-4	-1.440856E-9	3.200049E+2
-2.000000E-1	3.184611E-4	-3.184611E-4	-1.000475E-9	3.207451E+2
-1.500000E-1	2.138210E-4	-2.138210E-4	-6.717384E-10	3.211143E+2
-1.000000E-1	1.268083E-4	-1.268083E-4	-3.983801E-10	3.214824E+2
-5.000000E-2	5.600351E-5	-5.600351E-5	-1.759402E-10	3.218506E+2
0.000000E+0	1.244569E-7	1.244569E-7	3.909928E-13	3.230254E+2
0.000000E+0	5.486456E-9	-5.486456E-9	-1.723621E-14	3.237295E+2
5.000000E-2	5.767635E-5	5.767635E-5	1.811956E-10	3.248447E+2
1.000000E-1	1.326308E-4	1.326308E-4	4.166719E-10	3.252129E+2
1.500000E-1	2.300091E-4	2.300091E-4	7.225950E-10	3.255811E+2
2.000000E-1	4.234792E-4	4.234792E-4	1.330399E-9	3.266953E+2
2.500000E-1	6.096271E-4	6.096271E-4	1.915200E-9	3.270635E+2
3.000000E-1	8.142300E-4	8.142300E-4	2.557979E-9	3.274316E+2
3.500000E-1	1.079814E-3	1.079814E-3	3.392337E-9	3.277988E+2
4.000000E-1	1.419930E-3	1.419930E-3	4.460840E-9	3.281670E+2
4.500000E-1	1.740796E-3	1.740796E-3	5.468872E-9	3.285342E+2
5.000000E-1	2.038898E-3	2.038898E-3	6.405386E-9	3.289023E+2
5.000000E-1	2.115376E-3	2.115376E-3	6.645650E-9	3.292705E+2
4.500000E-1	1.627661E-3	1.627661E-3	5.113447E-9	3.296377E+2
4.000000E-1	1.387000E-3	1.387000E-3	4.357389E-9	3.300059E+2
3.500000E-1	1.103698E-3	1.103698E-3	3.467369E-9	3.303730E+2
3.000000E-1	8.139374E-4	8.139374E-4	2.557060E-9	3.307412E+2
2.500000E-1	5.896703E-4	5.896703E-4	1.852504E-9	3.311094E+2
2.000000E-1	3.914343E-4	3.914343E-4	1.229727E-9	3.314766E+2
1.500000E-1	2.400154E-4	2.400154E-4	7.540307E-10	3.322178E+2
1.000000E-1	1.216344E-4	1.216344E-4	3.821257E-10	3.325859E+2
5.000000E-2	5.705014E-5	5.705014E-5	1.792283E-10	3.329551E+2
0.000000E+0	3.916501E-8	3.916501E-8	1.230405E-13	3.341299E+2
-5.000000E-2	6.044466E-5	-6.044466E-5	-1.898925E-10	3.352451E+2
-1.000000E-1	1.389482E-4	-1.389482E-4	-4.365188E-10	3.356133E+2
-1.500000E-1	2.487931E-4	-2.487931E-4	-7.816066E-10	3.359814E+2
-2.000000E-1	3.586229E-4	-3.586229E-4	-1.126647E-9	3.370967E+2
-2.500000E-1	5.415199E-4	-5.415199E-4	-1.701235E-9	3.374639E+2
-3.000000E-1	7.274278E-4	-7.274278E-4	-2.285282E-9	3.378320E+2
-3.500000E-1	9.847071E-4	-9.847071E-4	-3.093549E-9	3.382002E+2
-4.000000E-1	1.260108E-3	-1.260108E-3	-3.958745E-9	3.385674E+2
-4.500000E-1	1.522692E-3	-1.522692E-3	-4.783677E-9	3.389355E+2
-5.000000E-1	1.872569E-3	-1.872569E-3	-5.882849E-9	3.393027E+2
-5.000000E-1	1.826366E-3	-1.826366E-3	-5.737699E-9	3.396709E+2
-4.500000E-1	1.559123E-3	-1.559123E-3	-4.898129E-9	3.400391E+2
-4.000000E-1	1.232864E-3	-1.232864E-3	-3.873155E-9	3.404063E+2
-3.500000E-1	9.523590E-4	-9.523590E-4	-2.991924E-9	3.407744E+2
-3.000000E-1	7.136365E-4	-7.136365E-4	-2.241955E-9	3.411416E+2
-2.500000E-1	5.202737E-4	-5.202737E-4	-1.634488E-9	3.415098E+2
-2.000000E-1	3.623337E-4	-3.623337E-4	-1.138305E-9	3.418779E+2
-1.500000E-1	2.281970E-4	-2.281970E-4	-7.169021E-10	3.426191E+2
-1.000000E-1	1.320328E-4	-1.320328E-4	-4.147932E-10	3.429873E+2
-5.000000E-2	5.592326E-5	-5.592326E-5	-1.756881E-10	3.433555E+2
0.000000E+0	2.695078E-8	2.695078E-8	8.466838E-14	3.445303E+2
0.000000E+0	1.414022E-8	1.414022E-8	4.442280E-14	3.452344E+2
5.000000E-2	7.459631E-5	7.459631E-5	2.343512E-10	3.463486E+2
1.000000E-1	1.677034E-4	1.677034E-4	5.268559E-10	3.467178E+2
1.500000E-1	2.832733E-4	2.832733E-4	8.899292E-10	3.470859E+2
2.000000E-1	4.574906E-4	4.574906E-4	1.437249E-9	3.482002E+2
2.500000E-1	6.686682E-4	6.686682E-4	2.100683E-9	3.485684E+2
3.000000E-1	8.859653E-4	8.859653E-4	2.783342E-9	3.489365E+2
3.500000E-1	1.193973E-3	1.193973E-3	3.750976E-9	3.493037E+2
4.000000E-1	1.482024E-3	1.482024E-3	4.655917E-9	3.496719E+2
4.500000E-1	1.905426E-3	1.905426E-3	5.986073E-9	3.500391E+2
5.000000E-1	2.169065E-3	2.169065E-3	6.814319E-9	3.504072E+2
5.000000E-1	2.127288E-3	2.127288E-3	6.683071E-9	3.507754E+2
4.500000E-1	1.761433E-3	1.761433E-3	5.533705E-9	3.511426E+2
4.000000E-1	1.487892E-3	1.487892E-3	4.674350E-9	3.515107E+2
3.500000E-1	1.318873E-3	1.318873E-3	4.143361E-9	3.518779E+2
3.000000E-1	8.761989E-4	8.761989E-4	2.752660E-9	3.522461E+2
2.500000E-1	6.226969E-4	6.226969E-4	1.956260E-9	3.526143E+2
2.000000E-1	3.865332E-4	3.865332E-4	1.214330E-9	3.529814E+2
1.500000E-1	2.920173E-4	2.920173E-4	9.173993E-10	3.537227E+2
1.000000E-1	1.567074E-4	1.567074E-4	4.923109E-10	3.540908E+2
5.000000E-2	7.283462E-5	7.283462E-5	2.288167E-10	3.544590E+2
0.000000E+0	3.075862E-8	3.075862E-8	9.663104E-14	3.556338E+2
-5.000000E-2	6.961440E-5	-6.961440E-5	-2.187001E-10	3.567500E+2
-1.000000E-1	1.604272E-4	-1.604272E-4	-5.039970E-10	3.571182E+2
-1.500000E-1	2.731793E-4	-2.731793E-4	-8.582182E-10	3.574863E+2
-2.000000E-1	4.353206E-4	-4.353206E-4	-1.367600E-9	3.586016E+2
-2.500000E-1	6.044052E-4	-6.044052E-4	-1.898795E-9	3.589688E+2
-3.000000E-1	8.006993E-4	-8.006993E-4	-2.515471E-9	3.593369E+2
-3.500000E-1	1.057680E-3	-1.057680E-3	-3.322801E-9	3.597051E+2
-4.000000E-1	1.471733E-3	-1.471733E-3	-4.623584E-9	3.600723E+2
-4.500000E-1	1.851337E-3	-1.851337E-3	-5.816147E-9	3.604404E+2
-5.000000E-1	2.218169E-3	-2.218169E-3	-6.968583E-9	3.608076E+2
-5.000000E-1	2.201021E-3	-2.201021E-3	-6.914711E-9	3.611758E+2
-4.500000E-1	1.827803E-3	-1.827803E-3	-5.742211E-9	3.615439E+2
-4.000000E-1	1.470553E-3	-1.470553E-3	-4.619879E-9	3.619111E+2
-3.500000E-1	1.184669E-3	-1.184669E-3	-3.721746E-9	3.622793E+2
-3.000000E-1	8.758249E-4	-8.758249E-4	-2.751485E-9	3.626465E+2
-2.500000E-1	6.314001E-4	-6.314001E-4	-1.983602E-9	3.630146E+2
-2.000000E-1	4.442861E-4	-4.442861E-4	-1.395766E-9	3.633828E+2
-1.500000E-1	2.765935E-4	-2.765935E-4	-8.689440E-10	3.641230E+2
-1.000000E-1	1.608393E-4	-1.608393E-4	-5.052915E-10	3.644922E+2
-5.000000E-2	7.126532E-5	-7.126532E-5	-2.238866E-10	3.648604E+2
0.000000E+0	1.002758E-8	1.002758E-8	3.150258E-14	3.660352E+2
0.000000E+0	2.100933E-8	-2.100933E-8	-6.600276E-14	3.667393E+2
5.000000E-2	7.319221E-5	7.319221E-5	2.299401E-10	3.678535E+2
1.000000E-1	1.715161E-4	1.715161E-4	5.388336E-10	3.682227E+2
1.500000E-1	2.972281E-4	2.972281E-4	9.337695E-10	3.685908E+2
2.000000E-1	4.814647E-4	4.814647E-4	1.512566E-9	3.697051E+2
2.500000E-1	6.357257E-4	6.357257E-4	1.997191E-9	3.700732E+2
3.000000E-1	8.210367E-4	8.210367E-4	2.579363E-9	3.704414E+2
3.500000E-1	1.094990E-3	1.094990E-3	3.440012E-9	3.708086E+2
4.000000E-1	1.446732E-3	1.446732E-3	4.545043E-9	3.711768E+2
4.500000E-1	1.883182E-3	1.883182E-3	5.916192E-9	3.715439E+2
5.000000E-1	2.205727E-3	2.205727E-3	6.929496E-9	3.719121E+2
5.000000E-1	2.008701E-3	2.008701E-3	6.310521E-9	3.722803E+2
4.500000E-1	1.718655E-3	1.718655E-3	5.399313E-9	3.726475E+2
4.000000E-1	1.440686E-3	1.440686E-3	4.526049E-9	3.730156E+2
3.500000E-1	1.163455E-3	1.163455E-3	3.655101E-9	3.733828E+2
3.000000E-1	8.621013E-4	8.621013E-4	2.708371E-9	3.737510E+2
2.500000E-1	6.367010E-4	6.367010E-4	2.000255E-9	3.741191E+2
2.000000E-1	4.619358E-4	4.619358E-4	1.451214E-9	3.744863E+2
1.500000E-1	2.835194E-4	2.835194E-4	8.907025E-10	3.752275E+2
1.000000E-1	1.705666E-4	1.705666E-4	5.358509E-10	3.755957E+2
5.000000E-2	7.494383E-5	7.494383E-5	2.354430E-10	3.759639E+2
0.000000E+0	5.131738E-8	5.131738E-8	1.612183E-13	3.771387E+2
-5.000000E-2	7.129326E-5	-7.129326E-5	-2.239744E-10	3.782549E+2
-1.000000E-1	1.599140E-4	-1.599140E-4	-5.023848E-10	3.786230E+2
-1.500000E-1	2.716389E-4	-2.716389E-4	-8.533787E-10	3.789912E+2
-2.000000E-1	4.372798E-4	-4.372798E-4	-1.373755E-9	3.801064E+2
-2.500000E-1	6.338963E-4	-6.338963E-4	-1.991444E-9	3.804736E+2
-3.000000E-1	8.233754E-4	-8.233754E-4	-2.586710E-9	3.808418E+2
-3.500000E-1	1.094411E-3	-1.094411E-3	-3.438193E-9	3.812100E+2
-4.000000E-1	1.433789E-3	-1.433789E-3	-4.504382E-9	3.815771E+2
-4.500000E-1	1.698988E-3	-1.698988E-3	-5.337529E-9	3.819453E+2
-5.000000E-1	2.075393E-3	-2.075393E-3	-6.520039E-9	3.823125E+2
-5.000000E-1	1.970519E-3	-1.970519E-3	-6.190569E-9	3.826807E+2
-4.500000E-1	1.706303E-3	-1.706303E-3	-5.360509E-9	3.830488E+2
-4.000000E-1	1.376625E-3	-1.376625E-3	-4.324794E-9	3.834160E+2
-3.500000E-1	1.013932E-3	-1.013932E-3	-3.185360E-9	3.837842E+2
-3.000000E-1	7.766822E-4	-7.766822E-4	-2.440019E-9	3.841514E+2
-2.500000E-1	5.683681E-4	-5.683681E-4	-1.785581E-9	3.845195E+2
-2.000000E-1	4.073927E-4	-4.073927E-4	-1.279862E-9	3.848877E+2
-1.500000E-1	2.825116E-4	-2.825116E-4	-8.875363E-10	3.856279E+2
-1.000000E-1	1.758912E-4	-1.758912E-4	-5.525786E-10	3.859971E+2
-5.000000E-2	7.722309E-5	-7.722309E-5	-2.426035E-10	3.863652E+2
0.000000E+0	4.042838E-8	-4.042838E-8	-1.270095E-13	3.875400E+2
0.000000E+0	2.499828E-8	2.499828E-8	7.853440E-14	3.882432E+2
5.000000E-2	7.675470E-5	7.675470E-5	2.411320E-10	3.893584E+2
1.000000E-1	1.714937E-4	1.714937E-4	5.387633E-10	3.897266E+2
1.500000E-1	2.722938E-4	2.722938E-4	8.554363E-10	3.900957E+2
2.000000E-1	4.235291E-4	4.235291E-4	1.330556E-9	3.912100E+2
2.500000E-1	5.575010E-4	5.575010E-4	1.751441E-9	3.915781E+2
3.000000E-1	7.769200E-4	7.769200E-4	2.440766E-9	3.919453E+2
3.500000E-1	9.845659E-4	9.845659E-4	3.093105E-9	3.923135E+2
4.000000E-1	1.144816E-3	1.144816E-3	3.596546E-9	3.926807E+2
4.500000E-1	1.329984E-3	1.329984E-3	4.178267E-9	3.930488E+2
5.000000E-1	1.625099E-3	1.625099E-3	5.105398E-9	3.934170E+2
5.000000E-1	1.610901E-3	1.610901E-3	5.060794E-9	3.937842E+2
4.500000E-1	1.317357E-3	1.317357E-3	4.138599E-9	3.941523E+2
4.000000E-1	1.062357E-3	1.062357E-3	3.337492E-9	3.945195E+2
3.500000E-1	8.635706E-4	8.635706E-4	2.712987E-9	3.948877E+2
3.000000E-1	6.379191E-4	6.379191E-4	2.004082E-9	3.952559E+2
2.500000E-1	4.459642E-4	4.459642E-4	1.401038E-9	3.956230E+2
2.000000E-1	3.209079E-4	3.209079E-4	1.008162E-9	3.963643E+2
1.500000E-1	1.984256E-4	1.984256E-4	6.233725E-10	3.967324E+2
1.000000E-1	1.395464E-4	1.395464E-4	4.383978E-10	3.971006E+2
5.000000E-2	5.315463E-5	5.315463E-5	1.669902E-10	3.974697E+2
0.000000E+0	4.909539E-8	4.909539E-8	1.542377E-13	3.986445E+2
-5.000000E-2	7.088223E-5	-7.088223E-5	-2.226831E-10	3.997598E+2
-1.000000E-1	1.659934E-4	-1.659934E-4	-5.214835E-10	4.001279E+2
-1.500000E-1	2.944563E-4	-2.944563E-4	-9.250618E-10	4.004971E+2
-2.000000E-1	4.379024E-4	-4.379024E-4	-1.375711E-9	4.016113E+2
-2.500000E-1	6.399534E-4	-6.399534E-4	-2.010473E-9	4.019795E+2
-3.000000E-1	8.416508E-4	-8.416508E-4	-2.644124E-9	4.023467E+2
-3.500000E-1	1.046947E-3	-1.046947E-3	-3.289082E-9	4.027148E+2
-4.000000E-1	1.281916E-3	-1.281916E-3	-4.027259E-9	4.030830E+2
-4.500000E-1	1.563984E-3	-1.563984E-3	-4.913402E-9	4.034502E+2
-5.000000E-1	1.852184E-3	-1.852184E-3	-5.818808E-9	4.038184E+2
-5.000000E-1	1.826323E-3	-1.826323E-3	-5.737564E-9	4.041855E+2
-4.500000E-1	1.562177E-3	-1.562177E-3	-4.907725E-9	4.045537E+2
-4.000000E-1	1.285742E-3	-1.285742E-3	-4.039278E-9	4.049219E+2
-3.500000E-1	1.024973E-3	-1.024973E-3	-3.220047E-9	4.052891E+2
-3.000000E-1	7.865071E-4	-7.865071E-4	-2.470885E-9	4.056572E+2
-2.500000E-1	5.752805E-4	-5.752805E-4	-1.807297E-9	4.060244E+2
-2.000000E-1	4.122552E-4	-4.122552E-4	-1.295138E-9	4.063926E+2
-1.500000E-1	2.557977E-4	-2.557977E-4	-8.036121E-10	4.071338E+2
-1.000000E-1	1.546281E-4	-1.546281E-4	-4.857785E-10	4.075020E+2
-5.000000E-2	7.038255E-5	-7.038255E-5	-2.211133E-10	4.078701E+2
0.000000E+0	4.219535E-8	4.219535E-8	1.325606E-13	4.090449E+2
0.000000E+0	1.312421E-8	-1.312421E-8	-4.123091E-14	4.097490E+2
5.000000E-2	8.361733E-5	8.361733E-5	2.626916E-10	4.108643E+2
1.000000E-1	1.925384E-4	1.925384E-4	6.048772E-10	4.112324E+2
1.500000E-1	3.299852E-4	3.299852E-4	1.036679E-9	4.116006E+2
2.000000E-1	5.364028E-4	5.364028E-4	1.685159E-9	4.127158E+2
2.500000E-1	7.926995E-4	7.926995E-4	2.490339E-9	4.130830E+2
3.000000E-1	1.096647E-3	1.096647E-3	3.445219E-9	4.134512E+2
3.500000E-1	1.374328E-3	1.374328E-3	4.317579E-9	4.138184E+2
4.000000E-1	1.739118E-3	1.739118E-3	5.463600E-9	4.141865E+2
4.500000E-1	2.110023E-3	2.110023E-3	6.628833E-9	4.145547E+2
5.000000E-1	2.559625E-3	2.559625E-3	8.041299E-9	4.149219E+2
5.000000E-1	2.607740E-3	2.607740E-3	8.192456E-9	4.152900E+2
4.500000E-1	2.137208E-3	2.137208E-3	6.714237E-9	4.156572E+2
4.000000E-1	1.761403E-3	1.761403E-3	5.533612E-9	4.160254E+2
3.500000E-1	1.384994E-3	1.384994E-3	4.351086E-9	4.163936E+2
3.000000E-1	9.724829E-4	9.724829E-4	3.055145E-9	4.167607E+2
2.500000E-1	7.073126E-4	7.073126E-4	2.222088E-9	4.171289E+2
2.000000E-1	4.998694E-4	4.998694E-4	1.570386E-9	4.174961E+2
1.500000E-1	3.282501E-4	3.282501E-4	1.031228E-9	4.178643E+2
1.000000E-1	1.767591E-4	1.767591E-4	5.553051E-10	4.186055E+2
5.000000E-2	7.760408E-5	7.760408E-5	2.438004E-10	4.189736E+2
0.000000E+0	5.713513E-8	5.713513E-8	1.794953E-13	4.201484E+2
-5.000000E-2	7.641252E-5	-7.641252E-5	-2.400570E-10	4.212637E+2
-1.000000E-1	1.697332E-4	-1.697332E-4	-5.332327E-10	4.216328E+2
-1.500000E-1	2.796950E-4	-2.796950E-4	-8.786876E-10	4.220010E+2
-2.000000E-1	4.687390E-4	-4.687390E-4	-1.472587E-9	4.231152E+2
-2.500000E-1	6.311744E-4	-6.311744E-4	-1.982893E-9	4.234834E+2
-3.000000E-1	7.908517E-4	-7.908517E-4	-2.484534E-9	4.238516E+2
-3.500000E-1	1.042122E-3	-1.042122E-3	-3.273924E-9	4.242188E+2
-4.000000E-1	1.324120E-3	-1.324120E-3	-4.159847E-9	4.245869E+2
-4.500000E-1	1.580988E-3	-1.580988E-3	-4.966821E-9	4.249541E+2
-5.000000E-1	1.811494E-3	-1.811494E-3	-5.690977E-9	4.253223E+2
-5.000000E-1	1.846094E-3	-1.846094E-3	-5.799676E-9	4.256904E+2
-4.500000E-1	1.523915E-3	-1.523915E-3	-4.787519E-9	4.260576E+2
-4.000000E-1	1.218887E-3	-1.218887E-3	-3.829245E-9	4.264258E+2
-3.500000E-1	9.270848E-4	-9.270848E-4	-2.912523E-9	4.267939E+2
-3.000000E-1	7.048298E-4	-7.048298E-4	-2.214288E-9	4.271611E+2
-2.500000E-1	5.025235E-4	-5.025235E-4	-1.578724E-9	4.275293E+2
-2.000000E-1	3.685029E-4	-3.685029E-4	-1.157686E-9	4.278965E+2
-1.500000E-1	2.520988E-4	-2.520988E-4	-7.919918E-10	4.286377E+2
-1.000000E-1	1.454485E-4	-1.454485E-4	-4.569398E-10	4.290059E+2
-5.000000E-2	6.566198E-5	-6.566198E-5	-2.062832E-10	4.293750E+2
0.000000E+0	4.056532E-8	4.056532E-8	1.274397E-13	4.305498E+2
