Date: September 15, 2011
Month: September
File Name: 3 2-6
Season: Fall
Time: 4:12 PM
Electrode: Au
Carbon Number: 16
Time of Day: Afternoon
Junction Diameter: 0.500000
Date: September 15, 2011
Month: September
File Name: 3 2-6
Season: Fall
Time: 4:12 PM
Electrode: Au
Carbon Number: 16
Time of Day: Afternoon
Junction Diameter: 0.500000
Log Abs Std Density: 1.6237363939130809
Mean Log Abs Current Density: -11.671364743129942
Skewness Log Abs Current Density: -2.267990092045559
Kurtosis Log Abs Current Density: 6.254164620942571
Voltage: [0.0, 0.05, 0.1, 0.15, 0.2, 0.25, 0.3, 0.35, 0.4, 0.45, 0.5, 0.5, 0.45, 0.4, 0.35, 0.3, 0.25, 0.2, 0.15, 0.1, 0.05, 0.0, -0.05, -0.1, -0.15, -0.2, -0.25, -0.3, -0.35, -0.4, -0.45, -0.5, -0.5, -0.45, -0.4, -0.35, -0.3, -0.25, -0.2, -0.15, -0.1, -0.05, 0.0, 0.0, 0.05, 0.1, 0.15, 0.2, 0.25, 0.3, 0.35, 0.4, 0.45, 0.5, 0.5, 0.45, 0.4, 0.35, 0.3, 0.25, 0.2, 0.15, 0.1, 0.05, 0.0, -0.05, -0.1, -0.15, -0.2, -0.25, -0.3, -0.35, -0.4, -0.45, -0.5, -0.5, -0.45, -0.4, -0.35, -0.3, -0.25, -0.2, -0.15, -0.1, -0.05, 0.0, 0.0, 0.05, 0.1, 0.15, 0.2, 0.25, 0.3, 0.35, 0.4, 0.45, 0.5, 0.5, 0.45, 0.4, 0.35, 0.3, 0.25, 0.2, 0.15, 0.1, 0.05, 0.0, -0.05, -0.1, -0.15, -0.2, -0.25, -0.3, -0.35, -0.4, -0.45, -0.5, -0.5, -0.45, -0.4, -0.35, -0.3, -0.25, -0.2, -0.15, -0.1, -0.05, 0.0, 0.0, 0.05, 0.1, 0.15, 0.2, 0.25, 0.3, 0.35, 0.4, 0.45, 0.5, 0.5, 0.45, 0.4, 0.35, 0.3, 0.25, 0.2, 0.15, 0.1, 0.05, 0.0, -0.05, -0.1, -0.15, -0.2, -0.25, -0.3, -0.35, -0.4, -0.45, -0.5, -0.5, -0.45, -0.4, -0.35, -0.3, -0.25, -0.2, -0.15, -0.1, -0.05, 0.0, 0.0, 0.05, 0.1, 0.15, 0.2, 0.25, 0.3, 0.35, 0.4, 0.45, 0.5, 0.5, 0.45, 0.4, 0.35, 0.3, 0.25, 0.2, 0.15, 0.1, 0.05, 0.0, -0.05, -0.1, -0.15, -0.2, -0.25, -0.3, -0.35, -0.4, -0.45, -0.5, -0.5, -0.45, -0.4, -0.35, -0.3, -0.25, -0.2, -0.15, -0.1, -0.05, 0.0]
Abs Current Density: [3.361222e-09, 4.311956e-06, 9.604135e-06, 1.71146e-05, 2.011019e-05, 2.657842e-05, 2.696553e-05, 2.770224e-05, 4.872479e-05, 6.032373e-05, 6.395287e-05, 6.915129e-05, 6.287908e-05, 5.519465e-05, 4.650871e-05, 3.530539e-05, 2.612437e-05, 1.73497e-05, 1.032196e-05, 7.282773e-06, 3.416357e-06, 5.703287e-08, 2.994735e-06, 5.894854e-06, 8.223523e-06, 1.110776e-05, 1.333003e-05, 1.480751e-05, 1.713605e-05, 1.741325e-05, 2.153366e-05, 2.478354e-05, 2.638565e-05, 2.525181e-05, 1.963003e-05, 1.738373e-05, 1.373247e-05, 1.226655e-05, 9.426281e-06, 6.289977e-06, 4.18413e-06, 2.644983e-06, 6.683023e-08, 1.557034e-07, 2.79191e-06, 5.692792e-06, 8.504369e-06, 1.1049e-05, 1.507706e-05, 1.992316e-05, 2.508321e-05, 3.419721e-05, 4.031292e-05, 4.880203e-05, 4.713428e-05, 3.946235e-05, 3.160712e-05, 2.412652e-05, 1.776514e-05, 1.303929e-05, 1.016187e-05, 7.365842e-06, 4.508692e-06, 2.042809e-06, 3.37367e-09, 1.851767e-06, 3.583937e-06, 5.655164e-06, 7.68516e-06, 9.631793e-06, 1.126511e-05, 1.32297e-05, 1.568533e-05, 1.791418e-05, 1.969584e-05, 1.911026e-05, 1.718879e-05, 1.559438e-05, 1.436417e-05, 1.160487e-05, 9.372157e-06, 7.666959e-06, 5.449604e-06, 3.367759e-06, 1.769982e-06, 1.991212e-07, 1.964489e-07, 2.3419e-06, 4.890899e-06, 7.363501e-06, 1.123675e-05, 1.596472e-05, 1.993001e-05, 2.408126e-05, 2.619259e-05, 2.695004e-05, 2.780045e-05, 4.356404e-05, 3.773186e-05, 3.223664e-05, 2.54644e-05, 1.945052e-05, 1.429731e-05, 1.054925e-05, 7.511414e-06, 5.165549e-06, 2.488922e-06, 5.011539e-08, 2.206352e-06, 4.503531e-06, 6.479672e-06, 8.795442e-06, 9.847173e-06, 1.226632e-05, 1.391948e-05, 1.559919e-05, 1.6263e-05, 2.06787e-05, 2.121847e-05, 1.734678e-05, 1.39435e-05, 1.167281e-05, 1.047184e-05, 9.11109e-06, 7.729806e-06, 5.854941e-06, 3.389333e-06, 1.374329e-06, 1.242407e-07, 9.029238e-08, 2.246541e-06, 4.701909e-06, 7.388881e-06, 1.054095e-05, 1.458566e-05, 1.876806e-05, 2.421604e-05, 2.63258e-05, 3.766166e-05, 4.687718e-05, 4.490148e-05, 3.830923e-05, 3.597991e-05, 2.638206e-05, 2.421651e-05, 1.618532e-05, 1.16354e-05, 8.610755e-06, 5.909069e-06, 3.063159e-06, 3.872043e-08, 3.178845e-06, 5.879521e-06, 7.720064e-06, 1.051208e-05, 1.388849e-05, 1.382716e-05, 1.922572e-05, 2.136637e-05, 2.068559e-05, 1.974254e-05, 1.858455e-05, 1.716147e-05, 1.420044e-05, 1.250519e-05, 1.101288e-05, 9.877403e-06, 7.836434e-06, 5.470502e-06, 3.403045e-06, 1.949596e-06, 1.464248e-07, 1.165099e-07, 2.651627e-06, 5.509347e-06, 8.536417e-06, 1.09605e-05, 1.603304e-05, 1.838372e-05, 2.271814e-05, 2.64989e-05, 4.717868e-05, 5.545318e-05, 5.223564e-05, 4.632452e-05, 3.482482e-05, 2.59149e-05, 2.043256e-05, 1.515641e-05, 1.126109e-05, 8.795116e-06, 5.465983e-06, 2.554508e-06, 4.558813e-08, 2.316853e-06, 4.622282e-06, 6.221649e-06, 8.485824e-06, 1.08539e-05, 1.321982e-05, 1.535988e-05, 1.583266e-05, 1.897822e-05, 2.049978e-05, 2.434465e-05, 2.063999e-05, 1.459728e-05, 1.25394e-05, 1.145553e-05, 1.030689e-05, 8.430887e-06, 5.8835e-06, 3.634805e-06, 1.592754e-06, 1.262657e-07]
