voltage_7_2_20	absJ_7_2_20	J_7_2_20	current_7_2_20	time_7_2_20	
0.000000E+0	1.126756E-7	1.126756E-7	6.699086E-13	0.000000E+0
5.000000E-2	5.054508E-7	-5.054508E-7	-3.005138E-12	7.031250E-1
1.000000E-1	9.448254E-7	9.448254E-7	5.617423E-12	1.406250E+0
1.500000E-1	1.101391E-6	1.101391E-6	6.548276E-12	2.109375E+0
2.000000E-1	1.852103E-6	1.852103E-6	1.101161E-11	2.812500E+0
2.500000E-1	2.524853E-6	2.524853E-6	1.501142E-11	3.515625E+0
3.000000E-1	3.557467E-6	3.557467E-6	2.115078E-11	4.218750E+0
3.500000E-1	4.019229E-6	4.019229E-6	2.389617E-11	4.921875E+0
4.000000E-1	5.079017E-6	5.079017E-6	3.019710E-11	5.625000E+0
4.500000E-1	6.589292E-6	6.589292E-6	3.917638E-11	6.328125E+0
5.000000E-1	8.021893E-6	8.021893E-6	4.769386E-11	7.031250E+0
5.000000E-1	7.846689E-6	7.846689E-6	4.665219E-11	7.734375E+0
4.500000E-1	6.439145E-6	6.439145E-6	3.828369E-11	8.437500E+0
4.000000E-1	5.947449E-6	5.947449E-6	3.536033E-11	9.140625E+0
3.500000E-1	4.457533E-6	4.457533E-6	2.650209E-11	9.843750E+0
3.000000E-1	3.115920E-6	3.115920E-6	1.852558E-11	1.054688E+1
2.500000E-1	2.180408E-6	2.180408E-6	1.296353E-11	1.125000E+1
2.000000E-1	1.457293E-6	1.457293E-6	8.664278E-12	1.195313E+1
1.500000E-1	1.090740E-6	1.090740E-6	6.484951E-12	1.265625E+1
1.000000E-1	6.328831E-7	6.328831E-7	3.762782E-12	1.335938E+1
5.000000E-2	3.311667E-7	3.311667E-7	1.968939E-12	1.406250E+1
0.000000E+0	1.205838E-8	-1.205838E-8	-7.169265E-14	1.476563E+1
-5.000000E-2	2.590988E-7	-2.590988E-7	-1.540462E-12	1.546973E+1
-1.000000E-1	5.371886E-7	-5.371886E-7	-3.193834E-12	1.617285E+1
-1.500000E-1	8.549780E-7	-8.549780E-7	-5.083239E-12	1.687598E+1
-2.000000E-1	1.310228E-6	-1.310228E-6	-7.789908E-12	1.757910E+1
-2.500000E-1	1.843488E-6	-1.843488E-6	-1.096039E-11	1.828223E+1
-3.000000E-1	2.252590E-6	-2.252590E-6	-1.339269E-11	1.898535E+1
-3.500000E-1	2.676901E-6	-2.676901E-6	-1.591541E-11	1.968848E+1
-4.000000E-1	2.743450E-6	-2.743450E-6	-1.631108E-11	2.039160E+1
-4.500000E-1	3.048710E-6	-3.048710E-6	-1.812599E-11	2.109473E+1
-5.000000E-1	3.695644E-6	-3.695644E-6	-2.197231E-11	2.179785E+1
-5.000000E-1	3.638910E-6	-3.638910E-6	-2.163500E-11	2.250098E+1
-4.500000E-1	3.146255E-6	-3.146255E-6	-1.870594E-11	2.320410E+1
-4.000000E-1	2.559194E-6	-2.559194E-6	-1.521559E-11	2.390723E+1
-3.500000E-1	2.015965E-6	-2.015965E-6	-1.198584E-11	2.461035E+1
-3.000000E-1	1.716508E-6	-1.716508E-6	-1.020543E-11	2.531348E+1
-2.500000E-1	1.240209E-6	-1.240209E-6	-7.373616E-12	2.601660E+1
-2.000000E-1	8.737239E-7	-8.737239E-7	-5.194692E-12	2.671973E+1
-1.500000E-1	6.135046E-7	-6.135046E-7	-3.647568E-12	2.742285E+1
-1.000000E-1	2.778960E-7	-2.778960E-7	-1.652220E-12	2.812598E+1
-5.000000E-2	1.539113E-7	-1.539113E-7	-9.150736E-13	2.882910E+1
0.000000E+0	4.365153E-8	4.365153E-8	2.595285E-13	2.953223E+1
0.000000E+0	5.611139E-8	5.611139E-8	3.336081E-13	3.023633E+1
5.000000E-2	3.153760E-7	3.153760E-7	1.875056E-12	3.093848E+1
1.000000E-1	7.278375E-7	7.278375E-7	4.327330E-12	3.164258E+1
1.500000E-1	1.072370E-6	1.072370E-6	6.375733E-12	3.234570E+1
2.000000E-1	1.233473E-6	1.233473E-6	7.333564E-12	3.304883E+1
2.500000E-1	1.809296E-6	1.809296E-6	1.075710E-11	3.375098E+1
3.000000E-1	2.412119E-6	2.412119E-6	1.434116E-11	3.445508E+1
3.500000E-1	3.412714E-6	3.412714E-6	2.029016E-11	3.515820E+1
4.000000E-1	4.978557E-6	4.978557E-6	2.959982E-11	3.586133E+1
4.500000E-1	8.308024E-6	8.308024E-6	4.939504E-11	3.656445E+1
5.000000E-1	8.131667E-6	8.131667E-6	4.834651E-11	3.726758E+1
5.000000E-1	9.223620E-6	9.223620E-6	5.483868E-11	3.797070E+1
4.500000E-1	6.653341E-6	6.653341E-6	3.955718E-11	3.867383E+1
4.000000E-1	4.566153E-6	4.566153E-6	2.714789E-11	3.937695E+1
3.500000E-1	3.307609E-6	3.307609E-6	1.966526E-11	4.008008E+1
3.000000E-1	2.110930E-6	2.110930E-6	1.255045E-11	4.078320E+1
2.500000E-1	1.613195E-6	1.613195E-6	9.591189E-12	4.148633E+1
2.000000E-1	1.429180E-6	1.429180E-6	8.497134E-12	4.218945E+1
1.500000E-1	8.421797E-7	8.421797E-7	5.007147E-12	4.289258E+1
1.000000E-1	5.282231E-7	5.282231E-7	3.140530E-12	4.359570E+1
5.000000E-2	1.844891E-7	1.844891E-7	1.096873E-12	4.429883E+1
0.000000E+0	2.445522E-8	-2.445522E-8	-1.453976E-13	4.500195E+1
-5.000000E-2	2.827464E-7	-2.827464E-7	-1.681058E-12	4.570508E+1
-1.000000E-1	4.162710E-7	-4.162710E-7	-2.474923E-12	4.640820E+1
-1.500000E-1	8.064015E-7	-8.064015E-7	-4.794429E-12	4.711133E+1
-2.000000E-1	1.066280E-6	-1.066280E-6	-6.339526E-12	4.781445E+1
-2.500000E-1	1.371441E-6	-1.371441E-6	-8.153853E-12	4.851855E+1
-3.000000E-1	1.688885E-6	-1.688885E-6	-1.004120E-11	4.922070E+1
-3.500000E-1	2.110580E-6	-2.110580E-6	-1.254837E-11	4.992480E+1
-4.000000E-1	2.845793E-6	-2.845793E-6	-1.691955E-11	5.062793E+1
-4.500000E-1	3.602161E-6	-3.602161E-6	-2.141651E-11	5.133105E+1
-5.000000E-1	4.295497E-6	-4.295497E-6	-2.553871E-11	5.203418E+1
-5.000000E-1	4.226878E-6	-4.226878E-6	-2.513074E-11	5.273730E+1
-4.500000E-1	3.077418E-6	-3.077418E-6	-1.829667E-11	5.344043E+1
-4.000000E-1	2.343722E-6	-2.343722E-6	-1.393451E-11	5.414355E+1
-3.500000E-1	2.273719E-6	-2.273719E-6	-1.351831E-11	5.484668E+1
-3.000000E-1	1.722314E-6	-1.722314E-6	-1.023995E-11	5.554980E+1
-2.500000E-1	1.302221E-6	-1.302221E-6	-7.742307E-12	5.625293E+1
-2.000000E-1	9.394335E-7	-9.394335E-7	-5.585366E-12	5.695605E+1
-1.500000E-1	5.821170E-7	-5.821170E-7	-3.460954E-12	5.765918E+1
-1.000000E-1	4.302785E-7	-4.302785E-7	-2.558204E-12	5.836230E+1
-5.000000E-2	1.722066E-7	-1.722066E-7	-1.023848E-12	5.906543E+1
0.000000E+0	5.103922E-8	5.103922E-8	3.034517E-13	5.976855E+1
0.000000E+0	3.364257E-8	3.364257E-8	2.000206E-13	6.047266E+1
5.000000E-2	3.862393E-7	3.862393E-7	2.296371E-12	6.117578E+1
1.000000E-1	7.568001E-7	7.568001E-7	4.499526E-12	6.187891E+1
1.500000E-1	1.348258E-6	1.348258E-6	8.016018E-12	6.258203E+1
2.000000E-1	2.346578E-6	2.346578E-6	1.395149E-11	6.328516E+1
2.500000E-1	3.746831E-6	3.746831E-6	2.227664E-11	6.398828E+1
3.000000E-1	5.649257E-6	5.649257E-6	3.358744E-11	6.469141E+1
3.500000E-1	7.139573E-6	7.139573E-6	4.244806E-11	6.539453E+1
4.000000E-1	6.616983E-6	6.616983E-6	3.934102E-11	6.609766E+1
4.500000E-1	5.467595E-6	5.467595E-6	3.250738E-11	6.680078E+1
5.000000E-1	7.877541E-6	7.877541E-6	4.683562E-11	6.750391E+1
5.000000E-1	6.836204E-6	6.836204E-6	4.064439E-11	6.820703E+1
4.500000E-1	4.423525E-6	4.423525E-6	2.629990E-11	6.891016E+1
4.000000E-1	3.321766E-6	3.321766E-6	1.974943E-11	6.961328E+1
3.500000E-1	2.929578E-6	2.929578E-6	1.741769E-11	7.031641E+1
3.000000E-1	2.745168E-6	2.745168E-6	1.632129E-11	7.101953E+1
2.500000E-1	1.905013E-6	1.905013E-6	1.132618E-11	7.172266E+1
2.000000E-1	1.296927E-6	1.296927E-6	7.710832E-12	7.242578E+1
1.500000E-1	7.729434E-7	7.729434E-7	4.595505E-12	7.312891E+1
1.000000E-1	4.469000E-7	4.469000E-7	2.657027E-12	7.383203E+1
5.000000E-2	2.150178E-7	2.150178E-7	1.278380E-12	7.453516E+1
0.000000E+0	2.094462E-8	2.094462E-8	1.245254E-13	7.523828E+1
-5.000000E-2	2.516062E-7	-2.516062E-7	-1.495915E-12	7.594238E+1
-1.000000E-1	4.310044E-7	-4.310044E-7	-2.562520E-12	7.664551E+1
-1.500000E-1	6.625504E-7	-6.625504E-7	-3.939168E-12	7.734863E+1
-2.000000E-1	1.022680E-6	-1.022680E-6	-6.080303E-12	7.805176E+1
-2.500000E-1	1.188386E-6	-1.188386E-6	-7.065501E-12	7.875488E+1
-3.000000E-1	1.509609E-6	-1.509609E-6	-8.975320E-12	7.945801E+1
-3.500000E-1	1.958275E-6	-1.958275E-6	-1.164285E-11	8.016113E+1
-4.000000E-1	2.282935E-6	-2.282935E-6	-1.357310E-11	8.086426E+1
-4.500000E-1	2.868203E-6	-2.868203E-6	-1.705279E-11	8.156738E+1
-5.000000E-1	3.432543E-6	-3.432543E-6	-2.040805E-11	8.227051E+1
-5.000000E-1	3.901549E-6	-3.901549E-6	-2.319651E-11	8.297363E+1
-4.500000E-1	3.824290E-6	-3.824290E-6	-2.273717E-11	8.367676E+1
-4.000000E-1	2.740050E-6	-2.740050E-6	-1.629086E-11	8.437988E+1
-3.500000E-1	2.261365E-6	-2.261365E-6	-1.344486E-11	8.508301E+1
-3.000000E-1	1.619682E-6	-1.619682E-6	-9.629755E-12	8.578613E+1
-2.500000E-1	1.158622E-6	-1.158622E-6	-6.888545E-12	8.648926E+1
-2.000000E-1	1.033601E-6	-1.033601E-6	-6.145237E-12	8.719238E+1
-1.500000E-1	6.891322E-7	-6.891322E-7	-4.097209E-12	8.789551E+1
-1.000000E-1	3.907934E-7	-3.907934E-7	-2.323447E-12	8.859863E+1
-5.000000E-2	1.504170E-7	-1.504170E-7	-8.942985E-13	8.930176E+1
0.000000E+0	1.446983E-7	1.446983E-7	8.602979E-13	9.000488E+1
0.000000E+0	3.027667E-8	3.027667E-8	1.800088E-13	9.070898E+1
5.000000E-2	3.823809E-7	3.823809E-7	2.273431E-12	9.141211E+1
1.000000E-1	9.061083E-7	9.061083E-7	5.387232E-12	9.211523E+1
1.500000E-1	1.446875E-6	1.446875E-6	8.602341E-12	9.281836E+1
2.000000E-1	2.041835E-6	2.041835E-6	1.213965E-11	9.352148E+1
2.500000E-1	2.913777E-6	2.913777E-6	1.732375E-11	9.422461E+1
3.000000E-1	3.597938E-6	3.597938E-6	2.139140E-11	9.492773E+1
3.500000E-1	3.298963E-6	3.298963E-6	1.961386E-11	9.563086E+1
4.000000E-1	4.008390E-6	4.008390E-6	2.383173E-11	9.633398E+1
4.500000E-1	5.172892E-6	5.172892E-6	3.075523E-11	9.703711E+1
5.000000E-1	6.126256E-6	6.126256E-6	3.642342E-11	9.774023E+1
5.000000E-1	5.859765E-6	5.859765E-6	3.483901E-11	9.844336E+1
4.500000E-1	4.387658E-6	4.387658E-6	2.608665E-11	9.914648E+1
4.000000E-1	3.998162E-6	3.998162E-6	2.377092E-11	9.984961E+1
3.500000E-1	3.085348E-6	3.085348E-6	1.834382E-11	1.005527E+2
3.000000E-1	2.636584E-6	2.636584E-6	1.567571E-11	1.012559E+2
2.500000E-1	1.747626E-6	1.747626E-6	1.039044E-11	1.019590E+2
2.000000E-1	1.154318E-6	1.154318E-6	6.862955E-12	1.026621E+2
1.500000E-1	8.436526E-7	8.436526E-7	5.015904E-12	1.033652E+2
1.000000E-1	4.904443E-7	4.904443E-7	2.915918E-12	1.040684E+2
5.000000E-2	2.119600E-7	2.119600E-7	1.260200E-12	1.047715E+2
0.000000E+0	8.272340E-9	-8.272340E-9	-4.918288E-14	1.054746E+2
-5.000000E-2	2.388195E-7	-2.388195E-7	-1.419892E-12	1.061777E+2
-1.000000E-1	5.154853E-7	-5.154853E-7	-3.064798E-12	1.068809E+2
-1.500000E-1	8.081241E-7	-8.081241E-7	-4.804671E-12	1.075850E+2
-2.000000E-1	1.248397E-6	-1.248397E-6	-7.422299E-12	1.082881E+2
-2.500000E-1	1.590210E-6	-1.590210E-6	-9.454534E-12	1.089912E+2
-3.000000E-1	2.011346E-6	-2.011346E-6	-1.195838E-11	1.096943E+2
-3.500000E-1	2.207849E-6	-2.207849E-6	-1.312668E-11	1.103975E+2
-4.000000E-1	2.909873E-6	-2.909873E-6	-1.730054E-11	1.111006E+2
-4.500000E-1	3.395138E-6	-3.395138E-6	-2.018566E-11	1.118037E+2
-5.000000E-1	4.187345E-6	-4.187345E-6	-2.489570E-11	1.125068E+2
-5.000000E-1	4.085838E-6	-4.085838E-6	-2.429219E-11	1.132100E+2
-4.500000E-1	3.436894E-6	-3.436894E-6	-2.043392E-11	1.139131E+2
-4.000000E-1	2.587118E-6	-2.587118E-6	-1.538161E-11	1.146162E+2
-3.500000E-1	2.103877E-6	-2.103877E-6	-1.250852E-11	1.153193E+2
-3.000000E-1	1.915705E-6	-1.915705E-6	-1.138975E-11	1.160225E+2
-2.500000E-1	1.553242E-6	-1.553242E-6	-9.234738E-12	1.167256E+2
-2.000000E-1	1.168961E-6	-1.168961E-6	-6.950010E-12	1.174287E+2
-1.500000E-1	6.981678E-7	-6.981678E-7	-4.150930E-12	1.181318E+2
-1.000000E-1	4.081106E-7	-4.081106E-7	-2.426406E-12	1.188350E+2
-5.000000E-2	2.559174E-7	-2.559174E-7	-1.521547E-12	1.195381E+2
0.000000E+0	6.418766E-8	6.418766E-8	3.816253E-13	1.202412E+2
0.000000E+0	5.261712E-8	5.261712E-8	3.128331E-13	1.209453E+2
5.000000E-2	3.357697E-7	3.357697E-7	1.996306E-12	1.216484E+2
1.000000E-1	5.720917E-7	5.720917E-7	3.401349E-12	1.223516E+2
1.500000E-1	9.630833E-7	9.630833E-7	5.725975E-12	1.230547E+2
2.000000E-1	1.438759E-6	1.438759E-6	8.554088E-12	1.237578E+2
2.500000E-1	2.039078E-6	2.039078E-6	1.212326E-11	1.244609E+2
3.000000E-1	2.564301E-6	2.564301E-6	1.524595E-11	1.251641E+2
3.500000E-1	3.433128E-6	3.433128E-6	2.041153E-11	1.258672E+2
4.000000E-1	4.129923E-6	4.129923E-6	2.455430E-11	1.265703E+2
4.500000E-1	4.673331E-6	4.673331E-6	2.778511E-11	1.272734E+2
5.000000E-1	5.927622E-6	5.927622E-6	3.524245E-11	1.279766E+2
5.000000E-1	6.292314E-6	6.292314E-6	3.741071E-11	1.286797E+2
4.500000E-1	5.013406E-6	5.013406E-6	2.980701E-11	1.293828E+2
4.000000E-1	3.695156E-6	3.695156E-6	2.196941E-11	1.300859E+2
3.500000E-1	2.817800E-6	2.817800E-6	1.675312E-11	1.307891E+2
3.000000E-1	2.372897E-6	2.372897E-6	1.410797E-11	1.314922E+2
2.500000E-1	1.765954E-6	1.765954E-6	1.049941E-11	1.321953E+2
2.000000E-1	1.267874E-6	1.267874E-6	7.538095E-12	1.328984E+2
1.500000E-1	9.207040E-7	9.207040E-7	5.474010E-12	1.336016E+2
1.000000E-1	5.162953E-7	5.162953E-7	3.069614E-12	1.343047E+2
5.000000E-2	2.454018E-7	2.454018E-7	1.459027E-12	1.350078E+2
0.000000E+0	5.321935E-9	-5.321935E-9	-3.164136E-14	1.357109E+2
-5.000000E-2	2.301106E-7	-2.301106E-7	-1.368114E-12	1.364150E+2
-1.000000E-1	5.165522E-7	-5.165522E-7	-3.071141E-12	1.371182E+2
-1.500000E-1	7.973377E-7	-7.973377E-7	-4.740541E-12	1.378213E+2
-2.000000E-1	1.093529E-6	-1.093529E-6	-6.501535E-12	1.385244E+2
-2.500000E-1	1.308442E-6	-1.308442E-6	-7.779291E-12	1.392275E+2
-3.000000E-1	1.862518E-6	-1.862518E-6	-1.107353E-11	1.399307E+2
-3.500000E-1	2.309210E-6	-2.309210E-6	-1.372932E-11	1.406338E+2
-4.000000E-1	3.024315E-6	-3.024315E-6	-1.798095E-11	1.413369E+2
-4.500000E-1	3.336846E-6	-3.336846E-6	-1.983909E-11	1.420400E+2
-5.000000E-1	3.587730E-6	-3.587730E-6	-2.133071E-11	1.427432E+2
-5.000000E-1	3.484296E-6	-3.484296E-6	-2.071575E-11	1.434463E+2
-4.500000E-1	3.022448E-6	-3.022448E-6	-1.796985E-11	1.441494E+2
-4.000000E-1	2.555062E-6	-2.555062E-6	-1.519102E-11	1.448525E+2
-3.500000E-1	2.170898E-6	-2.170898E-6	-1.290699E-11	1.455557E+2
-3.000000E-1	1.588448E-6	-1.588448E-6	-9.444057E-12	1.462588E+2
-2.500000E-1	1.231853E-6	-1.231853E-6	-7.323933E-12	1.469619E+2
-2.000000E-1	9.744671E-7	-9.744671E-7	-5.793657E-12	1.476650E+2
-1.500000E-1	6.949746E-7	-6.949746E-7	-4.131945E-12	1.483682E+2
-1.000000E-1	4.291721E-7	-4.291721E-7	-2.551626E-12	1.490713E+2
-5.000000E-2	8.311088E-8	-8.311088E-8	-4.941325E-13	1.497744E+2
0.000000E+0	5.926954E-8	5.926954E-8	3.523848E-13	1.504775E+2
0.000000E+0	3.514344E-8	3.514344E-8	2.089440E-13	1.511816E+2
5.000000E-2	3.000334E-7	3.000334E-7	1.783837E-12	1.518848E+2
1.000000E-1	5.405848E-7	5.405848E-7	3.214026E-12	1.525879E+2
1.500000E-1	9.274732E-7	9.274732E-7	5.514256E-12	1.532910E+2
2.000000E-1	1.374492E-6	1.374492E-6	8.171991E-12	1.539941E+2
2.500000E-1	1.793529E-6	1.793529E-6	1.066336E-11	1.546973E+2
3.000000E-1	2.483119E-6	2.483119E-6	1.476329E-11	1.554004E+2
3.500000E-1	3.386746E-6	3.386746E-6	2.013577E-11	1.561035E+2
4.000000E-1	3.827323E-6	3.827323E-6	2.275520E-11	1.568066E+2
4.500000E-1	4.773851E-6	4.773851E-6	2.838275E-11	1.575098E+2
5.000000E-1	5.594436E-6	5.594436E-6	3.326150E-11	1.582129E+2
5.000000E-1	5.828338E-6	5.828338E-6	3.465216E-11	1.589160E+2
4.500000E-1	5.032962E-6	5.032962E-6	2.992328E-11	1.596191E+2
4.000000E-1	3.909337E-6	3.909337E-6	2.324281E-11	1.603223E+2
3.500000E-1	3.097178E-6	3.097178E-6	1.841415E-11	1.610254E+2
3.000000E-1	2.636335E-6	2.636335E-6	1.567423E-11	1.617285E+2
2.500000E-1	1.985333E-6	1.985333E-6	1.180372E-11	1.624316E+2
2.000000E-1	1.429392E-6	1.429392E-6	8.498396E-12	1.631348E+2
1.500000E-1	9.816097E-7	9.816097E-7	5.836123E-12	1.638379E+2
1.000000E-1	5.704576E-7	5.704576E-7	3.391634E-12	1.645410E+2
5.000000E-2	2.940253E-7	2.940253E-7	1.748116E-12	1.652441E+2
0.000000E+0	6.075875E-9	-6.075875E-9	-3.612388E-14	1.659473E+2
-5.000000E-2	2.649039E-7	-2.649039E-7	-1.574976E-12	1.666504E+2
-1.000000E-1	5.271704E-7	-5.271704E-7	-3.134271E-12	1.673535E+2
-1.500000E-1	9.359601E-7	-9.359601E-7	-5.564715E-12	1.680566E+2
-2.000000E-1	1.124378E-6	-1.124378E-6	-6.684944E-12	1.687598E+2
-2.500000E-1	1.491341E-6	-1.491341E-6	-8.866713E-12	1.694629E+2
-3.000000E-1	1.741197E-6	-1.741197E-6	-1.035222E-11	1.701660E+2
-3.500000E-1	1.931625E-6	-1.931625E-6	-1.148440E-11	1.708691E+2
-4.000000E-1	2.538422E-6	-2.538422E-6	-1.509209E-11	1.715723E+2
-4.500000E-1	3.015889E-6	-3.015889E-6	-1.793085E-11	1.722754E+2
-5.000000E-1	3.168011E-6	-3.168011E-6	-1.883529E-11	1.729785E+2
-5.000000E-1	3.393774E-6	-3.393774E-6	-2.017755E-11	1.736816E+2
-4.500000E-1	2.723987E-6	-2.723987E-6	-1.619536E-11	1.743848E+2
-4.000000E-1	2.747099E-6	-2.747099E-6	-1.633277E-11	1.750879E+2
-3.500000E-1	2.503479E-6	-2.503479E-6	-1.488434E-11	1.757910E+2
-3.000000E-1	2.037307E-6	-2.037307E-6	-1.211273E-11	1.764941E+2
-2.500000E-1	1.474624E-6	-1.474624E-6	-8.767320E-12	1.771973E+2
-2.000000E-1	7.647433E-7	-7.647433E-7	-4.546752E-12	1.779004E+2
-1.500000E-1	7.172427E-7	-7.172427E-7	-4.264339E-12	1.786035E+2
-1.000000E-1	4.562322E-7	-4.562322E-7	-2.712511E-12	1.793066E+2
-5.000000E-2	2.180243E-7	-2.180243E-7	-1.296255E-12	1.800098E+2
0.000000E+0	9.196909E-8	9.196909E-8	5.467987E-13	1.807129E+2
0.000000E+0	7.441372E-8	7.441372E-8	4.424239E-13	1.814170E+2
5.000000E-2	3.289702E-7	3.289702E-7	1.955880E-12	1.821201E+2
1.000000E-1	6.902152E-7	6.902152E-7	4.103648E-12	1.828232E+2
1.500000E-1	1.052018E-6	1.052018E-6	6.254733E-12	1.835264E+2
2.000000E-1	1.779113E-6	1.779113E-6	1.057765E-11	1.842295E+2
2.500000E-1	1.225840E-6	1.225840E-6	7.288184E-12	1.849326E+2
3.000000E-1	3.044436E-6	3.044436E-6	1.810058E-11	1.856357E+2
3.500000E-1	2.795848E-6	2.795848E-6	1.662261E-11	1.863389E+2
4.000000E-1	3.740221E-6	3.740221E-6	2.223734E-11	1.870420E+2
4.500000E-1	4.826680E-6	4.826680E-6	2.869684E-11	1.877451E+2
5.000000E-1	6.735391E-6	6.735391E-6	4.004501E-11	1.884482E+2
5.000000E-1	7.070417E-6	7.070417E-6	4.203689E-11	1.891514E+2
4.500000E-1	5.737311E-6	5.737311E-6	3.411096E-11	1.898545E+2
4.000000E-1	4.654330E-6	4.654330E-6	2.767214E-11	1.905576E+2
3.500000E-1	3.624862E-6	3.624862E-6	2.155148E-11	1.912607E+2
3.000000E-1	2.653754E-6	2.653754E-6	1.577779E-11	1.919639E+2
2.500000E-1	2.108289E-6	2.108289E-6	1.253475E-11	1.926670E+2
2.000000E-1	1.378514E-6	1.378514E-6	8.195902E-12	1.933701E+2
1.500000E-1	1.005962E-6	1.005962E-6	5.980910E-12	1.940732E+2
1.000000E-1	6.174542E-7	6.174542E-7	3.671050E-12	1.947764E+2
5.000000E-2	2.927880E-7	2.927880E-7	1.740760E-12	1.954795E+2
0.000000E+0	9.644839E-9	-9.644839E-9	-5.734302E-14	1.961826E+2
-5.000000E-2	3.045757E-7	-3.045757E-7	-1.810843E-12	1.968857E+2
-1.000000E-1	5.925811E-7	-5.925811E-7	-3.523168E-12	1.975889E+2
-1.500000E-1	8.134087E-7	-8.134087E-7	-4.836090E-12	1.982920E+2
-2.000000E-1	1.276342E-6	-1.276342E-6	-7.588444E-12	1.989951E+2
-2.500000E-1	1.491372E-6	-1.491372E-6	-8.866893E-12	1.996982E+2
-3.000000E-1	1.919138E-6	-1.919138E-6	-1.141016E-11	2.004014E+2
-3.500000E-1	2.480939E-6	-2.480939E-6	-1.475033E-11	2.011045E+2
-4.000000E-1	3.028234E-6	-3.028234E-6	-1.800425E-11	2.018076E+2
-4.500000E-1	3.995641E-6	-3.995641E-6	-2.375593E-11	2.025107E+2
-5.000000E-1	5.329019E-6	-5.329019E-6	-3.168348E-11	2.032139E+2
-5.000000E-1	5.030264E-6	-5.030264E-6	-2.990724E-11	2.039170E+2
-4.500000E-1	3.921531E-6	-3.921531E-6	-2.331531E-11	2.046201E+2
-4.000000E-1	2.336836E-6	-2.336836E-6	-1.389357E-11	2.053232E+2
-3.500000E-1	2.284684E-6	-2.284684E-6	-1.358350E-11	2.060264E+2
-3.000000E-1	1.905534E-6	-1.905534E-6	-1.132928E-11	2.067295E+2
-2.500000E-1	1.512912E-6	-1.512912E-6	-8.994958E-12	2.074326E+2
-2.000000E-1	1.152392E-6	-1.152392E-6	-6.851505E-12	2.081357E+2
-1.500000E-1	7.194229E-7	-7.194229E-7	-4.277301E-12	2.088389E+2
-1.000000E-1	4.220831E-7	-4.220831E-7	-2.509479E-12	2.095420E+2
-5.000000E-2	2.159842E-7	-2.159842E-7	-1.284126E-12	2.102451E+2
0.000000E+0	5.252376E-8	5.252376E-8	3.122780E-13	2.109482E+2
0.000000E+0	4.115862E-8	4.115862E-8	2.447070E-13	2.116523E+2
5.000000E-2	3.165944E-7	3.165944E-7	1.882300E-12	2.123555E+2
1.000000E-1	6.174937E-7	6.174937E-7	3.671285E-12	2.130586E+2
1.500000E-1	1.007522E-6	1.007522E-6	5.990181E-12	2.137617E+2
2.000000E-1	1.442972E-6	1.442972E-6	8.579137E-12	2.144648E+2
2.500000E-1	2.257236E-6	2.257236E-6	1.342031E-11	2.151680E+2
3.000000E-1	3.088147E-6	3.088147E-6	1.836046E-11	2.158711E+2
3.500000E-1	4.239449E-6	4.239449E-6	2.520548E-11	2.165742E+2
4.000000E-1	4.709956E-6	4.709956E-6	2.800286E-11	2.172773E+2
4.500000E-1	5.662236E-6	5.662236E-6	3.366461E-11	2.179805E+2
5.000000E-1	6.987161E-6	6.987161E-6	4.154190E-11	2.186836E+2
5.000000E-1	7.214449E-6	7.214449E-6	4.289323E-11	2.193867E+2
4.500000E-1	5.777451E-6	5.777451E-6	3.434961E-11	2.200898E+2
4.000000E-1	4.257624E-6	4.257624E-6	2.531354E-11	2.207930E+2
3.500000E-1	3.274762E-6	3.274762E-6	1.946997E-11	2.214961E+2
3.000000E-1	2.970393E-6	2.970393E-6	1.766036E-11	2.221992E+2
2.500000E-1	2.394514E-6	2.394514E-6	1.423649E-11	2.229023E+2
2.000000E-1	1.546923E-6	1.546923E-6	9.197171E-12	2.236055E+2
1.500000E-1	1.431106E-6	1.431106E-6	8.508583E-12	2.243086E+2
1.000000E-1	5.841990E-7	5.841990E-7	3.473333E-12	2.250117E+2
5.000000E-2	2.952016E-7	2.952016E-7	1.755110E-12	2.257148E+2
0.000000E+0	6.409664E-9	-6.409664E-9	-3.810841E-14	2.264180E+2
-5.000000E-2	2.659380E-7	-2.659380E-7	-1.581124E-12	2.271211E+2
-1.000000E-1	6.944238E-7	-6.944238E-7	-4.128670E-12	2.278242E+2
-1.500000E-1	1.234633E-6	-1.234633E-6	-7.340462E-12	2.285273E+2
-2.000000E-1	1.664206E-6	-1.664206E-6	-9.894474E-12	2.292305E+2
-2.500000E-1	1.438750E-6	-1.438750E-6	-8.554032E-12	2.299336E+2
-3.000000E-1	1.985301E-6	-1.985301E-6	-1.180353E-11	2.306367E+2
-3.500000E-1	2.574083E-6	-2.574083E-6	-1.530411E-11	2.313398E+2
-4.000000E-1	2.957661E-6	-2.957661E-6	-1.758466E-11	2.320430E+2
-4.500000E-1	3.233403E-6	-3.233403E-6	-1.922407E-11	2.327461E+2
-5.000000E-1	3.367802E-6	-3.367802E-6	-2.002314E-11	2.334492E+2
-5.000000E-1	2.694159E-6	-2.694159E-6	-1.601802E-11	2.341523E+2
-4.500000E-1	2.328114E-6	-2.328114E-6	-1.384171E-11	2.348555E+2
-4.000000E-1	1.966942E-6	-1.966942E-6	-1.169438E-11	2.355586E+2
-3.500000E-1	1.625870E-6	-1.625870E-6	-9.666545E-12	2.362617E+2
-3.000000E-1	1.309387E-6	-1.309387E-6	-7.784912E-12	2.369648E+2
-2.500000E-1	9.972021E-7	-9.972021E-7	-5.928827E-12	2.376680E+2
-2.000000E-1	8.138941E-7	-8.138941E-7	-4.838976E-12	2.383711E+2
-1.500000E-1	5.748740E-7	-5.748740E-7	-3.417891E-12	2.390742E+2
-1.000000E-1	3.437035E-7	-3.437035E-7	-2.043476E-12	2.397773E+2
-5.000000E-2	9.790259E-8	-9.790259E-8	-5.820761E-13	2.404805E+2
0.000000E+0	5.437243E-8	5.437243E-8	3.232692E-13	2.411836E+2
0.000000E+0	3.260852E-8	3.260852E-8	1.938727E-13	2.418877E+2
5.000000E-2	2.706274E-7	2.706274E-7	1.609005E-12	2.425908E+2
1.000000E-1	5.324409E-7	5.324409E-7	3.165607E-12	2.432939E+2
1.500000E-1	8.331348E-7	8.331348E-7	4.953371E-12	2.439971E+2
2.000000E-1	1.175716E-6	1.175716E-6	6.990172E-12	2.447002E+2
2.500000E-1	1.550828E-6	1.550828E-6	9.220388E-12	2.454033E+2
3.000000E-1	2.042787E-6	2.042787E-6	1.214531E-11	2.461064E+2
3.500000E-1	2.692242E-6	2.692242E-6	1.600662E-11	2.468096E+2
4.000000E-1	3.341016E-6	3.341016E-6	1.986388E-11	2.475127E+2
4.500000E-1	4.277170E-6	4.277170E-6	2.542975E-11	2.482158E+2
5.000000E-1	5.484540E-6	5.484540E-6	3.260812E-11	2.489189E+2
5.000000E-1	5.979578E-6	5.979578E-6	3.555135E-11	2.496221E+2
4.500000E-1	4.595509E-6	4.595509E-6	2.732242E-11	2.503252E+2
4.000000E-1	4.451454E-6	4.451454E-6	2.646595E-11	2.510283E+2
3.500000E-1	3.281533E-6	3.281533E-6	1.951023E-11	2.517314E+2
3.000000E-1	2.938445E-6	2.938445E-6	1.747041E-11	2.524346E+2
2.500000E-1	2.842890E-6	2.842890E-6	1.690229E-11	2.531377E+2
2.000000E-1	2.078823E-6	2.078823E-6	1.235956E-11	2.538408E+2
1.500000E-1	1.337619E-6	1.337619E-6	7.952763E-12	2.545439E+2
1.000000E-1	7.876300E-7	7.876300E-7	4.682824E-12	2.552471E+2
5.000000E-2	3.852217E-7	3.852217E-7	2.290321E-12	2.559502E+2
0.000000E+0	7.249969E-9	-7.249969E-9	-4.310441E-14	2.566533E+2
-5.000000E-2	3.378542E-7	-3.378542E-7	-2.008699E-12	2.573564E+2
-1.000000E-1	8.130632E-7	-8.130632E-7	-4.834036E-12	2.580596E+2
-1.500000E-1	1.189245E-6	-1.189245E-6	-7.070608E-12	2.587627E+2
-2.000000E-1	1.769504E-6	-1.769504E-6	-1.052052E-11	2.594658E+2
-2.500000E-1	2.453241E-6	-2.453241E-6	-1.458565E-11	2.601689E+2
-3.000000E-1	3.839572E-6	-3.839572E-6	-2.282803E-11	2.608721E+2
-3.500000E-1	2.508791E-6	-2.508791E-6	-1.491592E-11	2.615752E+2
-4.000000E-1	3.019589E-6	-3.019589E-6	-1.795285E-11	2.622783E+2
-4.500000E-1	3.568630E-6	-3.568630E-6	-2.121715E-11	2.629814E+2
-5.000000E-1	4.042793E-6	-4.042793E-6	-2.403627E-11	2.636846E+2
-5.000000E-1	3.252547E-6	-3.252547E-6	-1.933789E-11	2.643877E+2
-4.500000E-1	4.268405E-6	-4.268405E-6	-2.537764E-11	2.650908E+2
-4.000000E-1	3.853380E-6	-3.853380E-6	-2.291012E-11	2.657939E+2
-3.500000E-1	3.169443E-6	-3.169443E-6	-1.884380E-11	2.664971E+2
-3.000000E-1	1.834426E-6	-1.834426E-6	-1.090651E-11	2.672002E+2
-2.500000E-1	1.994865E-6	-1.994865E-6	-1.186039E-11	2.679033E+2
-2.000000E-1	2.010606E-6	-2.010606E-6	-1.195398E-11	2.686064E+2
-1.500000E-1	1.480854E-6	-1.480854E-6	-8.804360E-12	2.693096E+2
-1.000000E-1	1.178493E-6	-1.178493E-6	-7.006687E-12	2.700127E+2
-5.000000E-2	5.016344E-7	-5.016344E-7	-2.982448E-12	2.707158E+2
0.000000E+0	1.516448E-7	1.516448E-7	9.015982E-13	2.714189E+2
0.000000E+0	2.741496E-8	2.741496E-8	1.629946E-13	2.721230E+2
5.000000E-2	5.058756E-7	5.058756E-7	3.007664E-12	2.728262E+2
1.000000E-1	1.198565E-6	1.198565E-6	7.126022E-12	2.735283E+2
1.500000E-1	1.719253E-6	1.719253E-6	1.022175E-11	2.742314E+2
2.000000E-1	2.305392E-6	2.305392E-6	1.370662E-11	2.749346E+2
2.500000E-1	2.809230E-6	2.809230E-6	1.670217E-11	2.756377E+2
3.000000E-1	3.370879E-6	3.370879E-6	2.004143E-11	2.763408E+2
3.500000E-1	4.423276E-6	4.423276E-6	2.629842E-11	2.770439E+2
4.000000E-1	5.554585E-6	5.554585E-6	3.302457E-11	2.777471E+2
4.500000E-1	8.320076E-6	8.320076E-6	4.946669E-11	2.784502E+2
5.000000E-1	9.776992E-6	9.776992E-6	5.812873E-11	2.791533E+2
5.000000E-1	7.192645E-6	7.192645E-6	4.276359E-11	2.798564E+2
4.500000E-1	4.213960E-6	4.213960E-6	2.505394E-11	2.805596E+2
4.000000E-1	4.426146E-6	4.426146E-6	2.631548E-11	2.812627E+2
3.500000E-1	3.710455E-6	3.710455E-6	2.206037E-11	2.819658E+2
3.000000E-1	3.615528E-6	3.615528E-6	2.149598E-11	2.826689E+2
2.500000E-1	2.275068E-6	2.275068E-6	1.352633E-11	2.833721E+2
2.000000E-1	1.649690E-6	1.649690E-6	9.808168E-12	2.840752E+2
1.500000E-1	1.077946E-6	1.077946E-6	6.408887E-12	2.847783E+2
1.000000E-1	6.798747E-7	6.798747E-7	4.042169E-12	2.854814E+2
5.000000E-2	3.038637E-7	3.038637E-7	1.806610E-12	2.861846E+2
0.000000E+0	1.440890E-8	-1.440890E-8	-8.566758E-14	2.868877E+2
-5.000000E-2	2.921346E-7	-2.921346E-7	-1.736875E-12	2.875908E+2
-1.000000E-1	5.693023E-7	-5.693023E-7	-3.384765E-12	2.882939E+2
-1.500000E-1	8.919001E-7	-8.919001E-7	-5.302758E-12	2.889971E+2
-2.000000E-1	1.266037E-6	-1.266037E-6	-7.527173E-12	2.897002E+2
-2.500000E-1	1.713941E-6	-1.713941E-6	-1.019017E-11	2.904033E+2
-3.000000E-1	2.642923E-6	-2.642923E-6	-1.571340E-11	2.911064E+2
-3.500000E-1	1.864503E-6	-1.864503E-6	-1.108533E-11	2.918096E+2
-4.000000E-1	2.430567E-6	-2.430567E-6	-1.445084E-11	2.925127E+2
-4.500000E-1	2.948681E-6	-2.948681E-6	-1.753127E-11	2.932158E+2
-5.000000E-1	3.495163E-6	-3.495163E-6	-2.078036E-11	2.939189E+2
-5.000000E-1	4.504599E-6	-4.504599E-6	-2.678192E-11	2.946221E+2
-4.500000E-1	2.717802E-6	-2.717802E-6	-1.615859E-11	2.953252E+2
-4.000000E-1	3.103974E-6	-3.103974E-6	-1.845456E-11	2.960283E+2
-3.500000E-1	2.508535E-6	-2.508535E-6	-1.491440E-11	2.967314E+2
-3.000000E-1	1.894677E-6	-1.894677E-6	-1.126473E-11	2.974346E+2
-2.500000E-1	1.992320E-6	-1.992320E-6	-1.184526E-11	2.981377E+2
-2.000000E-1	6.152249E-7	-6.152249E-7	-3.657796E-12	2.988408E+2
-1.500000E-1	5.736461E-7	-5.736461E-7	-3.410591E-12	2.995439E+2
-1.000000E-1	3.301421E-7	-3.301421E-7	-1.962847E-12	3.002471E+2
-5.000000E-2	1.218840E-7	-1.218840E-7	-7.246564E-13	3.009502E+2
0.000000E+0	6.626742E-8	6.626742E-8	3.939904E-13	3.016533E+2
0.000000E+0	7.460979E-8	7.460979E-8	4.435896E-13	3.023574E+2
5.000000E-2	2.859770E-7	2.859770E-7	1.700265E-12	3.030605E+2
1.000000E-1	4.415479E-7	4.415479E-7	2.625206E-12	3.037637E+2
1.500000E-1	7.657424E-7	7.657424E-7	4.552692E-12	3.044668E+2
2.000000E-1	1.162278E-6	1.162278E-6	6.910278E-12	3.051699E+2
2.500000E-1	1.719900E-6	1.719900E-6	1.022560E-11	3.058730E+2
3.000000E-1	2.373629E-6	2.373629E-6	1.411232E-11	3.065762E+2
3.500000E-1	2.712497E-6	2.712497E-6	1.612705E-11	3.072793E+2
4.000000E-1	3.875358E-6	3.875358E-6	2.304079E-11	3.079824E+2
4.500000E-1	4.533372E-6	4.533372E-6	2.695299E-11	3.086855E+2
5.000000E-1	5.902410E-6	5.902410E-6	3.509255E-11	3.093887E+2
5.000000E-1	6.890353E-6	6.890353E-6	4.096633E-11	3.100918E+2
4.500000E-1	7.060786E-6	7.060786E-6	4.197963E-11	3.107949E+2
4.000000E-1	4.329898E-6	4.329898E-6	2.574324E-11	3.114980E+2
3.500000E-1	3.828053E-6	3.828053E-6	2.275954E-11	3.122012E+2
3.000000E-1	2.431813E-6	2.431813E-6	1.445825E-11	3.129043E+2
2.500000E-1	2.125075E-6	2.125075E-6	1.263455E-11	3.136074E+2
2.000000E-1	1.520568E-6	1.520568E-6	9.040477E-12	3.143105E+2
1.500000E-1	9.489896E-7	9.489896E-7	5.642181E-12	3.150137E+2
1.000000E-1	5.721383E-7	5.721383E-7	3.401626E-12	3.157168E+2
5.000000E-2	2.532540E-7	2.532540E-7	1.505712E-12	3.164199E+2
0.000000E+0	2.749666E-9	-2.749666E-9	-1.634803E-14	3.171221E+2
-5.000000E-2	2.725952E-7	-2.725952E-7	-1.620704E-12	3.178262E+2
-1.000000E-1	5.438340E-7	-5.438340E-7	-3.233344E-12	3.185293E+2
-1.500000E-1	9.023293E-7	-9.023293E-7	-5.364764E-12	3.192324E+2
-2.000000E-1	1.009914E-6	-1.009914E-6	-6.004405E-12	3.199355E+2
-2.500000E-1	1.678022E-6	-1.678022E-6	-9.976617E-12	3.206387E+2
-3.000000E-1	2.349363E-6	-2.349363E-6	-1.396805E-11	3.213418E+2
-3.500000E-1	3.057971E-6	-3.057971E-6	-1.818105E-11	3.220449E+2
-4.000000E-1	2.484367E-6	-2.484367E-6	-1.477071E-11	3.227480E+2
-4.500000E-1	2.329266E-6	-2.329266E-6	-1.384856E-11	3.234512E+2
-5.000000E-1	3.089325E-6	-3.089325E-6	-1.836746E-11	3.241543E+2
-5.000000E-1	3.040057E-6	-3.040057E-6	-1.807454E-11	3.248574E+2
-4.500000E-1	2.599981E-6	-2.599981E-6	-1.545809E-11	3.255605E+2
-4.000000E-1	1.715421E-6	-1.715421E-6	-1.019897E-11	3.262637E+2
-3.500000E-1	1.437403E-6	-1.437403E-6	-8.546025E-12	3.269668E+2
-3.000000E-1	1.297303E-6	-1.297303E-6	-7.713066E-12	3.276699E+2
-2.500000E-1	1.006611E-6	-1.006611E-6	-5.984768E-12	3.283730E+2
-2.000000E-1	7.443378E-7	-7.443378E-7	-4.425432E-12	3.290762E+2
-1.500000E-1	4.541173E-7	-4.541173E-7	-2.699937E-12	3.297793E+2
-1.000000E-1	2.219808E-7	-2.219808E-7	-1.319778E-12	3.304824E+2
-5.000000E-2	1.197855E-7	-1.197855E-7	-7.121803E-13	3.311855E+2
0.000000E+0	5.753057E-8	5.753057E-8	3.420458E-13	3.318887E+2
0.000000E+0	3.241012E-8	3.241012E-8	1.926931E-13	3.325928E+2
5.000000E-2	2.487117E-7	2.487117E-7	1.478706E-12	3.332949E+2
1.000000E-1	4.732320E-7	4.732320E-7	2.813583E-12	3.339980E+2
1.500000E-1	7.664776E-7	7.664776E-7	4.557063E-12	3.347012E+2
2.000000E-1	1.097308E-6	1.097308E-6	6.524004E-12	3.354043E+2
2.500000E-1	1.483482E-6	1.483482E-6	8.819986E-12	3.361074E+2
3.000000E-1	1.888419E-6	1.888419E-6	1.122752E-11	3.368105E+2
3.500000E-1	2.439975E-6	2.439975E-6	1.450678E-11	3.375137E+2
4.000000E-1	3.168344E-6	3.168344E-6	1.883727E-11	3.382168E+2
4.500000E-1	4.091252E-6	4.091252E-6	2.432438E-11	3.389199E+2
5.000000E-1	5.255347E-6	5.255347E-6	3.124546E-11	3.396230E+2
5.000000E-1	5.294078E-6	5.294078E-6	3.147574E-11	3.403262E+2
4.500000E-1	4.154576E-6	4.154576E-6	2.470087E-11	3.410293E+2
4.000000E-1	3.162777E-6	3.162777E-6	1.880417E-11	3.417324E+2
3.500000E-1	2.427595E-6	2.427595E-6	1.443317E-11	3.424355E+2
3.000000E-1	2.031161E-6	2.031161E-6	1.207619E-11	3.431387E+2
2.500000E-1	1.540593E-6	1.540593E-6	9.159534E-12	3.438418E+2
2.000000E-1	1.120325E-6	1.120325E-6	6.660852E-12	3.445449E+2
1.500000E-1	7.387312E-7	7.387312E-7	4.392098E-12	3.452480E+2
1.000000E-1	4.634961E-7	4.634961E-7	2.755698E-12	3.459512E+2
5.000000E-2	2.209162E-7	2.209162E-7	1.313449E-12	3.466543E+2
0.000000E+0	3.449921E-9	3.449921E-9	2.051137E-14	3.473574E+2
-5.000000E-2	2.109190E-7	-2.109190E-7	-1.254011E-12	3.480615E+2
-1.000000E-1	4.373627E-7	-4.373627E-7	-2.600323E-12	3.487646E+2
-1.500000E-1	6.837076E-7	-6.837076E-7	-4.064957E-12	3.494678E+2
-2.000000E-1	9.338384E-7	-9.338384E-7	-5.552100E-12	3.501709E+2
-2.500000E-1	1.229502E-6	-1.229502E-6	-7.309958E-12	3.508740E+2
-3.000000E-1	1.603562E-6	-1.603562E-6	-9.533915E-12	3.515771E+2
-3.500000E-1	1.997569E-6	-1.997569E-6	-1.187647E-11	3.522803E+2
-4.000000E-1	2.413170E-6	-2.413170E-6	-1.434741E-11	3.529834E+2
-4.500000E-1	2.969924E-6	-2.969924E-6	-1.765757E-11	3.536865E+2
-5.000000E-1	2.966915E-6	-2.966915E-6	-1.763968E-11	3.543896E+2
-5.000000E-1	3.052101E-6	-3.052101E-6	-1.814615E-11	3.550928E+2
-4.500000E-1	2.634951E-6	-2.634951E-6	-1.566600E-11	3.557959E+2
-4.000000E-1	2.216326E-6	-2.216326E-6	-1.317708E-11	3.564990E+2
-3.500000E-1	1.879715E-6	-1.879715E-6	-1.117577E-11	3.572021E+2
-3.000000E-1	1.516004E-6	-1.516004E-6	-9.013346E-12	3.579053E+2
-2.500000E-1	1.071065E-6	-1.071065E-6	-6.367976E-12	3.586084E+2
-2.000000E-1	8.716745E-7	-8.716745E-7	-5.182507E-12	3.593115E+2
-1.500000E-1	5.911082E-7	-5.911082E-7	-3.514411E-12	3.600146E+2
-1.000000E-1	3.574917E-7	-3.574917E-7	-2.125453E-12	3.607178E+2
-5.000000E-2	1.219843E-7	-1.219843E-7	-7.252532E-13	3.614209E+2
0.000000E+0	1.060045E-7	1.060045E-7	6.302459E-13	3.621240E+2
0.000000E+0	3.726054E-8	3.726054E-8	2.215311E-13	3.628271E+2
5.000000E-2	2.620422E-7	2.620422E-7	1.557962E-12	3.635303E+2
1.000000E-1	5.262110E-7	5.262110E-7	3.128567E-12	3.642334E+2
1.500000E-1	8.329363E-7	8.329363E-7	4.952191E-12	3.649365E+2
2.000000E-1	1.222124E-6	1.222124E-6	7.266091E-12	3.656396E+2
2.500000E-1	1.703990E-6	1.703990E-6	1.013101E-11	3.663428E+2
3.000000E-1	2.220090E-6	2.220090E-6	1.319946E-11	3.670459E+2
3.500000E-1	2.952679E-6	2.952679E-6	1.755504E-11	3.677490E+2
4.000000E-1	3.773534E-6	3.773534E-6	2.243540E-11	3.684521E+2
4.500000E-1	4.703046E-6	4.703046E-6	2.796178E-11	3.691553E+2
5.000000E-1	5.201974E-6	5.201974E-6	3.092814E-11	3.698584E+2
5.000000E-1	4.986723E-6	4.986723E-6	2.964837E-11	3.705615E+2
4.500000E-1	4.223283E-6	4.223283E-6	2.510937E-11	3.712646E+2
4.000000E-1	3.747702E-6	3.747702E-6	2.228182E-11	3.719678E+2
3.500000E-1	2.805421E-6	2.805421E-6	1.667952E-11	3.726709E+2
3.000000E-1	2.266379E-6	2.266379E-6	1.347467E-11	3.733740E+2
2.500000E-1	1.462325E-6	1.462325E-6	8.694198E-12	3.740771E+2
2.000000E-1	1.233300E-6	1.233300E-6	7.332537E-12	3.747803E+2
1.500000E-1	7.994082E-7	7.994082E-7	4.752851E-12	3.754834E+2
1.000000E-1	4.820902E-7	4.820902E-7	2.866249E-12	3.761865E+2
5.000000E-2	2.181153E-7	2.181153E-7	1.296796E-12	3.768896E+2
0.000000E+0	2.940603E-8	-2.940603E-8	-1.748324E-13	3.775928E+2
-5.000000E-2	2.224988E-7	-2.224988E-7	-1.322858E-12	3.782959E+2
-1.000000E-1	4.124196E-7	-4.124196E-7	-2.452025E-12	3.789990E+2
-1.500000E-1	4.737338E-7	-4.737338E-7	-2.816566E-12	3.797031E+2
-2.000000E-1	1.020903E-6	-1.020903E-6	-6.069742E-12	3.804063E+2
-2.500000E-1	1.277304E-6	-1.277304E-6	-7.594161E-12	3.811084E+2
-3.000000E-1	1.497826E-6	-1.497826E-6	-8.905265E-12	3.818115E+2
-3.500000E-1	1.962588E-6	-1.962588E-6	-1.166849E-11	3.825146E+2
-4.000000E-1	2.057236E-6	-2.057236E-6	-1.223122E-11	3.832178E+2
-4.500000E-1	2.618172E-6	-2.618172E-6	-1.556624E-11	3.839209E+2
-5.000000E-1	3.011972E-6	-3.011972E-6	-1.790756E-11	3.846240E+2
-5.000000E-1	2.709576E-6	-2.709576E-6	-1.610968E-11	3.853271E+2
-4.500000E-1	2.523568E-6	-2.523568E-6	-1.500378E-11	3.860303E+2
-4.000000E-1	1.935520E-6	-1.935520E-6	-1.150756E-11	3.867334E+2
-3.500000E-1	1.631378E-6	-1.631378E-6	-9.699297E-12	3.874365E+2
-3.000000E-1	1.351290E-6	-1.351290E-6	-8.034046E-12	3.881396E+2
-2.500000E-1	1.066434E-6	-1.066434E-6	-6.340442E-12	3.888428E+2
-2.000000E-1	7.638749E-7	-7.638749E-7	-4.541589E-12	3.895459E+2
-1.500000E-1	5.046383E-7	-5.046383E-7	-3.000308E-12	3.902490E+2
-1.000000E-1	2.898633E-7	-2.898633E-7	-1.723371E-12	3.909521E+2
-5.000000E-2	1.435242E-7	-1.435242E-7	-8.533174E-13	3.916553E+2
0.000000E+0	5.498165E-8	5.498165E-8	3.268913E-13	3.923584E+2
0.000000E+0	3.262719E-8	3.262719E-8	1.939837E-13	3.930625E+2
5.000000E-2	2.667877E-7	2.667877E-7	1.586176E-12	3.937656E+2
1.000000E-1	5.461401E-7	5.461401E-7	3.247055E-12	3.944688E+2
1.500000E-1	8.125847E-7	8.125847E-7	4.831191E-12	3.951719E+2
2.000000E-1	1.128624E-6	1.128624E-6	6.710188E-12	3.958750E+2
2.500000E-1	1.585304E-6	1.585304E-6	9.425363E-12	3.965781E+2
3.000000E-1	2.126370E-6	2.126370E-6	1.264225E-11	3.972812E+2
3.500000E-1	2.664812E-6	2.664812E-6	1.584354E-11	3.979844E+2
4.000000E-1	3.669392E-6	3.669392E-6	2.181623E-11	3.986875E+2
4.500000E-1	4.291206E-6	4.291206E-6	2.551320E-11	3.993906E+2
5.000000E-1	5.987702E-6	5.987702E-6	3.559965E-11	4.000938E+2
5.000000E-1	5.876886E-6	5.876886E-6	3.494080E-11	4.007969E+2
4.500000E-1	4.550874E-6	4.550874E-6	2.705705E-11	4.015000E+2
4.000000E-1	3.290222E-6	3.290222E-6	1.956189E-11	4.022031E+2
3.500000E-1	2.271672E-6	2.271672E-6	1.350614E-11	4.029063E+2
3.000000E-1	1.826304E-6	1.826304E-6	1.085822E-11	4.036094E+2
2.500000E-1	1.466191E-6	1.466191E-6	8.717180E-12	4.043125E+2
2.000000E-1	9.781856E-7	9.781856E-7	5.815765E-12	4.050156E+2
1.500000E-1	6.504827E-7	6.504827E-7	3.867420E-12	4.057188E+2
1.000000E-1	4.181780E-7	4.181780E-7	2.486261E-12	4.064219E+2
5.000000E-2	1.770197E-7	1.770197E-7	1.052464E-12	4.071250E+2
0.000000E+0	3.228173E-9	-3.228173E-9	-1.919298E-14	4.078281E+2
-5.000000E-2	1.850866E-7	-1.850866E-7	-1.100425E-12	4.085312E+2
-1.000000E-1	3.185808E-7	-3.185808E-7	-1.894110E-12	4.092344E+2
-1.500000E-1	5.825067E-7	-5.825067E-7	-3.463271E-12	4.099375E+2
-2.000000E-1	7.967869E-7	-7.967869E-7	-4.737266E-12	4.106406E+2
-2.500000E-1	1.076153E-6	-1.076153E-6	-6.398229E-12	4.113437E+2
-3.000000E-1	1.350443E-6	-1.350443E-6	-8.029008E-12	4.120469E+2
-3.500000E-1	1.616075E-6	-1.616075E-6	-9.608314E-12	4.127500E+2
-4.000000E-1	2.194252E-6	-2.194252E-6	-1.304584E-11	4.134531E+2
-4.500000E-1	2.631204E-6	-2.631204E-6	-1.564372E-11	4.141563E+2
-5.000000E-1	3.088384E-6	-3.088384E-6	-1.836187E-11	4.148594E+2
-5.000000E-1	3.077664E-6	-3.077664E-6	-1.829813E-11	4.155625E+2
-4.500000E-1	2.493611E-6	-2.493611E-6	-1.482567E-11	4.162656E+2
-4.000000E-1	2.244520E-6	-2.244520E-6	-1.334471E-11	4.169688E+2
-3.500000E-1	1.863546E-6	-1.863546E-6	-1.107964E-11	4.176719E+2
-3.000000E-1	1.463208E-6	-1.463208E-6	-8.699444E-12	4.183750E+2
-2.500000E-1	1.123031E-6	-1.123031E-6	-6.676937E-12	4.190781E+2
-2.000000E-1	7.447556E-7	-7.447556E-7	-4.427916E-12	4.197813E+2
-1.500000E-1	5.956505E-7	-5.956505E-7	-3.541417E-12	4.204844E+2
-1.000000E-1	3.308983E-7	-3.308983E-7	-1.967343E-12	4.211875E+2
-5.000000E-2	1.276891E-7	-1.276891E-7	-7.591705E-13	4.218906E+2
0.000000E+0	5.829620E-8	5.829620E-8	3.465978E-13	4.225937E+2
0.000000E+0	4.910652E-8	4.910652E-8	2.919609E-13	4.232979E+2
5.000000E-2	2.491319E-7	2.491319E-7	1.481204E-12	4.240010E+2
1.000000E-1	5.112908E-7	5.112908E-7	3.039860E-12	4.247041E+2
1.500000E-1	8.099541E-7	8.099541E-7	4.815551E-12	4.254072E+2
2.000000E-1	1.189135E-6	1.189135E-6	7.069956E-12	4.261104E+2
2.500000E-1	1.613169E-6	1.613169E-6	9.591036E-12	4.268135E+2
3.000000E-1	2.213873E-6	2.213873E-6	1.316250E-11	4.275166E+2
3.500000E-1	2.812269E-6	2.812269E-6	1.672024E-11	4.282197E+2
4.000000E-1	3.553633E-6	3.553633E-6	2.112799E-11	4.289229E+2
4.500000E-1	4.363263E-6	4.363263E-6	2.594161E-11	4.296260E+2
5.000000E-1	5.424896E-6	5.424896E-6	3.225351E-11	4.303291E+2
5.000000E-1	5.548291E-6	5.548291E-6	3.298715E-11	4.310322E+2
4.500000E-1	4.353142E-6	4.353142E-6	2.588144E-11	4.317354E+2
4.000000E-1	3.305654E-6	3.305654E-6	1.965364E-11	4.324385E+2
3.500000E-1	2.574219E-6	2.574219E-6	1.530492E-11	4.331416E+2
3.000000E-1	2.148785E-6	2.148785E-6	1.277552E-11	4.338447E+2
2.500000E-1	1.756782E-6	1.756782E-6	1.044488E-11	4.345479E+2
2.000000E-1	1.313092E-6	1.313092E-6	7.806936E-12	4.352510E+2
1.500000E-1	8.542918E-7	8.542918E-7	5.079159E-12	4.359541E+2
1.000000E-1	5.454867E-7	5.454867E-7	3.243170E-12	4.366572E+2
5.000000E-2	2.381356E-7	2.381356E-7	1.415826E-12	4.373604E+2
0.000000E+0	6.832149E-9	-6.832149E-9	-4.062028E-14	4.380635E+2
-5.000000E-2	2.036994E-7	-2.036994E-7	-1.211087E-12	4.387666E+2
-1.000000E-1	4.865252E-7	-4.865252E-7	-2.892617E-12	4.394697E+2
-1.500000E-1	7.959187E-7	-7.959187E-7	-4.732104E-12	4.401729E+2
-2.000000E-1	1.027243E-6	-1.027243E-6	-6.107434E-12	4.408760E+2
-2.500000E-1	1.333091E-6	-1.333091E-6	-7.925841E-12	4.415791E+2
-3.000000E-1	1.627889E-6	-1.627889E-6	-9.678550E-12	4.422822E+2
-3.500000E-1	2.130386E-6	-2.130386E-6	-1.266613E-11	4.429854E+2
-4.000000E-1	2.617918E-6	-2.617918E-6	-1.556473E-11	4.436885E+2
-4.500000E-1	3.238484E-6	-3.238484E-6	-1.925428E-11	4.443916E+2
-5.000000E-1	3.548814E-6	-3.548814E-6	-2.109934E-11	4.450947E+2
-5.000000E-1	4.103357E-6	-4.103357E-6	-2.439635E-11	4.457979E+2
-4.500000E-1	3.616205E-6	-3.616205E-6	-2.150001E-11	4.465010E+2
-4.000000E-1	3.466394E-6	-3.466394E-6	-2.060931E-11	4.472041E+2
-3.500000E-1	2.771040E-6	-2.771040E-6	-1.647511E-11	4.479072E+2
-3.000000E-1	2.236561E-6	-2.236561E-6	-1.329739E-11	4.486104E+2
-2.500000E-1	1.408289E-6	-1.408289E-6	-8.372927E-12	4.493135E+2
-2.000000E-1	1.121112E-6	-1.121112E-6	-6.665529E-12	4.500166E+2
-1.500000E-1	9.294267E-7	-9.294267E-7	-5.525871E-12	4.507197E+2
-1.000000E-1	5.983768E-7	-5.983768E-7	-3.557626E-12	4.514229E+2
-5.000000E-2	2.548670E-7	-2.548670E-7	-1.515302E-12	4.521260E+2
0.000000E+0	5.608806E-8	5.608806E-8	3.334694E-13	4.528291E+2
0.000000E+0	7.163604E-8	7.163604E-8	4.259093E-13	4.535332E+2
5.000000E-2	3.703692E-7	3.703692E-7	2.202016E-12	4.542363E+2
1.000000E-1	8.592660E-7	8.592660E-7	5.108733E-12	4.549395E+2
1.500000E-1	1.177555E-6	1.177555E-6	7.001108E-12	4.556426E+2
2.000000E-1	1.660395E-6	1.660395E-6	9.871812E-12	4.563457E+2
2.500000E-1	2.418251E-6	2.418251E-6	1.437762E-11	4.570488E+2
3.000000E-1	2.918846E-6	2.918846E-6	1.735389E-11	4.577520E+2
3.500000E-1	3.738951E-6	3.738951E-6	2.222979E-11	4.584551E+2
4.000000E-1	4.762734E-6	4.762734E-6	2.831665E-11	4.591582E+2
4.500000E-1	5.855742E-6	5.855742E-6	3.481509E-11	4.598613E+2
5.000000E-1	6.926236E-6	6.926236E-6	4.117967E-11	4.605645E+2
5.000000E-1	6.864172E-6	6.864172E-6	4.081067E-11	4.612676E+2
4.500000E-1	4.544026E-6	4.544026E-6	2.701633E-11	4.619707E+2
4.000000E-1	3.747295E-6	3.747295E-6	2.227940E-11	4.626738E+2
3.500000E-1	3.064975E-6	3.064975E-6	1.822269E-11	4.633770E+2
3.000000E-1	2.295756E-6	2.295756E-6	1.364933E-11	4.640801E+2
2.500000E-1	1.689105E-6	1.689105E-6	1.004251E-11	4.647832E+2
2.000000E-1	1.328103E-6	1.328103E-6	7.896184E-12	4.654863E+2
1.500000E-1	8.062498E-7	8.062498E-7	4.793527E-12	4.661895E+2
1.000000E-1	5.278611E-7	5.278611E-7	3.138378E-12	4.668926E+2
5.000000E-2	2.441671E-7	2.441671E-7	1.451686E-12	4.675957E+2
0.000000E+0	1.458864E-9	-1.458864E-9	-8.673617E-15	4.682988E+2
-5.000000E-2	2.382873E-7	-2.382873E-7	-1.416728E-12	4.690020E+2
-1.000000E-1	4.597638E-7	-4.597638E-7	-2.733508E-12	4.697051E+2
-1.500000E-1	6.681268E-7	-6.681268E-7	-3.972322E-12	4.704082E+2
-2.000000E-1	9.703918E-7	-9.703918E-7	-5.769427E-12	4.711113E+2
-2.500000E-1	1.289346E-6	-1.289346E-6	-7.665757E-12	4.718145E+2
-3.000000E-1	1.742980E-6	-1.742980E-6	-1.036282E-11	4.725176E+2
-3.500000E-1	2.142401E-6	-2.142401E-6	-1.273756E-11	4.732207E+2
-4.000000E-1	2.593520E-6	-2.593520E-6	-1.541967E-11	4.739238E+2
-4.500000E-1	3.007477E-6	-3.007477E-6	-1.788084E-11	4.746270E+2
-5.000000E-1	3.275751E-6	-3.275751E-6	-1.947585E-11	4.753301E+2
-5.000000E-1	3.131868E-6	-3.131868E-6	-1.862040E-11	4.760332E+2
-4.500000E-1	2.860770E-6	-2.860770E-6	-1.700860E-11	4.767363E+2
-4.000000E-1	2.367555E-6	-2.367555E-6	-1.407621E-11	4.774395E+2
-3.500000E-1	1.922204E-6	-1.922204E-6	-1.142839E-11	4.781426E+2
-3.000000E-1	1.354414E-6	-1.354414E-6	-8.052614E-12	4.788457E+2
-2.500000E-1	1.041678E-6	-1.041678E-6	-6.193254E-12	4.795488E+2
-2.000000E-1	9.196443E-7	-9.196443E-7	-5.467710E-12	4.802520E+2
-1.500000E-1	6.563625E-7	-6.563625E-7	-3.902378E-12	4.809551E+2
-1.000000E-1	4.274494E-7	-4.274494E-7	-2.541384E-12	4.816582E+2
-5.000000E-2	1.584326E-7	-1.584326E-7	-9.419548E-13	4.823613E+2
0.000000E+0	1.124305E-7	1.124305E-7	6.684514E-13	4.830645E+2
0.000000E+0	3.908120E-8	3.908120E-8	2.323558E-13	4.837686E+2
5.000000E-2	2.923960E-7	2.923960E-7	1.738429E-12	4.844717E+2
1.000000E-1	5.475127E-7	5.475127E-7	3.255216E-12	4.851748E+2
1.500000E-1	8.878038E-7	8.878038E-7	5.278403E-12	4.858779E+2
2.000000E-1	1.306423E-6	1.306423E-6	7.767287E-12	4.865811E+2
2.500000E-1	1.804393E-6	1.804393E-6	1.072795E-11	4.872842E+2
3.000000E-1	2.308547E-6	2.308547E-6	1.372538E-11	4.879873E+2
3.500000E-1	2.836020E-6	2.836020E-6	1.686145E-11	4.886904E+2
4.000000E-1	3.381162E-6	3.381162E-6	2.010257E-11	4.893936E+2
4.500000E-1	4.042282E-6	4.042282E-6	2.403323E-11	4.900967E+2
5.000000E-1	4.990267E-6	4.990267E-6	2.966944E-11	4.907998E+2
5.000000E-1	4.934300E-6	4.934300E-6	2.933669E-11	4.915029E+2
4.500000E-1	4.459437E-6	4.459437E-6	2.651341E-11	4.922061E+2
4.000000E-1	3.739553E-6	3.739553E-6	2.223337E-11	4.929092E+2
3.500000E-1	3.294176E-6	3.294176E-6	1.958540E-11	4.936123E+2
3.000000E-1	2.482302E-6	2.482302E-6	1.475843E-11	4.943154E+2
2.500000E-1	2.093124E-6	2.093124E-6	1.244459E-11	4.950186E+2
2.000000E-1	1.537126E-6	1.537126E-6	9.138926E-12	4.957217E+2
1.500000E-1	8.777877E-7	8.777877E-7	5.218853E-12	4.964248E+2
1.000000E-1	5.684899E-7	5.684899E-7	3.379935E-12	4.971279E+2
5.000000E-2	2.710148E-7	2.710148E-7	1.611308E-12	4.978311E+2
0.000000E+0	1.083060E-8	-1.083060E-8	-6.439294E-14	4.985342E+2
-5.000000E-2	2.860913E-7	-2.860913E-7	-1.700945E-12	4.992373E+2
-1.000000E-1	4.981775E-7	-4.981775E-7	-2.961895E-12	4.999404E+2
-1.500000E-1	7.624698E-7	-7.624698E-7	-4.533235E-12	5.006436E+2
-2.000000E-1	8.528189E-7	-8.528189E-7	-5.070402E-12	5.013467E+2
-2.500000E-1	1.391392E-6	-1.391392E-6	-8.272466E-12	5.020498E+2
-3.000000E-1	1.874504E-6	-1.874504E-6	-1.114479E-11	5.027529E+2
-3.500000E-1	2.328586E-6	-2.328586E-6	-1.384452E-11	5.034561E+2
-4.000000E-1	2.756856E-6	-2.756856E-6	-1.639078E-11	5.041592E+2
-4.500000E-1	3.937163E-6	-3.937163E-6	-2.340825E-11	5.048623E+2
-5.000000E-1	2.882864E-6	-2.882864E-6	-1.713996E-11	5.055654E+2
-5.000000E-1	3.272116E-6	-3.272116E-6	-1.945424E-11	5.062686E+2
-4.500000E-1	3.223570E-6	-3.223570E-6	-1.916561E-11	5.069717E+2
-4.000000E-1	2.398848E-6	-2.398848E-6	-1.426226E-11	5.076748E+2
-3.500000E-1	2.201859E-6	-2.201859E-6	-1.309107E-11	5.083779E+2
-3.000000E-1	1.514403E-6	-1.514403E-6	-9.003825E-12	5.090811E+2
-2.500000E-1	1.383626E-6	-1.383626E-6	-8.226295E-12	5.097842E+2
-2.000000E-1	1.070591E-6	-1.070591E-6	-6.365158E-12	5.104873E+2
-1.500000E-1	7.212155E-7	-7.212155E-7	-4.287959E-12	5.111904E+2
-1.000000E-1	4.330513E-7	-4.330513E-7	-2.574690E-12	5.118936E+2
-5.000000E-2	1.025919E-7	-1.025919E-7	-6.099565E-13	5.125967E+2
0.000000E+0	1.070969E-7	1.070969E-7	6.367407E-13	5.132998E+2
0.000000E+0	3.550991E-8	3.550991E-8	2.111228E-13	5.140039E+2
5.000000E-2	2.404698E-7	2.404698E-7	1.429704E-12	5.147070E+2
1.000000E-1	4.726789E-7	4.726789E-7	2.810294E-12	5.154102E+2
1.500000E-1	8.133947E-7	8.133947E-7	4.836007E-12	5.161133E+2
2.000000E-1	1.191063E-6	1.191063E-6	7.081419E-12	5.168164E+2
2.500000E-1	2.061879E-6	2.061879E-6	1.225882E-11	5.175195E+2
3.000000E-1	2.399161E-6	2.399161E-6	1.426412E-11	5.182227E+2
3.500000E-1	3.496647E-6	3.496647E-6	2.078918E-11	5.189258E+2
4.000000E-1	4.413363E-6	4.413363E-6	2.623948E-11	5.196289E+2
4.500000E-1	5.010207E-6	5.010207E-6	2.978799E-11	5.203320E+2
5.000000E-1	7.533364E-6	7.533364E-6	4.478933E-11	5.210352E+2
5.000000E-1	6.168697E-6	6.168697E-6	3.667575E-11	5.217383E+2
4.500000E-1	3.408383E-6	3.408383E-6	2.026441E-11	5.224414E+2
4.000000E-1	3.285927E-6	3.285927E-6	1.953635E-11	5.231445E+2
3.500000E-1	2.824904E-6	2.824904E-6	1.679536E-11	5.238477E+2
3.000000E-1	1.977534E-6	1.977534E-6	1.175735E-11	5.245508E+2
2.500000E-1	1.399125E-6	1.399125E-6	8.318443E-12	5.252539E+2
2.000000E-1	1.000995E-6	1.000995E-6	5.951378E-12	5.259570E+2
1.500000E-1	7.430401E-7	7.430401E-7	4.417716E-12	5.266602E+2
1.000000E-1	4.222395E-7	4.222395E-7	2.510409E-12	5.273633E+2
5.000000E-2	2.035149E-7	2.035149E-7	1.209990E-12	5.280664E+2
0.000000E+0	1.076291E-8	-1.076291E-8	-6.399048E-14	5.287695E+2
-5.000000E-2	1.985874E-7	-1.985874E-7	-1.180694E-12	5.294727E+2
-1.000000E-1	4.300940E-7	-4.300940E-7	-2.557107E-12	5.301758E+2
-1.500000E-1	6.480365E-7	-6.480365E-7	-3.852876E-12	5.308789E+2
-2.000000E-1	9.091382E-7	-9.091382E-7	-5.405246E-12	5.315820E+2
-2.500000E-1	1.215824E-6	-1.215824E-6	-7.228634E-12	5.322852E+2
-3.000000E-1	1.673627E-6	-1.673627E-6	-9.950485E-12	5.329883E+2
-3.500000E-1	2.040385E-6	-2.040385E-6	-1.213103E-11	5.336914E+2
-4.000000E-1	2.401923E-6	-2.401923E-6	-1.428054E-11	5.343945E+2
-4.500000E-1	2.780665E-6	-2.780665E-6	-1.653234E-11	5.350977E+2
-5.000000E-1	3.126805E-6	-3.126805E-6	-1.859030E-11	5.358008E+2
-5.000000E-1	3.532753E-6	-3.532753E-6	-2.100385E-11	5.365039E+2
-4.500000E-1	2.668133E-6	-2.668133E-6	-1.586328E-11	5.372070E+2
-4.000000E-1	2.296611E-6	-2.296611E-6	-1.365441E-11	5.379102E+2
-3.500000E-1	1.982911E-6	-1.982911E-6	-1.178932E-11	5.386133E+2
-3.000000E-1	1.655628E-6	-1.655628E-6	-9.843473E-12	5.393164E+2
-2.500000E-1	1.117837E-6	-1.117837E-6	-6.646059E-12	5.400195E+2
-2.000000E-1	9.351385E-7	-9.351385E-7	-5.559830E-12	5.407227E+2
-1.500000E-1	6.073051E-7	-6.073051E-7	-3.610709E-12	5.414258E+2
-1.000000E-1	3.653765E-7	-3.653765E-7	-2.172332E-12	5.421289E+2
-5.000000E-2	1.113871E-7	-1.113871E-7	-6.622480E-13	5.428320E+2
0.000000E+0	1.263002E-7	1.263002E-7	7.509132E-13	5.435352E+2
0.000000E+0	3.453189E-8	3.453189E-8	2.053080E-13	5.442393E+2
5.000000E-2	2.456936E-7	2.456936E-7	1.460762E-12	5.449424E+2
1.000000E-1	4.554339E-7	4.554339E-7	2.707765E-12	5.456445E+2
1.500000E-1	7.280826E-7	7.280826E-7	4.328787E-12	5.463477E+2
2.000000E-1	1.035901E-6	1.035901E-6	6.158907E-12	5.470508E+2
2.500000E-1	1.405434E-6	1.405434E-6	8.355955E-12	5.477539E+2
3.000000E-1	1.912947E-6	1.912947E-6	1.137335E-11	5.484570E+2
3.500000E-1	2.423307E-6	2.423307E-6	1.440768E-11	5.491602E+2
4.000000E-1	3.070944E-6	3.070944E-6	1.825818E-11	5.498633E+2
4.500000E-1	4.049566E-6	4.049566E-6	2.407654E-11	5.505664E+2
5.000000E-1	5.048633E-6	5.048633E-6	3.001645E-11	5.512695E+2
5.000000E-1	4.679447E-6	4.679447E-6	2.782147E-11	5.519727E+2
4.500000E-1	3.667986E-6	3.667986E-6	2.180787E-11	5.526758E+2
4.000000E-1	2.987257E-6	2.987257E-6	1.776062E-11	5.533789E+2
3.500000E-1	2.402451E-6	2.402451E-6	1.428368E-11	5.540820E+2
3.000000E-1	1.989092E-6	1.989092E-6	1.182607E-11	5.547852E+2
2.500000E-1	1.488610E-6	1.488610E-6	8.850476E-12	5.554883E+2
2.000000E-1	1.001121E-6	1.001121E-6	5.952128E-12	5.561914E+2
1.500000E-1	6.557091E-7	6.557091E-7	3.898493E-12	5.568945E+2
1.000000E-1	4.406445E-7	4.406445E-7	2.619835E-12	5.575977E+2
5.000000E-2	2.081507E-7	2.081507E-7	1.237552E-12	5.583008E+2
0.000000E+0	3.142975E-8	-3.142975E-8	-1.868644E-13	5.590039E+2
-5.000000E-2	1.979924E-7	-1.979924E-7	-1.177156E-12	5.597070E+2
-1.000000E-1	4.486553E-7	-4.486553E-7	-2.667463E-12	5.604102E+2
-1.500000E-1	6.446894E-7	-6.446894E-7	-3.832976E-12	5.611133E+2
-2.000000E-1	8.699192E-7	-8.699192E-7	-5.172071E-12	5.618164E+2
-2.500000E-1	1.138028E-6	-1.138028E-6	-6.766102E-12	5.625195E+2
-3.000000E-1	1.554455E-6	-1.554455E-6	-9.241954E-12	5.632227E+2
-3.500000E-1	1.971130E-6	-1.971130E-6	-1.171928E-11	5.639258E+2
-4.000000E-1	2.647672E-6	-2.647672E-6	-1.574163E-11	5.646289E+2
-4.500000E-1	3.281864E-6	-3.281864E-6	-1.951220E-11	5.653320E+2
-5.000000E-1	5.001864E-6	-5.001864E-6	-2.973839E-11	5.660352E+2
-5.000000E-1	5.483537E-6	-5.483537E-6	-3.260216E-11	5.667383E+2
-4.500000E-1	3.008412E-6	-3.008412E-6	-1.788640E-11	5.674414E+2
-4.000000E-1	2.529529E-6	-2.529529E-6	-1.503922E-11	5.681445E+2
-3.500000E-1	2.184525E-6	-2.184525E-6	-1.298801E-11	5.688477E+2
-3.000000E-1	1.281225E-6	-1.281225E-6	-7.617476E-12	5.695508E+2
-2.500000E-1	1.405224E-6	-1.405224E-6	-8.354706E-12	5.702539E+2
-2.000000E-1	1.011319E-6	-1.011319E-6	-6.012760E-12	5.709570E+2
-1.500000E-1	4.503338E-7	-4.503338E-7	-2.677442E-12	5.716602E+2
-1.000000E-1	2.110847E-7	-2.110847E-7	-1.254996E-12	5.723633E+2
-5.000000E-2	1.020037E-8	-1.020037E-8	-6.064593E-14	5.730664E+2
0.000000E+0	6.228063E-8	6.228063E-8	3.702871E-13	5.737695E+2
