voltage_7_2_21_500mV_500ms_data_txt	absJ_7_2_21_500mV_500ms_data_txt	J_7_2_21_500mV_500ms_data_txt	current_7_2_21_500mV_500ms_data_txt	time_7_2_21_500mV_500ms_data_txt	
0.000000E+0	3.066787E-9	3.066787E-9	3.437528E-14	0.000000E+0
5.000000E-2	1.977013E-6	1.977013E-6	2.216013E-11	1.001953E+0
1.000000E-1	4.340629E-6	4.340629E-6	4.865364E-11	2.004883E+0
1.500000E-1	9.237710E-6	9.237710E-6	1.035445E-10	3.007813E+0
2.000000E-1	1.793218E-5	1.793218E-5	2.009999E-10	5.020508E+0
2.500000E-1	2.966935E-5	2.966935E-5	3.325605E-10	5.688477E+0
3.000000E-1	4.928282E-5	4.928282E-5	5.524058E-10	6.356445E+0
3.500000E-1	8.021745E-5	8.021745E-5	8.991488E-10	7.024414E+0
4.000000E-1	1.318798E-4	1.318798E-4	1.478226E-9	9.037109E+0
4.500000E-1	2.040486E-4	2.040486E-4	2.287159E-9	9.705078E+0
5.000000E-1	3.121739E-4	3.121739E-4	3.499124E-9	1.037207E+1
5.000000E-1	3.338027E-4	3.338027E-4	3.741559E-9	1.103906E+1
4.500000E-1	2.117472E-4	2.117472E-4	2.373452E-9	1.170605E+1
4.000000E-1	1.429329E-4	1.429329E-4	1.602120E-9	1.237402E+1
3.500000E-1	1.002475E-4	1.002475E-4	1.123663E-9	1.304102E+1
3.000000E-1	6.373312E-5	6.373312E-5	7.143777E-10	1.438086E+1
2.500000E-1	3.856450E-5	3.856450E-5	4.322653E-10	1.504883E+1
2.000000E-1	2.305021E-5	2.305021E-5	2.583673E-10	1.571680E+1
1.500000E-1	1.366460E-5	1.366460E-5	1.531650E-10	1.638477E+1
1.000000E-1	6.506976E-6	6.506976E-6	7.293600E-11	1.815820E+1
5.000000E-2	2.560087E-6	2.560087E-6	2.869574E-11	1.916113E+1
0.000000E+0	1.425431E-8	1.425431E-8	1.597750E-13	2.016309E+1
-5.000000E-2	2.308178E-6	-2.308178E-6	-2.587212E-11	2.116602E+1
-1.000000E-1	6.211154E-6	-6.211154E-6	-6.962016E-11	2.216895E+1
-1.500000E-1	1.003973E-5	-1.003973E-5	-1.125342E-10	2.418262E+1
-2.000000E-1	1.841296E-5	-1.841296E-5	-2.063889E-10	2.485059E+1
-2.500000E-1	2.936097E-5	-2.936097E-5	-3.291039E-10	2.551758E+1
-3.000000E-1	4.138686E-5	-4.138686E-5	-4.639008E-10	2.618555E+1
-3.500000E-1	7.919533E-5	-7.919533E-5	-8.876920E-10	2.685352E+1
-4.000000E-1	1.106257E-4	-1.106257E-4	-1.239992E-9	2.886719E+1
-4.500000E-1	1.794685E-4	-1.794685E-4	-2.011643E-9	2.953418E+1
-5.000000E-1	2.508516E-4	-2.508516E-4	-2.811769E-9	3.020117E+1
-5.000000E-1	2.328620E-4	-2.328620E-4	-2.610125E-9	3.086914E+1
-4.500000E-1	1.619980E-4	-1.619980E-4	-1.815818E-9	3.153613E+1
-4.000000E-1	1.029507E-4	-1.029507E-4	-1.153963E-9	3.220312E+1
-3.500000E-1	6.001558E-5	-6.001558E-5	-6.727082E-10	3.354297E+1
-3.000000E-1	4.090349E-5	-4.090349E-5	-4.584828E-10	3.421094E+1
-2.500000E-1	2.730197E-5	-2.730197E-5	-3.060248E-10	3.487891E+1
-2.000000E-1	1.566365E-5	-1.566365E-5	-1.755722E-10	3.554688E+1
-1.500000E-1	1.041751E-5	-1.041751E-5	-1.167688E-10	3.621484E+1
-1.000000E-1	6.629684E-6	-6.629684E-6	-7.431142E-11	3.798828E+1
-5.000000E-2	4.913030E-6	-4.913030E-6	-5.506963E-11	3.899121E+1
0.000000E+0	6.220785E-7	6.220785E-7	6.972811E-12	3.999414E+1
0.000000E+0	2.197884E-8	2.197884E-8	2.463585E-13	4.099707E+1
5.000000E-2	2.464103E-6	2.464103E-6	2.761987E-11	4.200000E+1
1.000000E-1	4.415553E-6	4.415553E-6	4.949346E-11	4.300195E+1
1.500000E-1	9.144400E-6	9.144400E-6	1.024986E-10	4.400488E+1
2.000000E-1	1.941431E-5	1.941431E-5	2.176129E-10	4.601855E+1
2.500000E-1	3.973403E-5	3.973403E-5	4.453745E-10	4.668555E+1
3.000000E-1	7.020083E-5	7.020083E-5	7.868735E-10	4.735352E+1
3.500000E-1	1.022808E-4	1.022808E-4	1.146454E-9	4.936719E+1
4.000000E-1	1.497177E-4	1.497177E-4	1.678170E-9	5.003418E+1
4.500000E-1	2.392429E-4	2.392429E-4	2.681648E-9	5.070117E+1
5.000000E-1	3.339821E-4	3.339821E-4	3.743569E-9	5.136816E+1
5.000000E-1	3.342361E-4	3.342361E-4	3.746416E-9	5.203613E+1
4.500000E-1	2.256730E-4	2.256730E-4	2.529544E-9	5.270313E+1
4.000000E-1	1.622789E-4	1.622789E-4	1.818967E-9	5.337012E+1
3.500000E-1	1.056286E-4	1.056286E-4	1.183980E-9	5.403809E+1
3.000000E-1	7.071728E-5	7.071728E-5	7.926623E-10	5.537793E+1
2.500000E-1	4.317294E-5	4.317294E-5	4.839208E-10	5.604590E+1
2.000000E-1	2.616523E-5	2.616523E-5	2.932833E-10	5.671387E+1
1.500000E-1	1.550159E-5	1.550159E-5	1.737557E-10	5.738184E+1
1.000000E-1	7.503969E-6	7.503969E-6	8.411118E-11	5.915527E+1
5.000000E-2	3.214046E-6	3.214046E-6	3.602589E-11	6.015723E+1
0.000000E+0	3.276769E-8	3.276769E-8	3.672895E-13	6.116016E+1
-5.000000E-2	2.690344E-6	-2.690344E-6	-3.015578E-11	6.216309E+1
-1.000000E-1	5.827843E-6	-5.827843E-6	-6.532366E-11	6.316602E+1
-1.500000E-1	1.255811E-5	-1.255811E-5	-1.407625E-10	6.517969E+1
-2.000000E-1	1.990281E-5	-1.990281E-5	-2.230885E-10	6.584766E+1
-2.500000E-1	3.298004E-5	-3.298004E-5	-3.696697E-10	6.651562E+1
-3.000000E-1	5.866171E-5	-5.866171E-5	-6.575328E-10	6.718262E+1
-3.500000E-1	9.049395E-5	-9.049395E-5	-1.014337E-9	6.919629E+1
-4.000000E-1	1.372121E-4	-1.372121E-4	-1.537996E-9	6.986328E+1
-4.500000E-1	2.106219E-4	-2.106219E-4	-2.360838E-9	7.053027E+1
-5.000000E-1	3.010030E-4	-3.010030E-4	-3.373910E-9	7.119727E+1
-5.000000E-1	2.915967E-4	-2.915967E-4	-3.268476E-9	7.186523E+1
-4.500000E-1	2.002964E-4	-2.002964E-4	-2.245101E-9	7.253223E+1
-4.000000E-1	1.324150E-4	-1.324150E-4	-1.484225E-9	7.319922E+1
-3.500000E-1	8.626888E-5	-8.626888E-5	-9.669786E-10	7.453906E+1
-3.000000E-1	5.790730E-5	-5.790730E-5	-6.490767E-10	7.520703E+1
-2.500000E-1	3.090949E-5	-3.090949E-5	-3.464612E-10	7.587500E+1
-2.000000E-1	1.845649E-5	-1.845649E-5	-2.068768E-10	7.654297E+1
-1.500000E-1	1.123714E-5	-1.123714E-5	-1.259559E-10	7.721094E+1
-1.000000E-1	5.111969E-6	-5.111969E-6	-5.729951E-11	7.898438E+1
-5.000000E-2	2.628722E-6	-2.628722E-6	-2.946506E-11	7.998730E+1
0.000000E+0	1.658442E-8	-1.658442E-8	-1.858930E-13	8.099023E+1
0.000000E+0	8.752166E-9	-8.752166E-9	-9.810208E-14	8.199316E+1
5.000000E-2	2.405887E-6	2.405887E-6	2.696733E-11	8.299512E+1
1.000000E-1	6.594941E-6	6.594941E-6	7.392199E-11	8.399805E+1
1.500000E-1	1.202657E-5	1.202657E-5	1.348045E-10	8.601172E+1
2.000000E-1	1.985403E-5	1.985403E-5	2.225417E-10	8.667969E+1
2.500000E-1	3.601011E-5	3.601011E-5	4.036335E-10	8.734668E+1
3.000000E-1	7.253519E-5	7.253519E-5	8.130391E-10	8.801465E+1
3.500000E-1	1.085097E-4	1.085097E-4	1.216274E-9	9.002832E+1
4.000000E-1	1.675761E-4	1.675761E-4	1.878342E-9	9.069531E+1
4.500000E-1	2.717798E-4	2.717798E-4	3.046351E-9	9.136230E+1
5.000000E-1	3.974581E-4	3.974581E-4	4.455065E-9	9.203027E+1
5.000000E-1	4.488999E-4	4.488999E-4	5.031671E-9	9.269727E+1
4.500000E-1	2.848436E-4	2.848436E-4	3.192781E-9	9.336426E+1
4.000000E-1	1.716751E-4	1.716751E-4	1.924288E-9	9.403223E+1
3.500000E-1	1.191586E-4	1.191586E-4	1.335636E-9	9.469922E+1
3.000000E-1	7.222873E-5	7.222873E-5	8.096041E-10	9.603906E+1
2.500000E-1	4.636782E-5	4.636782E-5	5.197319E-10	9.670703E+1
2.000000E-1	2.745772E-5	2.745772E-5	3.077706E-10	9.737500E+1
1.500000E-1	1.370411E-5	1.370411E-5	1.536079E-10	9.804297E+1
1.000000E-1	7.576973E-6	7.576973E-6	8.492947E-11	9.981641E+1
5.000000E-2	3.155752E-6	3.155752E-6	3.537249E-11	1.008184E+2
0.000000E+0	1.562117E-8	1.562117E-8	1.750960E-13	1.018213E+2
-5.000000E-2	3.094912E-6	-3.094912E-6	-3.469054E-11	1.028242E+2
-1.000000E-1	6.537972E-6	-6.537972E-6	-7.328342E-11	1.038271E+2
-1.500000E-1	1.119911E-5	-1.119911E-5	-1.255296E-10	1.058408E+2
-2.000000E-1	2.173633E-5	-2.173633E-5	-2.436402E-10	1.065078E+2
-2.500000E-1	3.800955E-5	-3.800955E-5	-4.260450E-10	1.071758E+2
-3.000000E-1	5.938857E-5	-5.938857E-5	-6.656801E-10	1.078437E+2
-3.500000E-1	9.796623E-5	-9.796623E-5	-1.098093E-9	1.098574E+2
-4.000000E-1	1.438222E-4	-1.438222E-4	-1.612088E-9	1.105244E+2
-4.500000E-1	2.256940E-4	-2.256940E-4	-2.529780E-9	1.111914E+2
-5.000000E-1	3.308212E-4	-3.308212E-4	-3.708139E-9	1.118594E+2
-5.000000E-1	3.194694E-4	-3.194694E-4	-3.580898E-9	1.125264E+2
-4.500000E-1	2.162069E-4	-2.162069E-4	-2.423440E-9	1.131934E+2
-4.000000E-1	1.399034E-4	-1.399034E-4	-1.568162E-9	1.138604E+2
-3.500000E-1	9.366822E-5	-9.366822E-5	-1.049917E-9	1.145283E+2
-3.000000E-1	6.046911E-5	-6.046911E-5	-6.777917E-10	1.158682E+2
-2.500000E-1	3.937310E-5	-3.937310E-5	-4.413289E-10	1.165361E+2
-2.000000E-1	2.515406E-5	-2.515406E-5	-2.819491E-10	1.172041E+2
-1.500000E-1	1.440789E-5	-1.440789E-5	-1.614965E-10	1.178721E+2
-1.000000E-1	7.582209E-6	-7.582209E-6	-8.498817E-11	1.196455E+2
-5.000000E-2	3.187114E-6	-3.187114E-6	-3.572402E-11	1.206484E+2
0.000000E+0	2.896176E-8	-2.896176E-8	-3.246292E-13	1.216504E+2
0.000000E+0	1.305582E-8	-1.305582E-8	-1.463413E-13	1.226543E+2
5.000000E-2	3.194104E-6	3.194104E-6	3.580237E-11	1.236563E+2
1.000000E-1	8.329918E-6	8.329918E-6	9.336915E-11	1.246592E+2
1.500000E-1	1.629609E-5	1.629609E-5	1.826611E-10	1.266729E+2
2.000000E-1	2.881677E-5	2.881677E-5	3.230041E-10	1.273398E+2
2.500000E-1	4.568139E-5	4.568139E-5	5.120378E-10	1.280078E+2
3.000000E-1	7.691084E-5	7.691084E-5	8.620853E-10	1.286758E+2
3.500000E-1	1.218272E-4	1.218272E-4	1.365548E-9	1.306895E+2
4.000000E-1	1.945042E-4	1.945042E-4	2.180177E-9	1.313564E+2
4.500000E-1	3.022134E-4	3.022134E-4	3.387477E-9	1.320234E+2
5.000000E-1	4.272297E-4	4.272297E-4	4.788771E-9	1.326914E+2
5.000000E-1	4.623471E-4	4.623471E-4	5.182399E-9	1.333584E+2
4.500000E-1	3.206960E-4	3.206960E-4	3.594647E-9	1.340254E+2
4.000000E-1	1.972189E-4	1.972189E-4	2.210605E-9	1.346934E+2
3.500000E-1	1.454802E-4	1.454802E-4	1.630672E-9	1.353604E+2
3.000000E-1	8.691488E-5	8.691488E-5	9.742195E-10	1.367002E+2
2.500000E-1	5.364151E-5	5.364151E-5	6.012619E-10	1.373682E+2
2.000000E-1	3.015382E-5	3.015382E-5	3.379909E-10	1.380361E+2
1.500000E-1	1.716623E-5	1.716623E-5	1.924144E-10	1.387041E+2
1.000000E-1	9.779985E-6	9.779985E-6	1.096228E-10	1.416553E+2
5.000000E-2	3.995195E-6	3.995195E-6	4.478171E-11	1.434287E+2
0.000000E+0	5.294138E-9	5.294138E-9	5.934142E-14	1.444316E+2
-5.000000E-2	3.419654E-6	-3.419654E-6	-3.833053E-11	1.454346E+2
-1.000000E-1	8.395272E-6	-8.395272E-6	-9.410170E-11	1.464375E+2
-1.500000E-1	1.767070E-5	-1.767070E-5	-1.980690E-10	1.484512E+2
-2.000000E-1	3.483172E-5	-3.483172E-5	-3.904250E-10	1.491191E+2
-2.500000E-1	4.992386E-5	-4.992386E-5	-5.595912E-10	1.497861E+2
-3.000000E-1	7.777857E-5	-7.777857E-5	-8.718116E-10	1.504541E+2
-3.500000E-1	1.240814E-4	-1.240814E-4	-1.390815E-9	1.524678E+2
-4.000000E-1	1.762435E-4	-1.762435E-4	-1.975494E-9	1.531348E+2
-4.500000E-1	2.620975E-4	-2.620975E-4	-2.937823E-9	1.538018E+2
-5.000000E-1	3.770613E-4	-3.770613E-4	-4.226439E-9	1.544697E+2
-5.000000E-1	3.641238E-4	-3.641238E-4	-4.081424E-9	1.551367E+2
-4.500000E-1	2.639126E-4	-2.639126E-4	-2.958168E-9	1.558037E+2
-4.000000E-1	1.747438E-4	-1.747438E-4	-1.958685E-9	1.564707E+2
-3.500000E-1	1.148158E-4	-1.148158E-4	-1.286958E-9	1.571387E+2
-3.000000E-1	7.643036E-5	-7.643036E-5	-8.566997E-10	1.584785E+2
-2.500000E-1	5.477232E-5	-5.477232E-5	-6.139370E-10	1.591465E+2
-2.000000E-1	3.136255E-5	-3.136255E-5	-3.515395E-10	1.598135E+2
-1.500000E-1	1.828256E-5	-1.828256E-5	-2.049273E-10	1.604814E+2
-1.000000E-1	1.030355E-5	-1.030355E-5	-1.154914E-10	1.611494E+2
-5.000000E-2	3.963178E-6	-3.963178E-6	-4.442283E-11	1.629238E+2
0.000000E+0	6.402242E-9	6.402242E-9	7.176204E-14	1.639258E+2
0.000000E+0	1.206781E-8	-1.206781E-8	-1.352668E-13	1.649297E+2
5.000000E-2	3.747716E-6	3.747716E-6	4.200774E-11	1.659316E+2
1.000000E-1	9.955372E-6	9.955372E-6	1.115887E-10	1.681123E+2
1.500000E-1	1.865228E-5	1.865228E-5	2.090714E-10	1.687803E+2
2.000000E-1	3.065926E-5	3.065926E-5	3.436563E-10	1.694482E+2
2.500000E-1	4.881136E-5	4.881136E-5	5.471213E-10	1.701162E+2
3.000000E-1	8.563167E-5	8.563167E-5	9.598362E-10	1.707842E+2
3.500000E-1	1.557314E-4	1.557314E-4	1.745576E-9	1.727969E+2
4.000000E-1	2.574399E-4	2.574399E-4	2.885616E-9	1.734639E+2
4.500000E-1	3.922215E-4	3.922215E-4	4.396369E-9	1.741318E+2
5.000000E-1	5.169402E-4	5.169402E-4	5.794327E-9	1.747988E+2
5.000000E-1	4.724198E-4	4.724198E-4	5.295303E-9	1.754658E+2
4.500000E-1	3.357739E-4	3.357739E-4	3.763653E-9	1.761328E+2
4.000000E-1	2.276735E-4	2.276735E-4	2.551968E-9	1.768008E+2
3.500000E-1	1.525867E-4	1.525867E-4	1.710328E-9	1.774678E+2
3.000000E-1	9.364449E-5	9.364449E-5	1.049651E-9	1.781348E+2
2.500000E-1	5.522661E-5	5.522661E-5	6.190291E-10	1.794746E+2
2.000000E-1	3.205509E-5	3.205509E-5	3.593021E-10	1.801426E+2
1.500000E-1	1.854646E-5	1.854646E-5	2.078853E-10	1.808105E+2
1.000000E-1	9.976668E-6	9.976668E-6	1.118274E-10	1.814785E+2
5.000000E-2	3.680471E-6	3.680471E-6	4.125400E-11	1.832520E+2
0.000000E+0	1.041371E-8	-1.041371E-8	-1.167261E-13	1.842549E+2
-5.000000E-2	4.675218E-6	-4.675218E-6	-5.240401E-11	1.852578E+2
-1.000000E-1	9.720193E-6	-9.720193E-6	-1.089526E-10	1.872715E+2
-1.500000E-1	1.870839E-5	-1.870839E-5	-2.097003E-10	1.879395E+2
-2.000000E-1	4.009763E-5	-4.009763E-5	-4.494500E-10	1.886074E+2
-2.500000E-1	6.715089E-5	-6.715089E-5	-7.526871E-10	1.892754E+2
-3.000000E-1	9.566788E-5	-9.566788E-5	-1.072331E-9	1.912881E+2
-3.500000E-1	1.433021E-4	-1.433021E-4	-1.606258E-9	1.919551E+2
-4.000000E-1	1.993329E-4	-1.993329E-4	-2.234301E-9	1.926230E+2
-4.500000E-1	2.890410E-4	-2.890410E-4	-3.239829E-9	1.932900E+2
-5.000000E-1	4.312146E-4	-4.312146E-4	-4.833438E-9	1.939570E+2
-5.000000E-1	3.965893E-4	-3.965893E-4	-4.445327E-9	1.946250E+2
-4.500000E-1	2.731138E-4	-2.731138E-4	-3.061303E-9	1.952920E+2
-4.000000E-1	1.824189E-4	-1.824189E-4	-2.044714E-9	1.959590E+2
-3.500000E-1	1.192866E-4	-1.192866E-4	-1.337071E-9	1.966270E+2
-3.000000E-1	9.046772E-5	-9.046772E-5	-1.014043E-9	1.979668E+2
-2.500000E-1	5.651248E-5	-5.651248E-5	-6.334423E-10	1.986348E+2
-2.000000E-1	3.218905E-5	-3.218905E-5	-3.608036E-10	1.993027E+2
-1.500000E-1	1.693579E-5	-1.693579E-5	-1.898314E-10	1.999697E+2
-1.000000E-1	8.857494E-6	-8.857494E-6	-9.928269E-11	2.037559E+2
-5.000000E-2	4.160091E-6	-4.160091E-6	-4.663001E-11	2.055293E+2
0.000000E+0	2.922424E-8	-2.922424E-8	-3.275713E-13	2.065322E+2
0.000000E+0	1.580070E-8	-1.580070E-8	-1.771083E-13	2.075352E+2
5.000000E-2	2.931122E-6	2.931122E-6	3.285463E-11	2.085381E+2
1.000000E-1	9.451585E-6	9.451585E-6	1.059418E-10	2.115527E+2
1.500000E-1	1.966878E-5	1.966878E-5	2.204652E-10	2.122207E+2
2.000000E-1	3.302254E-5	3.302254E-5	3.701461E-10	2.128887E+2
2.500000E-1	6.146092E-5	6.146092E-5	6.889089E-10	2.135566E+2
3.000000E-1	9.962411E-5	9.962411E-5	1.116676E-9	2.155693E+2
3.500000E-1	1.496028E-4	1.496028E-4	1.676882E-9	2.162363E+2
4.000000E-1	2.475228E-4	2.475228E-4	2.774456E-9	2.169033E+2
4.500000E-1	3.594658E-4	3.594658E-4	4.029213E-9	2.175713E+2
5.000000E-1	5.667558E-4	5.667558E-4	6.352705E-9	2.182383E+2
5.000000E-1	5.232634E-4	5.232634E-4	5.865203E-9	2.189053E+2
4.500000E-1	3.640521E-4	3.640521E-4	4.080621E-9	2.195732E+2
4.000000E-1	2.288606E-4	2.288606E-4	2.565274E-9	2.202402E+2
3.500000E-1	1.659449E-4	1.659449E-4	1.860058E-9	2.209072E+2
3.000000E-1	1.095144E-4	1.095144E-4	1.227535E-9	2.215742E+2
2.500000E-1	6.287206E-5	6.287206E-5	7.047261E-10	2.229141E+2
2.000000E-1	3.490240E-5	3.490240E-5	3.912172E-10	2.235820E+2
1.500000E-1	1.836084E-5	1.836084E-5	2.058047E-10	2.242500E+2
1.000000E-1	1.166242E-5	1.166242E-5	1.307228E-10	2.249180E+2
5.000000E-2	4.674117E-6	4.674117E-6	5.239167E-11	2.266914E+2
0.000000E+0	8.849976E-9	8.849976E-9	9.919843E-14	2.276943E+2
-5.000000E-2	3.993822E-6	-3.993822E-6	-4.476632E-11	2.286973E+2
-1.000000E-1	1.026528E-5	-1.026528E-5	-1.150624E-10	2.307109E+2
-1.500000E-1	2.302978E-5	-2.302978E-5	-2.581383E-10	2.313789E+2
-2.000000E-1	3.575429E-5	-3.575429E-5	-4.007660E-10	2.320469E+2
-2.500000E-1	6.661549E-5	-6.661549E-5	-7.466859E-10	2.327148E+2
-3.000000E-1	1.138517E-4	-1.138517E-4	-1.276152E-9	2.347275E+2
-3.500000E-1	1.637005E-4	-1.637005E-4	-1.834901E-9	2.353945E+2
-4.000000E-1	2.269805E-4	-2.269805E-4	-2.544200E-9	2.360625E+2
-4.500000E-1	3.395459E-4	-3.395459E-4	-3.805934E-9	2.367295E+2
-5.000000E-1	4.918767E-4	-4.918767E-4	-5.513393E-9	2.373965E+2
-5.000000E-1	4.774537E-4	-4.774537E-4	-5.351727E-9	2.380645E+2
-4.500000E-1	3.418991E-4	-3.418991E-4	-3.832310E-9	2.387314E+2
-4.000000E-1	2.141301E-4	-2.141301E-4	-2.400161E-9	2.393984E+2
-3.500000E-1	1.450758E-4	-1.450758E-4	-1.626139E-9	2.400654E+2
-3.000000E-1	9.374165E-5	-9.374165E-5	-1.050740E-9	2.407334E+2
-2.500000E-1	5.781447E-5	-5.781447E-5	-6.480362E-10	2.420732E+2
-2.000000E-1	3.038859E-5	-3.038859E-5	-3.406224E-10	2.427412E+2
-1.500000E-1	1.756048E-5	-1.756048E-5	-1.968335E-10	2.434092E+2
-1.000000E-1	1.069643E-5	-1.069643E-5	-1.198951E-10	2.440771E+2
-5.000000E-2	4.244679E-6	-4.244679E-6	-4.757815E-11	2.458506E+2
0.000000E+0	3.090682E-8	-3.090682E-8	-3.464312E-13	2.468535E+2
0.000000E+0	1.813453E-8	-1.813453E-8	-2.032680E-13	2.478564E+2
5.000000E-2	3.442781E-6	3.442781E-6	3.858976E-11	2.488584E+2
1.000000E-1	8.425445E-6	8.425445E-6	9.443991E-11	2.498613E+2
1.500000E-1	2.320518E-5	2.320518E-5	2.601044E-10	2.518750E+2
2.000000E-1	3.554813E-5	3.554813E-5	3.984552E-10	2.525430E+2
2.500000E-1	5.967037E-5	5.967037E-5	6.688387E-10	2.532109E+2
3.000000E-1	1.032302E-4	1.032302E-4	1.157096E-9	2.552236E+2
3.500000E-1	1.539147E-4	1.539147E-4	1.725213E-9	2.558906E+2
4.000000E-1	2.489402E-4	2.489402E-4	2.790344E-9	2.565576E+2
4.500000E-1	3.453103E-4	3.453103E-4	3.870546E-9	2.572256E+2
5.000000E-1	5.059959E-4	5.059959E-4	5.671654E-9	2.578926E+2
5.000000E-1	5.001434E-4	5.001434E-4	5.606053E-9	2.585596E+2
4.500000E-1	3.506301E-4	3.506301E-4	3.930175E-9	2.592266E+2
4.000000E-1	2.471805E-4	2.471805E-4	2.770619E-9	2.598945E+2
3.500000E-1	1.693622E-4	1.693622E-4	1.898363E-9	2.605615E+2
3.000000E-1	1.062967E-4	1.062967E-4	1.191468E-9	2.612285E+2
2.500000E-1	6.944805E-5	6.944805E-5	7.784357E-10	2.625684E+2
2.000000E-1	4.775692E-5	4.775692E-5	5.353022E-10	2.632363E+2
1.500000E-1	2.390600E-5	2.390600E-5	2.679598E-10	2.639043E+2
1.000000E-1	1.239753E-5	1.239753E-5	1.389626E-10	2.645723E+2
5.000000E-2	5.014490E-6	5.014490E-6	5.620688E-11	2.663457E+2
0.000000E+0	4.842230E-9	4.842230E-9	5.427603E-14	2.673486E+2
-5.000000E-2	4.880682E-6	-4.880682E-6	-5.470704E-11	2.683516E+2
-1.000000E-1	1.130051E-5	-1.130051E-5	-1.266662E-10	2.703652E+2
-1.500000E-1	2.301810E-5	-2.301810E-5	-2.580074E-10	2.710332E+2
-2.000000E-1	4.499234E-5	-4.499234E-5	-5.043143E-10	2.717012E+2
-2.500000E-1	6.971813E-5	-6.971813E-5	-7.814630E-10	2.723691E+2
-3.000000E-1	1.039964E-4	-1.039964E-4	-1.165684E-9	2.743818E+2
-3.500000E-1	1.551782E-4	-1.551782E-4	-1.739376E-9	2.750488E+2
-4.000000E-1	2.223641E-4	-2.223641E-4	-2.492455E-9	2.757168E+2
-4.500000E-1	3.491763E-4	-3.491763E-4	-3.913880E-9	2.763838E+2
-5.000000E-1	5.007744E-4	-5.007744E-4	-5.613127E-9	2.770508E+2
-5.000000E-1	4.973659E-4	-4.973659E-4	-5.574921E-9	2.777178E+2
-4.500000E-1	3.284633E-4	-3.284633E-4	-3.681710E-9	2.783857E+2
-4.000000E-1	2.245958E-4	-2.245958E-4	-2.517470E-9	2.790527E+2
-3.500000E-1	1.518803E-4	-1.518803E-4	-1.702410E-9	2.797197E+2
-3.000000E-1	9.473613E-5	-9.473613E-5	-1.061887E-9	2.803877E+2
-2.500000E-1	5.496580E-5	-5.496580E-5	-6.161057E-10	2.817275E+2
-2.000000E-1	4.039864E-5	-4.039864E-5	-4.528240E-10	2.823955E+2
-1.500000E-1	2.639267E-5	-2.639267E-5	-2.958326E-10	2.830635E+2
-1.000000E-1	1.387659E-5	-1.387659E-5	-1.555412E-10	2.837314E+2
-5.000000E-2	5.295214E-6	-5.295214E-6	-5.935348E-11	2.855049E+2
0.000000E+0	2.304857E-8	-2.304857E-8	-2.583489E-13	2.865068E+2
0.000000E+0	1.734461E-8	-1.734461E-8	-1.944139E-13	2.875107E+2
5.000000E-2	5.746026E-6	5.746026E-6	6.440659E-11	2.885127E+2
1.000000E-1	1.270438E-5	1.270438E-5	1.424020E-10	2.905264E+2
1.500000E-1	2.199358E-5	2.199358E-5	2.465237E-10	2.911943E+2
2.000000E-1	4.181265E-5	4.181265E-5	4.686735E-10	2.918623E+2
2.500000E-1	7.637136E-5	7.637136E-5	8.560383E-10	2.925303E+2
3.000000E-1	1.095879E-4	1.095879E-4	1.228359E-9	2.945430E+2
3.500000E-1	1.706057E-4	1.706057E-4	1.912301E-9	2.952100E+2
4.000000E-1	2.534928E-4	2.534928E-4	2.841374E-9	2.958779E+2
4.500000E-1	3.717603E-4	3.717603E-4	4.167021E-9	2.965449E+2
5.000000E-1	5.716165E-4	5.716165E-4	6.407188E-9	2.972119E+2
5.000000E-1	5.477969E-4	5.477969E-4	6.140197E-9	2.978799E+2
4.500000E-1	3.763789E-4	3.763789E-4	4.218791E-9	2.985469E+2
4.000000E-1	2.562365E-4	2.562365E-4	2.872127E-9	2.992139E+2
3.500000E-1	1.728329E-4	1.728329E-4	1.937265E-9	2.998818E+2
3.000000E-1	1.075925E-4	1.075925E-4	1.205993E-9	3.005488E+2
2.500000E-1	6.780791E-5	6.780791E-5	7.600515E-10	3.018887E+2
2.000000E-1	4.276555E-5	4.276555E-5	4.793544E-10	3.025566E+2
1.500000E-1	2.873643E-5	2.873643E-5	3.221036E-10	3.032246E+2
1.000000E-1	1.420490E-5	1.420490E-5	1.592212E-10	3.038926E+2
5.000000E-2	5.504888E-6	5.504888E-6	6.170370E-11	3.056660E+2
0.000000E+0	1.578584E-9	-1.578584E-9	-1.769418E-14	3.066689E+2
-5.000000E-2	5.331443E-6	-5.331443E-6	-5.975957E-11	3.076719E+2
-1.000000E-1	1.494180E-5	-1.494180E-5	-1.674810E-10	3.096855E+2
-1.500000E-1	2.373413E-5	-2.373413E-5	-2.660333E-10	3.103525E+2
-2.000000E-1	4.767988E-5	-4.767988E-5	-5.344386E-10	3.110205E+2
-2.500000E-1	7.018633E-5	-7.018633E-5	-7.867110E-10	3.116885E+2
-3.000000E-1	9.834380E-5	-9.834380E-5	-1.102325E-9	3.137021E+2
-3.500000E-1	1.644550E-4	-1.644550E-4	-1.843358E-9	3.143691E+2
-4.000000E-1	2.460274E-4	-2.460274E-4	-2.757694E-9	3.150361E+2
-4.500000E-1	3.445036E-4	-3.445036E-4	-3.861504E-9	3.157041E+2
-5.000000E-1	5.545864E-4	-5.545864E-4	-6.216299E-9	3.163711E+2
-5.000000E-1	5.405084E-4	-5.405084E-4	-6.058500E-9	3.170381E+2
-4.500000E-1	3.522608E-4	-3.522608E-4	-3.948453E-9	3.177061E+2
-4.000000E-1	2.341815E-4	-2.341815E-4	-2.624915E-9	3.183730E+2
-3.500000E-1	1.519063E-4	-1.519063E-4	-1.702701E-9	3.190400E+2
-3.000000E-1	9.775801E-5	-9.775801E-5	-1.095759E-9	3.197070E+2
-2.500000E-1	6.324729E-5	-6.324729E-5	-7.089321E-10	3.210479E+2
-2.000000E-1	3.886889E-5	-3.886889E-5	-4.356772E-10	3.217158E+2
-1.500000E-1	2.092731E-5	-2.092731E-5	-2.345720E-10	3.223828E+2
-1.000000E-1	1.180833E-5	-1.180833E-5	-1.323583E-10	3.230508E+2
-5.000000E-2	5.317147E-6	-5.317147E-6	-5.959933E-11	3.248252E+2
0.000000E+0	3.126463E-8	-3.126463E-8	-3.504419E-13	3.258271E+2
0.000000E+0	1.490679E-8	-1.490679E-8	-1.670886E-13	3.268311E+2
5.000000E-2	4.782827E-6	4.782827E-6	5.361019E-11	3.278330E+2
1.000000E-1	1.113193E-5	1.113193E-5	1.247766E-10	3.298467E+2
1.500000E-1	2.477447E-5	2.477447E-5	2.776943E-10	3.305146E+2
2.000000E-1	4.213174E-5	4.213174E-5	4.722502E-10	3.311826E+2
2.500000E-1	7.231476E-5	7.231476E-5	8.105684E-10	3.318496E+2
3.000000E-1	1.466040E-4	1.466040E-4	1.643268E-9	3.338633E+2
3.500000E-1	2.032162E-4	2.032162E-4	2.277829E-9	3.345303E+2
4.000000E-1	2.707697E-4	2.707697E-4	3.035028E-9	3.351973E+2
4.500000E-1	4.276907E-4	4.276907E-4	4.793939E-9	3.358643E+2
5.000000E-1	6.194783E-4	6.194783E-4	6.943665E-9	3.365322E+2
5.000000E-1	6.241965E-4	6.241965E-4	6.996551E-9	3.371992E+2
4.500000E-1	4.506395E-4	4.506395E-4	5.051170E-9	3.378662E+2
4.000000E-1	3.098590E-4	3.098590E-4	3.473176E-9	3.385342E+2
3.500000E-1	2.054553E-4	2.054553E-4	2.302926E-9	3.392012E+2
3.000000E-1	1.338488E-4	1.338488E-4	1.500297E-9	3.398682E+2
2.500000E-1	7.695727E-5	7.695727E-5	8.626057E-10	3.412080E+2
2.000000E-1	4.575870E-5	4.575870E-5	5.129044E-10	3.418760E+2
1.500000E-1	2.630011E-5	2.630011E-5	2.947951E-10	3.425439E+2
1.000000E-1	1.280034E-5	1.280034E-5	1.434776E-10	3.432119E+2
5.000000E-2	5.261393E-6	5.261393E-6	5.897439E-11	3.449863E+2
0.000000E+0	1.114295E-11	-1.114295E-11	-1.249001E-16	3.459883E+2
-5.000000E-2	5.635980E-6	-5.635980E-6	-6.317309E-11	3.469912E+2
-1.000000E-1	1.174492E-5	-1.174492E-5	-1.316476E-10	3.490049E+2
-1.500000E-1	2.688913E-5	-2.688913E-5	-3.013974E-10	3.496729E+2
-2.000000E-1	4.503213E-5	-4.503213E-5	-5.047603E-10	3.503408E+2
-2.500000E-1	7.461368E-5	-7.461368E-5	-8.363367E-10	3.510088E+2
-3.000000E-1	1.160663E-4	-1.160663E-4	-1.300975E-9	3.530215E+2
-3.500000E-1	1.665190E-4	-1.665190E-4	-1.866494E-9	3.536885E+2
-4.000000E-1	2.478739E-4	-2.478739E-4	-2.778392E-9	3.543564E+2
-4.500000E-1	3.497600E-4	-3.497600E-4	-3.920422E-9	3.550234E+2
-5.000000E-1	5.470386E-4	-5.470386E-4	-6.131697E-9	3.556904E+2
-5.000000E-1	5.268696E-4	-5.268696E-4	-5.905625E-9	3.563574E+2
-4.500000E-1	3.621220E-4	-3.621220E-4	-4.058987E-9	3.570254E+2
-4.000000E-1	2.449826E-4	-2.449826E-4	-2.745984E-9	3.576924E+2
-3.500000E-1	1.696456E-4	-1.696456E-4	-1.901539E-9	3.583594E+2
-3.000000E-1	1.102170E-4	-1.102170E-4	-1.235410E-9	3.590264E+2
-2.500000E-1	7.463654E-5	-7.463654E-5	-8.365929E-10	3.603662E+2
-2.000000E-1	4.701489E-5	-4.701489E-5	-5.269848E-10	3.610342E+2
-1.500000E-1	2.876440E-5	-2.876440E-5	-3.224170E-10	3.617021E+2
-1.000000E-1	1.445846E-5	-1.445846E-5	-1.620633E-10	3.623701E+2
-5.000000E-2	5.842768E-6	-5.842768E-6	-6.549096E-11	3.641445E+2
0.000000E+0	3.113958E-8	-3.113958E-8	-3.490402E-13	3.651465E+2
0.000000E+0	2.298171E-8	-2.298171E-8	-2.575995E-13	3.661504E+2
5.000000E-2	5.025734E-6	5.025734E-6	5.633291E-11	3.671523E+2
1.000000E-1	1.107383E-5	1.107383E-5	1.241254E-10	3.691660E+2
1.500000E-1	2.434736E-5	2.434736E-5	2.729069E-10	3.698340E+2
2.000000E-1	4.614155E-5	4.614155E-5	5.171956E-10	3.705020E+2
2.500000E-1	7.806561E-5	7.806561E-5	8.750290E-10	3.711699E+2
3.000000E-1	1.309045E-4	1.309045E-4	1.467295E-9	3.731826E+2
3.500000E-1	1.882178E-4	1.882178E-4	2.109713E-9	3.738496E+2
4.000000E-1	3.073831E-4	3.073831E-4	3.445424E-9	3.745176E+2
4.500000E-1	4.840283E-4	4.840283E-4	5.425421E-9	3.751846E+2
5.000000E-1	6.577770E-4	6.577770E-4	7.372951E-9	3.758516E+2
5.000000E-1	6.852898E-4	6.852898E-4	7.681340E-9	3.765195E+2
4.500000E-1	4.638437E-4	4.638437E-4	5.199174E-9	3.771865E+2
4.000000E-1	3.129815E-4	3.129815E-4	3.508176E-9	3.778535E+2
3.500000E-1	2.192404E-4	2.192404E-4	2.457442E-9	3.785205E+2
3.000000E-1	1.322766E-4	1.322766E-4	1.482674E-9	3.791885E+2
2.500000E-1	7.816617E-5	7.816617E-5	8.761562E-10	3.805283E+2
2.000000E-1	4.931969E-5	4.931969E-5	5.528191E-10	3.811963E+2
1.500000E-1	2.945644E-5	2.945644E-5	3.301741E-10	3.818643E+2
1.000000E-1	1.420153E-5	1.420153E-5	1.591834E-10	3.825312E+2
5.000000E-2	5.963869E-6	5.963869E-6	6.684837E-11	3.843057E+2
0.000000E+0	8.093494E-9	8.093494E-9	9.071910E-14	3.853076E+2
-5.000000E-2	6.740234E-6	-6.740234E-6	-7.555055E-11	3.863115E+2
-1.000000E-1	1.451110E-5	-1.451110E-5	-1.626534E-10	3.883242E+2
-1.500000E-1	3.166383E-5	-3.166383E-5	-3.549165E-10	3.889922E+2
-2.000000E-1	5.344903E-5	-5.344903E-5	-5.991044E-10	3.896602E+2
-2.500000E-1	9.000060E-5	-9.000060E-5	-1.008807E-9	3.903281E+2
-3.000000E-1	1.304301E-4	-1.304301E-4	-1.461977E-9	3.923408E+2
-3.500000E-1	2.077002E-4	-2.077002E-4	-2.328089E-9	3.930088E+2
-4.000000E-1	2.845795E-4	-2.845795E-4	-3.189821E-9	3.936758E+2
-4.500000E-1	4.088696E-4	-4.088696E-4	-4.582975E-9	3.943428E+2
-5.000000E-1	6.042888E-4	-6.042888E-4	-6.773408E-9	3.950107E+2
-5.000000E-1	5.706507E-4	-5.706507E-4	-6.396362E-9	3.956777E+2
-4.500000E-1	3.873647E-4	-3.873647E-4	-4.341929E-9	3.963447E+2
-4.000000E-1	2.532060E-4	-2.532060E-4	-2.838159E-9	3.970127E+2
-3.500000E-1	1.678881E-4	-1.678881E-4	-1.881840E-9	3.976797E+2
-3.000000E-1	1.068702E-4	-1.068702E-4	-1.197896E-9	3.983467E+2
-2.500000E-1	7.390532E-5	-7.390532E-5	-8.283968E-10	3.996865E+2
-2.000000E-1	4.471477E-5	-4.471477E-5	-5.012030E-10	4.003545E+2
-1.500000E-1	2.456567E-5	-2.456567E-5	-2.753539E-10	4.010225E+2
-1.000000E-1	1.347495E-5	-1.347495E-5	-1.510393E-10	4.016904E+2
-5.000000E-2	4.769686E-6	-4.769686E-6	-5.346290E-11	4.034639E+2
0.000000E+0	1.493898E-8	-1.493898E-8	-1.674494E-13	4.044668E+2
0.000000E+0	8.819023E-9	-8.819023E-9	-9.885148E-14	4.054697E+2
5.000000E-2	5.306060E-6	5.306060E-6	5.947506E-11	4.064727E+2
1.000000E-1	1.359134E-5	1.359134E-5	1.523439E-10	4.084854E+2
1.500000E-1	3.200231E-5	3.200231E-5	3.587104E-10	4.091533E+2
2.000000E-1	5.410058E-5	5.410058E-5	6.064076E-10	4.098213E+2
2.500000E-1	8.696828E-5	8.696828E-5	9.748181E-10	4.104893E+2
3.000000E-1	1.470295E-4	1.470295E-4	1.648038E-9	4.125029E+2
3.500000E-1	2.386131E-4	2.386131E-4	2.674589E-9	4.131699E+2
4.000000E-1	3.600017E-4	3.600017E-4	4.035220E-9	4.138369E+2
4.500000E-1	4.803117E-4	4.803117E-4	5.383762E-9	4.145049E+2
5.000000E-1	7.295115E-4	7.295115E-4	8.177016E-9	4.151719E+2
5.000000E-1	7.109206E-4	7.109206E-4	7.968632E-9	4.158389E+2
4.500000E-1	5.153665E-4	5.153665E-4	5.776688E-9	4.165068E+2
4.000000E-1	3.316518E-4	3.316518E-4	3.717449E-9	4.171738E+2
3.500000E-1	2.347746E-4	2.347746E-4	2.631563E-9	4.178408E+2
3.000000E-1	1.558792E-4	1.558792E-4	1.747233E-9	4.185078E+2
2.500000E-1	9.971762E-5	9.971762E-5	1.117724E-9	4.191748E+2
2.000000E-1	5.468576E-5	5.468576E-5	6.129668E-10	4.205156E+2
1.500000E-1	2.891887E-5	2.891887E-5	3.241485E-10	4.211836E+2
1.000000E-1	1.438156E-5	1.438156E-5	1.612014E-10	4.218516E+2
5.000000E-2	5.401583E-6	5.401583E-6	6.054576E-11	4.236250E+2
0.000000E+0	4.592132E-9	4.592132E-9	5.147271E-14	4.246270E+2
-5.000000E-2	6.004207E-6	-6.004207E-6	-6.730051E-11	4.256309E+2
-1.000000E-1	1.611338E-5	-1.611338E-5	-1.806131E-10	4.276436E+2
-1.500000E-1	2.999225E-5	-2.999225E-5	-3.361799E-10	4.283115E+2
-2.000000E-1	5.405667E-5	-5.405667E-5	-6.059154E-10	4.289795E+2
-2.500000E-1	9.265973E-5	-9.265973E-5	-1.038613E-9	4.309922E+2
-3.000000E-1	1.466567E-4	-1.466567E-4	-1.643859E-9	4.316602E+2
-3.500000E-1	2.273011E-4	-2.273011E-4	-2.547794E-9	4.323271E+2
-4.000000E-1	3.229400E-4	-3.229400E-4	-3.619800E-9	4.329941E+2
-4.500000E-1	4.523713E-4	-4.523713E-4	-5.070581E-9	4.336611E+2
-5.000000E-1	6.289020E-4	-6.289020E-4	-7.049295E-9	4.343281E+2
-5.000000E-1	6.404396E-4	-6.404396E-4	-7.178619E-9	4.349961E+2
-4.500000E-1	4.460410E-4	-4.460410E-4	-4.999626E-9	4.356631E+2
-4.000000E-1	2.913674E-4	-2.913674E-4	-3.265906E-9	4.363301E+2
-3.500000E-1	1.972570E-4	-1.972570E-4	-2.211032E-9	4.369971E+2
-3.000000E-1	1.290592E-4	-1.290592E-4	-1.446611E-9	4.376641E+2
-2.500000E-1	7.737624E-5	-7.737624E-5	-8.673019E-10	4.390039E+2
-2.000000E-1	4.988473E-5	-4.988473E-5	-5.591526E-10	4.396719E+2
-1.500000E-1	2.743715E-5	-2.743715E-5	-3.075401E-10	4.403398E+2
-1.000000E-1	1.349032E-5	-1.349032E-5	-1.512115E-10	4.410078E+2
-5.000000E-2	6.281876E-6	-6.281876E-6	-7.041288E-11	4.427812E+2
0.000000E+0	3.662438E-8	-3.662438E-8	-4.105188E-13	4.437842E+2
0.000000E+0	1.940235E-8	-1.940235E-8	-2.174788E-13	4.447871E+2
5.000000E-2	5.570518E-6	5.570518E-6	6.243933E-11	4.457891E+2
1.000000E-1	1.314967E-5	1.314967E-5	1.473932E-10	4.478027E+2
1.500000E-1	2.593117E-5	2.593117E-5	2.906597E-10	4.484707E+2
2.000000E-1	4.528281E-5	4.528281E-5	5.075701E-10	4.491377E+2
2.500000E-1	8.349317E-5	8.349317E-5	9.358659E-10	4.498057E+2
3.000000E-1	1.416370E-4	1.416370E-4	1.587594E-9	4.518184E+2
3.500000E-1	2.262821E-4	2.262821E-4	2.536372E-9	4.524863E+2
4.000000E-1	3.284651E-4	3.284651E-4	3.681730E-9	4.531533E+2
4.500000E-1	5.156018E-4	5.156018E-4	5.779325E-9	4.538203E+2
5.000000E-1	7.587260E-4	7.587260E-4	8.504478E-9	4.544873E+2
5.000000E-1	7.463452E-4	7.463452E-4	8.365703E-9	4.551543E+2
4.500000E-1	4.977883E-4	4.977883E-4	5.579656E-9	4.558223E+2
4.000000E-1	3.506934E-4	3.506934E-4	3.930885E-9	4.564893E+2
3.500000E-1	2.404056E-4	2.404056E-4	2.694680E-9	4.571562E+2
3.000000E-1	1.500210E-4	1.500210E-4	1.681569E-9	4.578232E+2
2.500000E-1	9.538561E-5	9.538561E-5	1.069167E-9	4.584902E+2
2.000000E-1	5.519337E-5	5.519337E-5	6.186565E-10	4.598301E+2
1.500000E-1	3.137488E-5	3.137488E-5	3.516777E-10	4.604980E+2
1.000000E-1	1.825831E-5	1.825831E-5	2.046554E-10	4.611660E+2
5.000000E-2	6.178160E-6	6.178160E-6	6.925033E-11	4.629395E+2
0.000000E+0	5.057659E-9	5.057659E-9	5.669076E-14	4.639424E+2
-5.000000E-2	5.535903E-6	-5.535903E-6	-6.205134E-11	4.649453E+2
-1.000000E-1	1.579563E-5	-1.579563E-5	-1.770515E-10	4.669580E+2
-1.500000E-1	3.330605E-5	-3.330605E-5	-3.733239E-10	4.676260E+2
-2.000000E-1	5.436711E-5	-5.436711E-5	-6.093951E-10	4.682939E+2
-2.500000E-1	9.432841E-5	-9.432841E-5	-1.057317E-9	4.709736E+2
-3.000000E-1	1.441955E-4	-1.441955E-4	-1.616272E-9	4.716406E+2
-3.500000E-1	2.159421E-4	-2.159421E-4	-2.420472E-9	4.723076E+2
-4.000000E-1	3.194441E-4	-3.194441E-4	-3.580614E-9	4.729746E+2
-4.500000E-1	4.718336E-4	-4.718336E-4	-5.288732E-9	4.736426E+2
-5.000000E-1	6.474827E-4	-6.474827E-4	-7.257564E-9	4.743096E+2
-5.000000E-1	6.090334E-4	-6.090334E-4	-6.826590E-9	4.749766E+2
-4.500000E-1	4.411414E-4	-4.411414E-4	-4.944707E-9	4.756436E+2
-4.000000E-1	3.221992E-4	-3.221992E-4	-3.611496E-9	4.763105E+2
-3.500000E-1	2.047669E-4	-2.047669E-4	-2.295210E-9	4.769785E+2
-3.000000E-1	1.347073E-4	-1.347073E-4	-1.509920E-9	4.776455E+2
-2.500000E-1	7.099189E-5	-7.099189E-5	-7.957405E-10	4.789854E+2
-2.000000E-1	4.729071E-5	-4.729071E-5	-5.300765E-10	4.796533E+2
-1.500000E-1	2.428551E-5	-2.428551E-5	-2.722137E-10	4.803203E+2
-1.000000E-1	1.346973E-5	-1.346973E-5	-1.509807E-10	4.809883E+2
-5.000000E-2	6.029019E-6	-6.029019E-6	-6.757862E-11	4.827617E+2
0.000000E+0	2.908557E-8	-2.908557E-8	-3.260170E-13	4.837646E+2
0.000000E+0	2.389543E-8	-2.389543E-8	-2.678413E-13	4.847676E+2
5.000000E-2	6.228541E-6	6.228541E-6	6.981505E-11	4.857695E+2
1.000000E-1	1.487637E-5	1.487637E-5	1.667476E-10	4.877832E+2
1.500000E-1	3.087653E-5	3.087653E-5	3.460917E-10	4.884512E+2
2.000000E-1	5.918496E-5	5.918496E-5	6.633979E-10	4.891191E+2
2.500000E-1	1.162264E-4	1.162264E-4	1.302769E-9	4.911318E+2
3.000000E-1	1.702852E-4	1.702852E-4	1.908709E-9	4.917988E+2
3.500000E-1	2.370514E-4	2.370514E-4	2.657084E-9	4.924658E+2
4.000000E-1	3.860514E-4	3.860514E-4	4.327209E-9	4.931328E+2
4.500000E-1	5.019800E-4	5.019800E-4	5.626640E-9	4.938008E+2
5.000000E-1	7.209022E-4	7.209022E-4	8.080515E-9	4.944678E+2
5.000000E-1	7.229861E-4	7.229861E-4	8.103873E-9	4.951348E+2
4.500000E-1	4.876407E-4	4.876407E-4	5.465912E-9	4.958018E+2
4.000000E-1	3.817756E-4	3.817756E-4	4.279282E-9	4.964688E+2
3.500000E-1	2.579271E-4	2.579271E-4	2.891077E-9	4.971367E+2
3.000000E-1	1.623308E-4	1.623308E-4	1.819548E-9	4.978037E+2
2.500000E-1	9.684213E-5	9.684213E-5	1.085493E-9	4.984707E+2
2.000000E-1	5.628915E-5	5.628915E-5	6.309390E-10	4.998105E+2
1.500000E-1	3.231951E-5	3.231951E-5	3.622659E-10	5.004785E+2
1.000000E-1	1.585092E-5	1.585092E-5	1.776713E-10	5.011455E+2
5.000000E-2	6.404846E-6	6.404846E-6	7.179123E-11	5.029199E+2
0.000000E+0	1.745728E-9	-1.745728E-9	-1.956768E-14	5.039219E+2
-5.000000E-2	6.576642E-6	-6.576642E-6	-7.371687E-11	5.049248E+2
-1.000000E-1	1.672891E-5	-1.672891E-5	-1.875125E-10	5.069385E+2
-1.500000E-1	3.405824E-5	-3.405824E-5	-3.817551E-10	5.076064E+2
-2.000000E-1	5.696472E-5	-5.696472E-5	-6.385114E-10	5.082734E+2
-2.500000E-1	9.283915E-5	-9.283915E-5	-1.040624E-9	5.102871E+2
-3.000000E-1	1.527627E-4	-1.527627E-4	-1.712301E-9	5.109541E+2
-3.500000E-1	2.251437E-4	-2.251437E-4	-2.523611E-9	5.116211E+2
-4.000000E-1	3.269564E-4	-3.269564E-4	-3.664819E-9	5.122881E+2
-4.500000E-1	5.108201E-4	-5.108201E-4	-5.725728E-9	5.129551E+2
-5.000000E-1	6.909130E-4	-6.909130E-4	-7.744370E-9	5.136230E+2
-5.000000E-1	6.463642E-4	-6.463642E-4	-7.245027E-9	5.142900E+2
-4.500000E-1	4.551848E-4	-4.551848E-4	-5.102117E-9	5.149570E+2
-4.000000E-1	3.148158E-4	-3.148158E-4	-3.528736E-9	5.156240E+2
-3.500000E-1	2.223788E-4	-2.223788E-4	-2.492620E-9	5.162910E+2
-3.000000E-1	1.448880E-4	-1.448880E-4	-1.624034E-9	5.169590E+2
-2.500000E-1	7.706247E-5	-7.706247E-5	-8.637849E-10	5.182988E+2
-2.000000E-1	5.070020E-5	-5.070020E-5	-5.682931E-10	5.189658E+2
-1.500000E-1	2.823072E-5	-2.823072E-5	-3.164351E-10	5.196338E+2
-1.000000E-1	1.398101E-5	-1.398101E-5	-1.567116E-10	5.203018E+2
-5.000000E-2	6.411254E-6	-6.411254E-6	-7.186306E-11	5.220752E+2
0.000000E+0	3.551876E-8	-3.551876E-8	-3.981260E-13	5.230781E+2
0.000000E+0	2.581201E-8	-2.581201E-8	-2.893241E-13	5.240811E+2
5.000000E-2	5.559342E-6	5.559342E-6	6.231407E-11	5.250830E+2
1.000000E-1	1.330437E-5	1.330437E-5	1.491272E-10	5.270967E+2
1.500000E-1	2.711018E-5	2.711018E-5	3.038751E-10	5.277646E+2
2.000000E-1	4.723010E-5	4.723010E-5	5.293971E-10	5.284326E+2
2.500000E-1	8.506391E-5	8.506391E-5	9.534722E-10	5.290996E+2
3.000000E-1	1.401193E-4	1.401193E-4	1.570582E-9	5.311133E+2
3.500000E-1	2.386046E-4	2.386046E-4	2.674493E-9	5.317803E+2
4.000000E-1	3.673596E-4	3.673596E-4	4.117694E-9	5.324473E+2
4.500000E-1	5.630853E-4	5.630853E-4	6.311563E-9	5.331143E+2
5.000000E-1	8.337046E-4	8.337046E-4	9.344905E-9	5.337813E+2
5.000000E-1	8.489050E-4	8.489050E-4	9.515285E-9	5.344492E+2
4.500000E-1	5.523181E-4	5.523181E-4	6.190874E-9	5.351162E+2
4.000000E-1	3.627905E-4	3.627905E-4	4.066480E-9	5.357832E+2
3.500000E-1	2.596287E-4	2.596287E-4	2.910150E-9	5.364502E+2
3.000000E-1	1.587299E-4	1.587299E-4	1.779186E-9	5.371172E+2
2.500000E-1	9.494721E-5	9.494721E-5	1.064253E-9	5.377852E+2
2.000000E-1	5.752632E-5	5.752632E-5	6.448063E-10	5.391250E+2
1.500000E-1	2.968523E-5	2.968523E-5	3.327385E-10	5.397920E+2
1.000000E-1	1.626766E-5	1.626766E-5	1.823425E-10	5.404600E+2
5.000000E-2	6.014459E-6	6.014459E-6	6.741542E-11	5.422334E+2
0.000000E+0	5.845095E-9	5.845095E-9	6.551704E-14	5.432363E+2
-5.000000E-2	6.033201E-6	-6.033201E-6	-6.762550E-11	5.442393E+2
-1.000000E-1	1.554942E-5	-1.554942E-5	-1.742918E-10	5.462529E+2
-1.500000E-1	3.079335E-5	-3.079335E-5	-3.451593E-10	5.469199E+2
-2.000000E-1	5.741664E-5	-5.741664E-5	-6.435769E-10	5.475879E+2
-2.500000E-1	9.148968E-5	-9.148968E-5	-1.025498E-9	5.482559E+2
-3.000000E-1	1.419960E-4	-1.419960E-4	-1.591618E-9	5.502686E+2
-3.500000E-1	2.009392E-4	-2.009392E-4	-2.252306E-9	5.509365E+2
-4.000000E-1	2.870954E-4	-2.870954E-4	-3.218021E-9	5.516035E+2
-4.500000E-1	4.098927E-4	-4.098927E-4	-4.594443E-9	5.522705E+2
-5.000000E-1	6.088589E-4	-6.088589E-4	-6.824634E-9	5.529375E+2
-5.000000E-1	5.901984E-4	-5.901984E-4	-6.615470E-9	5.536045E+2
-4.500000E-1	4.055613E-4	-4.055613E-4	-4.545893E-9	5.542725E+2
-4.000000E-1	2.799333E-4	-2.799333E-4	-3.137742E-9	5.549395E+2
-3.500000E-1	1.951692E-4	-1.951692E-4	-2.187631E-9	5.556064E+2
-3.000000E-1	1.201207E-4	-1.201207E-4	-1.346420E-9	5.562734E+2
-2.500000E-1	8.250616E-5	-8.250616E-5	-9.248026E-10	5.576133E+2
-2.000000E-1	5.436427E-5	-5.436427E-5	-6.093633E-10	5.582812E+2
-1.500000E-1	2.723987E-5	-2.723987E-5	-3.053288E-10	5.589492E+2
-1.000000E-1	1.498515E-5	-1.498515E-5	-1.679669E-10	5.596172E+2
-5.000000E-2	5.027563E-6	-5.027563E-6	-5.635341E-11	5.613906E+2
0.000000E+0	3.266864E-8	-3.266864E-8	-3.661793E-13	5.623926E+2
0.000000E+0	1.876473E-8	-1.876473E-8	-2.103318E-13	5.633955E+2
5.000000E-2	5.784521E-6	5.784521E-6	6.483807E-11	5.643984E+2
1.000000E-1	1.609787E-5	1.609787E-5	1.804393E-10	5.664121E+2
1.500000E-1	3.048656E-5	3.048656E-5	3.417205E-10	5.670791E+2
2.000000E-1	5.415452E-5	5.415452E-5	6.070122E-10	5.677471E+2
2.500000E-1	9.325793E-5	9.325793E-5	1.045318E-9	5.684150E+2
3.000000E-1	1.520024E-4	1.520024E-4	1.703778E-9	5.704277E+2
3.500000E-1	2.233522E-4	2.233522E-4	2.503531E-9	5.710947E+2
4.000000E-1	3.738924E-4	3.738924E-4	4.190920E-9	5.717627E+2
4.500000E-1	5.638265E-4	5.638265E-4	6.319870E-9	5.724297E+2
5.000000E-1	7.836733E-4	7.836733E-4	8.784109E-9	5.730967E+2
5.000000E-1	8.006672E-4	8.006672E-4	8.974593E-9	5.737637E+2
4.500000E-1	5.647871E-4	5.647871E-4	6.330638E-9	5.744307E+2
4.000000E-1	3.713478E-4	3.713478E-4	4.162397E-9	5.750986E+2
3.500000E-1	2.550178E-4	2.550178E-4	2.858467E-9	5.757656E+2
3.000000E-1	1.693378E-4	1.693378E-4	1.898089E-9	5.764326E+2
2.500000E-1	1.069807E-4	1.069807E-4	1.199135E-9	5.770996E+2
2.000000E-1	6.024132E-5	6.024132E-5	6.752385E-10	5.784395E+2
1.500000E-1	3.066762E-5	3.066762E-5	3.437500E-10	5.791074E+2
1.000000E-1	1.698558E-5	1.698558E-5	1.903895E-10	5.797754E+2
5.000000E-2	7.044013E-6	7.044013E-6	7.895558E-11	5.815488E+2
0.000000E+0	7.937492E-9	-7.937492E-9	-8.897050E-14	5.825508E+2
-5.000000E-2	6.300764E-6	-6.300764E-6	-7.062459E-11	5.835537E+2
-1.000000E-1	1.573842E-5	-1.573842E-5	-1.764103E-10	5.855674E+2
-1.500000E-1	3.014699E-5	-3.014699E-5	-3.379144E-10	5.862354E+2
-2.000000E-1	4.904076E-5	-4.904076E-5	-5.496926E-10	5.869033E+2
-2.500000E-1	8.584204E-5	-8.584204E-5	-9.621942E-10	5.875703E+2
-3.000000E-1	1.306453E-4	-1.306453E-4	-1.464389E-9	5.895840E+2
-3.500000E-1	2.006742E-4	-2.006742E-4	-2.249336E-9	5.902510E+2
-4.000000E-1	2.989827E-4	-2.989827E-4	-3.351265E-9	5.909180E+2
-4.500000E-1	4.318901E-4	-4.318901E-4	-4.841010E-9	5.915850E+2
-5.000000E-1	6.073499E-4	-6.073499E-4	-6.807720E-9	5.922529E+2
-5.000000E-1	6.095768E-4	-6.095768E-4	-6.832681E-9	5.929199E+2
-4.500000E-1	4.283648E-4	-4.283648E-4	-4.801495E-9	5.935869E+2
-4.000000E-1	2.943539E-4	-2.943539E-4	-3.299381E-9	5.942539E+2
-3.500000E-1	1.963020E-4	-1.963020E-4	-2.200328E-9	5.949209E+2
-3.000000E-1	1.308395E-4	-1.308395E-4	-1.466566E-9	5.955889E+2
-2.500000E-1	8.849886E-5	-8.849886E-5	-9.919742E-10	5.969287E+2
-2.000000E-1	5.369972E-5	-5.369972E-5	-6.019144E-10	5.975957E+2
-1.500000E-1	3.036504E-5	-3.036504E-5	-3.403585E-10	5.982637E+2
-1.000000E-1	1.589725E-5	-1.589725E-5	-1.781906E-10	5.989316E+2
-5.000000E-2	6.370326E-6	-6.370326E-6	-7.140430E-11	6.007051E+2
0.000000E+0	2.709593E-8	-2.709593E-8	-3.037154E-13	6.017080E+2
0.000000E+0	2.622803E-8	-2.622803E-8	-2.939871E-13	6.027109E+2
5.000000E-2	6.751732E-6	6.751732E-6	7.567944E-11	6.037129E+2
1.000000E-1	1.869998E-5	1.869998E-5	2.096061E-10	6.057266E+2
1.500000E-1	3.747406E-5	3.747406E-5	4.200427E-10	6.063945E+2
2.000000E-1	6.171564E-5	6.171564E-5	6.917640E-10	6.070615E+2
2.500000E-1	9.726100E-5	9.726100E-5	1.090188E-9	6.090752E+2
3.000000E-1	1.685009E-4	1.685009E-4	1.888709E-9	6.097422E+2
3.500000E-1	2.518191E-4	2.518191E-4	2.822613E-9	6.104092E+2
4.000000E-1	3.756037E-4	3.756037E-4	4.210101E-9	6.110762E+2
4.500000E-1	5.366679E-4	5.366679E-4	6.015452E-9	6.117432E+2
5.000000E-1	7.363471E-4	7.363471E-4	8.253635E-9	6.124111E+2
5.000000E-1	7.603465E-4	7.603465E-4	8.522642E-9	6.130781E+2
4.500000E-1	5.315397E-4	5.315397E-4	5.957971E-9	6.137451E+2
4.000000E-1	3.876354E-4	3.876354E-4	4.344964E-9	6.144121E+2
3.500000E-1	2.733959E-4	2.733959E-4	3.064465E-9	6.150791E+2
3.000000E-1	1.734516E-4	1.734516E-4	1.944200E-9	6.157471E+2
2.500000E-1	1.149109E-4	1.149109E-4	1.288024E-9	6.164141E+2
2.000000E-1	6.769224E-5	6.769224E-5	7.587550E-10	6.177539E+2
1.500000E-1	3.664468E-5	3.664468E-5	4.107463E-10	6.184219E+2
1.000000E-1	1.714049E-5	1.714049E-5	1.921259E-10	6.190889E+2
5.000000E-2	7.206613E-6	7.206613E-6	8.077815E-11	6.208623E+2
0.000000E+0	3.065548E-9	-3.065548E-9	-3.436140E-14	6.218652E+2
-5.000000E-2	7.643967E-6	-7.643967E-6	-8.568041E-11	6.228682E+2
-1.000000E-1	1.836098E-5	-1.836098E-5	-2.058063E-10	6.248818E+2
-1.500000E-1	3.444971E-5	-3.444971E-5	-3.861431E-10	6.255498E+2
-2.000000E-1	6.917973E-5	-6.917973E-5	-7.754281E-10	6.262168E+2
-2.500000E-1	9.718471E-5	-9.718471E-5	-1.089333E-9	6.282305E+2
-3.000000E-1	1.310110E-4	-1.310110E-4	-1.468488E-9	6.288975E+2
-3.500000E-1	2.196385E-4	-2.196385E-4	-2.461904E-9	6.295645E+2
-4.000000E-1	3.382209E-4	-3.382209E-4	-3.791082E-9	6.302314E+2
-4.500000E-1	4.711416E-4	-4.711416E-4	-5.280975E-9	6.308984E+2
-5.000000E-1	6.555711E-4	-6.555711E-4	-7.348226E-9	6.315664E+2
-5.000000E-1	6.771641E-4	-6.771641E-4	-7.590260E-9	6.322334E+2
-4.500000E-1	4.692044E-4	-4.692044E-4	-5.259262E-9	6.329004E+2
-4.000000E-1	3.134196E-4	-3.134196E-4	-3.513086E-9	6.335674E+2
-3.500000E-1	2.254374E-4	-2.254374E-4	-2.526904E-9	6.342344E+2
-3.000000E-1	1.382755E-4	-1.382755E-4	-1.549915E-9	6.349023E+2
-2.500000E-1	8.565161E-5	-8.565161E-5	-9.600597E-10	6.362422E+2
-2.000000E-1	5.425239E-5	-5.425239E-5	-6.081092E-10	6.369092E+2
-1.500000E-1	3.084424E-5	-3.084424E-5	-3.457298E-10	6.375771E+2
-1.000000E-1	1.674444E-5	-1.674444E-5	-1.876866E-10	6.382451E+2
-5.000000E-2	7.013930E-6	-7.013930E-6	-7.861838E-11	6.400186E+2
0.000000E+0	1.686052E-8	-1.686052E-8	-1.889877E-13	6.410215E+2
0.000000E+0	3.684477E-8	-3.684477E-8	-4.129891E-13	6.420244E+2
5.000000E-2	7.309500E-6	7.309500E-6	8.193140E-11	6.430264E+2
1.000000E-1	2.045158E-5	2.045158E-5	2.292396E-10	6.450400E+2
1.500000E-1	3.824381E-5	3.824381E-5	4.286707E-10	6.457080E+2
2.000000E-1	7.013154E-5	7.013154E-5	7.860969E-10	6.463750E+2
2.500000E-1	1.188477E-4	1.188477E-4	1.332151E-9	6.483887E+2
3.000000E-1	1.846005E-4	1.846005E-4	2.069167E-9	6.490557E+2
3.500000E-1	2.741658E-4	2.741658E-4	3.073095E-9	6.497227E+2
4.000000E-1	4.122640E-4	4.122640E-4	4.621023E-9	6.503896E+2
4.500000E-1	5.820531E-4	5.820531E-4	6.524171E-9	6.510576E+2
5.000000E-1	8.800824E-4	8.800824E-4	9.864749E-9	6.517246E+2
5.000000E-1	8.877623E-4	8.877623E-4	9.950832E-9	6.523916E+2
4.500000E-1	6.186557E-4	6.186557E-4	6.934445E-9	6.530586E+2
4.000000E-1	3.971042E-4	3.971042E-4	4.451098E-9	6.537256E+2
3.500000E-1	2.752211E-4	2.752211E-4	3.084924E-9	6.543936E+2
3.000000E-1	1.797333E-4	1.797333E-4	2.014611E-9	6.550605E+2
2.500000E-1	1.171797E-4	1.171797E-4	1.313455E-9	6.557275E+2
2.000000E-1	7.184309E-5	7.184309E-5	8.052815E-10	6.570674E+2
1.500000E-1	3.360169E-5	3.360169E-5	3.766377E-10	6.577354E+2
1.000000E-1	1.744715E-5	1.744715E-5	1.955632E-10	6.584023E+2
5.000000E-2	7.403914E-6	7.403914E-6	8.298967E-11	6.601768E+2
0.000000E+0	5.458806E-9	5.458806E-9	6.118717E-14	6.611787E+2
-5.000000E-2	6.514032E-6	-6.514032E-6	-7.301508E-11	6.621816E+2
-1.000000E-1	1.451177E-5	-1.451177E-5	-1.626609E-10	6.641953E+2
-1.500000E-1	3.230574E-5	-3.230574E-5	-3.621115E-10	6.648633E+2
-2.000000E-1	5.852081E-5	-5.852081E-5	-6.559534E-10	6.655303E+2
-2.500000E-1	9.249023E-5	-9.249023E-5	-1.036713E-9	6.661982E+2
-3.000000E-1	1.531008E-4	-1.531008E-4	-1.716090E-9	6.682109E+2
-3.500000E-1	2.337380E-4	-2.337380E-4	-2.619944E-9	6.688789E+2
-4.000000E-1	3.400670E-4	-3.400670E-4	-3.811775E-9	6.695459E+2
-4.500000E-1	4.654552E-4	-4.654552E-4	-5.217237E-9	6.702129E+2
-5.000000E-1	6.934606E-4	-6.934606E-4	-7.772925E-9	6.708799E+2
-5.000000E-1	6.773358E-4	-6.773358E-4	-7.592184E-9	6.715469E+2
-4.500000E-1	4.926021E-4	-4.926021E-4	-5.521524E-9	6.722148E+2
-4.000000E-1	3.274730E-4	-3.274730E-4	-3.670610E-9	6.728818E+2
-3.500000E-1	2.134472E-4	-2.134472E-4	-2.392507E-9	6.735488E+2
-3.000000E-1	1.457531E-4	-1.457531E-4	-1.633731E-9	6.742158E+2
-2.500000E-1	9.398261E-5	-9.398261E-5	-1.053441E-9	6.748828E+2
-2.000000E-1	5.501212E-5	-5.501212E-5	-6.166249E-10	6.762227E+2
-1.500000E-1	3.160612E-5	-3.160612E-5	-3.542696E-10	6.768906E+2
-1.000000E-1	1.602633E-5	-1.602633E-5	-1.796374E-10	6.775586E+2
-5.000000E-2	6.411597E-6	-6.411597E-6	-7.186690E-11	6.793320E+2
0.000000E+0	3.222293E-8	-3.222293E-8	-3.611833E-13	6.803350E+2
0.000000E+0	2.359333E-8	-2.359333E-8	-2.644551E-13	6.813379E+2
5.000000E-2	6.832737E-6	6.832737E-6	7.658741E-11	6.823398E+2
1.000000E-1	1.660089E-5	1.660089E-5	1.860776E-10	6.843535E+2
1.500000E-1	3.287533E-5	3.287533E-5	3.684960E-10	6.850215E+2
2.000000E-1	6.354153E-5	6.354153E-5	7.122302E-10	6.856895E+2
2.500000E-1	1.030465E-4	1.030465E-4	1.155037E-9	6.877021E+2
3.000000E-1	1.758751E-4	1.758751E-4	1.971365E-9	6.883691E+2
3.500000E-1	2.719638E-4	2.719638E-4	3.048413E-9	6.890361E+2
4.000000E-1	4.348660E-4	4.348660E-4	4.874366E-9	6.897031E+2
4.500000E-1	6.053010E-4	6.053010E-4	6.784754E-9	6.903711E+2
5.000000E-1	8.727517E-4	8.727517E-4	9.782580E-9	6.910381E+2
5.000000E-1	8.708487E-4	8.708487E-4	9.761250E-9	6.917051E+2
4.500000E-1	6.026067E-4	6.026067E-4	6.754554E-9	6.923721E+2
4.000000E-1	4.216588E-4	4.216588E-4	4.726328E-9	6.930391E+2
3.500000E-1	2.839838E-4	2.839838E-4	3.183144E-9	6.937070E+2
3.000000E-1	1.739487E-4	1.739487E-4	1.949772E-9	6.943740E+2
2.500000E-1	1.116530E-4	1.116530E-4	1.251506E-9	6.950410E+2
2.000000E-1	7.490589E-5	7.490589E-5	8.396121E-10	6.963809E+2
1.500000E-1	4.056119E-5	4.056119E-5	4.546460E-10	6.970488E+2
1.000000E-1	2.025461E-5	2.025461E-5	2.270318E-10	6.977168E+2
5.000000E-2	7.455792E-6	7.455792E-6	8.357117E-11	6.994902E+2
0.000000E+0	3.692029E-9	3.692029E-9	4.138356E-14	7.004922E+2
-5.000000E-2	7.417554E-6	-7.417554E-6	-8.314256E-11	7.014951E+2
-1.000000E-1	1.935256E-5	-1.935256E-5	-2.169208E-10	7.035088E+2
-1.500000E-1	3.068433E-5	-3.068433E-5	-3.439373E-10	7.041768E+2
-2.000000E-1	5.523422E-5	-5.523422E-5	-6.191144E-10	7.048438E+2
-2.500000E-1	9.230064E-5	-9.230064E-5	-1.034588E-9	7.068574E+2
-3.000000E-1	1.549864E-4	-1.549864E-4	-1.737226E-9	7.075244E+2
-3.500000E-1	2.318965E-4	-2.318965E-4	-2.599303E-9	7.081914E+2
-4.000000E-1	3.451686E-4	-3.451686E-4	-3.868958E-9	7.088584E+2
-4.500000E-1	4.767044E-4	-4.767044E-4	-5.343328E-9	7.095264E+2
-5.000000E-1	6.749279E-4	-6.749279E-4	-7.565194E-9	7.101934E+2
-5.000000E-1	6.579915E-4	-6.579915E-4	-7.375356E-9	7.108604E+2
-4.500000E-1	4.320940E-4	-4.320940E-4	-4.843295E-9	7.115273E+2
-4.000000E-1	3.237253E-4	-3.237253E-4	-3.628602E-9	7.121943E+2
-3.500000E-1	2.199310E-4	-2.199310E-4	-2.465183E-9	7.128623E+2
-3.000000E-1	1.366969E-4	-1.366969E-4	-1.532221E-9	7.135293E+2
-2.500000E-1	9.019196E-5	-9.019196E-5	-1.010952E-9	7.141963E+2
-2.000000E-1	5.408490E-5	-5.408490E-5	-6.062318E-10	7.155361E+2
-1.500000E-1	3.082137E-5	-3.082137E-5	-3.454734E-10	7.162041E+2
-1.000000E-1	1.594834E-5	-1.594834E-5	-1.787632E-10	7.168721E+2
-5.000000E-2	6.566365E-6	-6.566365E-6	-7.360167E-11	7.186455E+2
0.000000E+0	4.597085E-8	-4.597085E-8	-5.152823E-13	7.196475E+2
0.000000E+0	3.884926E-8	-3.884926E-8	-4.354572E-13	7.206514E+2
5.000000E-2	6.681646E-6	6.681646E-6	7.489385E-11	7.216533E+2
1.000000E-1	1.650102E-5	1.650102E-5	1.849582E-10	7.236670E+2
1.500000E-1	2.905598E-5	2.905598E-5	3.256854E-10	7.243340E+2
2.000000E-1	5.249334E-5	5.249334E-5	5.883922E-10	7.250020E+2
2.500000E-1	9.367054E-5	9.367054E-5	1.049943E-9	7.256699E+2
3.000000E-1	1.583990E-4	1.583990E-4	1.775477E-9	7.276826E+2
3.500000E-1	2.386071E-4	2.386071E-4	2.674521E-9	7.283496E+2
4.000000E-1	3.662077E-4	3.662077E-4	4.104783E-9	7.290176E+2
4.500000E-1	5.176246E-4	5.176246E-4	5.801999E-9	7.296846E+2
5.000000E-1	7.698832E-4	7.698832E-4	8.629538E-9	7.303516E+2
5.000000E-1	7.841411E-4	7.841411E-4	8.789353E-9	7.310186E+2
4.500000E-1	5.373136E-4	5.373136E-4	6.022691E-9	7.316855E+2
4.000000E-1	3.777354E-4	3.777354E-4	4.233995E-9	7.323535E+2
3.500000E-1	2.527876E-4	2.527876E-4	2.833469E-9	7.330205E+2
3.000000E-1	1.600466E-4	1.600466E-4	1.793945E-9	7.336875E+2
2.500000E-1	1.040976E-4	1.040976E-4	1.166819E-9	7.343545E+2
2.000000E-1	6.245242E-5	6.245242E-5	7.000225E-10	7.356943E+2
1.500000E-1	3.847099E-5	3.847099E-5	4.312172E-10	7.363623E+2
1.000000E-1	1.676979E-5	1.676979E-5	1.879708E-10	7.370303E+2
5.000000E-2	6.562307E-6	6.562307E-6	7.355619E-11	7.388037E+2
0.000000E+0	1.348049E-8	1.348049E-8	1.511014E-13	7.398057E+2
-5.000000E-2	7.775995E-6	-7.775995E-6	-8.716029E-11	7.408086E+2
-1.000000E-1	1.415019E-5	-1.415019E-5	-1.586080E-10	7.428223E+2
-1.500000E-1	2.794522E-5	-2.794522E-5	-3.132350E-10	7.434902E+2
-2.000000E-1	5.518411E-5	-5.518411E-5	-6.185527E-10	7.441572E+2
-2.500000E-1	9.355188E-5	-9.355188E-5	-1.048613E-9	7.461709E+2
-3.000000E-1	1.482121E-4	-1.482121E-4	-1.661294E-9	7.468379E+2
-3.500000E-1	2.228901E-4	-2.228901E-4	-2.498351E-9	7.475049E+2
-4.000000E-1	3.276882E-4	-3.276882E-4	-3.673022E-9	7.481719E+2
-4.500000E-1	4.887899E-4	-4.887899E-4	-5.478793E-9	7.488398E+2
-5.000000E-1	7.008080E-4	-7.008080E-4	-7.855282E-9	7.495068E+2
-5.000000E-1	7.102882E-4	-7.102882E-4	-7.961543E-9	7.501738E+2
-4.500000E-1	4.763019E-4	-4.763019E-4	-5.338817E-9	7.508408E+2
-4.000000E-1	3.193924E-4	-3.193924E-4	-3.580035E-9	7.515078E+2
-3.500000E-1	2.117628E-4	-2.117628E-4	-2.373626E-9	7.521758E+2
-3.000000E-1	1.335268E-4	-1.335268E-4	-1.496687E-9	7.528428E+2
-2.500000E-1	8.117433E-5	-8.117433E-5	-9.098743E-10	7.541826E+2
-2.000000E-1	4.993279E-5	-4.993279E-5	-5.596913E-10	7.548506E+2
-1.500000E-1	3.046892E-5	-3.046892E-5	-3.415229E-10	7.555176E+2
-1.000000E-1	1.655278E-5	-1.655278E-5	-1.855383E-10	7.561855E+2
-5.000000E-2	7.402185E-6	-7.402185E-6	-8.297030E-11	7.579590E+2
0.000000E+0	3.268598E-8	-3.268598E-8	-3.663736E-13	7.589619E+2
0.000000E+0	1.992359E-8	-1.992359E-8	-2.233214E-13	7.599648E+2
5.000000E-2	7.716859E-6	7.716859E-6	8.649744E-11	7.609678E+2
1.000000E-1	1.764524E-5	1.764524E-5	1.977836E-10	7.629805E+2
1.500000E-1	3.572838E-5	3.572838E-5	4.004755E-10	7.636484E+2
2.000000E-1	6.863859E-5	6.863859E-5	7.693625E-10	7.643164E+2
2.500000E-1	1.051409E-4	1.051409E-4	1.178513E-9	7.663291E+2
3.000000E-1	1.655233E-4	1.655233E-4	1.855333E-9	7.669961E+2
3.500000E-1	2.773893E-4	2.773893E-4	3.109227E-9	7.676631E+2
4.000000E-1	4.126744E-4	4.126744E-4	4.625623E-9	7.683311E+2
4.500000E-1	6.007787E-4	6.007787E-4	6.734064E-9	7.689980E+2
5.000000E-1	8.708028E-4	8.708028E-4	9.760735E-9	7.696650E+2
5.000000E-1	8.528590E-4	8.528590E-4	9.559605E-9	7.703320E+2
4.500000E-1	6.089522E-4	6.089522E-4	6.825679E-9	7.709990E+2
4.000000E-1	4.073613E-4	4.073613E-4	4.566069E-9	7.716670E+2
3.500000E-1	2.804671E-4	2.804671E-4	3.143725E-9	7.723340E+2
3.000000E-1	1.779644E-4	1.779644E-4	1.994784E-9	7.730010E+2
2.500000E-1	1.119066E-4	1.119066E-4	1.254349E-9	7.736680E+2
2.000000E-1	7.413569E-5	7.413569E-5	8.309790E-10	7.750078E+2
1.500000E-1	3.857290E-5	3.857290E-5	4.323595E-10	7.756758E+2
1.000000E-1	2.260175E-5	2.260175E-5	2.533406E-10	7.763438E+2
5.000000E-2	9.332251E-6	9.332251E-6	1.046042E-10	7.770107E+2
0.000000E+0	1.862110E-9	1.862110E-9	2.087219E-14	7.787852E+2
-5.000000E-2	8.144828E-6	-8.144828E-6	-9.129450E-11	7.797881E+2
-1.000000E-1	1.761005E-5	-1.761005E-5	-1.973892E-10	7.818008E+2
-1.500000E-1	3.159775E-5	-3.159775E-5	-3.541758E-10	7.824688E+2
-2.000000E-1	6.581914E-5	-6.581914E-5	-7.377597E-10	7.831367E+2
-2.500000E-1	1.051141E-4	-1.051141E-4	-1.178213E-9	7.851494E+2
-3.000000E-1	1.686669E-4	-1.686669E-4	-1.890569E-9	7.858164E+2
-3.500000E-1	2.384144E-4	-2.384144E-4	-2.672361E-9	7.864834E+2
-4.000000E-1	3.721712E-4	-3.721712E-4	-4.171627E-9	7.871514E+2
-4.500000E-1	5.364526E-4	-5.364526E-4	-6.013040E-9	7.878184E+2
-5.000000E-1	7.125853E-4	-7.125853E-4	-7.987292E-9	7.884854E+2
-5.000000E-1	7.228494E-4	-7.228494E-4	-8.102341E-9	7.891523E+2
-4.500000E-1	5.228691E-4	-5.228691E-4	-5.860783E-9	7.898193E+2
-4.000000E-1	3.590477E-4	-3.590477E-4	-4.024527E-9	7.904873E+2
-3.500000E-1	2.435556E-4	-2.435556E-4	-2.729988E-9	7.911543E+2
-3.000000E-1	1.584415E-4	-1.584415E-4	-1.775954E-9	7.918213E+2
-2.500000E-1	9.729981E-5	-9.729981E-5	-1.090623E-9	7.924883E+2
-2.000000E-1	5.770637E-5	-5.770637E-5	-6.468245E-10	7.938281E+2
-1.500000E-1	3.269648E-5	-3.269648E-5	-3.664913E-10	7.944961E+2
-1.000000E-1	1.584629E-5	-1.584629E-5	-1.776194E-10	7.951641E+2
-5.000000E-2	7.135819E-6	-7.135819E-6	-7.998463E-11	7.969375E+2
0.000000E+0	2.994853E-8	-2.994853E-8	-3.356898E-13	7.979395E+2
