voltage_6_2_21_500mV_500ms	absJ_6_2_21_500mV_500ms	J_6_2_21_500mV_500ms	current_6_2_21_500mV_500ms	time_6_2_21_500mV_500ms	
0.000000E+0	1.420595E-8	-1.420595E-8	-1.239703E-13	0.000000E+0
5.000000E-2	6.760698E-7	6.760698E-7	5.899822E-12	1.002930E+0
1.000000E-1	1.562892E-6	1.562892E-6	1.363881E-11	2.005859E+0
1.500000E-1	6.160022E-6	6.160022E-6	5.375633E-11	3.007813E+0
2.000000E-1	6.980561E-6	6.980561E-6	6.091688E-11	4.010742E+0
2.500000E-1	1.742168E-5	1.742168E-5	1.520328E-10	6.024414E+0
3.000000E-1	2.556879E-5	2.556879E-5	2.231298E-10	6.691406E+0
3.500000E-1	2.981617E-5	2.981617E-5	2.601952E-10	7.359375E+0
4.000000E-1	4.359013E-5	4.359013E-5	3.803957E-10	8.027344E+0
4.500000E-1	7.611338E-5	7.611338E-5	6.642145E-10	8.695313E+0
5.000000E-1	1.289681E-4	1.289681E-4	1.125459E-9	1.070898E+1
5.000000E-1	1.589291E-4	1.589291E-4	1.386918E-9	1.339355E+1
4.500000E-1	9.233804E-5	9.233804E-5	8.058014E-10	1.473340E+1
4.000000E-1	6.849073E-5	6.849073E-5	5.976944E-10	1.540137E+1
3.500000E-1	4.733712E-5	4.733712E-5	4.130943E-10	1.606934E+1
3.000000E-1	3.792969E-5	3.792969E-5	3.309990E-10	1.673730E+1
2.500000E-1	2.593615E-5	2.593615E-5	2.263356E-10	1.740527E+1
2.000000E-1	1.481656E-5	1.481656E-5	1.292989E-10	1.807324E+1
1.500000E-1	6.753301E-6	6.753301E-6	5.893367E-11	1.984668E+1
1.000000E-1	3.386251E-6	3.386251E-6	2.955062E-11	2.084961E+1
5.000000E-2	1.694574E-6	1.694574E-6	1.478795E-11	2.185254E+1
0.000000E+0	1.748510E-8	1.748510E-8	1.525863E-13	2.285449E+1
-5.000000E-2	1.533732E-6	-1.533732E-6	-1.338434E-11	2.385742E+1
-1.000000E-1	3.062753E-6	-3.062753E-6	-2.672756E-11	2.486035E+1
-1.500000E-1	6.282682E-6	-6.282682E-6	-5.482674E-11	2.586328E+1
-2.000000E-1	9.330944E-6	-9.330944E-6	-8.142785E-11	2.686621E+1
-2.500000E-1	1.647251E-5	-1.647251E-5	-1.437498E-10	2.887891E+1
-3.000000E-1	2.608136E-5	-2.608136E-5	-2.276028E-10	2.954687E+1
-3.500000E-1	4.158120E-5	-4.158120E-5	-3.628644E-10	3.021484E+1
-4.000000E-1	5.091610E-5	-5.091610E-5	-4.443268E-10	3.088281E+1
-4.500000E-1	7.194590E-5	-7.194590E-5	-6.278464E-10	3.155078E+1
-5.000000E-1	1.148990E-4	-1.148990E-4	-1.002683E-9	3.221875E+1
-5.000000E-1	1.068973E-4	-1.068973E-4	-9.328547E-10	3.288672E+1
-4.500000E-1	7.215884E-5	-7.215884E-5	-6.297047E-10	3.355469E+1
-4.000000E-1	3.948688E-5	-3.948688E-5	-3.445880E-10	3.422266E+1
-3.500000E-1	2.465978E-5	-2.465978E-5	-2.151972E-10	3.489063E+1
-3.000000E-1	1.994457E-5	-1.994457E-5	-1.740492E-10	3.555859E+1
-2.500000E-1	1.237848E-5	-1.237848E-5	-1.080226E-10	3.622559E+1
-2.000000E-1	9.326806E-6	-9.326806E-6	-8.139174E-11	3.800000E+1
-1.500000E-1	5.653265E-6	-5.653265E-6	-4.933404E-11	3.900293E+1
-1.000000E-1	2.732305E-6	-2.732305E-6	-2.384386E-11	4.000488E+1
-5.000000E-2	1.226280E-6	-1.226280E-6	-1.070131E-11	4.100781E+1
0.000000E+0	1.663748E-8	-1.663748E-8	-1.451894E-13	4.201074E+1
0.000000E+0	1.008395E-8	-1.008395E-8	-8.799905E-14	4.301367E+1
5.000000E-2	1.769265E-6	1.769265E-6	1.543975E-11	4.401562E+1
1.000000E-1	4.679937E-6	4.679937E-6	4.084015E-11	4.501855E+1
1.500000E-1	6.324392E-6	6.324392E-6	5.519073E-11	4.602148E+1
2.000000E-1	1.029608E-5	1.029608E-5	8.985028E-11	4.702344E+1
2.500000E-1	1.815153E-5	1.815153E-5	1.584020E-10	4.903711E+1
3.000000E-1	2.697909E-5	2.697909E-5	2.354370E-10	4.970508E+1
3.500000E-1	3.695550E-5	3.695550E-5	3.224976E-10	5.037305E+1
4.000000E-1	6.003474E-5	6.003474E-5	5.239020E-10	5.104102E+1
4.500000E-1	9.604253E-5	9.604253E-5	8.381292E-10	5.170898E+1
5.000000E-1	1.203116E-4	1.203116E-4	1.049917E-9	5.237695E+1
5.000000E-1	1.470728E-4	1.470728E-4	1.283452E-9	5.438965E+1
4.500000E-1	1.323651E-4	1.323651E-4	1.155103E-9	5.707520E+1
4.000000E-1	9.329459E-5	9.329459E-5	8.141489E-10	5.841504E+1
3.500000E-1	6.093662E-5	6.093662E-5	5.317723E-10	5.908301E+1
3.000000E-1	4.219069E-5	4.219069E-5	3.681832E-10	5.975098E+1
2.500000E-1	2.255644E-5	2.255644E-5	1.968421E-10	6.041797E+1
2.000000E-1	1.189503E-5	1.189503E-5	1.038037E-10	6.108594E+1
1.500000E-1	7.264872E-6	7.264872E-6	6.339797E-11	6.286035E+1
1.000000E-1	4.705152E-6	4.705152E-6	4.106020E-11	6.386230E+1
5.000000E-2	1.831411E-6	1.831411E-6	1.598208E-11	6.486523E+1
0.000000E+0	2.265668E-8	2.265668E-8	1.977168E-13	6.586816E+1
-5.000000E-2	2.015162E-6	-2.015162E-6	-1.758561E-11	6.687109E+1
-1.000000E-1	4.981376E-6	-4.981376E-6	-4.347071E-11	6.787402E+1
-1.500000E-1	7.266750E-6	-7.266750E-6	-6.341436E-11	6.887695E+1
-2.000000E-1	1.194288E-5	-1.194288E-5	-1.042213E-10	6.987891E+1
-2.500000E-1	1.878825E-5	-1.878825E-5	-1.639584E-10	7.189258E+1
-3.000000E-1	3.092669E-5	-3.092669E-5	-2.698863E-10	7.256055E+1
-3.500000E-1	4.280734E-5	-4.280734E-5	-3.735645E-10	7.322852E+1
-4.000000E-1	6.607874E-5	-6.607874E-5	-5.766458E-10	7.389551E+1
-4.500000E-1	8.629838E-5	-8.629838E-5	-7.530954E-10	7.456348E+1
-5.000000E-1	1.203194E-4	-1.203194E-4	-1.049985E-9	7.523145E+1
-5.000000E-1	1.111526E-4	-1.111526E-4	-9.699894E-10	7.791211E+1
-4.500000E-1	6.939608E-5	-6.939608E-5	-6.055951E-10	7.925195E+1
-4.000000E-1	4.814398E-5	-4.814398E-5	-4.201355E-10	7.991992E+1
-3.500000E-1	3.272281E-5	-3.272281E-5	-2.855604E-10	8.058789E+1
-3.000000E-1	2.736175E-5	-2.736175E-5	-2.387763E-10	8.125488E+1
-2.500000E-1	1.760904E-5	-1.760904E-5	-1.536679E-10	8.192285E+1
-2.000000E-1	1.254042E-5	-1.254042E-5	-1.094358E-10	8.259082E+1
-1.500000E-1	6.342028E-6	-6.342028E-6	-5.534463E-11	8.436523E+1
-1.000000E-1	4.066347E-6	-4.066347E-6	-3.548557E-11	8.536719E+1
-5.000000E-2	1.725481E-6	-1.725481E-6	-1.505766E-11	8.637012E+1
0.000000E+0	1.456376E-8	-1.456376E-8	-1.270928E-13	8.737305E+1
0.000000E+0	4.995061E-9	-4.995061E-9	-4.359013E-14	8.837598E+1
5.000000E-2	1.360414E-6	1.360414E-6	1.187185E-11	8.937891E+1
1.000000E-1	3.647260E-6	3.647260E-6	3.182835E-11	9.038086E+1
1.500000E-1	6.022333E-6	6.022333E-6	5.255477E-11	9.138379E+1
2.000000E-1	1.137707E-5	1.137707E-5	9.928369E-11	9.238672E+1
2.500000E-1	2.513510E-5	2.513510E-5	2.193451E-10	9.440039E+1
3.000000E-1	3.934360E-5	3.934360E-5	3.433377E-10	9.506738E+1
3.500000E-1	6.186658E-5	6.186658E-5	5.398878E-10	9.573535E+1
4.000000E-1	8.730894E-5	8.730894E-5	7.619142E-10	9.640332E+1
4.500000E-1	1.043478E-4	1.043478E-4	9.106067E-10	9.908398E+1
5.000000E-1	1.520701E-4	1.520701E-4	1.327062E-9	9.975098E+1
5.000000E-1	1.526560E-4	1.526560E-4	1.332175E-9	1.004180E+2
4.500000E-1	1.208247E-4	1.208247E-4	1.054394E-9	1.010850E+2
4.000000E-1	8.179354E-5	8.179354E-5	7.137833E-10	1.024248E+2
3.500000E-1	5.750577E-5	5.750577E-5	5.018325E-10	1.030928E+2
3.000000E-1	3.326439E-5	3.326439E-5	2.902866E-10	1.037607E+2
2.500000E-1	2.121357E-5	2.121357E-5	1.851233E-10	1.044287E+2
2.000000E-1	1.213604E-5	1.213604E-5	1.059069E-10	1.050967E+2
1.500000E-1	6.533848E-6	6.533848E-6	5.701858E-11	1.068701E+2
1.000000E-1	4.129454E-6	4.129454E-6	3.603628E-11	1.078730E+2
5.000000E-2	2.189016E-6	2.189016E-6	1.910277E-11	1.088760E+2
0.000000E+0	1.501700E-8	1.501700E-8	1.310480E-13	1.098779E+2
-5.000000E-2	2.558982E-6	-2.558982E-6	-2.233133E-11	1.108818E+2
-1.000000E-1	5.482012E-6	-5.482012E-6	-4.783958E-11	1.118838E+2
-1.500000E-1	8.202027E-6	-8.202027E-6	-7.157619E-11	1.138975E+2
-2.000000E-1	9.470287E-6	-9.470287E-6	-8.264384E-11	1.156709E+2
-2.500000E-1	1.741953E-5	-1.741953E-5	-1.520141E-10	1.176846E+2
-3.000000E-1	2.713650E-5	-2.713650E-5	-2.368106E-10	1.183525E+2
-3.500000E-1	4.320678E-5	-4.320678E-5	-3.770503E-10	1.190205E+2
-4.000000E-1	6.863535E-5	-6.863535E-5	-5.989564E-10	1.196885E+2
-4.500000E-1	1.036731E-4	-1.036731E-4	-9.047181E-10	1.203564E+2
-5.000000E-1	1.347087E-4	-1.347087E-4	-1.175555E-9	1.223691E+2
-5.000000E-1	1.393321E-4	-1.393321E-4	-1.215902E-9	1.230371E+2
-4.500000E-1	1.021766E-4	-1.021766E-4	-8.916587E-10	1.243770E+2
-4.000000E-1	6.328302E-5	-6.328302E-5	-5.522485E-10	1.250449E+2
-3.500000E-1	4.300721E-5	-4.300721E-5	-3.753087E-10	1.257129E+2
-3.000000E-1	2.518543E-5	-2.518543E-5	-2.197843E-10	1.263809E+2
-2.500000E-1	1.545138E-5	-1.545138E-5	-1.348387E-10	1.270488E+2
-2.000000E-1	1.015238E-5	-1.015238E-5	-8.859623E-11	1.288223E+2
-1.500000E-1	6.017795E-6	-6.017795E-6	-5.251517E-11	1.298252E+2
-1.000000E-1	3.541958E-6	-3.541958E-6	-3.090941E-11	1.308271E+2
-5.000000E-2	1.627424E-6	-1.627424E-6	-1.420195E-11	1.318301E+2
0.000000E+0	2.209849E-8	-2.209849E-8	-1.928457E-13	1.328330E+2
0.000000E+0	9.446247E-9	-9.446247E-9	-8.243406E-14	1.338359E+2
5.000000E-2	1.567048E-6	1.567048E-6	1.367507E-11	1.348379E+2
1.000000E-1	3.732381E-6	3.732381E-6	3.257117E-11	1.358408E+2
1.500000E-1	8.742024E-6	8.742024E-6	7.628855E-11	1.368438E+2
2.000000E-1	1.339523E-5	1.339523E-5	1.168954E-10	1.388564E+2
2.500000E-1	2.298691E-5	2.298691E-5	2.005986E-10	1.395244E+2
3.000000E-1	3.435681E-5	3.435681E-5	2.998197E-10	1.401924E+2
3.500000E-1	5.255716E-5	5.255716E-5	4.586478E-10	1.408604E+2
4.000000E-1	8.694452E-5	8.694452E-5	7.587341E-10	1.415283E+2
4.500000E-1	1.187886E-4	1.187886E-4	1.036626E-9	1.421963E+2
5.000000E-1	2.531039E-4	2.531039E-4	2.208748E-9	1.442090E+2
5.000000E-1	2.128926E-4	2.128926E-4	1.857838E-9	1.448760E+2
4.500000E-1	1.440847E-4	1.440847E-4	1.257376E-9	1.455439E+2
4.000000E-1	9.630530E-5	9.630530E-5	8.404223E-10	1.468838E+2
3.500000E-1	5.246573E-5	5.246573E-5	4.578499E-10	1.475518E+2
3.000000E-1	4.056216E-5	4.056216E-5	3.539716E-10	1.482197E+2
2.500000E-1	1.810334E-5	1.810334E-5	1.579814E-10	1.488867E+2
2.000000E-1	1.184636E-5	1.184636E-5	1.033790E-10	1.495547E+2
1.500000E-1	7.847258E-6	7.847258E-6	6.848024E-11	1.513291E+2
1.000000E-1	4.320843E-6	4.320843E-6	3.770647E-11	1.523311E+2
5.000000E-2	1.776055E-6	1.776055E-6	1.549900E-11	1.533340E+2
0.000000E+0	1.984507E-8	1.984507E-8	1.731809E-13	1.543369E+2
-5.000000E-2	1.559842E-6	-1.559842E-6	-1.361219E-11	1.553398E+2
-1.000000E-1	3.789467E-6	-3.789467E-6	-3.306934E-11	1.563418E+2
-1.500000E-1	7.003462E-6	-7.003462E-6	-6.111674E-11	1.573447E+2
-2.000000E-1	1.127656E-5	-1.127656E-5	-9.840651E-11	1.583477E+2
-2.500000E-1	2.021616E-5	-2.021616E-5	-1.764193E-10	1.603613E+2
-3.000000E-1	3.292809E-5	-3.292809E-5	-2.873518E-10	1.610283E+2
-3.500000E-1	5.686408E-5	-5.686408E-5	-4.962327E-10	1.616963E+2
-4.000000E-1	6.918864E-5	-6.918864E-5	-6.037848E-10	1.623643E+2
-4.500000E-1	1.016929E-4	-1.016929E-4	-8.874379E-10	1.630322E+2
-5.000000E-1	1.733071E-4	-1.733071E-4	-1.512390E-9	1.650459E+2
-5.000000E-1	1.399095E-4	-1.399095E-4	-1.220941E-9	1.657129E+2
-4.500000E-1	9.010539E-5	-9.010539E-5	-7.863179E-10	1.670527E+2
-4.000000E-1	5.789962E-5	-5.789962E-5	-5.052695E-10	1.677207E+2
-3.500000E-1	3.855573E-5	-3.855573E-5	-3.364622E-10	1.683887E+2
-3.000000E-1	2.749780E-5	-2.749780E-5	-2.399636E-10	1.690566E+2
-2.500000E-1	1.782243E-5	-1.782243E-5	-1.555300E-10	1.697246E+2
-2.000000E-1	1.127884E-5	-1.127884E-5	-9.842648E-11	1.714980E+2
-1.500000E-1	8.094109E-6	-8.094109E-6	-7.063443E-11	1.725010E+2
-1.000000E-1	4.683551E-6	-4.683551E-6	-4.087169E-11	1.735039E+2
-5.000000E-2	1.787022E-6	-1.787022E-6	-1.559471E-11	1.745059E+2
0.000000E+0	3.012940E-8	-3.012940E-8	-2.629286E-13	1.755088E+2
0.000000E+0	9.713414E-9	-9.713414E-9	-8.476553E-14	1.765117E+2
5.000000E-2	1.637189E-6	1.637189E-6	1.428717E-11	1.775146E+2
1.000000E-1	3.689155E-6	3.689155E-6	3.219395E-11	1.785176E+2
1.500000E-1	7.403163E-6	7.403163E-6	6.460479E-11	1.795195E+2
2.000000E-1	1.570232E-5	1.570232E-5	1.370286E-10	1.815332E+2
2.500000E-1	2.493711E-5	2.493711E-5	2.176173E-10	1.822012E+2
3.000000E-1	3.887577E-5	3.887577E-5	3.392551E-10	1.828691E+2
3.500000E-1	7.068964E-5	7.068964E-5	6.168835E-10	1.835371E+2
4.000000E-1	9.139931E-5	9.139931E-5	7.976095E-10	1.842051E+2
4.500000E-1	1.490060E-4	1.490060E-4	1.300323E-9	1.862178E+2
5.000000E-1	2.058561E-4	2.058561E-4	1.796433E-9	1.868848E+2
5.000000E-1	2.247936E-4	2.247936E-4	1.961694E-9	1.875527E+2
4.500000E-1	1.702564E-4	1.702564E-4	1.485767E-9	1.882197E+2
4.000000E-1	9.768539E-5	9.768539E-5	8.524658E-10	1.895596E+2
3.500000E-1	6.275229E-5	6.275229E-5	5.476170E-10	1.902275E+2
3.000000E-1	4.526069E-5	4.526069E-5	3.949740E-10	1.908955E+2
2.500000E-1	3.057658E-5	3.057658E-5	2.668310E-10	1.915635E+2
2.000000E-1	2.026148E-5	2.026148E-5	1.768148E-10	1.922314E+2
1.500000E-1	1.009335E-5	1.009335E-5	8.808110E-11	1.940049E+2
1.000000E-1	5.091422E-6	5.091422E-6	4.443104E-11	1.950078E+2
5.000000E-2	1.826730E-6	1.826730E-6	1.594123E-11	1.960098E+2
0.000000E+0	1.894021E-8	1.894021E-8	1.652845E-13	1.970127E+2
-5.000000E-2	2.131621E-6	-2.131621E-6	-1.860190E-11	1.980156E+2
-1.000000E-1	5.227760E-6	-5.227760E-6	-4.562081E-11	1.990186E+2
-1.500000E-1	1.045738E-5	-1.045738E-5	-9.125789E-11	2.013662E+2
-2.000000E-1	1.181814E-5	-1.181814E-5	-1.031327E-10	2.031396E+2
-2.500000E-1	2.153649E-5	-2.153649E-5	-1.879413E-10	2.051533E+2
-3.000000E-1	2.796245E-5	-2.796245E-5	-2.440184E-10	2.058213E+2
-3.500000E-1	4.664534E-5	-4.664534E-5	-4.070574E-10	2.064893E+2
-4.000000E-1	6.592425E-5	-6.592425E-5	-5.752976E-10	2.071572E+2
-4.500000E-1	1.078928E-4	-1.078928E-4	-9.415422E-10	2.078242E+2
-5.000000E-1	1.399714E-4	-1.399714E-4	-1.221481E-9	2.098379E+2
-5.000000E-1	1.399492E-4	-1.399492E-4	-1.221287E-9	2.105049E+2
-4.500000E-1	1.003841E-4	-1.003841E-4	-8.760166E-10	2.118447E+2
-4.000000E-1	8.283737E-5	-8.283737E-5	-7.228924E-10	2.125127E+2
-3.500000E-1	4.993419E-5	-4.993419E-5	-4.357580E-10	2.131807E+2
-3.000000E-1	2.573034E-5	-2.573034E-5	-2.245396E-10	2.138486E+2
-2.500000E-1	1.634361E-5	-1.634361E-5	-1.426249E-10	2.145166E+2
-2.000000E-1	1.051395E-5	-1.051395E-5	-9.175152E-11	2.162900E+2
-1.500000E-1	8.220683E-6	-8.220683E-6	-7.173899E-11	2.172930E+2
-1.000000E-1	4.385195E-6	-4.385195E-6	-3.826804E-11	2.182959E+2
-5.000000E-2	1.721014E-6	-1.721014E-6	-1.501868E-11	2.192979E+2
0.000000E+0	2.265668E-8	-2.265668E-8	-1.977168E-13	2.203008E+2
0.000000E+0	1.318658E-8	-1.318658E-8	-1.150746E-13	2.213037E+2
5.000000E-2	1.671171E-6	1.671171E-6	1.458372E-11	2.223066E+2
1.000000E-1	3.311658E-6	3.311658E-6	2.889967E-11	2.233096E+2
1.500000E-1	8.264772E-6	8.264772E-6	7.212374E-11	2.243115E+2
2.000000E-1	1.313730E-5	1.313730E-5	1.146446E-10	2.263252E+2
2.500000E-1	2.601485E-5	2.601485E-5	2.270224E-10	2.269932E+2
3.000000E-1	3.452854E-5	3.452854E-5	3.013184E-10	2.276611E+2
3.500000E-1	5.235660E-5	5.235660E-5	4.568975E-10	2.283291E+2
4.000000E-1	9.297714E-5	9.297714E-5	8.113786E-10	2.289971E+2
4.500000E-1	1.707374E-4	1.707374E-4	1.489965E-9	2.310098E+2
5.000000E-1	1.998866E-4	1.998866E-4	1.744340E-9	2.316768E+2
5.000000E-1	2.071229E-4	2.071229E-4	1.807488E-9	2.323447E+2
4.500000E-1	1.501003E-4	1.501003E-4	1.309872E-9	2.330117E+2
4.000000E-1	1.076384E-4	1.076384E-4	9.393224E-10	2.343516E+2
3.500000E-1	7.667988E-5	7.667988E-5	6.691582E-10	2.350195E+2
3.000000E-1	5.418098E-5	5.418098E-5	4.728183E-10	2.356875E+2
2.500000E-1	3.206589E-5	3.206589E-5	2.798277E-10	2.363555E+2
2.000000E-1	1.881740E-5	1.881740E-5	1.642128E-10	2.370234E+2
1.500000E-1	1.463999E-5	1.463999E-5	1.277580E-10	2.401426E+2
1.000000E-1	7.904220E-6	7.904220E-6	6.897733E-11	2.419160E+2
5.000000E-2	3.996043E-6	3.996043E-6	3.487205E-11	2.429189E+2
0.000000E+0	3.679584E-8	3.679584E-8	3.211043E-13	2.439209E+2
-5.000000E-2	2.767092E-6	-2.767092E-6	-2.414743E-11	2.449248E+2
-1.000000E-1	7.136685E-6	-7.136685E-6	-6.227933E-11	2.459268E+2
-1.500000E-1	8.954941E-6	-8.954941E-6	-7.814660E-11	2.479404E+2
-2.000000E-1	1.403889E-5	-1.403889E-5	-1.225124E-10	2.486084E+2
-2.500000E-1	2.831733E-5	-2.831733E-5	-2.471153E-10	2.492764E+2
-3.000000E-1	3.606309E-5	-3.606309E-5	-3.147098E-10	2.499443E+2
-3.500000E-1	5.894117E-5	-5.894117E-5	-5.143588E-10	2.506123E+2
-4.000000E-1	7.954504E-5	-7.954504E-5	-6.941614E-10	2.512803E+2
-4.500000E-1	1.089319E-4	-1.089319E-4	-9.506103E-10	2.539600E+2
-5.000000E-1	1.732183E-4	-1.732183E-4	-1.511615E-9	2.546270E+2
-5.000000E-1	1.757416E-4	-1.757416E-4	-1.533635E-9	2.552939E+2
-4.500000E-1	1.074193E-4	-1.074193E-4	-9.374104E-10	2.566348E+2
-4.000000E-1	6.984943E-5	-6.984943E-5	-6.095513E-10	2.573027E+2
-3.500000E-1	4.403157E-5	-4.403157E-5	-3.842479E-10	2.579697E+2
-3.000000E-1	3.063497E-5	-3.063497E-5	-2.673405E-10	2.586377E+2
-2.500000E-1	2.299076E-5	-2.299076E-5	-2.006322E-10	2.593057E+2
-2.000000E-1	1.403423E-5	-1.403423E-5	-1.224718E-10	2.599736E+2
-1.500000E-1	7.924945E-6	-7.924945E-6	-6.915819E-11	2.617480E+2
-1.000000E-1	4.045938E-6	-4.045938E-6	-3.530747E-11	2.627500E+2
-5.000000E-2	1.960933E-6	-1.960933E-6	-1.711237E-11	2.637529E+2
0.000000E+0	2.355200E-8	-2.355200E-8	-2.055300E-13	2.647549E+2
0.000000E+0	9.974220E-9	-9.974220E-9	-8.704149E-14	2.657588E+2
5.000000E-2	1.848589E-6	1.848589E-6	1.613198E-11	2.667607E+2
1.000000E-1	4.319610E-6	4.319610E-6	3.769571E-11	2.677637E+2
1.500000E-1	8.186166E-6	8.186166E-6	7.143777E-11	2.687666E+2
2.000000E-1	1.753844E-5	1.753844E-5	1.530518E-10	2.707793E+2
2.500000E-1	2.501225E-5	2.501225E-5	2.182731E-10	2.714473E+2
3.000000E-1	4.113054E-5	4.113054E-5	3.589317E-10	2.721152E+2
3.500000E-1	8.435155E-5	8.435155E-5	7.361062E-10	2.727832E+2
4.000000E-1	9.927234E-5	9.927234E-5	8.663146E-10	2.734512E+2
4.500000E-1	1.643892E-4	1.643892E-4	1.434566E-9	2.754639E+2
5.000000E-1	2.436462E-4	2.436462E-4	2.126214E-9	2.761318E+2
5.000000E-1	2.488632E-4	2.488632E-4	2.171741E-9	2.767988E+2
4.500000E-1	1.728585E-4	1.728585E-4	1.508475E-9	2.774658E+2
4.000000E-1	1.242021E-4	1.242021E-4	1.083868E-9	2.781328E+2
3.500000E-1	7.761560E-5	7.761560E-5	6.773239E-10	2.794736E+2
3.000000E-1	5.487366E-5	5.487366E-5	4.788630E-10	2.801406E+2
2.500000E-1	3.449883E-5	3.449883E-5	3.010591E-10	2.808086E+2
2.000000E-1	2.013769E-5	2.013769E-5	1.757345E-10	2.814766E+2
1.500000E-1	8.606214E-6	8.606214E-6	7.510338E-11	2.832500E+2
1.000000E-1	4.267805E-6	4.267805E-6	3.724362E-11	2.842529E+2
5.000000E-2	2.002963E-6	2.002963E-6	1.747915E-11	2.852559E+2
0.000000E+0	1.851877E-8	1.851877E-8	1.616068E-13	2.862578E+2
-5.000000E-2	1.975066E-6	-1.975066E-6	-1.723570E-11	2.872617E+2
-1.000000E-1	4.781838E-6	-4.781838E-6	-4.172941E-11	2.882637E+2
-1.500000E-1	8.202129E-6	-8.202129E-6	-7.157708E-11	2.892666E+2
-2.000000E-1	1.442084E-5	-1.442084E-5	-1.258456E-10	2.912803E+2
-2.500000E-1	2.167625E-5	-2.167625E-5	-1.891610E-10	2.919482E+2
-3.000000E-1	4.112858E-5	-4.112858E-5	-3.589146E-10	2.926152E+2
-3.500000E-1	5.473967E-5	-5.473967E-5	-4.776937E-10	2.932832E+2
-4.000000E-1	8.383349E-5	-8.383349E-5	-7.315852E-10	2.939512E+2
-4.500000E-1	1.166900E-4	-1.166900E-4	-1.018312E-9	2.946191E+2
-5.000000E-1	1.507843E-4	-1.507843E-4	-1.315841E-9	2.966328E+2
-5.000000E-1	1.589168E-4	-1.589168E-4	-1.386811E-9	2.972998E+2
-4.500000E-1	1.070909E-4	-1.070909E-4	-9.345447E-10	2.986396E+2
-4.000000E-1	7.597207E-5	-7.597207E-5	-6.629814E-10	2.993076E+2
-3.500000E-1	4.695356E-5	-4.695356E-5	-4.097471E-10	2.999756E+2
-3.000000E-1	3.421500E-5	-3.421500E-5	-2.985822E-10	3.006436E+2
-2.500000E-1	2.427192E-5	-2.427192E-5	-2.118125E-10	3.013115E+2
-2.000000E-1	1.393212E-5	-1.393212E-5	-1.215807E-10	3.019795E+2
-1.500000E-1	7.731067E-6	-7.731067E-6	-6.746628E-11	3.037529E+2
-1.000000E-1	4.444048E-6	-4.444048E-6	-3.878163E-11	3.047559E+2
-5.000000E-2	1.777956E-6	-1.777956E-6	-1.551559E-11	3.057588E+2
0.000000E+0	2.044619E-8	-2.044619E-8	-1.784267E-13	3.067607E+2
0.000000E+0	9.812011E-9	-9.812011E-9	-8.562595E-14	3.077637E+2
5.000000E-2	1.690884E-6	1.690884E-6	1.475575E-11	3.087666E+2
1.000000E-1	4.339949E-6	4.339949E-6	3.787320E-11	3.097695E+2
1.500000E-1	7.664959E-6	7.664959E-6	6.688938E-11	3.107715E+2
2.000000E-1	1.340321E-5	1.340321E-5	1.169651E-10	3.127852E+2
2.500000E-1	2.245514E-5	2.245514E-5	1.959581E-10	3.134531E+2
3.000000E-1	3.953785E-5	3.953785E-5	3.450328E-10	3.141211E+2
3.500000E-1	7.070946E-5	7.070946E-5	6.170564E-10	3.147891E+2
4.000000E-1	1.083616E-4	1.083616E-4	9.456331E-10	3.154570E+2
4.500000E-1	1.690190E-4	1.690190E-4	1.474969E-9	3.174697E+2
5.000000E-1	2.374189E-4	2.374189E-4	2.071871E-9	3.181367E+2
5.000000E-1	2.177937E-4	2.177937E-4	1.900609E-9	3.188047E+2
4.500000E-1	1.346038E-4	1.346038E-4	1.174640E-9	3.194717E+2
4.000000E-1	1.066967E-4	1.066967E-4	9.311042E-10	3.208115E+2
3.500000E-1	6.988172E-5	6.988172E-5	6.098330E-10	3.214795E+2
3.000000E-1	3.852731E-5	3.852731E-5	3.362142E-10	3.221475E+2
2.500000E-1	2.519531E-5	2.519531E-5	2.198706E-10	3.228154E+2
2.000000E-1	1.515970E-5	1.515970E-5	1.322933E-10	3.234834E+2
1.500000E-1	8.414103E-6	8.414103E-6	7.342690E-11	3.252568E+2
1.000000E-1	5.598238E-6	5.598238E-6	4.885384E-11	3.262598E+2
5.000000E-2	1.844844E-6	1.844844E-6	1.609930E-11	3.272617E+2
0.000000E+0	2.283321E-8	2.283321E-8	1.992573E-13	3.282646E+2
-5.000000E-2	2.186459E-6	-2.186459E-6	-1.908045E-11	3.292676E+2
-1.000000E-1	4.523208E-6	-4.523208E-6	-3.947244E-11	3.302705E+2
-1.500000E-1	9.377867E-6	-9.377867E-6	-8.183733E-11	3.312725E+2
-2.000000E-1	1.257749E-5	-1.257749E-5	-1.097593E-10	3.332861E+2
-2.500000E-1	2.491541E-5	-2.491541E-5	-2.174280E-10	3.339541E+2
-3.000000E-1	3.084413E-5	-3.084413E-5	-2.691658E-10	3.346221E+2
-3.500000E-1	5.163298E-5	-5.163298E-5	-4.505828E-10	3.352900E+2
-4.000000E-1	8.178415E-5	-8.178415E-5	-7.137013E-10	3.359580E+2
-4.500000E-1	1.147331E-4	-1.147331E-4	-1.001235E-9	3.366260E+2
-5.000000E-1	1.990125E-4	-1.990125E-4	-1.736712E-9	3.386387E+2
-5.000000E-1	1.963250E-4	-1.963250E-4	-1.713259E-9	3.393066E+2
-4.500000E-1	1.233634E-4	-1.233634E-4	-1.076549E-9	3.399736E+2
-4.000000E-1	9.097753E-5	-9.097753E-5	-7.939287E-10	3.413135E+2
-3.500000E-1	5.986824E-5	-5.986824E-5	-5.224490E-10	3.419814E+2
-3.000000E-1	4.421828E-5	-4.421828E-5	-3.858773E-10	3.426494E+2
-2.500000E-1	2.594257E-5	-2.594257E-5	-2.263916E-10	3.433174E+2
-2.000000E-1	1.334883E-5	-1.334883E-5	-1.164905E-10	3.439854E+2
-1.500000E-1	7.963272E-6	-7.963272E-6	-6.949266E-11	3.457588E+2
-1.000000E-1	5.041480E-6	-5.041480E-6	-4.399521E-11	3.467617E+2
-5.000000E-2	1.918908E-6	-1.918908E-6	-1.674563E-11	3.477637E+2
0.000000E+0	2.240700E-8	-2.240700E-8	-1.955380E-13	3.487666E+2
0.000000E+0	1.578668E-8	-1.578668E-8	-1.377648E-13	3.497695E+2
5.000000E-2	1.654803E-6	1.654803E-6	1.444088E-11	3.507725E+2
1.000000E-1	5.185393E-6	5.185393E-6	4.525109E-11	3.517754E+2
1.500000E-1	9.078268E-6	9.078268E-6	7.922284E-11	3.527773E+2
2.000000E-1	1.221007E-5	1.221007E-5	1.065530E-10	3.547910E+2
2.500000E-1	2.046404E-5	2.046404E-5	1.785824E-10	3.554590E+2
3.000000E-1	3.461432E-5	3.461432E-5	3.020669E-10	3.561270E+2
3.500000E-1	7.182554E-5	7.182554E-5	6.267961E-10	3.567949E+2
4.000000E-1	9.763743E-5	9.763743E-5	8.520473E-10	3.574619E+2
4.500000E-1	1.434481E-4	1.434481E-4	1.251821E-9	3.594756E+2
5.000000E-1	2.335390E-4	2.335390E-4	2.038012E-9	3.601426E+2
5.000000E-1	2.367957E-4	2.367957E-4	2.066432E-9	3.608096E+2
4.500000E-1	1.628471E-4	1.628471E-4	1.421109E-9	3.614775E+2
4.000000E-1	1.015385E-4	1.015385E-4	8.860906E-10	3.628174E+2
3.500000E-1	6.798483E-5	6.798483E-5	5.932796E-10	3.634854E+2
3.000000E-1	4.934182E-5	4.934182E-5	4.305886E-10	3.641533E+2
2.500000E-1	2.877517E-5	2.877517E-5	2.511107E-10	3.648213E+2
2.000000E-1	1.817104E-5	1.817104E-5	1.585722E-10	3.654893E+2
1.500000E-1	1.077880E-5	1.077880E-5	9.406274E-11	3.672627E+2
1.000000E-1	5.750938E-6	5.750938E-6	5.018640E-11	3.682646E+2
5.000000E-2	2.376875E-6	2.376875E-6	2.074215E-11	3.692676E+2
0.000000E+0	2.371263E-8	2.371263E-8	2.069317E-13	3.702705E+2
-5.000000E-2	2.309674E-6	-2.309674E-6	-2.015571E-11	3.712734E+2
-1.000000E-1	5.501521E-6	-5.501521E-6	-4.800983E-11	3.722764E+2
-1.500000E-1	1.029327E-5	-1.029327E-5	-8.982576E-11	3.732783E+2
-2.000000E-1	1.839171E-5	-1.839171E-5	-1.604979E-10	3.752920E+2
-2.500000E-1	3.010231E-5	-3.010231E-5	-2.626922E-10	3.759600E+2
-3.000000E-1	4.507078E-5	-4.507078E-5	-3.933168E-10	3.766279E+2
-3.500000E-1	6.510567E-5	-6.510567E-5	-5.681542E-10	3.772959E+2
-4.000000E-1	9.768436E-5	-9.768436E-5	-8.524568E-10	3.779639E+2
-4.500000E-1	1.244382E-4	-1.244382E-4	-1.085928E-9	3.799766E+2
-5.000000E-1	1.697705E-4	-1.697705E-4	-1.481527E-9	3.806436E+2
-5.000000E-1	1.798203E-4	-1.798203E-4	-1.569228E-9	3.813105E+2
-4.500000E-1	1.206193E-4	-1.206193E-4	-1.052602E-9	3.819785E+2
-4.000000E-1	7.549680E-5	-7.549680E-5	-6.588339E-10	3.833184E+2
-3.500000E-1	5.611331E-5	-5.611331E-5	-4.896810E-10	3.839863E+2
-3.000000E-1	3.803972E-5	-3.803972E-5	-3.319592E-10	3.846543E+2
-2.500000E-1	2.279362E-5	-2.279362E-5	-1.989119E-10	3.853223E+2
-2.000000E-1	1.530632E-5	-1.530632E-5	-1.335728E-10	3.859902E+2
-1.500000E-1	8.520223E-6	-8.520223E-6	-7.435297E-11	3.877637E+2
-1.000000E-1	4.683220E-6	-4.683220E-6	-4.086881E-11	3.887666E+2
-5.000000E-2	2.002045E-6	-2.002045E-6	-1.747114E-11	3.897686E+2
0.000000E+0	1.753440E-8	-1.753440E-8	-1.530165E-13	3.907715E+2
0.000000E+0	1.414234E-8	-1.414234E-8	-1.234152E-13	3.917744E+2
5.000000E-2	2.478568E-6	2.478568E-6	2.162959E-11	3.927773E+2
1.000000E-1	5.525977E-6	5.525977E-6	4.822325E-11	3.937803E+2
1.500000E-1	1.017633E-5	1.017633E-5	8.880523E-11	3.947822E+2
2.000000E-1	1.201009E-5	1.201009E-5	1.048078E-10	3.957852E+2
2.500000E-1	2.685648E-5	2.685648E-5	2.343670E-10	3.977988E+2
3.000000E-1	4.738869E-5	4.738869E-5	4.135443E-10	3.984658E+2
3.500000E-1	6.431581E-5	6.431581E-5	5.612613E-10	3.991338E+2
4.000000E-1	1.033451E-4	1.033451E-4	9.018561E-10	3.998018E+2
4.500000E-1	1.384512E-4	1.384512E-4	1.208215E-9	4.018154E+2
5.000000E-1	2.449717E-4	2.449717E-4	2.137781E-9	4.024824E+2
5.000000E-1	2.439528E-4	2.439528E-4	2.128890E-9	4.031504E+2
4.500000E-1	1.919548E-4	1.919548E-4	1.675122E-9	4.038174E+2
4.000000E-1	1.237419E-4	1.237419E-4	1.079852E-9	4.044844E+2
3.500000E-1	8.252534E-5	8.252534E-5	7.201694E-10	4.058242E+2
3.000000E-1	4.637512E-5	4.637512E-5	4.046993E-10	4.064922E+2
2.500000E-1	3.478187E-5	3.478187E-5	3.035291E-10	4.071602E+2
2.000000E-1	2.262248E-5	2.262248E-5	1.974184E-10	4.078281E+2
1.500000E-1	1.050200E-5	1.050200E-5	9.164728E-11	4.096016E+2
1.000000E-1	5.925413E-6	5.925413E-6	5.170898E-11	4.106045E+2
5.000000E-2	2.559291E-6	2.559291E-6	2.233403E-11	4.116074E+2
0.000000E+0	3.519442E-8	3.519442E-8	3.071293E-13	4.126094E+2
-5.000000E-2	2.335792E-6	-2.335792E-6	-2.038363E-11	4.136123E+2
-1.000000E-1	5.410717E-6	-5.410717E-6	-4.721741E-11	4.146152E+2
-1.500000E-1	1.120740E-5	-1.120740E-5	-9.780300E-11	4.156182E+2
-2.000000E-1	1.578538E-5	-1.578538E-5	-1.377534E-10	4.176318E+2
-2.500000E-1	2.445594E-5	-2.445594E-5	-2.134183E-10	4.182998E+2
-3.000000E-1	4.086471E-5	-4.086471E-5	-3.566119E-10	4.189668E+2
-3.500000E-1	6.767086E-5	-6.767086E-5	-5.905396E-10	4.196348E+2
-4.000000E-1	9.057110E-5	-9.057110E-5	-7.903820E-10	4.203027E+2
-4.500000E-1	1.303783E-4	-1.303783E-4	-1.137765E-9	4.223164E+2
-5.000000E-1	1.812856E-4	-1.812856E-4	-1.582015E-9	4.229834E+2
-5.000000E-1	1.763347E-4	-1.763347E-4	-1.538811E-9	4.236504E+2
-4.500000E-1	1.147705E-4	-1.147705E-4	-1.001562E-9	4.243184E+2
-4.000000E-1	7.961183E-5	-7.961183E-5	-6.947443E-10	4.256582E+2
-3.500000E-1	6.130480E-5	-6.130480E-5	-5.349853E-10	4.263262E+2
-3.000000E-1	4.160934E-5	-4.160934E-5	-3.631100E-10	4.269941E+2
-2.500000E-1	2.505918E-5	-2.505918E-5	-2.186826E-10	4.276621E+2
-2.000000E-1	1.712872E-5	-1.712872E-5	-1.494763E-10	4.283291E+2
-1.500000E-1	7.614486E-6	-7.614486E-6	-6.644893E-11	4.301035E+2
-1.000000E-1	4.269858E-6	-4.269858E-6	-3.726154E-11	4.311055E+2
-5.000000E-2	1.919708E-6	-1.919708E-6	-1.675261E-11	4.321084E+2
0.000000E+0	2.394639E-8	-2.394639E-8	-2.089717E-13	4.331104E+2
0.000000E+0	1.612064E-8	-1.612064E-8	-1.406791E-13	4.341143E+2
5.000000E-2	2.062121E-6	2.062121E-6	1.799540E-11	4.351162E+2
1.000000E-1	4.373670E-6	4.373670E-6	3.816747E-11	4.361191E+2
1.500000E-1	9.825346E-6	9.825346E-6	8.574232E-11	4.371211E+2
2.000000E-1	2.098535E-5	2.098535E-5	1.831317E-10	4.391348E+2
2.500000E-1	3.027680E-5	3.027680E-5	2.642149E-10	4.398027E+2
3.000000E-1	5.132342E-5	5.132342E-5	4.478813E-10	4.404697E+2
3.500000E-1	7.469711E-5	7.469711E-5	6.518553E-10	4.411377E+2
4.000000E-1	1.152458E-4	1.152458E-4	1.005709E-9	4.418057E+2
4.500000E-1	1.584500E-4	1.584500E-4	1.382737E-9	4.438184E+2
5.000000E-1	2.197921E-4	2.197921E-4	1.918048E-9	4.444854E+2
5.000000E-1	2.234983E-4	2.234983E-4	1.950391E-9	4.451533E+2
4.500000E-1	1.496489E-4	1.496489E-4	1.305933E-9	4.458203E+2
4.000000E-1	1.034560E-4	1.034560E-4	9.028242E-10	4.471602E+2
3.500000E-1	7.272111E-5	7.272111E-5	6.346114E-10	4.478281E+2
3.000000E-1	4.577081E-5	4.577081E-5	3.994257E-10	4.484951E+2
2.500000E-1	3.028884E-5	3.028884E-5	2.643200E-10	4.491631E+2
2.000000E-1	1.599246E-5	1.599246E-5	1.395605E-10	4.498311E+2
1.500000E-1	8.990555E-6	8.990555E-6	7.845739E-11	4.516045E+2
1.000000E-1	5.249797E-6	5.249797E-6	4.581312E-11	4.526074E+2
5.000000E-2	2.494968E-6	2.494968E-6	2.177270E-11	4.536094E+2
0.000000E+0	2.380009E-8	2.380009E-8	2.076950E-13	4.546123E+2
-5.000000E-2	2.597330E-6	-2.597330E-6	-2.266598E-11	4.556152E+2
-1.000000E-1	6.255160E-6	-6.255160E-6	-5.458657E-11	4.566172E+2
-1.500000E-1	1.002479E-5	-1.002479E-5	-8.748283E-11	4.576201E+2
-2.000000E-1	2.296759E-5	-2.296759E-5	-2.004300E-10	4.596338E+2
-2.500000E-1	3.575947E-5	-3.575947E-5	-3.120602E-10	4.603008E+2
-3.000000E-1	5.524238E-5	-5.524238E-5	-4.820807E-10	4.609687E+2
-3.500000E-1	8.121631E-5	-8.121631E-5	-7.087460E-10	4.616367E+2
-4.000000E-1	1.050415E-4	-1.050415E-4	-9.166601E-10	4.623047E+2
-4.500000E-1	1.528088E-4	-1.528088E-4	-1.333508E-9	4.643174E+2
-5.000000E-1	2.230623E-4	-2.230623E-4	-1.946586E-9	4.649844E+2
-5.000000E-1	1.983449E-4	-1.983449E-4	-1.730886E-9	4.656514E+2
-4.500000E-1	1.365637E-4	-1.365637E-4	-1.191743E-9	4.663193E+2
-4.000000E-1	1.004662E-4	-1.004662E-4	-8.767331E-10	4.676592E+2
-3.500000E-1	6.921112E-5	-6.921112E-5	-6.039809E-10	4.683262E+2
-3.000000E-1	4.417647E-5	-4.417647E-5	-3.855124E-10	4.689941E+2
-2.500000E-1	2.640104E-5	-2.640104E-5	-2.303925E-10	4.696621E+2
-2.000000E-1	1.751091E-5	-1.751091E-5	-1.528115E-10	4.703301E+2
-1.500000E-1	1.527397E-5	-1.527397E-5	-1.332905E-10	4.731143E+2
-1.000000E-1	6.497740E-6	-6.497740E-6	-5.670348E-11	4.748877E+2
-5.000000E-2	2.928115E-6	-2.928115E-6	-2.555262E-11	4.758906E+2
0.000000E+0	3.042996E-8	-3.042996E-8	-2.655515E-13	4.768926E+2
0.000000E+0	1.965424E-8	-1.965424E-8	-1.715156E-13	4.778965E+2
5.000000E-2	2.588549E-6	2.588549E-6	2.258935E-11	4.788984E+2
1.000000E-1	5.716014E-6	5.716014E-6	4.988163E-11	4.799014E+2
1.500000E-1	1.137243E-5	1.137243E-5	9.924316E-11	4.809033E+2
2.000000E-1	2.306502E-5	2.306502E-5	2.012803E-10	4.829170E+2
2.500000E-1	3.667122E-5	3.667122E-5	3.200168E-10	4.835850E+2
3.000000E-1	5.376282E-5	5.376282E-5	4.691691E-10	4.842520E+2
3.500000E-1	8.666410E-5	8.666410E-5	7.562870E-10	4.849199E+2
4.000000E-1	1.200933E-4	1.200933E-4	1.048012E-9	4.855879E+2
4.500000E-1	1.685013E-4	1.685013E-4	1.470451E-9	4.876006E+2
5.000000E-1	2.466733E-4	2.466733E-4	2.152631E-9	4.882676E+2
5.000000E-1	2.347541E-4	2.347541E-4	2.048616E-9	4.889346E+2
4.500000E-1	1.737088E-4	1.737088E-4	1.515895E-9	4.896025E+2
4.000000E-1	1.112492E-4	1.112492E-4	9.708323E-10	4.909424E+2
3.500000E-1	9.745403E-5	9.745403E-5	8.504468E-10	4.916094E+2
3.000000E-1	4.920325E-5	4.920325E-5	4.293794E-10	4.922773E+2
2.500000E-1	3.501459E-5	3.501459E-5	3.055599E-10	4.929453E+2
2.000000E-1	2.066133E-5	2.066133E-5	1.803041E-10	4.936133E+2
1.500000E-1	1.144631E-5	1.144631E-5	9.988789E-11	4.953867E+2
1.000000E-1	6.927225E-6	6.927225E-6	6.045144E-11	4.963896E+2
5.000000E-2	2.801359E-6	2.801359E-6	2.444647E-11	4.973916E+2
0.000000E+0	3.290443E-8	3.290443E-8	2.871453E-13	4.983945E+2
-5.000000E-2	3.039109E-6	-3.039109E-6	-2.652123E-11	4.993975E+2
-1.000000E-1	7.835753E-6	-7.835753E-6	-6.837984E-11	5.003994E+2
-1.500000E-1	1.448308E-5	-1.448308E-5	-1.263887E-10	5.024131E+2
-2.000000E-1	2.247698E-5	-2.247698E-5	-1.961487E-10	5.030811E+2
-2.500000E-1	3.196364E-5	-3.196364E-5	-2.789354E-10	5.037480E+2
-3.000000E-1	5.323235E-5	-5.323235E-5	-4.645399E-10	5.044160E+2
-3.500000E-1	7.710635E-5	-7.710635E-5	-6.728798E-10	5.050840E+2
-4.000000E-1	1.039108E-4	-1.039108E-4	-9.067924E-10	5.057520E+2
-4.500000E-1	1.635784E-4	-1.635784E-4	-1.427491E-9	5.077646E+2
-5.000000E-1	2.265535E-4	-2.265535E-4	-1.977052E-9	5.084316E+2
-5.000000E-1	2.203554E-4	-2.203554E-4	-1.922964E-9	5.090986E+2
-4.500000E-1	1.749569E-4	-1.749569E-4	-1.526787E-9	5.097666E+2
-4.000000E-1	1.160731E-4	-1.160731E-4	-1.012929E-9	5.111064E+2
-3.500000E-1	8.381779E-5	-8.381779E-5	-7.314482E-10	5.117734E+2
-3.000000E-1	5.682439E-5	-5.682439E-5	-4.958864E-10	5.124414E+2
-2.500000E-1	3.892877E-5	-3.892877E-5	-3.397176E-10	5.131094E+2
-2.000000E-1	2.502756E-5	-2.502756E-5	-2.184067E-10	5.137773E+2
-1.500000E-1	1.454822E-5	-1.454822E-5	-1.269572E-10	5.144453E+2
-1.000000E-1	6.863414E-6	-6.863414E-6	-5.989458E-11	5.162188E+2
-5.000000E-2	2.816926E-6	-2.816926E-6	-2.458232E-11	5.172207E+2
0.000000E+0	3.623129E-8	-3.623129E-8	-3.161776E-13	5.182236E+2
0.000000E+0	1.874142E-8	-1.874142E-8	-1.635497E-13	5.192266E+2
5.000000E-2	2.354962E-6	2.354962E-6	2.055092E-11	5.202295E+2
1.000000E-1	8.967874E-6	8.967874E-6	7.825947E-11	5.212314E+2
1.500000E-1	1.312409E-5	1.312409E-5	1.145293E-10	5.232451E+2
2.000000E-1	1.917285E-5	1.917285E-5	1.673147E-10	5.239121E+2
2.500000E-1	3.667528E-5	3.667528E-5	3.200522E-10	5.245801E+2
3.000000E-1	5.804487E-5	5.804487E-5	5.065371E-10	5.252480E+2
3.500000E-1	8.432963E-5	8.432963E-5	7.359149E-10	5.259160E+2
4.000000E-1	1.193448E-4	1.193448E-4	1.041480E-9	5.265840E+2
4.500000E-1	2.015833E-4	2.015833E-4	1.759146E-9	5.285967E+2
5.000000E-1	2.541219E-4	2.541219E-4	2.217632E-9	5.292637E+2
5.000000E-1	2.670900E-4	2.670900E-4	2.330800E-9	5.299307E+2
4.500000E-1	1.994993E-4	1.994993E-4	1.740960E-9	5.305977E+2
4.000000E-1	1.409048E-4	1.409048E-4	1.229626E-9	5.312656E+2
3.500000E-1	9.322864E-5	9.322864E-5	8.135733E-10	5.326055E+2
3.000000E-1	5.751781E-5	5.751781E-5	5.019376E-10	5.332725E+2
2.500000E-1	3.849559E-5	3.849559E-5	3.359374E-10	5.339404E+2
2.000000E-1	2.386072E-5	2.386072E-5	2.082241E-10	5.346084E+2
1.500000E-1	1.625976E-5	1.625976E-5	1.418932E-10	5.352764E+2
1.000000E-1	6.024971E-6	6.024971E-6	5.257779E-11	5.370498E+2
5.000000E-2	3.000189E-6	3.000189E-6	2.618159E-11	5.380527E+2
0.000000E+0	1.956200E-8	1.956200E-8	1.707107E-13	5.390547E+2
-5.000000E-2	3.218290E-6	-3.218290E-6	-2.808488E-11	5.400576E+2
-1.000000E-1	7.404261E-6	-7.404261E-6	-6.461436E-11	5.410605E+2
-1.500000E-1	1.077373E-5	-1.077373E-5	-9.401857E-11	5.437402E+2
-2.000000E-1	2.807040E-5	-2.807040E-5	-2.449604E-10	5.444082E+2
-2.500000E-1	4.258063E-5	-4.258063E-5	-3.715861E-10	5.450762E+2
-3.000000E-1	6.037840E-5	-6.037840E-5	-5.269009E-10	5.457441E+2
-3.500000E-1	9.331521E-5	-9.331521E-5	-8.143288E-10	5.464111E+2
-4.000000E-1	1.281468E-4	-1.281468E-4	-1.118292E-9	5.484248E+2
-4.500000E-1	1.744724E-4	-1.744724E-4	-1.522559E-9	5.490918E+2
-5.000000E-1	2.257008E-4	-2.257008E-4	-1.969611E-9	5.497588E+2
-5.000000E-1	2.485086E-4	-2.485086E-4	-2.168647E-9	5.504258E+2
-4.500000E-1	1.807584E-4	-1.807584E-4	-1.577415E-9	5.510938E+2
-4.000000E-1	1.257829E-4	-1.257829E-4	-1.097663E-9	5.517607E+2
-3.500000E-1	8.200658E-5	-8.200658E-5	-7.156424E-10	5.531006E+2
-3.000000E-1	4.744000E-5	-4.744000E-5	-4.139921E-10	5.537686E+2
-2.500000E-1	2.997611E-5	-2.997611E-5	-2.615909E-10	5.544355E+2
-2.000000E-1	1.972110E-5	-1.972110E-5	-1.720991E-10	5.551035E+2
-1.500000E-1	1.294533E-5	-1.294533E-5	-1.129693E-10	5.557715E+2
-1.000000E-1	5.272596E-6	-5.272596E-6	-4.601208E-11	5.575449E+2
-5.000000E-2	2.565420E-6	-2.565420E-6	-2.238751E-11	5.585479E+2
0.000000E+0	2.676914E-8	-2.676914E-8	-2.336048E-13	5.595508E+2
0.000000E+0	9.853358E-9	-9.853358E-9	-8.598677E-14	5.605537E+2
5.000000E-2	2.232180E-6	2.232180E-6	1.947945E-11	5.615557E+2
1.000000E-1	5.062989E-6	5.062989E-6	4.418291E-11	5.625586E+2
1.500000E-1	1.111599E-5	1.111599E-5	9.700534E-11	5.635605E+2
2.000000E-1	2.141952E-5	2.141952E-5	1.869206E-10	5.655742E+2
2.500000E-1	4.031734E-5	4.031734E-5	3.518352E-10	5.662422E+2
3.000000E-1	6.988542E-5	6.988542E-5	6.098654E-10	5.669092E+2
3.500000E-1	1.005176E-4	1.005176E-4	8.771819E-10	5.675771E+2
4.000000E-1	1.424254E-4	1.424254E-4	1.242896E-9	5.695898E+2
4.500000E-1	2.018963E-4	2.018963E-4	1.761878E-9	5.702578E+2
5.000000E-1	2.604068E-4	2.604068E-4	2.272478E-9	5.709248E+2
5.000000E-1	2.692074E-4	2.692074E-4	2.349278E-9	5.715918E+2
4.500000E-1	1.950628E-4	1.950628E-4	1.702244E-9	5.722588E+2
4.000000E-1	1.358390E-4	1.358390E-4	1.185419E-9	5.729258E+2
3.500000E-1	7.711011E-5	7.711011E-5	6.729126E-10	5.742656E+2
3.000000E-1	4.989936E-5	4.989936E-5	4.354541E-10	5.749336E+2
2.500000E-1	3.647840E-5	3.647840E-5	3.183341E-10	5.756016E+2
2.000000E-1	2.159010E-5	2.159010E-5	1.884092E-10	5.762695E+2
1.500000E-1	1.201282E-5	1.201282E-5	1.048316E-10	5.769375E+2
1.000000E-1	6.000602E-6	6.000602E-6	5.236513E-11	5.787109E+2
5.000000E-2	2.859315E-6	2.859315E-6	2.495223E-11	5.797129E+2
0.000000E+0	2.216688E-8	2.216688E-8	1.934425E-13	5.807158E+2
-5.000000E-2	2.739951E-6	-2.739951E-6	-2.391058E-11	5.817187E+2
-1.000000E-1	5.420284E-6	-5.420284E-6	-4.730090E-11	5.827217E+2
-1.500000E-1	9.447047E-6	-9.447047E-6	-8.244104E-11	5.837236E+2
-2.000000E-1	1.779877E-5	-1.779877E-5	-1.553236E-10	5.857373E+2
-2.500000E-1	2.993668E-5	-2.993668E-5	-2.612468E-10	5.864053E+2
-3.000000E-1	5.600539E-5	-5.600539E-5	-4.887392E-10	5.870723E+2
-3.500000E-1	8.478947E-5	-8.478947E-5	-7.399277E-10	5.877402E+2
-4.000000E-1	1.068526E-4	-1.068526E-4	-9.324648E-10	5.904209E+2
-4.500000E-1	1.440375E-4	-1.440375E-4	-1.256964E-9	5.910879E+2
-5.000000E-1	2.054110E-4	-2.054110E-4	-1.792549E-9	5.917549E+2
-5.000000E-1	2.067360E-4	-2.067360E-4	-1.804112E-9	5.924219E+2
-4.500000E-1	1.217485E-4	-1.217485E-4	-1.062456E-9	5.930889E+2
-4.000000E-1	1.019691E-4	-1.019691E-4	-8.898480E-10	5.944287E+2
-3.500000E-1	5.685505E-5	-5.685505E-5	-4.961539E-10	5.950967E+2
-3.000000E-1	4.304924E-5	-4.304924E-5	-3.756755E-10	5.957646E+2
-2.500000E-1	2.913130E-5	-2.913130E-5	-2.542185E-10	5.964326E+2
-2.000000E-1	1.796092E-5	-1.796092E-5	-1.567386E-10	5.971006E+2
-1.500000E-1	1.021504E-5	-1.021504E-5	-8.914308E-11	5.988740E+2
-1.000000E-1	5.928799E-6	-5.928799E-6	-5.173853E-11	5.998760E+2
-5.000000E-2	2.242918E-6	-2.242918E-6	-1.957315E-11	6.008789E+2
0.000000E+0	3.020413E-8	-3.020413E-8	-2.635808E-13	6.018809E+2
0.000000E+0	1.233897E-8	-1.233897E-8	-1.076778E-13	6.028848E+2
5.000000E-2	2.636170E-6	2.636170E-6	2.300492E-11	6.038867E+2
1.000000E-1	6.342998E-6	6.342998E-6	5.535310E-11	6.048896E+2
1.500000E-1	1.211871E-5	1.211871E-5	1.057557E-10	6.069023E+2
2.000000E-1	2.384570E-5	2.384570E-5	2.080930E-10	6.075703E+2
2.500000E-1	3.584967E-5	3.584967E-5	3.128474E-10	6.082383E+2
3.000000E-1	5.380048E-5	5.380048E-5	4.694977E-10	6.089062E+2
3.500000E-1	6.936802E-5	6.936802E-5	6.053502E-10	6.095732E+2
4.000000E-1	1.090033E-4	1.090033E-4	9.512335E-10	6.102412E+2
4.500000E-1	1.840505E-4	1.840505E-4	1.606144E-9	6.122539E+2
5.000000E-1	2.385185E-4	2.385185E-4	2.081467E-9	6.129219E+2
5.000000E-1	2.353417E-4	2.353417E-4	2.053744E-9	6.135889E+2
4.500000E-1	1.604671E-4	1.604671E-4	1.400340E-9	6.142559E+2
4.000000E-1	1.196177E-4	1.196177E-4	1.043861E-9	6.169404E+2
3.500000E-1	7.502722E-5	7.502722E-5	6.547360E-10	6.182803E+2
3.000000E-1	5.747882E-5	5.747882E-5	5.015973E-10	6.189482E+2
2.500000E-1	3.730322E-5	3.730322E-5	3.255320E-10	6.196162E+2
2.000000E-1	2.417615E-5	2.417615E-5	2.109767E-10	6.202842E+2
1.500000E-1	1.366837E-5	1.366837E-5	1.192790E-10	6.209521E+2
1.000000E-1	6.327818E-6	6.327818E-6	5.522063E-11	6.227256E+2
5.000000E-2	2.426304E-6	2.426304E-6	2.117350E-11	6.237275E+2
0.000000E+0	2.435987E-8	2.435987E-8	2.125800E-13	6.247305E+2
-5.000000E-2	2.329047E-6	-2.329047E-6	-2.032477E-11	6.257334E+2
-1.000000E-1	5.460265E-6	-5.460265E-6	-4.764980E-11	6.267363E+2
-1.500000E-1	1.058506E-5	-1.058506E-5	-9.237207E-11	6.277383E+2
-2.000000E-1	1.806681E-5	-1.806681E-5	-1.576627E-10	6.297520E+2
-2.500000E-1	2.703883E-5	-2.703883E-5	-2.359583E-10	6.304199E+2
-3.000000E-1	3.987473E-5	-3.987473E-5	-3.479727E-10	6.310869E+2
-3.500000E-1	6.631689E-5	-6.631689E-5	-5.787240E-10	6.317549E+2
-4.000000E-1	9.961172E-5	-9.961172E-5	-8.692762E-10	6.324229E+2
-4.500000E-1	1.396778E-4	-1.396778E-4	-1.218919E-9	6.344355E+2
-5.000000E-1	2.126431E-4	-2.126431E-4	-1.855661E-9	6.351025E+2
-5.000000E-1	2.186187E-4	-2.186187E-4	-1.907808E-9	6.357705E+2
-4.500000E-1	1.418101E-4	-1.418101E-4	-1.237527E-9	6.364375E+2
-4.000000E-1	1.032543E-4	-1.032543E-4	-9.010634E-10	6.377773E+2
-3.500000E-1	6.656008E-5	-6.656008E-5	-5.808463E-10	6.384453E+2
-3.000000E-1	4.606794E-5	-4.606794E-5	-4.020186E-10	6.391123E+2
-2.500000E-1	2.913338E-5	-2.913338E-5	-2.542367E-10	6.397803E+2
-2.000000E-1	1.898686E-5	-1.898686E-5	-1.656916E-10	6.404482E+2
-1.500000E-1	1.192695E-5	-1.192695E-5	-1.040823E-10	6.422217E+2
-1.000000E-1	6.545793E-6	-6.545793E-6	-5.712282E-11	6.432246E+2
-5.000000E-2	2.975867E-6	-2.975867E-6	-2.596934E-11	6.442266E+2
0.000000E+0	2.817971E-8	-2.817971E-8	-2.459144E-13	6.452295E+2
0.000000E+0	1.547817E-8	-1.547817E-8	-1.350725E-13	6.462324E+2
5.000000E-2	2.853863E-6	2.853863E-6	2.490465E-11	6.472344E+2
1.000000E-1	6.085874E-6	6.085874E-6	5.310927E-11	6.482373E+2
1.500000E-1	1.150235E-5	1.150235E-5	1.003769E-10	6.492402E+2
2.000000E-1	1.995830E-5	1.995830E-5	1.741690E-10	6.512529E+2
2.500000E-1	3.412433E-5	3.412433E-5	2.977910E-10	6.519209E+2
3.000000E-1	5.515906E-5	5.515906E-5	4.813536E-10	6.525889E+2
3.500000E-1	7.796102E-5	7.796102E-5	6.803383E-10	6.532559E+2
4.000000E-1	1.189338E-4	1.189338E-4	1.037893E-9	6.539238E+2
4.500000E-1	1.706354E-4	1.706354E-4	1.489075E-9	6.559365E+2
5.000000E-1	2.400598E-4	2.400598E-4	2.094917E-9	6.566045E+2
5.000000E-1	2.582005E-4	2.582005E-4	2.253224E-9	6.572715E+2
4.500000E-1	1.684527E-4	1.684527E-4	1.470027E-9	6.579385E+2
4.000000E-1	1.171276E-4	1.171276E-4	1.022131E-9	6.586055E+2
3.500000E-1	1.004614E-4	1.004614E-4	8.766913E-10	6.599453E+2
3.000000E-1	6.195705E-5	6.195705E-5	5.406772E-10	6.606133E+2
2.500000E-1	4.349445E-5	4.349445E-5	3.795607E-10	6.612812E+2
2.000000E-1	2.130565E-5	2.130565E-5	1.859269E-10	6.619492E+2
1.500000E-1	1.520763E-5	1.520763E-5	1.327116E-10	6.647334E+2
1.000000E-1	7.348526E-6	7.348526E-6	6.412799E-11	6.665068E+2
5.000000E-2	2.775394E-6	2.775394E-6	2.421988E-11	6.675088E+2
0.000000E+0	2.731937E-8	2.731937E-8	2.384065E-13	6.685117E+2
-5.000000E-2	2.741524E-6	-2.741524E-6	-2.392431E-11	6.695146E+2
-1.000000E-1	6.254217E-6	-6.254217E-6	-5.457834E-11	6.705176E+2
-1.500000E-1	1.078703E-5	-1.078703E-5	-9.413464E-11	6.715195E+2
-2.000000E-1	1.731679E-5	-1.731679E-5	-1.511175E-10	6.735332E+2
-2.500000E-1	2.815494E-5	-2.815494E-5	-2.456982E-10	6.742012E+2
-3.000000E-1	4.727673E-5	-4.727673E-5	-4.125673E-10	6.748682E+2
-3.500000E-1	5.861695E-5	-5.861695E-5	-5.115294E-10	6.755361E+2
-4.000000E-1	9.739098E-5	-9.739098E-5	-8.498966E-10	6.762041E+2
-4.500000E-1	1.514655E-4	-1.514655E-4	-1.321786E-9	6.782168E+2
-5.000000E-1	2.058604E-4	-2.058604E-4	-1.796471E-9	6.788838E+2
-5.000000E-1	2.111063E-4	-2.111063E-4	-1.842250E-9	6.795518E+2
-4.500000E-1	1.354064E-4	-1.354064E-4	-1.181644E-9	6.802187E+2
-4.000000E-1	9.647579E-5	-9.647579E-5	-8.419101E-10	6.815586E+2
-3.500000E-1	6.969509E-5	-6.969509E-5	-6.082044E-10	6.822266E+2
-3.000000E-1	4.549113E-5	-4.549113E-5	-3.969850E-10	6.828936E+2
-2.500000E-1	3.093820E-5	-3.093820E-5	-2.699867E-10	6.835615E+2
-2.000000E-1	1.901780E-5	-1.901780E-5	-1.659616E-10	6.842295E+2
-1.500000E-1	1.262166E-5	-1.262166E-5	-1.101448E-10	6.848975E+2
-1.000000E-1	6.389803E-6	-6.389803E-6	-5.576155E-11	6.866709E+2
-5.000000E-2	2.712087E-6	-2.712087E-6	-2.366742E-11	6.876729E+2
0.000000E+0	2.557325E-8	-2.557325E-8	-2.231687E-13	6.886758E+2
0.000000E+0	1.217994E-8	-1.217994E-8	-1.062900E-13	6.896787E+2
5.000000E-2	2.905260E-6	2.905260E-6	2.535318E-11	6.906816E+2
1.000000E-1	7.093850E-6	7.093850E-6	6.190552E-11	6.916836E+2
1.500000E-1	1.337290E-5	1.337290E-5	1.167006E-10	6.936973E+2
2.000000E-1	2.207956E-5	2.207956E-5	1.926805E-10	6.943652E+2
2.500000E-1	3.183377E-5	3.183377E-5	2.778021E-10	6.950322E+2
3.000000E-1	6.711747E-5	6.711747E-5	5.857104E-10	6.957002E+2
3.500000E-1	1.015823E-4	1.015823E-4	8.864731E-10	6.983799E+2
4.000000E-1	1.411851E-4	1.411851E-4	1.232072E-9	6.990469E+2
4.500000E-1	2.150693E-4	2.150693E-4	1.876834E-9	6.997148E+2
5.000000E-1	2.980306E-4	2.980306E-4	2.600808E-9	7.003818E+2
5.000000E-1	2.897084E-4	2.897084E-4	2.528183E-9	7.010488E+2
4.500000E-1	2.074183E-4	2.074183E-4	1.810066E-9	7.017158E+2
4.000000E-1	1.298847E-4	1.298847E-4	1.133458E-9	7.023828E+2
3.500000E-1	8.116328E-5	8.116328E-5	7.082832E-10	7.037227E+2
3.000000E-1	6.205818E-5	6.205818E-5	5.415598E-10	7.043906E+2
2.500000E-1	4.056318E-5	4.056318E-5	3.539805E-10	7.050586E+2
2.000000E-1	2.654698E-5	2.654698E-5	2.316661E-10	7.057266E+2
1.500000E-1	1.264745E-5	1.264745E-5	1.103698E-10	7.063945E+2
1.000000E-1	7.459465E-6	7.459465E-6	6.509611E-11	7.081680E+2
5.000000E-2	3.216326E-6	3.216326E-6	2.806774E-11	7.091699E+2
0.000000E+0	1.759482E-8	1.759482E-8	1.535438E-13	7.101729E+2
-5.000000E-2	3.200307E-6	-3.200307E-6	-2.792795E-11	7.111758E+2
-1.000000E-1	7.204195E-6	-7.204195E-6	-6.286846E-11	7.121777E+2
-1.500000E-1	1.395094E-5	-1.395094E-5	-1.217449E-10	7.141914E+2
-2.000000E-1	2.154731E-5	-2.154731E-5	-1.880358E-10	7.148594E+2
-2.500000E-1	3.542599E-5	-3.542599E-5	-3.091501E-10	7.155273E+2
-3.000000E-1	6.130448E-5	-6.130448E-5	-5.349825E-10	7.161943E+2
-3.500000E-1	8.930896E-5	-8.930896E-5	-7.793677E-10	7.168623E+2
-4.000000E-1	1.160186E-4	-1.160186E-4	-1.012453E-9	7.175303E+2
-4.500000E-1	1.981459E-4	-1.981459E-4	-1.729149E-9	7.195430E+2
-5.000000E-1	2.422551E-4	-2.422551E-4	-2.114075E-9	7.202109E+2
-5.000000E-1	2.488973E-4	-2.488973E-4	-2.172039E-9	7.208779E+2
-4.500000E-1	1.913913E-4	-1.913913E-4	-1.670204E-9	7.215449E+2
-4.000000E-1	1.486892E-4	-1.486892E-4	-1.297558E-9	7.222119E+2
-3.500000E-1	1.035022E-4	-1.035022E-4	-9.032270E-10	7.235518E+2
-3.000000E-1	8.287884E-5	-8.287884E-5	-7.232543E-10	7.242197E+2
-2.500000E-1	5.324355E-5	-5.324355E-5	-4.646376E-10	7.248877E+2
-2.000000E-1	2.207213E-5	-2.207213E-5	-1.926157E-10	7.255557E+2
-1.500000E-1	1.246126E-5	-1.246126E-5	-1.087450E-10	7.262227E+2
-1.000000E-1	7.386245E-6	-7.386245E-6	-6.445715E-11	7.279971E+2
-5.000000E-2	3.072691E-6	-3.072691E-6	-2.681429E-11	7.289990E+2
0.000000E+0	3.125849E-8	-3.125849E-8	-2.727818E-13	7.300020E+2
0.000000E+0	1.885910E-8	-1.885910E-8	-1.645767E-13	7.310049E+2
5.000000E-2	2.845062E-6	2.845062E-6	2.482785E-11	7.320068E+2
1.000000E-1	6.966564E-6	6.966564E-6	6.079474E-11	7.330098E+2
1.500000E-1	1.324358E-5	1.324358E-5	1.155720E-10	7.350234E+2
2.000000E-1	2.551548E-5	2.551548E-5	2.226646E-10	7.356904E+2
2.500000E-1	3.743914E-5	3.743914E-5	3.267181E-10	7.363584E+2
3.000000E-1	6.497783E-5	6.497783E-5	5.670385E-10	7.370264E+2
3.500000E-1	1.013542E-4	1.013542E-4	8.844823E-10	7.376943E+2
4.000000E-1	1.490442E-4	1.490442E-4	1.300656E-9	7.397070E+2
4.500000E-1	2.408735E-4	2.408735E-4	2.102018E-9	7.403740E+2
5.000000E-1	3.181428E-4	3.181428E-4	2.776320E-9	7.410410E+2
5.000000E-1	2.963663E-4	2.963663E-4	2.586284E-9	7.417090E+2
4.500000E-1	2.310236E-4	2.310236E-4	2.016061E-9	7.423760E+2
4.000000E-1	1.594196E-4	1.594196E-4	1.391198E-9	7.430430E+2
3.500000E-1	1.102617E-4	1.102617E-4	9.622149E-10	7.443828E+2
3.000000E-1	7.542484E-5	7.542484E-5	6.582059E-10	7.450508E+2
2.500000E-1	4.781001E-5	4.781001E-5	4.172210E-10	7.457188E+2
2.000000E-1	3.540114E-5	3.540114E-5	3.089332E-10	7.463857E+2
1.500000E-1	1.698221E-5	1.698221E-5	1.481977E-10	7.470537E+2
1.000000E-1	1.161102E-5	1.161102E-5	1.013253E-10	7.477217E+2
5.000000E-2	4.384758E-6	4.384758E-6	3.826423E-11	7.494951E+2
0.000000E+0	3.451061E-8	-3.451061E-8	-3.011619E-13	7.504980E+2
-5.000000E-2	3.652539E-6	-3.652539E-6	-3.187442E-11	7.515010E+2
-1.000000E-1	8.736086E-6	-8.736086E-6	-7.623673E-11	7.525029E+2
-1.500000E-1	1.667113E-5	-1.667113E-5	-1.454831E-10	7.545166E+2
-2.000000E-1	2.489044E-5	-2.489044E-5	-2.172101E-10	7.551846E+2
-2.500000E-1	4.771610E-5	-4.771610E-5	-4.164015E-10	7.558516E+2
-3.000000E-1	6.749821E-5	-6.749821E-5	-5.890330E-10	7.565195E+2
-3.500000E-1	1.047693E-4	-1.047693E-4	-9.142844E-10	7.571875E+2
-4.000000E-1	1.867024E-4	-1.867024E-4	-1.629286E-9	7.592002E+2
-4.500000E-1	2.655918E-4	-2.655918E-4	-2.317726E-9	7.598682E+2
-5.000000E-1	3.142070E-4	-3.142070E-4	-2.741973E-9	7.605352E+2
-5.000000E-1	2.799506E-4	-2.799506E-4	-2.443030E-9	7.612021E+2
-4.500000E-1	2.438592E-4	-2.438592E-4	-2.128073E-9	7.618691E+2
-4.000000E-1	1.645131E-4	-1.645131E-4	-1.435648E-9	7.625361E+2
-3.500000E-1	1.037074E-4	-1.037074E-4	-9.050176E-10	7.638760E+2
-3.000000E-1	6.000313E-5	-6.000313E-5	-5.236261E-10	7.645439E+2
-2.500000E-1	3.674602E-5	-3.674602E-5	-3.206695E-10	7.652119E+2
-2.000000E-1	2.501332E-5	-2.501332E-5	-2.182824E-10	7.658799E+2
-1.500000E-1	1.512419E-5	-1.512419E-5	-1.319835E-10	7.665479E+2
-1.000000E-1	8.829908E-6	-8.829908E-6	-7.705549E-11	7.683213E+2
-5.000000E-2	3.696228E-6	-3.696228E-6	-3.225567E-11	7.693232E+2
0.000000E+0	3.483025E-8	-3.483025E-8	-3.039513E-13	7.703262E+2
0.000000E+0	2.159279E-8	-2.159279E-8	-1.884326E-13	7.713291E+2
5.000000E-2	3.575333E-6	3.575333E-6	3.120067E-11	7.723311E+2
1.000000E-1	8.418692E-6	8.418692E-6	7.346695E-11	7.733340E+2
1.500000E-1	1.456333E-5	1.456333E-5	1.270890E-10	7.753477E+2
2.000000E-1	2.640761E-5	2.640761E-5	2.304499E-10	7.760146E+2
2.500000E-1	4.777763E-5	4.777763E-5	4.169385E-10	7.766826E+2
3.000000E-1	7.525460E-5	7.525460E-5	6.567203E-10	7.773506E+2
3.500000E-1	1.153416E-4	1.153416E-4	1.006545E-9	7.780186E+2
4.000000E-1	1.511186E-4	1.511186E-4	1.318759E-9	7.800312E+2
4.500000E-1	2.101970E-4	2.101970E-4	1.834315E-9	7.806982E+2
5.000000E-1	3.073114E-4	3.073114E-4	2.681798E-9	7.813652E+2
5.000000E-1	3.012616E-4	3.012616E-4	2.629003E-9	7.820332E+2
4.500000E-1	2.081168E-4	2.081168E-4	1.816162E-9	7.827002E+2
4.000000E-1	1.488360E-4	1.488360E-4	1.298839E-9	7.833672E+2
3.500000E-1	9.359579E-5	9.359579E-5	8.167773E-10	7.847070E+2
3.000000E-1	6.660395E-5	6.660395E-5	5.812291E-10	7.853750E+2
2.500000E-1	4.537412E-5	4.537412E-5	3.959639E-10	7.860420E+2
2.000000E-1	2.633535E-5	2.633535E-5	2.298193E-10	7.867100E+2
1.500000E-1	1.563245E-5	1.563245E-5	1.364189E-10	7.873779E+2
1.000000E-1	8.229261E-6	8.229261E-6	7.181385E-11	7.891514E+2
5.000000E-2	4.023492E-6	4.023492E-6	3.511159E-11	7.901543E+2
0.000000E+0	2.402909E-8	2.402909E-8	2.096934E-13	7.911562E+2
-5.000000E-2	3.431897E-6	-3.431897E-6	-2.994895E-11	7.921592E+2
-1.000000E-1	9.442896E-6	-9.442896E-6	-8.240481E-11	7.931621E+2
-1.500000E-1	1.874229E-5	-1.874229E-5	-1.635573E-10	7.951758E+2
-2.000000E-1	3.173148E-5	-3.173148E-5	-2.769094E-10	7.958428E+2
-2.500000E-1	5.237980E-5	-5.237980E-5	-4.571000E-10	7.965107E+2
-3.000000E-1	8.271436E-5	-8.271436E-5	-7.218190E-10	7.971787E+2
-3.500000E-1	1.098430E-4	-1.098430E-4	-9.585612E-10	7.978467E+2
-4.000000E-1	1.503269E-4	-1.503269E-4	-1.311850E-9	7.998594E+2
-4.500000E-1	2.209084E-4	-2.209084E-4	-1.927789E-9	8.005264E+2
-5.000000E-1	3.042696E-4	-3.042696E-4	-2.655253E-9	8.011934E+2
-5.000000E-1	2.881492E-4	-2.881492E-4	-2.514576E-9	8.018613E+2
-4.500000E-1	2.133311E-4	-2.133311E-4	-1.861665E-9	8.025283E+2
-4.000000E-1	1.414851E-4	-1.414851E-4	-1.234690E-9	8.031953E+2
-3.500000E-1	1.018865E-4	-1.018865E-4	-8.891277E-10	8.045352E+2
-3.000000E-1	8.112002E-5	-8.112002E-5	-7.079057E-10	8.052031E+2
-2.500000E-1	5.113293E-5	-5.113293E-5	-4.462190E-10	8.058711E+2
-2.000000E-1	3.083226E-5	-3.083226E-5	-2.690622E-10	8.065391E+2
-1.500000E-1	1.971025E-5	-1.971025E-5	-1.720044E-10	8.072061E+2
-1.000000E-1	1.006550E-5	-1.006550E-5	-8.783803E-11	8.089795E+2
-5.000000E-2	4.423030E-6	-4.423030E-6	-3.859822E-11	8.099824E+2
0.000000E+0	3.729041E-8	-3.729041E-8	-3.254202E-13	8.109854E+2
0.000000E+0	2.941218E-8	-2.941218E-8	-2.566697E-13	8.119883E+2
5.000000E-2	3.110642E-6	3.110642E-6	2.714547E-11	8.129902E+2
1.000000E-1	8.483623E-6	8.483623E-6	7.403358E-11	8.139932E+2
1.500000E-1	1.453737E-5	1.453737E-5	1.268625E-10	8.160059E+2
2.000000E-1	3.018344E-5	3.018344E-5	2.634002E-10	8.166738E+2
2.500000E-1	5.019126E-5	5.019126E-5	4.380014E-10	8.173418E+2
3.000000E-1	7.565215E-5	7.565215E-5	6.601895E-10	8.180098E+2
3.500000E-1	1.196676E-4	1.196676E-4	1.044297E-9	8.200225E+2
4.000000E-1	1.795062E-4	1.795062E-4	1.566487E-9	8.206895E+2
4.500000E-1	2.280789E-4	2.280789E-4	1.990364E-9	8.213564E+2
5.000000E-1	3.394784E-4	3.394784E-4	2.962508E-9	8.220234E+2
5.000000E-1	3.566803E-4	3.566803E-4	3.112623E-9	8.226914E+2
4.500000E-1	2.438356E-4	2.438356E-4	2.127867E-9	8.233584E+2
4.000000E-1	1.556662E-4	1.556662E-4	1.358444E-9	8.240254E+2
3.500000E-1	1.053842E-4	1.053842E-4	9.196505E-10	8.253652E+2
3.000000E-1	6.902627E-5	6.902627E-5	6.023678E-10	8.260332E+2
2.500000E-1	4.693358E-5	4.693358E-5	4.095727E-10	8.267012E+2
2.000000E-1	3.215988E-5	3.215988E-5	2.806479E-10	8.273682E+2
1.500000E-1	1.884853E-5	1.884853E-5	1.644845E-10	8.280361E+2
1.000000E-1	8.615751E-6	8.615751E-6	7.518661E-11	8.298096E+2
5.000000E-2	3.177442E-6	3.177442E-6	2.772841E-11	8.308125E+2
0.000000E+0	2.376192E-8	2.376192E-8	2.073619E-13	8.318145E+2
-5.000000E-2	3.388554E-6	-3.388554E-6	-2.957071E-11	8.328174E+2
-1.000000E-1	8.954726E-6	-8.954726E-6	-7.814473E-11	8.338203E+2
-1.500000E-1	1.793484E-5	-1.793484E-5	-1.565110E-10	8.358340E+2
-2.000000E-1	2.783614E-5	-2.783614E-5	-2.429162E-10	8.365010E+2
-2.500000E-1	5.224088E-5	-5.224088E-5	-4.558877E-10	8.371689E+2
-3.000000E-1	8.081118E-5	-8.081118E-5	-7.052106E-10	8.378369E+2
-3.500000E-1	1.119368E-4	-1.119368E-4	-9.768328E-10	8.398496E+2
-4.000000E-1	1.528989E-4	-1.528989E-4	-1.334295E-9	8.405166E+2
-4.500000E-1	2.165217E-4	-2.165217E-4	-1.889508E-9	8.411846E+2
-5.000000E-1	3.129109E-4	-3.129109E-4	-2.730663E-9	8.418516E+2
-5.000000E-1	3.105255E-4	-3.105255E-4	-2.709846E-9	8.425186E+2
-4.500000E-1	2.279829E-4	-2.279829E-4	-1.989526E-9	8.431855E+2
-4.000000E-1	1.635507E-4	-1.635507E-4	-1.427249E-9	8.438525E+2
-3.500000E-1	1.219827E-4	-1.219827E-4	-1.064500E-9	8.445205E+2
-3.000000E-1	7.261494E-5	-7.261494E-5	-6.336849E-10	8.458604E+2
-2.500000E-1	5.278766E-5	-5.278766E-5	-4.606592E-10	8.465273E+2
-2.000000E-1	3.348720E-5	-3.348720E-5	-2.922310E-10	8.471953E+2
-1.500000E-1	2.021610E-5	-2.021610E-5	-1.764188E-10	8.478633E+2
-1.000000E-1	9.931322E-6	-9.931322E-6	-8.666713E-11	8.496367E+2
-5.000000E-2	4.265934E-6	-4.265934E-6	-3.722730E-11	8.506396E+2
0.000000E+0	4.491102E-8	-4.491102E-8	-3.919226E-13	8.516416E+2
