voltage_2_1_500mV_500ms	absJ_2_1_500mV_500ms	J_2_1_500mV_500ms	current_2_1_500mV_500ms	time_2_1_500mV_500ms	
0.000000E+0	4.373569E-8	4.373569E-8	2.866735E-13	0.000000E+0
5.000000E-2	1.110277E-7	1.110277E-7	7.277512E-13	7.031250E-1
1.000000E-1	1.568934E-7	1.568934E-7	1.028386E-12	1.406250E+0
1.500000E-1	1.894521E-7	1.894521E-7	1.241798E-12	2.109375E+0
2.000000E-1	2.207744E-7	2.207744E-7	1.447106E-12	2.812500E+0
2.500000E-1	2.447480E-7	2.447480E-7	1.604245E-12	3.515625E+0
3.000000E-1	2.716347E-7	2.716347E-7	1.780479E-12	4.218750E+0
3.500000E-1	2.949898E-7	2.949898E-7	1.933564E-12	4.921875E+0
4.000000E-1	3.156096E-7	3.156096E-7	2.068720E-12	5.625000E+0
4.500000E-1	3.537982E-7	3.537982E-7	2.319034E-12	6.328125E+0
5.000000E-1	3.730014E-7	3.730014E-7	2.444905E-12	7.031250E+0
5.000000E-1	3.125078E-7	3.125078E-7	2.048389E-12	7.734375E+0
4.500000E-1	2.140692E-7	2.140692E-7	1.403155E-12	8.437500E+0
4.000000E-1	1.531014E-7	1.531014E-7	1.003531E-12	9.140625E+0
3.500000E-1	1.122430E-7	1.122430E-7	7.357170E-13	9.843750E+0
3.000000E-1	7.810473E-8	7.810473E-8	5.119516E-13	1.054688E+1
2.500000E-1	4.777749E-8	4.777749E-8	3.131662E-13	1.125000E+1
2.000000E-1	1.750740E-8	1.750740E-8	1.147554E-13	1.195313E+1
1.500000E-1	7.907866E-9	-7.907866E-9	-5.183354E-14	1.265625E+1
1.000000E-1	3.156794E-8	-3.156794E-8	-2.069178E-13	1.335938E+1
5.000000E-2	5.663176E-8	-5.663176E-8	-3.712031E-13	1.406250E+1
0.000000E+0	8.205125E-8	-8.205125E-8	-5.378198E-13	1.476563E+1
-5.000000E-2	1.075448E-7	-1.075448E-7	-7.049222E-13	1.546973E+1
-1.000000E-1	3.579309E-7	-3.579309E-7	-2.346123E-12	1.617285E+1
-1.500000E-1	1.905891E-7	-1.905891E-7	-1.249251E-12	1.687598E+1
-2.000000E-1	2.039594E-7	-2.039594E-7	-1.336889E-12	1.757910E+1
-2.500000E-1	2.273209E-7	-2.273209E-7	-1.490016E-12	1.828223E+1
-3.000000E-1	2.431218E-7	-2.431218E-7	-1.593586E-12	1.898535E+1
-3.500000E-1	2.607393E-7	-2.607393E-7	-1.709063E-12	1.968848E+1
-4.000000E-1	2.818334E-7	-2.818334E-7	-1.847328E-12	2.039160E+1
-4.500000E-1	3.010726E-7	-3.010726E-7	-1.973435E-12	2.109473E+1
-5.000000E-1	3.239726E-7	-3.239726E-7	-2.123537E-12	2.179785E+1
-5.000000E-1	2.558846E-7	-2.558846E-7	-1.677242E-12	2.250098E+1
-4.500000E-1	1.474547E-7	-1.474547E-7	-9.665185E-13	2.320410E+1
-4.000000E-1	9.212929E-8	-9.212929E-8	-6.038781E-13	2.390723E+1
-3.500000E-1	4.306452E-8	-4.306452E-8	-2.822742E-13	2.461035E+1
-3.000000E-1	2.623252E-9	-2.623252E-9	-1.719458E-14	2.531348E+1
-2.500000E-1	3.233227E-8	3.233227E-8	2.119277E-13	2.601660E+1
-2.000000E-1	6.470052E-8	6.470052E-8	4.240913E-13	2.671973E+1
-1.500000E-1	9.511670E-8	9.511670E-8	6.234596E-13	2.742285E+1
-1.000000E-1	1.246817E-7	1.246817E-7	8.172490E-13	2.812598E+1
-5.000000E-2	1.511366E-7	1.511366E-7	9.906520E-13	2.882910E+1
0.000000E+0	1.777904E-7	1.777904E-7	1.165359E-12	2.953223E+1
0.000000E+0	1.209787E-7	1.209787E-7	7.929768E-13	3.023633E+1
5.000000E-2	1.879510E-7	1.879510E-7	1.231959E-12	3.093848E+1
1.000000E-1	2.116979E-7	2.116979E-7	1.387612E-12	3.164160E+1
1.500000E-1	2.482731E-7	2.482731E-7	1.627351E-12	3.234473E+1
2.000000E-1	2.704173E-7	2.704173E-7	1.772499E-12	3.304785E+1
2.500000E-1	2.938360E-7	2.938360E-7	1.926001E-12	3.375098E+1
3.000000E-1	3.196302E-7	3.196302E-7	2.095074E-12	3.445410E+1
3.500000E-1	3.379168E-7	3.379168E-7	2.214937E-12	3.515723E+1
4.000000E-1	3.582846E-7	3.582846E-7	2.348441E-12	3.586035E+1
4.500000E-1	3.818535E-7	3.818535E-7	2.502928E-12	3.656348E+1
5.000000E-1	3.995981E-7	3.995981E-7	2.619238E-12	3.726660E+1
5.000000E-1	3.331784E-7	3.331784E-7	2.183878E-12	3.796973E+1
4.500000E-1	2.284134E-7	2.284134E-7	1.497177E-12	3.867285E+1
4.000000E-1	1.692220E-7	1.692220E-7	1.109196E-12	3.937598E+1
3.500000E-1	1.234749E-7	1.234749E-7	8.093387E-13	4.007910E+1
3.000000E-1	8.449665E-8	8.449665E-8	5.538486E-13	4.078223E+1
2.500000E-1	4.519447E-8	4.519447E-8	2.962353E-13	4.148535E+1
2.000000E-1	1.271610E-8	1.271610E-8	8.334999E-14	4.218848E+1
1.500000E-1	1.541346E-8	-1.541346E-8	-1.010303E-13	4.289160E+1
1.000000E-1	4.191275E-8	-4.191275E-8	-2.747247E-13	4.359473E+1
5.000000E-2	7.351880E-8	-7.351880E-8	-4.818923E-13	4.429785E+1
0.000000E+0	9.810412E-8	-9.810412E-8	-6.430412E-13	4.500098E+1
-5.000000E-2	1.226302E-7	-1.226302E-7	-8.038015E-13	4.570410E+1
-1.000000E-1	1.490680E-7	-1.490680E-7	-9.770934E-13	4.640723E+1
-1.500000E-1	1.728679E-7	-1.728679E-7	-1.133094E-12	4.711035E+1
-2.000000E-1	1.937565E-7	-1.937565E-7	-1.270012E-12	4.781348E+1
-2.500000E-1	2.177914E-7	-2.177914E-7	-1.427553E-12	4.851660E+1
-3.000000E-1	2.410300E-7	-2.410300E-7	-1.579875E-12	4.921973E+1
-3.500000E-1	2.599200E-7	-2.599200E-7	-1.703693E-12	4.992285E+1
-4.000000E-1	2.804826E-7	-2.804826E-7	-1.838474E-12	5.062598E+1
-4.500000E-1	3.046041E-7	-3.046041E-7	-1.996583E-12	5.132910E+1
-5.000000E-1	3.227658E-7	-3.227658E-7	-2.115627E-12	5.203223E+1
-5.000000E-1	2.585290E-7	-2.585290E-7	-1.694575E-12	5.273535E+1
-4.500000E-1	1.501097E-7	-1.501097E-7	-9.839213E-13	5.343848E+1
-4.000000E-1	8.953144E-8	-8.953144E-8	-5.868500E-13	5.414160E+1
-3.500000E-1	4.514577E-8	-4.514577E-8	-2.959161E-13	5.484473E+1
-3.000000E-1	2.921782E-9	-2.921782E-9	-1.915135E-14	5.554785E+1
-2.500000E-1	3.096030E-8	3.096030E-8	2.029349E-13	5.625098E+1
-2.000000E-1	6.540344E-8	6.540344E-8	4.286987E-13	5.695410E+1
-1.500000E-1	9.455563E-8	9.455563E-8	6.197820E-13	5.765723E+1
-1.000000E-1	1.256006E-7	1.256006E-7	8.232720E-13	5.836035E+1
-5.000000E-2	1.528875E-7	1.528875E-7	1.002129E-12	5.906348E+1
0.000000E+0	1.784786E-7	1.784786E-7	1.169870E-12	5.976660E+1
0.000000E+0	1.206230E-7	1.206230E-7	7.906453E-13	6.047070E+1
5.000000E-2	1.870300E-7	1.870300E-7	1.225922E-12	6.117383E+1
1.000000E-1	2.181978E-7	2.181978E-7	1.430217E-12	6.187598E+1
1.500000E-1	2.437528E-7	2.437528E-7	1.597722E-12	6.257910E+1
2.000000E-1	2.692592E-7	2.692592E-7	1.764908E-12	6.328223E+1
2.500000E-1	2.933554E-7	2.933554E-7	1.922851E-12	6.398633E+1
3.000000E-1	3.171721E-7	3.171721E-7	2.078962E-12	6.468848E+1
3.500000E-1	3.391978E-7	3.391978E-7	2.223333E-12	6.539160E+1
4.000000E-1	3.587503E-7	3.587503E-7	2.351494E-12	6.609473E+1
4.500000E-1	3.799799E-7	3.799799E-7	2.490647E-12	6.679785E+1
5.000000E-1	3.979487E-7	3.979487E-7	2.608427E-12	6.750098E+1
5.000000E-1	3.318297E-7	3.318297E-7	2.175038E-12	6.820410E+1
4.500000E-1	2.248883E-7	2.248883E-7	1.474071E-12	6.890723E+1
4.000000E-1	1.657794E-7	1.657794E-7	1.086631E-12	6.961133E+1
3.500000E-1	1.194183E-7	1.194183E-7	7.827489E-13	7.031348E+1
3.000000E-1	8.144784E-8	8.144784E-8	5.338646E-13	7.101660E+1
2.500000E-1	4.542523E-8	4.542523E-8	2.977479E-13	7.171973E+1
2.000000E-1	1.414523E-8	1.414523E-8	9.271750E-14	7.242285E+1
1.500000E-1	1.984270E-8	-1.984270E-8	-1.300626E-13	7.312598E+1
1.000000E-1	4.600747E-8	-4.600747E-8	-3.015643E-13	7.382910E+1
5.000000E-2	7.377076E-8	-7.377076E-8	-4.835438E-13	7.453223E+1
0.000000E+0	1.007083E-7	-1.007083E-7	-6.601109E-13	7.523535E+1
-5.000000E-2	1.248172E-7	-1.248172E-7	-8.181372E-13	7.593945E+1
-1.000000E-1	1.499657E-7	-1.499657E-7	-9.829776E-13	7.664258E+1
-1.500000E-1	1.761390E-7	-1.761390E-7	-1.154535E-12	7.734570E+1
-2.000000E-1	1.970869E-7	-1.970869E-7	-1.291842E-12	7.804883E+1
-2.500000E-1	2.212044E-7	-2.212044E-7	-1.449924E-12	7.875195E+1
-3.000000E-1	2.431092E-7	-2.431092E-7	-1.593503E-12	7.945508E+1
-3.500000E-1	2.611883E-7	-2.611883E-7	-1.712006E-12	8.015820E+1
-4.000000E-1	2.819689E-7	-2.819689E-7	-1.848216E-12	8.086133E+1
-4.500000E-1	3.057136E-7	-3.057136E-7	-2.003855E-12	8.156445E+1
-5.000000E-1	3.225817E-7	-3.225817E-7	-2.114420E-12	8.226758E+1
-5.000000E-1	2.578218E-7	-2.578218E-7	-1.689940E-12	8.297070E+1
-4.500000E-1	1.507766E-7	-1.507766E-7	-9.882928E-13	8.367383E+1
-4.000000E-1	9.186039E-8	-9.186039E-8	-6.021156E-13	8.437695E+1
-3.500000E-1	4.289090E-8	-4.289090E-8	-2.811362E-13	8.508008E+1
-3.000000E-1	5.511158E-9	-5.511158E-9	-3.612388E-14	8.578320E+1
-2.500000E-1	2.922417E-8	2.922417E-8	1.915551E-13	8.648633E+1
-2.000000E-1	6.254095E-8	6.254095E-8	4.099360E-13	8.718945E+1
-1.500000E-1	9.240241E-8	9.240241E-8	6.056683E-13	8.789258E+1
-1.000000E-1	1.226513E-7	1.226513E-7	8.039402E-13	8.859570E+1
-5.000000E-2	1.497583E-7	1.497583E-7	9.816176E-13	8.929883E+1
0.000000E+0	1.779556E-7	1.779556E-7	1.166442E-12	9.000195E+1
