Date: December 15, 2011
Month: December
File Name: 9 4-20
Season: Winter
Time: 3:54 PM
Electrode: Au
Carbon Number: 15
Time of Day: Afternoon
Junction Diameter: 0.500000
Date: March 05, 2012
Month: March
File Name: 5 9-20
Season: Spring
Time: 3:30 PM
Electrode: Au
Carbon Number: 11
Time of Day: Afternoon
Junction Diameter: 0.500000
Log Abs Std Density: 2.1372121518601532
Mean Log Abs Current Density: -6.286342473676984
Voltage: [0.0, 0.05, 0.1, 0.15, 0.2, 0.25, 0.3, 0.35, 0.4, 0.45, 0.5, 0.5, 0.45, 0.4, 0.35, 0.3, 0.25, 0.2, 0.15, 0.1, 0.05, 0.0, -0.05, -0.1, -0.15, -0.2, -0.25, -0.3, -0.35, -0.4, -0.45, -0.5, -0.5, -0.45, -0.4, -0.35, -0.3, -0.25, -0.2, -0.15, -0.1, -0.05, 0.0, 0.0, 0.05, 0.1, 0.15, 0.2, 0.25, 0.3, 0.35, 0.4, 0.45, 0.5, 0.5, 0.45, 0.4, 0.35, 0.3, 0.25, 0.2, 0.15, 0.1, 0.05, 0.0, -0.05, -0.1, -0.15, -0.2, -0.25, -0.3, -0.35, -0.4, -0.45, -0.5, -0.5, -0.45, -0.4, -0.35, -0.3, -0.25, -0.2, -0.15, -0.1, -0.05, 0.0, 0.0, 0.05, 0.1, 0.15, 0.2, 0.25, 0.3, 0.35, 0.4, 0.45, 0.5, 0.5, 0.45, 0.4, 0.35, 0.3, 0.25, 0.2, 0.15, 0.1, 0.05, 0.0, -0.05, -0.1, -0.15, -0.2, -0.25, -0.3, -0.35, -0.4, -0.45, -0.5, -0.5, -0.45, -0.4, -0.35, -0.3, -0.25, -0.2, -0.15, -0.1, -0.05, 0.0, 0.0, 0.05, 0.1, 0.15, 0.2, 0.25, 0.3, 0.35, 0.4, 0.45, 0.5, 0.5, 0.45, 0.4, 0.35, 0.3, 0.25, 0.2, 0.15, 0.1, 0.05, 0.0, -0.05, -0.1, -0.15, -0.2, -0.25, -0.3, -0.35, -0.4, -0.45, -0.5, -0.5, -0.45, -0.4, -0.35, -0.3, -0.25, -0.2, -0.15, -0.1, -0.05, 0.0, 0.0, 0.05, 0.1, 0.15, 0.2, 0.25, 0.3, 0.35, 0.4, 0.45, 0.5, 0.5, 0.45, 0.4, 0.35, 0.3, 0.25, 0.2, 0.15, 0.1, 0.05, 0.0, -0.05, -0.1, -0.15, -0.2, -0.25, -0.3, -0.35, -0.4, -0.45, -0.5, -0.5, -0.45, -0.4, -0.35, -0.3, -0.25, -0.2, -0.15, -0.1, -0.05, 0.0, 0.0, 0.05, 0.1, 0.15, 0.2, 0.25, 0.3, 0.35, 0.4, 0.45, 0.5, 0.5, 0.45, 0.4, 0.35, 0.3, 0.25, 0.2, 0.15, 0.1, 0.05, 0.0, -0.05, -0.1, -0.15, -0.2, -0.25, -0.3, -0.35, -0.4, -0.45, -0.5, -0.5, -0.45, -0.4, -0.35, -0.3, -0.25, -0.2, -0.15, -0.1, -0.05, 0.0, 0.0, 0.05, 0.1, 0.15, 0.2, 0.25, 0.3, 0.35, 0.4, 0.45, 0.5, 0.5, 0.45, 0.4, 0.35, 0.3, 0.25, 0.2, 0.15, 0.1, 0.05, 0.0, -0.05, -0.1, -0.15, -0.2, -0.25, -0.3, -0.35, -0.4, -0.45, -0.5, -0.5, -0.45, -0.4, -0.35, -0.3, -0.25, -0.2, -0.15, -0.1, -0.05, 0.0, 0.0, 0.05, 0.1, 0.15, 0.2, 0.25, 0.3, 0.35, 0.4, 0.45, 0.5, 0.5, 0.45, 0.4, 0.35, 0.3, 0.25, 0.2, 0.15, 0.1, 0.05, 0.0, -0.05, -0.1, -0.15, -0.2, -0.25, -0.3, -0.35, -0.4, -0.45, -0.5, -0.5, -0.45, -0.4, -0.35, -0.3, -0.25, -0.2, -0.15, -0.1, -0.05, 0.0, 0.0, 0.05, 0.1, 0.15, 0.2, 0.25, 0.3, 0.35, 0.4, 0.45, 0.5, 0.5, 0.45, 0.4, 0.35, 0.3, 0.25, 0.2, 0.15, 0.1, 0.05, 0.0, -0.05, -0.1, -0.15, -0.2, -0.25, -0.3, -0.35, -0.4, -0.45, -0.5, -0.5, -0.45, -0.4, -0.35, -0.3, -0.25, -0.2, -0.15, -0.1, -0.05, 0.0, 0.0, 0.05, 0.1, 0.15, 0.2, 0.25, 0.3, 0.35, 0.4, 0.45, 0.5, 0.5, 0.45, 0.4, 0.35, 0.3, 0.25, 0.2, 0.15, 0.1, 0.05, 0.0, -0.05, -0.1, -0.15, -0.2, -0.25, -0.3, -0.35, -0.4, -0.45, -0.5, -0.5, -0.45, -0.4, -0.35, -0.3, -0.25, -0.2, -0.15, -0.1, -0.05, 0.0, 0.0, 0.05, 0.1, 0.15, 0.2, 0.25, 0.3, 0.35, 0.4, 0.45, 0.5, 0.5, 0.45, 0.4, 0.35, 0.3, 0.25, 0.2, 0.15, 0.1, 0.05, 0.0, -0.05, -0.1, -0.15, -0.2, -0.25, -0.3, -0.35, -0.4, -0.45, -0.5, -0.5, -0.45, -0.4, -0.35, -0.3, -0.25, -0.2, -0.15, -0.1, -0.05, 0.0, 0.0, 0.05, 0.1, 0.15, 0.2, 0.25, 0.3, 0.35, 0.4, 0.45, 0.5, 0.5, 0.45, 0.4, 0.35, 0.3, 0.25, 0.2, 0.15, 0.1, 0.05, 0.0, -0.05, -0.1, -0.15, -0.2, -0.25, -0.3, -0.35, -0.4, -0.45, -0.5, -0.5, -0.45, -0.4, -0.35, -0.3, -0.25, -0.2, -0.15, -0.1, -0.05, 0.0, 0.0, 0.05, 0.1, 0.15, 0.2, 0.25, 0.3, 0.35, 0.4, 0.45, 0.5, 0.5, 0.45, 0.4, 0.35, 0.3, 0.25, 0.2, 0.15, 0.1, 0.05, 0.0, -0.05, -0.1, -0.15, -0.2, -0.25, -0.3, -0.35, -0.4, -0.45, -0.5, -0.5, -0.45, -0.4, -0.35, -0.3, -0.25, -0.2, -0.15, -0.1, -0.05, 0.0, 0.0, 0.05, 0.1, 0.15, 0.2, 0.25, 0.3, 0.35, 0.4, 0.45, 0.5, 0.5, 0.45, 0.4, 0.35, 0.3, 0.25, 0.2, 0.15, 0.1, 0.05, 0.0, -0.05, -0.1, -0.15, -0.2, -0.25, -0.3, -0.35, -0.4, -0.45, -0.5, -0.5, -0.45, -0.4, -0.35, -0.3, -0.25, -0.2, -0.15, -0.1, -0.05, 0.0, 0.0, 0.05, 0.1, 0.15, 0.2, 0.25, 0.3, 0.35, 0.4, 0.45, 0.5, 0.5, 0.45, 0.4, 0.35, 0.3, 0.25, 0.2, 0.15, 0.1, 0.05, 0.0, -0.05, -0.1, -0.15, -0.2, -0.25, -0.3, -0.35, -0.4, -0.45, -0.5, -0.5, -0.45, -0.4, -0.35, -0.3, -0.25, -0.2, -0.15, -0.1, -0.05, 0.0, 0.0, 0.05, 0.1, 0.15, 0.2, 0.25, 0.3, 0.35, 0.4, 0.45, 0.5, 0.5, 0.45, 0.4, 0.35, 0.3, 0.25, 0.2, 0.15, 0.1, 0.05, 0.0, -0.05, -0.1, -0.15, -0.2, -0.25, -0.3, -0.35, -0.4, -0.45, -0.5, -0.5, -0.45, -0.4, -0.35, -0.3, -0.25, -0.2, -0.15, -0.1, -0.05, 0.0, 0.0, 0.05, 0.1, 0.15, 0.2, 0.25, 0.3, 0.35, 0.4, 0.45, 0.5, 0.5, 0.45, 0.4, 0.35, 0.3, 0.25, 0.2, 0.15, 0.1, 0.05, 0.0, -0.05, -0.1, -0.15, -0.2, -0.25, -0.3, -0.35, -0.4, -0.45, -0.5, -0.5, -0.45, -0.4, -0.35, -0.3, -0.25, -0.2, -0.15, -0.1, -0.05, 0.0]
Abs Current Density: [9.049903e-09, 0.0006042724, 0.1294032, 0.004969659, 0.009194864, 0.01139199, 0.01474293, 0.0184776, 0.02305909, 0.02849613, 0.03386231, 0.03472459, 0.02944395, 0.02434213, 0.0200502, 0.01607061, 0.01263458, 0.009459825, 0.006708499, 0.004223978, 0.002066754, 1.181497e-06, 0.002018343, 0.003984881, 0.006122385, 0.008224585, 0.0106126, 0.01279366, 0.01529415, 0.01807416, 0.02090142, 0.02398255, 0.02401737, 0.02103203, 0.01825716, 0.01536127, 0.01291322, 0.0102204, 0.008025881, 0.005850406, 0.0038781, 0.001905605, 1.662549e-06, 3.568392e-07, 0.001976404, 0.004090731, 0.006328776, 0.008989195, 0.01095604, 0.01348573, 0.01656816, 0.02001419, 0.0236119, 0.02766407, 0.02792675, 0.02294429, 0.01874686, 0.01523595, 0.01220012, 0.009419692, 0.007065236, 0.005029627, 0.003219976, 0.001529626, 3.930864e-06, 0.001417331, 0.002894089, 0.004390468, 0.005945127, 0.007630983, 0.009361746, 0.01110463, 0.01358175, 0.01574798, 0.01789393, 0.01771999, 0.01549828, 0.01327016, 0.01132335, 0.009377271, 0.007649409, 0.005956366, 0.004399691, 0.002852044, 0.001397236, 6.037575e-07, 8.760127e-06, 0.001392114, 0.002853049, 0.004491016, 0.006269668, 0.008343186, 0.01045124, 0.01352721, 0.0157322, 0.01870333, 0.02218865, 0.02221052, 0.01859014, 0.01532038, 0.01238712, 0.009763691, 0.007570793, 0.005686268, 0.00405424, 0.002577115, 0.001247735, 4.502527e-06, 0.001159757, 0.002326327, 0.00351726, 0.004767875, 0.006072438, 0.00752246, 0.009007619, 0.01061921, 0.01251412, 0.01433266, 0.01435037, 0.01267005, 0.0108988, 0.00913815, 0.007540555, 0.006119275, 0.004763871, 0.003458611, 0.002272935, 0.001112262, 3.572265e-06, 2.284818e-06, 0.001159237, 0.002363976, 0.003656499, 0.005100738, 0.006687098, 0.008502328, 0.01062138, 0.01329134, 0.0158516, 0.01864602, 0.01868323, 0.01548192, 0.01283979, 0.01040571, 0.008312925, 0.006490544, 0.00488449, 0.003515966, 0.002245525, 0.001087454, 5.774932e-06, 0.0009925381, 0.002028368, 0.003064759, 0.004171317, 0.00526779, 0.006466325, 0.007768573, 0.009157638, 0.01060936, 0.01234749, 0.01243453, 0.01077581, 0.009258592, 0.007678914, 0.006430008, 0.005206617, 0.004073119, 0.002941996, 0.001904972, 0.0009278075, 6.784418e-06, 5.008794e-06, 0.0009684587, 0.002025138, 0.003097493, 0.004263408, 0.005571797, 0.007007694, 0.00867375, 0.01071573, 0.01300646, 0.01545456, 0.01514854, 0.01266455, 0.01020636, 0.00831157, 0.006697785, 0.005252422, 0.003940022, 0.002784428, 0.001782065, 0.0008515595, 1.209659e-05, 0.00078783, 0.001608757, 0.002454438, 0.003287016, 0.004164575, 0.005147261, 0.006140005, 0.007218566, 0.008399155, 0.009563415, 0.009649878, 0.008406231, 0.00724618, 0.006124807, 0.005115952, 0.004149911, 0.003235095, 0.002349764, 0.001532166, 0.0007572169, 2.586815e-06, 9.26151e-07, 0.0007762758, 0.001664986, 0.002552268, 0.003555736, 0.004634286, 0.005951622, 0.007316965, 0.008916883, 0.01075327, 0.01343447, 0.01342947, 0.01104054, 0.008976563, 0.007250814, 0.005768087, 0.00451514, 0.003399991, 0.002408103, 0.001512211, 0.0007198906, 3.510584e-06, 0.0006460504, 0.001337272, 0.00201968, 0.002749644, 0.00347933, 0.004280158, 0.005116168, 0.005997241, 0.006958144, 0.00792429, 0.0079466, 0.006909544, 0.005948411, 0.005053196, 0.004218334, 0.003412846, 0.002651998, 0.001937388, 0.001257675, 0.000624715, 2.839885e-06, 9.839147e-07, 0.0006499018, 0.001399073, 0.002147095, 0.002996729, 0.003932533, 0.004973733, 0.006130076, 0.007502883, 0.009124364, 0.01097779, 0.01104401, 0.009339787, 0.007745524, 0.006244346, 0.005009789, 0.003877169, 0.002886287, 0.002030976, 0.001285945, 0.0006189253, 3.568451e-06, 0.0005660405, 0.00107123, 0.001785555, 0.002432779, 0.003109146, 0.003819897, 0.004517548, 0.00533154, 0.006168218, 0.007069741, 0.007087909, 0.006193844, 0.005332241, 0.004505686, 0.003743667, 0.003028396, 0.002363007, 0.001732519, 0.001133896, 0.0005548536, 2.98634e-06, 2.09521e-06, 0.0005804934, 0.001259564, 0.001951093, 0.002698177, 0.003560336, 0.004507943, 0.00556655, 0.006805288, 0.008254608, 0.009959103, 0.01004559, 0.008519354, 0.007008063, 0.005705816, 0.004570758, 0.003544311, 0.002673147, 0.001888718, 0.00119092, 0.0005742009, 3.471571e-06, 0.0005227542, 0.001022754, 0.001684718, 0.002312664, 0.002926833, 0.003609404, 0.004306603, 0.005038149, 0.005817943, 0.006633648, 0.006707645, 0.005838363, 0.00504425, 0.004263405, 0.003541903, 0.002877132, 0.002247643, 0.001639188, 0.001021711, 0.0005253536, 2.979823e-06, 2.236127e-06, 0.0005342245, 0.00104262, 0.001797588, 0.002495798, 0.003232721, 0.00411281, 0.005116043, 0.006227729, 0.007560862, 0.009181987, 0.009333498, 0.007730234, 0.006372504, 0.005176774, 0.00410091, 0.003178282, 0.002420282, 0.001721536, 0.001089811, 0.0005260014, 2.669653e-06, 0.0004799557, 0.0009671183, 0.001500991, 0.002051688, 0.00264892, 0.003246705, 0.003862234, 0.004555658, 0.005236701, 0.005970002, 0.005955582, 0.005207649, 0.004492419, 0.003821927, 0.003159136, 0.002563585, 0.001993905, 0.001455204, 0.0009437041, 0.0004693826, 1.811517e-06, 1.116223e-06, 0.0004811027, 0.0009749858, 0.001130002, 0.002352834, 0.003048888, 0.0038506, 0.004809614, 0.00581509, 0.007063697, 0.008536941, 0.008501893, 0.007172149, 0.005920017, 0.004830598, 0.003851034, 0.002991176, 0.002243504, 0.001567437, 0.000974197, 0.0004769298, 3.303911e-06, 0.0004310286, 0.0008842005, 0.001364565, 0.001842928, 0.002385778, 0.002915458, 0.003513799, 0.004169555, 0.004810907, 0.005509181, 0.005508849, 0.004811018, 0.004141631, 0.003512719, 0.00292714, 0.002355349, 0.001815594, 0.001328073, 0.0008609421, 0.0004265014, 2.11326e-06, 8.541133e-07, 0.000444177, 0.0009153709, 0.00150097, 0.002071006, 0.002705453, 0.003420569, 0.004261214, 0.005218006, 0.006434924, 0.007786179, 0.007729177, 0.006432203, 0.005306257, 0.004309952, 0.003476099, 0.002683953, 0.00200864, 0.001427961, 0.0008980769, 0.0004331259, 2.746403e-06, 0.0003908653, 0.0008121405, 0.001103082, 0.001707199, 0.002175539, 0.00268069, 0.003229326, 0.003820822, 0.004417422, 0.005094022, 0.005078387, 0.004415254, 0.003798928, 0.003232453, 0.002654403, 0.002158352, 0.001672614, 0.001222871, 0.000794796, 0.0003952053, 3.285008e-06, 2.091051e-06, 0.0004023887, 0.0008236759, 0.001382369, 0.001898909, 0.002495262, 0.003202179, 0.003948861, 0.004850104, 0.005916046, 0.007167115, 0.007138308, 0.005941234, 0.004926516, 0.00397289, 0.003170354, 0.002503803, 0.001883516, 0.001334677, 0.000840951, 0.0004054783, 3.658434e-06, 0.0003645968, 0.0007552418, 0.001071163, 0.00160687, 0.002065269, 0.002566769, 0.003078923, 0.003629307, 0.004205734, 0.004815682, 0.004793953, 0.004168886, 0.003593975, 0.00304317, 0.002505954, 0.002004604, 0.00155478, 0.001127401, 0.000745007, 0.0003671896, 3.46802e-06, 2.168678e-06, 0.0003800862, 0.0007725258, 0.001263239, 0.001751421, 0.002307339, 0.002930896, 0.00363254, 0.004402822, 0.005391147, 0.006475344, 0.006590049, 0.005407628, 0.004496598, 0.003641404, 0.002907603, 0.002273511, 0.001721947, 0.001212294, 0.0007774916, 0.0003746955, 2.356915e-06, 0.0003430911, 0.0007016719, 0.001026929, 0.001482118, 0.001892875, 0.002336875, 0.002800734, 0.003305416, 0.003812201, 0.004383274, 0.004365245, 0.003781447, 0.003247938, 0.00276261, 0.002302708, 0.001851363, 0.001442547, 0.00104671, 0.0006842889, 0.0003389172, 1.801584e-06, 1.13936e-06, 0.0003461409, 0.000712578, 0.001164731, 0.001622754, 0.002115932, 0.002700493, 0.003370017, 0.004110578, 0.00495942, 0.006020684, 0.006043266, 0.005070971, 0.004202376, 0.00340778, 0.002729059, 0.002122052, 0.001598894, 0.001131851, 0.0007097165, 0.0003452341, 2.828022e-06, 0.0003096116, 0.000637644, 0.0009685989, 0.001341185, 0.001721657, 0.002135973, 0.002576239, 0.003046011, 0.003531164, 0.004057979, 0.004071181, 0.003530766, 0.003036965, 0.002572974, 0.002125823, 0.001724911, 0.001339633, 0.0009684793, 0.0006310515, 0.0003125246, 1.780994e-06, 7.110254e-07, 0.0003253741, 0.0006650632, 0.0009939566, 0.001531065, 0.001999668, 0.002565238, 0.003152243, 0.003885931, 0.00469983, 0.005704462, 0.005796121, 0.004881191, 0.004015257, 0.003253397, 0.002600978, 0.002001054, 0.001504948, 0.001018282, 0.0006790317, 0.000327086, 2.481608e-06, 0.0002918604, 0.0006015552, 0.0009287919, 0.001278357, 0.001644234, 0.002038643, 0.002449573, 0.002888269, 0.003363234, 0.003870281, 0.003849641, 0.003350912, 0.002854631, 0.002424006, 0.002011854, 0.001607207, 0.001253237, 0.0009072057, 0.0005996253, 0.0002948719, 1.873959e-06, 1.196932e-06, 0.0003003058, 0.0006159359, 0.001016846, 0.001414185, 0.001857248, 0.002380353, 0.002953099, 0.003646529, 0.0043969, 0.005297991, 0.005314424, 0.004433082, 0.003672541, 0.002975941, 0.002368192, 0.001846845, 0.001386482, 0.0009573622, 0.0006267594, 0.0003025021, 1.963288e-06, 0.0002707459, 0.0005631652, 0.000877137, 0.001204122, 0.001541641, 0.00192362, 0.002304421, 0.002730535, 0.003152073, 0.003613311, 0.003652158, 0.003160796, 0.002721335, 0.002278486, 0.001880924, 0.001513174, 0.001175387, 0.0008507443, 0.000564667, 0.0002781636, 1.456674e-06, 6.850768e-07, 0.0002827114, 0.0005872369, 0.0009032809, 0.001363492, 0.001767309, 0.002234581, 0.002778107, 0.003457274, 0.004205453, 0.005055942, 0.005114838, 0.004267798, 0.003515396, 0.002852323, 0.002279849, 0.001770619, 0.00132812, 0.0009296732, 0.0005952756, 0.0002871848, 2.180918e-06, 0.0002570298, 0.0005287732, 0.0008190992, 0.001124278, 0.001439483, 0.001780097, 0.002140645, 0.002523541, 0.002964618, 0.003392922, 0.003386189, 0.002953591, 0.002535697, 0.002139322, 0.001761559, 0.001420857, 0.001097561, 0.0007995533, 0.0005254005, 0.0002592766, 1.370297e-06]
