Date: June 01, 2010
Month: June
File Name: 1 2-6 500mV 500ms
Season: Summer
Time: 6:13 PM
Electrode: Ag
Carbon Number: 16
Time of Day: Evening
Junction Diameter: 0.500000
Date: June 01, 2010
Month: June
File Name: 1 2-6 500mV 500ms
Season: Summer
Time: 6:13 PM
Electrode: Ag
Carbon Number: 16
Time of Day: Evening
Junction Diameter: 0.500000
Log Abs Std Density: 1.4048243114346177
Mean Log Abs Current Density: -11.789039629955436
Skewness Log Abs Current Density: -1.0324065258994064
Kurtosis Log Abs Current Density: 0.41888680008428203
Voltage: [0.0, 0.05, 0.1, 0.15, 0.2, 0.25, 0.3, 0.35, 0.4, 0.45, 0.5, 0.5, 0.45, 0.4, 0.35, 0.3, 0.25, 0.2, 0.15, 0.1, 0.05, 0.0, -0.05, -0.1, -0.15, -0.2, -0.25, -0.3, -0.35, -0.4, -0.45, -0.5, -0.5, -0.45, -0.4, -0.35, -0.3, -0.25, -0.2, -0.15, -0.1, -0.05, 0.0, 0.0, 0.05, 0.1, 0.15, 0.2, 0.25, 0.3, 0.35, 0.4, 0.45, 0.5, 0.5, 0.45, 0.4, 0.35, 0.3, 0.25, 0.2, 0.15, 0.1, 0.05, 0.0, -0.05, -0.1, -0.15, -0.2, -0.25, -0.3, -0.35, -0.4, -0.45, -0.5, -0.5, -0.45, -0.4, -0.35, -0.3, -0.25, -0.2, -0.15, -0.1, -0.05, 0.0, 0.0, 0.05, 0.1, 0.15, 0.2, 0.25, 0.3, 0.35, 0.4, 0.45, 0.5, 0.5, 0.45, 0.4, 0.35, 0.3, 0.25, 0.2, 0.15, 0.1, 0.05, 0.0, -0.05, -0.1, -0.15, -0.2, -0.25, -0.3, -0.35, -0.4, -0.45, -0.5, -0.5, -0.45, -0.4, -0.35, -0.3, -0.25, -0.2, -0.15, -0.1, -0.05, 0.0, 0.0, 0.05, 0.1, 0.15, 0.2, 0.25, 0.3, 0.35, 0.4, 0.45, 0.5, 0.5, 0.45, 0.4, 0.35, 0.3, 0.25, 0.2, 0.15, 0.1, 0.05, 0.0, -0.05, -0.1, -0.15, -0.2, -0.25, -0.3, -0.35, -0.4, -0.45, -0.5, -0.5, -0.45, -0.4, -0.35, -0.3, -0.25, -0.2, -0.15, -0.1, -0.05, 0.0, 0.0, 0.05, 0.1, 0.15, 0.2, 0.25, 0.3, 0.35, 0.4, 0.45, 0.5, 0.5, 0.45, 0.4, 0.35, 0.3, 0.25, 0.2, 0.15, 0.1, 0.05, 0.0, -0.05, -0.1, -0.15, -0.2, -0.25, -0.3, -0.35, -0.4, -0.45, -0.5, -0.5, -0.45, -0.4, -0.35, -0.3, -0.25, -0.2, -0.15, -0.1, -0.05, 0.0]
Abs Current Density: [2.316696e-07, 1.356153e-06, 3.305965e-06, 5.190991e-06, 8.361674e-06, 1.21406e-05, 1.755603e-05, 2.225518e-05, 2.785604e-05, 3.634682e-05, 4.389398e-05, 4.670808e-05, 3.857608e-05, 2.963192e-05, 2.088271e-05, 1.585204e-05, 1.112533e-05, 7.511743e-06, 4.891132e-06, 2.995242e-06, 1.32273e-06, 2.564358e-07, 1.769427e-06, 3.500744e-06, 5.788808e-06, 8.597684e-06, 1.220983e-05, 1.613962e-05, 2.16971e-05, 2.775859e-05, 3.37541e-05, 4.074855e-05, 4.136123e-05, 3.203207e-05, 2.553127e-05, 1.921364e-05, 1.490926e-05, 1.061631e-05, 7.540367e-06, 5.241739e-06, 3.142329e-06, 1.573011e-06, 2.034654e-07, 2.107759e-07, 1.224742e-06, 2.806586e-06, 5.051153e-06, 7.267793e-06, 1.075926e-05, 1.533018e-05, 2.326495e-05, 2.646616e-05, 3.182511e-05, 4.358435e-05, 4.061856e-05, 3.233297e-05, 2.738721e-05, 2.035353e-05, 1.516922e-05, 1.192666e-05, 7.501318e-06, 4.517071e-06, 2.619502e-06, 1.20308e-06, 2.514556e-07, 1.666947e-06, 3.221388e-06, 5.044856e-06, 7.541952e-06, 1.008642e-05, 1.332352e-05, 1.638155e-05, 2.295683e-05, 2.753313e-05, 3.296838e-05, 3.379074e-05, 2.567538e-05, 2.079941e-05, 1.709077e-05, 1.301674e-05, 9.720112e-06, 6.629255e-06, 4.660735e-06, 2.923427e-06, 1.470726e-06, 2.063055e-07, 2.144385e-07, 1.017802e-06, 2.489238e-06, 4.44583e-06, 6.711478e-06, 1.010625e-05, 1.474166e-05, 1.775996e-05, 2.575108e-05, 3.22118e-05, 4.162491e-05, 4.122005e-05, 3.295927e-05, 2.466151e-05, 2.011224e-05, 1.520004e-05, 1.067685e-05, 7.099735e-06, 4.927341e-06, 2.475246e-06, 1.027884e-06, 2.620533e-07, 1.473911e-06, 2.988002e-06, 4.745187e-06, 6.719826e-06, 9.62489e-06, 1.350666e-05, 1.74245e-05, 2.19941e-05, 2.900063e-05, 3.432885e-05, 3.436263e-05, 2.68831e-05, 2.137163e-05, 1.80906e-05, 1.409235e-05, 1.027664e-05, 6.988454e-06, 4.500202e-06, 2.78261e-06, 1.367275e-06, 2.064889e-07, 2.142708e-07, 9.149072e-07, 2.37149e-06, 4.369346e-06, 6.696154e-06, 9.892152e-06, 1.34604e-05, 1.978075e-05, 2.596728e-05, 3.113528e-05, 3.862813e-05, 3.816288e-05, 3.021996e-05, 2.402039e-05, 1.817399e-05, 1.366129e-05, 1.110139e-05, 7.923825e-06, 4.477693e-06, 2.427128e-06, 9.399592e-07, 2.577095e-07, 1.349913e-06, 2.924331e-06, 4.368404e-06, 7.044611e-06, 9.994797e-06, 1.320274e-05, 1.678162e-05, 1.977732e-05, 2.456487e-05, 3.130807e-05, 3.123586e-05, 2.4756e-05, 2.040144e-05, 1.575011e-05, 1.158078e-05, 8.351746e-06, 5.831275e-06, 4.08595e-06, 2.467802e-06, 1.235003e-06, 1.999218e-07, 2.103078e-07, 8.077393e-07, 2.106432e-06, 3.858306e-06, 6.889747e-06, 1.040316e-05, 1.3672e-05, 1.761201e-05, 2.248067e-05, 2.825905e-05, 3.515415e-05, 3.849931e-05, 2.989158e-05, 2.234726e-05, 1.733387e-05, 1.304491e-05, 9.512127e-06, 6.633597e-06, 4.287367e-06, 2.420241e-06, 9.653651e-07, 2.588296e-07, 1.456719e-06, 2.815823e-06, 4.849632e-06, 8.786832e-06, 1.065837e-05, 1.398572e-05, 2.061937e-05, 2.549776e-05, 3.011188e-05, 3.571906e-05, 3.628759e-05, 3.008295e-05, 2.381577e-05, 1.819945e-05, 1.346128e-05, 9.641895e-06, 7.032616e-06, 4.356292e-06, 2.654111e-06, 1.320512e-06, 2.049041e-07]
