voltage_run_6_spot_3_10	absJ_run_6_spot_3_10	J_run_6_spot_3_10	current_run_6_spot_3_10	time_run_6_spot_3_10	
0.000000E+0	1.463035E-5	-1.463035E-5	-2.269758E-10	0.000000E+0
5.000000E-2	8.916428E-3	8.916428E-3	1.383298E-7	7.421875E-1
1.000000E-1	1.849651E-2	1.849651E-2	2.869555E-7	1.109375E+0
1.500000E-1	3.090433E-2	3.090433E-2	4.794509E-7	1.477539E+0
2.000000E-1	4.396785E-2	4.396785E-2	6.821188E-7	1.844727E+0
2.500000E-1	5.969870E-2	5.969870E-2	9.261679E-7	2.212891E+0
3.000000E-1	3.049327E-2	3.049327E-2	4.730737E-7	3.339844E+0
3.500000E-1	4.011242E-2	4.011242E-2	6.223056E-7	4.081055E+0
4.000000E-1	4.824027E-2	4.824027E-2	7.484013E-7	4.449219E+0
4.500000E-1	6.357836E-2	6.357836E-2	9.863571E-7	4.816406E+0
5.000000E-1	8.866280E-2	8.866280E-2	1.375518E-6	5.943359E+0
5.000000E-1	9.980155E-2	9.980155E-2	1.548325E-6	6.311523E+0
4.500000E-1	1.170639E-1	1.170639E-1	1.816134E-6	6.679688E+0
4.000000E-1	1.237172E-1	1.237172E-1	1.919354E-6	7.046875E+0
3.500000E-1	1.104926E-1	1.104926E-1	1.714187E-6	7.415039E+0
3.000000E-1	9.513996E-2	9.513996E-2	1.476005E-6	7.783203E+0
2.500000E-1	8.226556E-2	8.226556E-2	1.276271E-6	8.150391E+0
2.000000E-1	6.402644E-2	6.402644E-2	9.933086E-7	8.891602E+0
1.500000E-1	4.620398E-2	4.620398E-2	7.168103E-7	9.259766E+0
1.000000E-1	2.913541E-2	2.913541E-2	4.520078E-7	9.626953E+0
5.000000E-2	1.376638E-2	1.376638E-2	2.135721E-7	9.995117E+0
0.000000E+0	1.565153E-5	-1.565153E-5	-2.428185E-10	1.073633E+1
-5.000000E-2	1.529407E-2	-1.529407E-2	-2.372728E-7	1.147852E+1
-1.000000E-1	3.182116E-2	-3.182116E-2	-4.936747E-7	1.184570E+1
-1.500000E-1	4.999793E-2	-4.999793E-2	-7.756698E-7	1.221387E+1
-2.000000E-1	5.237050E-2	-5.237050E-2	-8.124780E-7	1.334082E+1
-2.500000E-1	6.840598E-2	-6.840598E-2	-1.061253E-6	1.370898E+1
-3.000000E-1	8.276878E-2	-8.276878E-2	-1.284078E-6	1.407617E+1
-3.500000E-1	1.039796E-1	-1.039796E-1	-1.613143E-6	1.444434E+1
-4.000000E-1	1.208455E-1	-1.208455E-1	-1.874802E-6	1.481250E+1
-4.500000E-1	1.365231E-1	-1.365231E-1	-2.118024E-6	1.517969E+1
-5.000000E-1	1.673662E-1	-1.673662E-1	-2.596526E-6	1.554785E+1
-5.000000E-1	1.648117E-1	-1.648117E-1	-2.556895E-6	1.591504E+1
-4.500000E-1	1.490968E-1	-1.490968E-1	-2.313094E-6	1.628320E+1
-4.000000E-1	1.294983E-1	-1.294983E-1	-2.009042E-6	1.665137E+1
-3.500000E-1	1.016648E-1	-1.016648E-1	-1.577232E-6	1.701855E+1
-3.000000E-1	9.266195E-2	-9.266195E-2	-1.437561E-6	1.738672E+1
-2.500000E-1	6.622235E-2	-6.622235E-2	-1.027376E-6	1.775488E+1
-2.000000E-1	5.143653E-2	-5.143653E-2	-7.979882E-7	1.849609E+1
-1.500000E-1	3.930634E-2	-3.930634E-2	-6.098001E-7	1.886328E+1
-1.000000E-1	2.482048E-2	-2.482048E-2	-3.850658E-7	1.923145E+1
-5.000000E-2	1.230799E-2	-1.230799E-2	-1.909466E-7	1.959863E+1
0.000000E+0	1.645176E-5	-1.645176E-5	-2.552332E-10	2.033984E+1
0.000000E+0	1.622675E-5	-1.622675E-5	-2.517424E-10	2.070898E+1
5.000000E-2	1.269171E-2	1.269171E-2	1.968996E-7	2.145020E+1
1.000000E-1	2.847525E-2	2.847525E-2	4.417661E-7	2.181836E+1
1.500000E-1	4.775414E-2	4.775414E-2	7.408595E-7	2.218652E+1
2.000000E-1	5.736855E-2	5.736855E-2	8.900179E-7	2.331348E+1
2.500000E-1	7.844173E-2	7.844173E-2	1.216948E-6	2.368066E+1
3.000000E-1	1.047449E-1	1.047449E-1	1.625016E-6	2.404883E+1
3.500000E-1	1.467842E-1	1.467842E-1	2.277216E-6	2.441699E+1
4.000000E-1	2.014626E-1	2.014626E-1	3.125499E-6	2.478418E+1
4.500000E-1	2.589099E-1	2.589099E-1	4.016738E-6	2.515234E+1
5.000000E-1	3.526698E-1	3.526698E-1	5.471332E-6	2.551953E+1
5.000000E-1	5.398798E-1	5.398798E-1	8.375715E-6	2.588770E+1
4.500000E-1	5.538202E-1	5.538202E-1	8.591987E-6	2.625586E+1
4.000000E-1	4.957218E-1	4.957218E-1	7.690646E-6	2.662305E+1
3.500000E-1	4.262877E-1	4.262877E-1	6.613443E-6	2.699121E+1
3.000000E-1	3.650636E-1	3.650636E-1	5.663611E-6	2.735937E+1
2.500000E-1	2.902251E-1	2.902251E-1	4.502563E-6	2.772656E+1
2.000000E-1	2.240212E-1	2.240212E-1	3.475473E-6	2.809473E+1
1.500000E-1	1.617589E-1	1.617589E-1	2.509533E-6	2.846191E+1
1.000000E-1	1.010352E-1	1.010352E-1	1.567464E-6	2.883008E+1
5.000000E-2	5.232397E-2	5.232397E-2	8.117560E-7	2.957129E+1
0.000000E+0	1.117272E-4	-1.117272E-4	-1.733340E-9	3.031250E+1
-5.000000E-2	5.440156E-2	-5.440156E-2	-8.439879E-7	3.142676E+1
-1.000000E-1	1.114594E-1	-1.114594E-1	-1.729186E-6	3.255371E+1
-1.500000E-1	1.692204E-1	-1.692204E-1	-2.625291E-6	3.292187E+1
-2.000000E-1	2.230394E-1	-2.230394E-1	-3.460242E-6	3.329004E+1
-2.500000E-1	2.905932E-1	-2.905932E-1	-4.508274E-6	3.365723E+1
-3.000000E-1	3.695122E-1	-3.695122E-1	-5.732627E-6	3.402539E+1
-3.500000E-1	4.382424E-1	-4.382424E-1	-6.798909E-6	3.439258E+1
-4.000000E-1	5.040497E-1	-5.040497E-1	-7.819845E-6	3.476074E+1
-4.500000E-1	5.456477E-1	-5.456477E-1	-8.465198E-6	3.512891E+1
-5.000000E-1	5.850101E-1	-5.850101E-1	-9.075869E-6	3.549609E+1
-5.000000E-1	5.642959E-1	-5.642959E-1	-8.754509E-6	3.586426E+1
-4.500000E-1	4.767048E-1	-4.767048E-1	-7.395616E-6	3.623242E+1
-4.000000E-1	4.096550E-1	-4.096550E-1	-6.355403E-6	3.659961E+1
-3.500000E-1	3.407734E-1	-3.407734E-1	-5.286771E-6	3.696777E+1
-3.000000E-1	2.812875E-1	-2.812875E-1	-4.363905E-6	3.733594E+1
-2.500000E-1	2.310168E-1	-2.310168E-1	-3.584004E-6	3.770313E+1
-2.000000E-1	1.841501E-1	-1.841501E-1	-2.856912E-6	3.807129E+1
-1.500000E-1	1.405462E-1	-1.405462E-1	-2.180439E-6	3.843945E+1
-1.000000E-1	9.649539E-2	-9.649539E-2	-1.497033E-6	3.880664E+1
-5.000000E-2	4.773234E-2	-4.773234E-2	-7.405213E-7	3.954785E+1
0.000000E+0	1.186137E-4	-1.186137E-4	-1.840178E-9	4.028906E+1
0.000000E+0	1.215432E-4	-1.215432E-4	-1.885626E-9	4.065723E+1
5.000000E-2	5.081624E-2	5.081624E-2	7.883650E-7	4.177148E+1
1.000000E-1	1.083289E-1	1.083289E-1	1.680619E-6	4.289844E+1
1.500000E-1	1.744527E-1	1.744527E-1	2.706466E-6	4.326660E+1
2.000000E-1	2.448954E-1	2.448954E-1	3.799317E-6	4.363477E+1
2.500000E-1	3.222473E-1	3.222473E-1	4.999357E-6	4.400195E+1
3.000000E-1	4.333540E-1	4.333540E-1	6.723071E-6	4.437012E+1
3.500000E-1	5.704899E-1	5.704899E-1	8.850602E-6	4.473828E+1
4.000000E-1	1.292497E+0	1.292497E+0	2.005184E-5	4.585254E+1
4.500000E-1	1.514367E+0	1.514367E+0	2.349394E-5	4.622070E+1
5.000000E-1	1.719033E+0	1.719033E+0	2.666914E-5	4.658789E+1
5.000000E-1	1.772255E+0	1.772255E+0	2.749483E-5	4.695605E+1
4.500000E-1	1.635470E+0	1.635470E+0	2.537274E-5	4.732422E+1
4.000000E-1	1.483250E+0	1.483250E+0	2.301120E-5	4.769141E+1
3.500000E-1	1.262377E+0	1.262377E+0	1.958456E-5	4.805957E+1
3.000000E-1	1.032316E+0	1.032316E+0	1.601539E-5	4.842773E+1
2.500000E-1	8.304111E-1	8.304111E-1	1.288303E-5	4.879492E+1
2.000000E-1	6.516363E-1	6.516363E-1	1.010951E-5	4.916309E+1
1.500000E-1	4.810093E-1	4.810093E-1	7.462397E-6	4.991016E+1
1.000000E-1	3.050446E-1	3.050446E-1	4.732474E-6	5.027832E+1
5.000000E-2	1.464774E-1	1.464774E-1	2.272456E-6	5.064648E+1
0.000000E+0	1.541225E-4	-1.541225E-4	-2.391063E-9	5.138672E+1
-5.000000E-2	1.453424E-1	-1.453424E-1	-2.254847E-6	5.212891E+1
-1.000000E-1	2.954694E-1	-2.954694E-1	-4.583924E-6	5.249609E+1
-1.500000E-1	4.568532E-1	-4.568532E-1	-7.087638E-6	5.286426E+1
-2.000000E-1	6.071984E-1	-6.071984E-1	-9.420100E-6	5.323242E+1
-2.500000E-1	7.924565E-1	-7.924565E-1	-1.229420E-5	5.434668E+1
-3.000000E-1	9.414757E-1	-9.414757E-1	-1.460609E-5	5.471484E+1
-3.500000E-1	1.133018E+0	-1.133018E+0	-1.757769E-5	5.508203E+1
-4.000000E-1	1.333627E+0	-1.333627E+0	-2.068994E-5	5.545020E+1
-4.500000E-1	1.505729E+0	-1.505729E+0	-2.335993E-5	5.581836E+1
-5.000000E-1	1.686305E+0	-1.686305E+0	-2.616140E-5	5.618555E+1
-5.000000E-1	1.658333E+0	-1.658333E+0	-2.572744E-5	5.655371E+1
-4.500000E-1	1.428323E+0	-1.428323E+0	-2.215906E-5	5.692188E+1
-4.000000E-1	1.218042E+0	-1.218042E+0	-1.889675E-5	5.728906E+1
-3.500000E-1	1.037775E+0	-1.037775E+0	-1.610008E-5	5.765723E+1
-3.000000E-1	8.618975E-1	-8.618975E-1	-1.337151E-5	5.802539E+1
-2.500000E-1	7.047327E-1	-7.047327E-1	-1.093325E-5	5.839258E+1
-2.000000E-1	5.557409E-1	-5.557409E-1	-8.621786E-6	5.914063E+1
-1.500000E-1	4.146192E-1	-4.146192E-1	-6.432418E-6	5.950781E+1
-1.000000E-1	2.811769E-1	-2.811769E-1	-4.362189E-6	5.987598E+1
-5.000000E-2	1.417794E-1	-1.417794E-1	-2.199571E-6	6.024414E+1
0.000000E+0	1.666402E-4	-1.666402E-4	-2.585262E-9	6.098535E+1
0.000000E+0	1.695016E-4	-1.695016E-4	-2.629655E-9	6.135352E+1
5.000000E-2	1.485163E-1	1.485163E-1	2.304088E-6	6.209473E+1
1.000000E-1	3.142320E-1	3.142320E-1	4.875007E-6	6.246191E+1
1.500000E-1	4.943972E-1	4.943972E-1	7.670097E-6	6.283008E+1
2.000000E-1	7.213242E-1	7.213242E-1	1.119065E-5	6.394531E+1
2.500000E-1	9.511895E-1	9.511895E-1	1.475679E-5	6.431250E+1
3.000000E-1	1.174459E+0	1.174459E+0	1.822060E-5	6.468066E+1
3.500000E-1	1.481106E+0	1.481106E+0	2.297793E-5	6.504883E+1
4.000000E-1	1.798645E+0	1.798645E+0	2.790424E-5	6.541602E+1
4.500000E-1	2.083962E+0	2.083962E+0	3.233067E-5	6.578418E+1
5.000000E-1	2.330685E+0	2.330685E+0	3.615834E-5	6.615234E+1
5.000000E-1	2.341675E+0	2.341675E+0	3.632884E-5	6.651953E+1
4.500000E-1	2.064348E+0	2.064348E+0	3.202638E-5	6.688770E+1
4.000000E-1	1.756960E+0	1.756960E+0	2.725755E-5	6.725488E+1
3.500000E-1	1.475641E+0	1.475641E+0	2.289315E-5	6.762305E+1
3.000000E-1	1.216062E+0	1.216062E+0	1.886603E-5	6.799121E+1
2.500000E-1	9.650782E-1	9.650782E-1	1.497226E-5	6.835840E+1
2.000000E-1	7.288985E-1	7.288985E-1	1.130816E-5	6.872656E+1
1.500000E-1	5.151161E-1	5.151161E-1	7.991531E-6	6.947363E+1
1.000000E-1	3.317009E-1	3.317009E-1	5.146020E-6	6.984180E+1
5.000000E-2	1.617376E-1	1.617376E-1	2.509203E-6	7.020996E+1
0.000000E+0	1.583826E-4	-1.583826E-4	-2.457154E-9	7.095020E+1
-5.000000E-2	1.628960E-1	-1.628960E-1	-2.527175E-6	7.169238E+1
-1.000000E-1	3.260565E-1	-3.260565E-1	-5.058453E-6	7.205957E+1
-1.500000E-1	4.908901E-1	-4.908901E-1	-7.615688E-6	7.242773E+1
-2.000000E-1	6.706533E-1	-6.706533E-1	-1.040454E-5	7.279590E+1
-2.500000E-1	8.348433E-1	-8.348433E-1	-1.295179E-5	7.391016E+1
-3.000000E-1	1.024921E+0	-1.024921E+0	-1.590067E-5	7.427832E+1
-3.500000E-1	1.225121E+0	-1.225121E+0	-1.900658E-5	7.464551E+1
-4.000000E-1	1.454687E+0	-1.454687E+0	-2.256807E-5	7.501367E+1
-4.500000E-1	1.693581E+0	-1.693581E+0	-2.627428E-5	7.538184E+1
-5.000000E-1	1.904878E+0	-1.904878E+0	-2.955235E-5	7.574902E+1
-5.000000E-1	1.861639E+0	-1.861639E+0	-2.888154E-5	7.611719E+1
-4.500000E-1	1.611576E+0	-1.611576E+0	-2.500205E-5	7.648535E+1
-4.000000E-1	1.408932E+0	-1.408932E+0	-2.185823E-5	7.685254E+1
-3.500000E-1	1.184783E+0	-1.184783E+0	-1.838077E-5	7.722070E+1
-3.000000E-1	9.904134E-1	-9.904134E-1	-1.536531E-5	7.758789E+1
-2.500000E-1	8.088075E-1	-8.088075E-1	-1.254787E-5	7.795605E+1
-2.000000E-1	6.371528E-1	-6.371528E-1	-9.884812E-6	7.870410E+1
-1.500000E-1	4.708400E-1	-4.708400E-1	-7.304629E-6	7.907129E+1
-1.000000E-1	3.091474E-1	-3.091474E-1	-4.796124E-6	7.943945E+1
-5.000000E-2	1.549482E-1	-1.549482E-1	-2.403873E-6	7.980762E+1
0.000000E+0	1.675661E-4	-1.675661E-4	-2.599627E-9	8.054785E+1
0.000000E+0	1.677543E-4	-1.677543E-4	-2.602546E-9	8.091699E+1
5.000000E-2	1.589459E-1	1.589459E-1	2.465893E-6	8.165723E+1
1.000000E-1	3.364685E-1	3.364685E-1	5.219985E-6	8.202539E+1
1.500000E-1	5.276656E-1	5.276656E-1	8.186224E-6	8.239355E+1
2.000000E-1	7.466528E-1	7.466528E-1	1.158360E-5	8.350781E+1
2.500000E-1	9.782237E-1	9.782237E-1	1.517620E-5	8.387598E+1
3.000000E-1	1.229382E+0	1.229382E+0	1.907268E-5	8.424316E+1
3.500000E-1	1.510852E+0	1.510852E+0	2.343941E-5	8.461133E+1
4.000000E-1	1.825179E+0	1.825179E+0	2.831590E-5	8.497949E+1
4.500000E-1	2.138674E+0	2.138674E+0	3.317947E-5	8.534668E+1
5.000000E-1	2.570107E+0	2.570107E+0	3.987274E-5	8.571484E+1
5.000000E-1	2.606335E+0	2.606335E+0	4.043478E-5	8.608203E+1
4.500000E-1	2.280659E+0	2.280659E+0	3.538223E-5	8.645020E+1
4.000000E-1	1.985741E+0	1.985741E+0	3.080686E-5	8.681836E+1
3.500000E-1	1.658402E+0	1.658402E+0	2.572851E-5	8.718555E+1
3.000000E-1	1.369487E+0	1.369487E+0	2.124627E-5	8.755371E+1
2.500000E-1	1.100055E+0	1.100055E+0	1.706630E-5	8.792188E+1
2.000000E-1	8.416274E-1	8.416274E-1	1.305704E-5	8.828906E+1
1.500000E-1	6.085743E-1	6.085743E-1	9.441445E-6	8.903711E+1
1.000000E-1	3.892194E-1	3.892194E-1	6.038365E-6	8.940430E+1
5.000000E-2	1.885808E-1	1.885808E-1	2.925650E-6	8.977246E+1
0.000000E+0	1.616285E-4	-1.616285E-4	-2.507511E-9	9.051367E+1
-5.000000E-2	1.831504E-1	-1.831504E-1	-2.841402E-6	9.125488E+1
-1.000000E-1	3.661959E-1	-3.661959E-1	-5.681177E-6	9.162305E+1
-1.500000E-1	5.563474E-1	-5.563474E-1	-8.631194E-6	9.199023E+1
-2.000000E-1	7.513118E-1	-7.513118E-1	-1.165588E-5	9.310547E+1
-2.500000E-1	9.590108E-1	-9.590108E-1	-1.487813E-5	9.347266E+1
-3.000000E-1	1.181632E+0	-1.181632E+0	-1.833189E-5	9.384082E+1
-3.500000E-1	1.417527E+0	-1.417527E+0	-2.199157E-5	9.420801E+1
-4.000000E-1	1.667158E+0	-1.667158E+0	-2.586436E-5	9.457617E+1
-4.500000E-1	1.915985E+0	-1.915985E+0	-2.972466E-5	9.494434E+1
-5.000000E-1	2.172149E+0	-2.172149E+0	-3.369880E-5	9.531152E+1
-5.000000E-1	2.155898E+0	-2.155898E+0	-3.344669E-5	9.567969E+1
-4.500000E-1	1.878287E+0	-1.878287E+0	-2.913982E-5	9.604688E+1
-4.000000E-1	1.625710E+0	-1.625710E+0	-2.522132E-5	9.641504E+1
-3.500000E-1	1.373365E+0	-1.373365E+0	-2.130643E-5	9.678320E+1
-3.000000E-1	1.161483E+0	-1.161483E+0	-1.801929E-5	9.715039E+1
-2.500000E-1	9.558376E-1	-9.558376E-1	-1.482890E-5	9.751855E+1
-2.000000E-1	7.575926E-1	-7.575926E-1	-1.175332E-5	9.788574E+1
-1.500000E-1	5.713293E-1	-5.713293E-1	-8.863624E-6	9.863379E+1
-1.000000E-1	3.804903E-1	-3.804903E-1	-5.902941E-6	9.900098E+1
-5.000000E-2	1.912447E-1	-1.912447E-1	-2.966977E-6	9.936914E+1
0.000000E+0	1.995698E-4	-1.995698E-4	-3.096133E-9	1.004834E+2
0.000000E+0	1.759491E-4	-1.759491E-4	-2.729681E-9	1.008516E+2
5.000000E-2	1.965864E-1	1.965864E-1	3.049849E-6	1.015928E+2
1.000000E-1	4.089206E-1	4.089206E-1	6.344010E-6	1.019609E+2
1.500000E-1	6.394813E-1	6.394813E-1	9.920937E-6	1.023281E+2
2.000000E-1	9.083690E-1	9.083690E-1	1.409247E-5	1.034434E+2
2.500000E-1	1.187365E+0	1.187365E+0	1.842083E-5	1.038105E+2
3.000000E-1	3.463087E+3	3.463087E+3	5.372647E-2	1.045498E+2
3.500000E-1	4.597926E+3	4.597926E+3	7.133240E-2	1.049170E+2
4.000000E-1	5.958778E+3	5.958778E+3	9.244470E-2	1.052852E+2
4.500000E-1	6.767639E+3	6.767639E+3	1.049934E-1	1.056533E+2
5.000000E-1	6.767645E+3	6.767645E+3	1.049935E-1	1.060215E+2
5.000000E-1	6.767645E+3	6.767645E+3	1.049935E-1	1.063887E+2
4.500000E-1	6.767645E+3	6.767645E+3	1.049935E-1	1.067568E+2
4.000000E-1	6.558351E+3	6.558351E+3	1.017465E-1	1.071250E+2
3.500000E-1	5.760038E+3	5.760038E+3	8.936145E-2	1.074922E+2
3.000000E-1	4.941728E+3	4.941728E+3	7.666616E-2	1.078604E+2
2.500000E-1	4.112382E+3	4.112382E+3	6.379966E-2	1.082285E+2
2.000000E-1	3.286495E+3	3.286495E+3	5.098680E-2	1.085957E+2
1.500000E-1	2.460585E+3	2.460585E+3	3.817360E-2	1.089639E+2
1.000000E-1	1.636767E+3	1.636767E+3	2.539286E-2	1.093320E+2
5.000000E-2	8.153512E+2	8.153512E+2	1.264939E-2	1.097002E+2
0.000000E+0	1.271267E+0	-1.271267E+0	-1.972249E-5	1.104395E+2
-5.000000E-2	8.122927E+2	-8.122927E+2	-1.260194E-2	1.111787E+2
-1.000000E-1	1.619408E+3	-1.619408E+3	-2.512355E-2	1.115459E+2
-1.500000E-1	2.419769E+3	-2.419769E+3	-3.754039E-2	1.119141E+2
-2.000000E-1	3.217289E+3	-3.217289E+3	-4.991315E-2	1.122822E+2
-2.500000E-1	4.013435E+3	-4.013435E+3	-6.226458E-2	1.126494E+2
-3.000000E-1	4.801432E+3	-4.801432E+3	-7.448959E-2	1.130176E+2
-3.500000E-1	5.611552E+3	-5.611552E+3	-8.705783E-2	1.133857E+2
-4.000000E-1	6.458177E+3	-6.458177E+3	-1.001924E-1	1.137539E+2
-4.500000E-1	6.768148E+3	-6.768148E+3	-1.050013E-1	1.141211E+2
-5.000000E-1	6.768148E+3	-6.768148E+3	-1.050013E-1	1.144893E+2
-5.000000E-1	6.768148E+3	-6.768148E+3	-1.050013E-1	1.148574E+2
-4.500000E-1	6.768148E+3	-6.768148E+3	-1.050013E-1	1.152246E+2
-4.000000E-1	6.525883E+3	-6.525883E+3	-1.012428E-1	1.155928E+2
-3.500000E-1	5.710356E+3	-5.710356E+3	-8.859068E-2	1.159609E+2
-3.000000E-1	4.944237E+3	-4.944237E+3	-7.670508E-2	1.163291E+2
-2.500000E-1	4.119036E+3	-4.119036E+3	-6.390288E-2	1.166963E+2
-2.000000E-1	3.292683E+3	-3.292683E+3	-5.108280E-2	1.170645E+2
-1.500000E-1	2.468437E+3	-2.468437E+3	-3.829543E-2	1.174326E+2
-1.000000E-1	1.643785E+3	-1.643785E+3	-2.550174E-2	1.177998E+2
-5.000000E-2	8.221838E+2	-8.221838E+2	-1.275539E-2	1.181680E+2
0.000000E+0	1.529606E+0	-1.529606E+0	-2.373036E-5	1.189072E+2
0.000000E+0	1.266562E+0	-1.266562E+0	-1.964949E-5	1.192754E+2
5.000000E-2	8.122792E+2	8.122792E+2	1.260173E-2	1.200146E+2
1.000000E-1	1.624359E+3	1.624359E+3	2.520036E-2	1.203818E+2
1.500000E-1	2.434257E+3	2.434257E+3	3.776515E-2	1.207500E+2
2.000000E-1	3.241862E+3	3.241862E+3	5.029437E-2	1.211182E+2
2.500000E-1	4.056086E+3	4.056086E+3	6.292628E-2	1.214854E+2
3.000000E-1	4.874948E+3	4.874948E+3	7.563012E-2	1.218535E+2
3.500000E-1	5.710527E+3	5.710527E+3	8.859333E-2	1.222217E+2
4.000000E-1	6.575568E+3	6.575568E+3	1.020136E-1	1.225898E+2
4.500000E-1	6.767645E+3	6.767645E+3	1.049935E-1	1.229570E+2
5.000000E-1	6.767645E+3	6.767645E+3	1.049935E-1	1.233252E+2
5.000000E-1	6.767645E+3	6.767645E+3	1.049935E-1	1.236934E+2
4.500000E-1	6.767645E+3	6.767645E+3	1.049935E-1	1.240605E+2
4.000000E-1	6.718206E+3	6.718206E+3	1.042265E-1	1.244287E+2
3.500000E-1	5.877043E+3	5.877043E+3	9.117667E-2	1.247969E+2
3.000000E-1	5.031310E+3	5.031310E+3	7.805593E-2	1.251641E+2
2.500000E-1	4.181075E+3	4.181075E+3	6.486536E-2	1.255322E+2
2.000000E-1	3.332307E+3	3.332307E+3	5.169754E-2	1.259004E+2
1.500000E-1	2.490400E+3	2.490400E+3	3.863616E-2	1.262686E+2
1.000000E-1	1.654407E+3	1.654407E+3	2.566653E-2	1.266357E+2
5.000000E-2	8.223230E+2	8.223230E+2	1.275755E-2	1.270039E+2
0.000000E+0	1.277378E+0	-1.277378E+0	-1.981729E-5	1.277432E+2
-5.000000E-2	8.150715E+2	-8.150715E+2	-1.264505E-2	1.284824E+2
-1.000000E-1	1.621903E+3	-1.621903E+3	-2.516226E-2	1.288506E+2
-1.500000E-1	2.423521E+3	-2.423521E+3	-3.759860E-2	1.292178E+2
-2.000000E-1	3.220064E+3	-3.220064E+3	-4.995619E-2	1.295859E+2
-2.500000E-1	4.014618E+3	-4.014618E+3	-6.228293E-2	1.299541E+2
-3.000000E-1	4.808072E+3	-4.808072E+3	-7.459261E-2	1.303213E+2
-3.500000E-1	5.604683E+3	-5.604683E+3	-8.695127E-2	1.306895E+2
-4.000000E-1	6.388796E+3	-6.388796E+3	-9.911603E-2	1.310576E+2
-4.500000E-1	6.768148E+3	-6.768148E+3	-1.050013E-1	1.314258E+2
-5.000000E-1	6.768148E+3	-6.768148E+3	-1.050013E-1	1.317930E+2
-5.000000E-1	6.768142E+3	-6.768142E+3	-1.050012E-1	1.321611E+2
-4.500000E-1	6.768148E+3	-6.768148E+3	-1.050013E-1	1.325293E+2
-4.000000E-1	6.380269E+3	-6.380269E+3	-9.898373E-2	1.328975E+2
-3.500000E-1	5.591979E+3	-5.591979E+3	-8.675417E-2	1.332646E+2
-3.000000E-1	4.788579E+3	-4.788579E+3	-7.429019E-2	1.336328E+2
-2.500000E-1	3.991042E+3	-3.991042E+3	-6.191717E-2	1.340010E+2
-2.000000E-1	3.191054E+3	-3.191054E+3	-4.950613E-2	1.343682E+2
-1.500000E-1	2.390849E+3	-2.390849E+3	-3.709172E-2	1.347363E+2
-1.000000E-1	1.594372E+3	-1.594372E+3	-2.473515E-2	1.351045E+2
-5.000000E-2	7.979038E+2	-7.979038E+2	-1.237871E-2	1.354727E+2
0.000000E+0	1.499457E+0	-1.499457E+0	-2.326263E-5	1.362119E+2
0.000000E+0	1.263908E+0	-1.263908E+0	-1.960831E-5	1.365801E+2
5.000000E-2	7.900484E+2	7.900484E+2	1.225684E-2	1.373184E+2
1.000000E-1	1.582244E+3	1.582244E+3	2.454700E-2	1.376865E+2
1.500000E-1	2.375835E+3	2.375835E+3	3.685880E-2	1.380547E+2
2.000000E-1	3.175079E+3	3.175079E+3	4.925830E-2	1.384219E+2
2.500000E-1	3.981007E+3	3.981007E+3	6.176150E-2	1.387900E+2
3.000000E-1	4.800750E+3	4.800750E+3	7.447902E-2	1.391582E+2
3.500000E-1	5.641188E+3	5.641188E+3	8.751760E-2	1.395264E+2
4.000000E-1	6.524691E+3	6.524691E+3	1.012243E-1	1.398936E+2
4.500000E-1	6.767645E+3	6.767645E+3	1.049935E-1	1.402617E+2
5.000000E-1	6.767645E+3	6.767645E+3	1.049935E-1	1.406299E+2
5.000000E-1	6.767645E+3	6.767645E+3	1.049935E-1	1.409971E+2
4.500000E-1	6.767645E+3	6.767645E+3	1.049935E-1	1.413652E+2
4.000000E-1	6.767645E+3	6.767645E+3	1.049935E-1	1.417334E+2
3.500000E-1	5.971245E+3	5.971245E+3	9.263813E-2	1.421016E+2
3.000000E-1	5.097862E+3	5.097862E+3	7.908843E-2	1.424688E+2
2.500000E-1	4.227841E+3	4.227841E+3	6.559088E-2	1.428369E+2
2.000000E-1	3.370422E+3	3.370422E+3	5.228885E-2	1.432051E+2
1.500000E-1	2.518829E+3	2.518829E+3	3.907721E-2	1.435723E+2
1.000000E-1	1.673837E+3	1.673837E+3	2.596797E-2	1.439404E+2
5.000000E-2	8.326594E+2	8.326594E+2	1.291791E-2	1.443086E+2
0.000000E+0	1.283473E+0	-1.283473E+0	-1.991185E-5	1.450479E+2
-5.000000E-2	8.281210E+2	-8.281210E+2	-1.284750E-2	1.457871E+2
-1.000000E-1	1.650615E+3	-1.650615E+3	-2.560771E-2	1.461543E+2
-1.500000E-1	2.467569E+3	-2.467569E+3	-3.828196E-2	1.465225E+2
-2.000000E-1	3.281030E+3	-3.281030E+3	-5.090202E-2	1.468906E+2
-2.500000E-1	4.095880E+3	-4.095880E+3	-6.354363E-2	1.472588E+2
-3.000000E-1	4.995030E+3	-4.995030E+3	-7.749309E-2	1.476260E+2
-3.500000E-1	5.853395E+3	-5.853395E+3	-9.080979E-2	1.479941E+2
-4.000000E-1	6.690624E+3	-6.690624E+3	-1.037986E-1	1.483623E+2
-4.500000E-1	6.768148E+3	-6.768148E+3	-1.050013E-1	1.487295E+2
-5.000000E-1	6.768148E+3	-6.768148E+3	-1.050013E-1	1.490977E+2
-5.000000E-1	6.768148E+3	-6.768148E+3	-1.050013E-1	1.494658E+2
-4.500000E-1	6.768148E+3	-6.768148E+3	-1.050013E-1	1.498340E+2
-4.000000E-1	6.670539E+3	-6.670539E+3	-1.034870E-1	1.502012E+2
-3.500000E-1	5.832712E+3	-5.832712E+3	-9.048891E-2	1.505693E+2
-3.000000E-1	4.994487E+3	-4.994487E+3	-7.748465E-2	1.509375E+2
-2.500000E-1	4.150739E+3	-4.150739E+3	-6.439473E-2	1.513047E+2
-2.000000E-1	3.321051E+3	-3.321051E+3	-5.152291E-2	1.516729E+2
-1.500000E-1	2.491449E+3	-2.491449E+3	-3.865243E-2	1.520410E+2
-1.000000E-1	1.660808E+3	-1.660808E+3	-2.576584E-2	1.524092E+2
-5.000000E-2	8.315392E+2	-8.315392E+2	-1.290053E-2	1.527764E+2
0.000000E+0	1.544985E+0	-1.544985E+0	-2.396895E-5	1.535156E+2
0.000000E+0	1.279811E+0	-1.279811E+0	-1.985503E-5	1.538838E+2
5.000000E-2	8.262169E+2	8.262169E+2	1.281796E-2	1.546230E+2
1.000000E-1	1.657792E+3	1.657792E+3	2.571905E-2	1.549902E+2
1.500000E-1	2.489398E+3	2.489398E+3	3.862062E-2	1.553584E+2
2.000000E-1	3.329095E+3	3.329095E+3	5.164770E-2	1.557266E+2
2.500000E-1	4.180585E+3	4.180585E+3	6.485775E-2	1.560947E+2
3.000000E-1	5.046890E+3	5.046890E+3	7.829764E-2	1.564619E+2
3.500000E-1	5.934427E+3	5.934427E+3	9.206693E-2	1.568301E+2
4.000000E-1	6.767645E+3	6.767645E+3	1.049935E-1	1.571982E+2
4.500000E-1	6.767645E+3	6.767645E+3	1.049935E-1	1.575654E+2
5.000000E-1	6.767645E+3	6.767645E+3	1.049935E-1	1.579336E+2
5.000000E-1	6.767645E+3	6.767645E+3	1.049935E-1	1.583018E+2
4.500000E-1	6.767645E+3	6.767645E+3	1.049935E-1	1.586699E+2
4.000000E-1	6.767651E+3	6.767651E+3	1.049936E-1	1.590371E+2
3.500000E-1	6.134472E+3	6.134472E+3	9.517043E-2	1.594053E+2
3.000000E-1	5.240559E+3	5.240559E+3	8.130223E-2	1.597734E+2
2.500000E-1	4.345188E+3	4.345188E+3	6.741141E-2	1.601406E+2
2.000000E-1	3.461692E+3	3.461692E+3	5.370482E-2	1.605088E+2
1.500000E-1	2.587179E+3	2.587179E+3	4.013760E-2	1.608770E+2
1.000000E-1	1.714568E+3	1.714568E+3	2.659988E-2	1.612441E+2
5.000000E-2	8.525395E+2	8.525395E+2	1.322633E-2	1.616123E+2
0.000000E+0	1.264715E+0	-1.264715E+0	-1.962084E-5	1.623516E+2
-5.000000E-2	8.454859E+2	-8.454859E+2	-1.311690E-2	1.630908E+2
-1.000000E-1	1.680616E+3	-1.680616E+3	-2.607314E-2	1.634590E+2
-1.500000E-1	2.511810E+3	-2.511810E+3	-3.896832E-2	1.638271E+2
-2.000000E-1	3.336556E+3	-3.336556E+3	-5.176346E-2	1.641943E+2
-2.500000E-1	4.156129E+3	-4.156129E+3	-6.447834E-2	1.645625E+2
-3.000000E-1	4.962680E+3	-4.962680E+3	-7.699120E-2	1.649307E+2
-3.500000E-1	5.977016E+3	-5.977016E+3	-9.272765E-2	1.652979E+2
-4.000000E-1	6.768148E+3	-6.768148E+3	-1.050013E-1	1.656660E+2
-4.500000E-1	6.768148E+3	-6.768148E+3	-1.050013E-1	1.660342E+2
-5.000000E-1	6.768142E+3	-6.768142E+3	-1.050012E-1	1.664014E+2
-5.000000E-1	6.768148E+3	-6.768148E+3	-1.050013E-1	1.667695E+2
-4.500000E-1	6.768148E+3	-6.768148E+3	-1.050013E-1	1.671377E+2
-4.000000E-1	6.702040E+3	-6.702040E+3	-1.039757E-1	1.675059E+2
-3.500000E-1	5.860950E+3	-5.860950E+3	-9.092700E-2	1.678730E+2
-3.000000E-1	5.001733E+3	-5.001733E+3	-7.759708E-2	1.682412E+2
-2.500000E-1	4.138174E+3	-4.138174E+3	-6.419979E-2	1.686094E+2
-2.000000E-1	3.296531E+3	-3.296531E+3	-5.114250E-2	1.689766E+2
-1.500000E-1	2.462806E+3	-2.462806E+3	-3.820807E-2	1.693447E+2
-1.000000E-1	1.635998E+3	-1.635998E+3	-2.538094E-2	1.697129E+2
-5.000000E-2	8.158695E+2	-8.158695E+2	-1.265743E-2	1.700811E+2
0.000000E+0	1.516925E+0	-1.516925E+0	-2.353363E-5	1.708203E+2
0.000000E+0	1.258428E+0	-1.258428E+0	-1.952330E-5	1.711885E+2
5.000000E-2	8.025029E+2	8.025029E+2	1.245006E-2	1.719268E+2
1.000000E-1	1.607174E+3	1.607174E+3	2.493376E-2	1.722949E+2
1.500000E-1	2.409735E+3	2.409735E+3	3.738472E-2	1.726631E+2
2.000000E-1	3.218772E+3	3.218772E+3	4.993615E-2	1.730303E+2
2.500000E-1	4.040498E+3	4.040498E+3	6.268443E-2	1.733984E+2
3.000000E-1	4.873374E+3	4.873374E+3	7.560571E-2	1.737666E+2
3.500000E-1	5.736966E+3	5.736966E+3	8.900351E-2	1.741338E+2
4.000000E-1	6.645581E+3	6.645581E+3	1.030998E-1	1.745020E+2
4.500000E-1	6.767645E+3	6.767645E+3	1.049935E-1	1.748701E+2
5.000000E-1	6.767645E+3	6.767645E+3	1.049935E-1	1.752383E+2
5.000000E-1	6.767645E+3	6.767645E+3	1.049935E-1	1.756055E+2
4.500000E-1	6.767645E+3	6.767645E+3	1.049935E-1	1.759736E+2
4.000000E-1	6.767651E+3	6.767651E+3	1.049936E-1	1.763418E+2
3.500000E-1	5.982127E+3	5.982127E+3	9.280695E-2	1.767100E+2
3.000000E-1	5.117663E+3	5.117663E+3	7.939562E-2	1.770771E+2
2.500000E-1	4.247914E+3	4.247914E+3	6.590229E-2	1.774453E+2
2.000000E-1	3.387885E+3	3.387885E+3	5.255978E-2	1.778135E+2
1.500000E-1	2.529320E+3	2.529320E+3	3.923996E-2	1.781807E+2
1.000000E-1	1.678464E+3	1.678464E+3	2.603975E-2	1.785488E+2
5.000000E-2	8.360706E+2	8.360706E+2	1.297083E-2	1.789170E+2
0.000000E+0	1.273205E+0	-1.273205E+0	-1.975255E-5	1.796563E+2
-5.000000E-2	8.332634E+2	-8.332634E+2	-1.292728E-2	1.803955E+2
-1.000000E-1	1.655502E+3	-1.655502E+3	-2.568352E-2	1.807627E+2
-1.500000E-1	2.514570E+3	-2.514570E+3	-3.901114E-2	1.811309E+2
-2.000000E-1	3.373469E+3	-3.373469E+3	-5.233613E-2	1.814990E+2
-2.500000E-1	4.201319E+3	-4.201319E+3	-6.517942E-2	1.818672E+2
-3.000000E-1	5.030492E+3	-5.030492E+3	-7.804324E-2	1.822344E+2
-3.500000E-1	5.810970E+3	-5.810970E+3	-9.015161E-2	1.826025E+2
-4.000000E-1	6.768148E+3	-6.768148E+3	-1.050013E-1	1.829707E+2
-4.500000E-1	6.768148E+3	-6.768148E+3	-1.050013E-1	1.833379E+2
-5.000000E-1	6.768148E+3	-6.768148E+3	-1.050013E-1	1.837061E+2
-5.000000E-1	6.768148E+3	-6.768148E+3	-1.050013E-1	1.840742E+2
-4.500000E-1	6.768148E+3	-6.768148E+3	-1.050013E-1	1.844424E+2
-4.000000E-1	6.768148E+3	-6.768148E+3	-1.050013E-1	1.848096E+2
-3.500000E-1	5.994862E+3	-5.994862E+3	-9.300451E-2	1.851777E+2
-3.000000E-1	5.138213E+3	-5.138213E+3	-7.971443E-2	1.855459E+2
-2.500000E-1	4.269923E+3	-4.269923E+3	-6.624375E-2	1.859141E+2
-2.000000E-1	3.409068E+3	-3.409068E+3	-5.288841E-2	1.862813E+2
-1.500000E-1	2.554952E+3	-2.554952E+3	-3.963763E-2	1.866494E+2
-1.000000E-1	1.700281E+3	-1.700281E+3	-2.637823E-2	1.870176E+2
-5.000000E-2	8.497278E+2	-8.497278E+2	-1.318271E-2	1.873848E+2
0.000000E+0	1.538103E+0	-1.538103E+0	-2.386219E-5	1.881240E+2
