voltage_2_2_21_500mv_500ms	absJ_2_2_21_500mv_500ms	J_2_2_21_500mv_500ms	current_2_2_21_500mv_500ms	time_2_2_21_500mv_500ms	
0.000000E+0	1.317108E-8	-1.317108E-8	-5.108414E-14	0.000000E+0
5.880000E-2	4.792826E-7	4.792826E-7	1.858902E-12	7.031250E-1
1.176500E-1	1.471124E-6	1.471124E-6	5.705769E-12	1.406250E+0
1.764500E-1	3.304370E-6	3.304370E-6	1.281603E-11	2.109375E+0
2.353000E-1	5.867429E-6	5.867429E-6	2.275688E-11	2.812500E+0
2.941000E-1	8.737369E-6	8.737369E-6	3.388797E-11	3.515625E+0
3.529500E-1	1.350877E-5	1.350877E-5	5.239391E-11	4.218750E+0
4.117500E-1	2.049551E-5	2.049551E-5	7.949201E-11	4.921875E+0
4.706000E-1	2.786032E-5	2.786032E-5	1.080565E-10	6.204102E+0
5.294000E-1	3.746295E-5	3.746295E-5	1.453004E-10	6.572266E+0
5.882500E-1	5.119160E-5	5.119160E-5	1.985471E-10	6.941406E+0
6.470500E-1	6.188617E-5	6.188617E-5	2.400261E-10	7.309570E+0
7.059000E-1	7.436911E-5	7.436911E-5	2.884413E-10	7.677734E+0
7.647000E-1	8.757622E-5	8.757622E-5	3.396652E-10	8.045898E+0
8.235500E-1	1.090406E-4	1.090406E-4	4.229150E-10	8.415039E+0
8.823500E-1	1.409880E-4	1.409880E-4	5.468234E-10	8.783203E+0
9.412000E-1	1.615137E-4	1.615137E-4	6.264326E-10	9.151367E+0
1.000000E+0	1.824675E-4	1.824675E-4	7.077020E-10	9.519531E+0
1.000000E+0	1.892273E-4	1.892273E-4	7.339200E-10	9.888672E+0
9.412000E-1	1.707351E-4	1.707351E-4	6.621978E-10	1.025684E+1
8.823500E-1	1.408577E-4	1.408577E-4	5.463180E-10	1.062500E+1
8.235500E-1	1.148034E-4	1.148034E-4	4.452662E-10	1.099316E+1
7.647000E-1	1.001049E-4	1.001049E-4	3.882578E-10	1.136230E+1
7.059000E-1	8.552582E-5	8.552582E-5	3.317127E-10	1.173047E+1
6.470500E-1	6.800746E-5	6.800746E-5	2.637676E-10	1.209863E+1
5.882500E-1	5.792055E-5	5.792055E-5	2.246454E-10	1.246777E+1
5.294000E-1	4.291850E-5	4.291850E-5	1.664598E-10	1.283594E+1
4.706000E-1	2.950623E-5	2.950623E-5	1.144402E-10	1.320410E+1
4.117500E-1	2.251454E-5	2.251454E-5	8.732284E-11	1.437891E+1
3.529500E-1	1.551520E-5	1.551520E-5	6.017584E-11	1.508203E+1
2.941000E-1	1.018224E-5	1.018224E-5	3.949193E-11	1.578516E+1
2.353000E-1	6.322130E-6	6.322130E-6	2.452044E-11	1.648828E+1
1.764500E-1	3.317790E-6	3.317790E-6	1.286808E-11	1.719141E+1
1.176500E-1	2.015128E-6	2.015128E-6	7.815693E-12	1.789453E+1
5.880000E-2	1.043964E-6	1.043964E-6	4.049025E-12	1.859766E+1
0.000000E+0	4.320477E-7	4.320477E-7	1.675701E-12	1.930176E+1
-5.880000E-2	1.247259E-6	-1.247259E-6	-4.837505E-12	2.000488E+1
-1.176500E-1	5.580907E-7	-5.580907E-7	-2.164560E-12	2.070801E+1
-1.764500E-1	4.639646E-6	-4.639646E-6	-1.799491E-11	2.141113E+1
-2.353000E-1	7.394454E-6	-7.394454E-6	-2.867946E-11	2.211426E+1
-2.941000E-1	1.004331E-5	-1.004331E-5	-3.895306E-11	2.281738E+1
-3.529500E-1	1.716485E-5	-1.716485E-5	-6.657405E-11	2.352051E+1
-4.117500E-1	2.316969E-5	-2.316969E-5	-8.986385E-11	2.422363E+1
-4.706000E-1	3.225087E-5	-3.225087E-5	-1.250853E-10	2.533887E+1
-5.294000E-1	4.258125E-5	-4.258125E-5	-1.651518E-10	2.570703E+1
-5.882500E-1	5.085397E-5	-5.085397E-5	-1.972376E-10	2.607520E+1
-6.470500E-1	6.381011E-5	-6.381011E-5	-2.474881E-10	2.644434E+1
-7.059000E-1	7.970103E-5	-7.970103E-5	-3.091212E-10	2.681250E+1
-7.647000E-1	9.708103E-5	-9.708103E-5	-3.765297E-10	2.718066E+1
-8.235500E-1	1.179444E-4	-1.179444E-4	-4.574485E-10	2.754883E+1
-8.823500E-1	1.378824E-4	-1.378824E-4	-5.347782E-10	2.791797E+1
-9.412000E-1	1.529510E-4	-1.529510E-4	-5.932218E-10	2.828613E+1
-1.000000E+0	1.783024E-4	-1.783024E-4	-6.915474E-10	2.865430E+1
-1.000000E+0	1.860349E-4	-1.860349E-4	-7.215383E-10	2.902246E+1
-9.412000E-1	1.610104E-4	-1.610104E-4	-6.244804E-10	2.939160E+1
-8.823500E-1	1.522244E-4	-1.522244E-4	-5.904038E-10	2.975977E+1
-8.235500E-1	1.327667E-4	-1.327667E-4	-5.149368E-10	3.012793E+1
-7.647000E-1	1.115225E-4	-1.115225E-4	-4.325411E-10	3.049707E+1
-7.059000E-1	8.927948E-5	-8.927948E-5	-3.462713E-10	3.086523E+1
-6.470500E-1	7.621431E-5	-7.621431E-5	-2.955979E-10	3.123340E+1
-5.882500E-1	6.447271E-5	-6.447271E-5	-2.500580E-10	3.160156E+1
-5.294000E-1	4.730792E-5	-4.730792E-5	-1.834842E-10	3.197070E+1
-4.706000E-1	3.891925E-5	-3.891925E-5	-1.509487E-10	3.233887E+1
-4.117500E-1	2.827952E-5	-2.827952E-5	-1.096824E-10	3.270703E+1
-3.529500E-1	1.806193E-5	-1.806193E-5	-7.005338E-11	3.388184E+1
-2.941000E-1	1.309739E-5	-1.309739E-5	-5.079837E-11	3.458594E+1
-2.353000E-1	7.999852E-6	-7.999852E-6	-3.102750E-11	3.528906E+1
-1.764500E-1	4.345976E-6	-4.345976E-6	-1.685591E-11	3.599219E+1
-1.176500E-1	1.906303E-6	-1.906303E-6	-7.393613E-12	3.669531E+1
-5.880000E-2	8.102448E-7	-8.102448E-7	-3.142542E-12	3.739844E+1
0.000000E+0	2.927622E-8	-2.927622E-8	-1.135481E-13	3.810156E+1
0.000000E+0	2.498962E-8	-2.498962E-8	-9.692247E-14	3.880566E+1
5.880000E-2	6.989721E-7	6.989721E-7	2.710970E-12	3.950879E+1
1.176500E-1	2.461152E-6	2.461152E-6	9.545600E-12	4.021191E+1
1.764500E-1	4.691294E-6	4.691294E-6	1.819523E-11	4.091504E+1
2.353000E-1	7.639917E-6	7.639917E-6	2.963149E-11	4.161816E+1
2.941000E-1	1.169588E-5	1.169588E-5	4.536260E-11	4.232129E+1
3.529500E-1	1.843409E-5	1.843409E-5	7.149678E-11	4.302441E+1
4.117500E-1	2.556052E-5	2.556052E-5	9.913673E-11	4.372754E+1
4.706000E-1	3.438664E-5	3.438664E-5	1.333689E-10	4.484277E+1
5.294000E-1	4.028212E-5	4.028212E-5	1.562346E-10	4.521094E+1
5.882500E-1	5.440240E-5	5.440240E-5	2.110002E-10	4.557910E+1
6.470500E-1	6.224015E-5	6.224015E-5	2.413990E-10	4.594824E+1
7.059000E-1	7.846826E-5	7.846826E-5	3.043399E-10	4.631641E+1
7.647000E-1	1.005827E-4	1.005827E-4	3.901108E-10	4.668457E+1
8.235500E-1	1.174914E-4	1.174914E-4	4.556916E-10	4.705273E+1
8.823500E-1	1.462039E-4	1.462039E-4	5.670533E-10	4.742188E+1
9.412000E-1	1.723426E-4	1.723426E-4	6.684326E-10	4.779004E+1
1.000000E+0	1.988089E-4	1.988089E-4	7.710821E-10	4.815820E+1
1.000000E+0	1.940737E-4	1.940737E-4	7.527168E-10	4.852637E+1
9.412000E-1	1.747736E-4	1.747736E-4	6.778610E-10	4.889551E+1
8.823500E-1	1.409751E-4	1.409751E-4	5.467733E-10	4.926367E+1
8.235500E-1	1.052160E-4	1.052160E-4	4.080814E-10	4.963184E+1
7.647000E-1	9.684494E-5	9.684494E-5	3.756140E-10	5.000098E+1
7.059000E-1	7.903106E-5	7.903106E-5	3.065227E-10	5.036914E+1
6.470500E-1	8.174728E-5	8.174728E-5	3.170576E-10	5.073730E+1
5.882500E-1	5.179314E-5	5.179314E-5	2.008802E-10	5.110547E+1
5.294000E-1	4.070798E-5	4.070798E-5	1.578863E-10	5.147461E+1
4.706000E-1	3.048282E-5	3.048282E-5	1.182279E-10	5.184277E+1
4.117500E-1	2.107012E-5	2.107012E-5	8.172066E-11	5.301758E+1
3.529500E-1	1.489944E-5	1.489944E-5	5.778761E-11	5.372070E+1
2.941000E-1	9.766205E-6	9.766205E-6	3.787832E-11	5.442383E+1
2.353000E-1	6.295952E-6	6.295952E-6	2.441891E-11	5.512695E+1
1.764500E-1	3.608041E-6	3.608041E-6	1.399382E-11	5.583008E+1
1.176500E-1	1.967804E-6	1.967804E-6	7.632145E-12	5.653320E+1
5.880000E-2	7.250533E-7	7.250533E-7	2.812126E-12	5.723633E+1
0.000000E+0	2.623838E-8	2.623838E-8	1.017658E-13	5.794043E+1
-5.880000E-2	6.810673E-7	-6.810673E-7	-2.641526E-12	5.864355E+1
-1.176500E-1	1.933804E-6	-1.933804E-6	-7.500278E-12	5.934668E+1
-1.764500E-1	3.172293E-6	-3.172293E-6	-1.230377E-11	6.004980E+1
-2.353000E-1	5.779844E-6	-5.779844E-6	-2.241718E-11	6.075293E+1
-2.941000E-1	9.571783E-6	-9.571783E-6	-3.712425E-11	6.145605E+1
-3.529500E-1	1.458107E-5	-1.458107E-5	-5.655280E-11	6.215918E+1
-4.117500E-1	2.053062E-5	-2.053062E-5	-7.962819E-11	6.286230E+1
-4.706000E-1	2.956074E-5	-2.956074E-5	-1.146516E-10	6.397754E+1
-5.294000E-1	4.028994E-5	-4.028994E-5	-1.562649E-10	6.434570E+1
-5.882500E-1	4.967981E-5	-4.967981E-5	-1.926836E-10	6.471387E+1
-6.470500E-1	6.135122E-5	-6.135122E-5	-2.379513E-10	6.508301E+1
-7.059000E-1	7.541673E-5	-7.541673E-5	-2.925045E-10	6.545117E+1
-7.647000E-1	9.035559E-5	-9.035559E-5	-3.504450E-10	6.581934E+1
-8.235500E-1	1.362486E-4	-1.362486E-4	-5.284414E-10	6.618750E+1
-8.823500E-1	1.645286E-4	-1.645286E-4	-6.381257E-10	6.655664E+1
-9.412000E-1	1.791298E-4	-1.791298E-4	-6.947568E-10	6.692480E+1
-1.000000E+0	1.911881E-4	-1.911881E-4	-7.415247E-10	6.729297E+1
-1.000000E+0	2.037384E-4	-2.037384E-4	-7.902013E-10	6.766211E+1
-9.412000E-1	1.876669E-4	-1.876669E-4	-7.278679E-10	6.803027E+1
-8.823500E-1	1.533631E-4	-1.533631E-4	-5.948203E-10	6.839844E+1
-8.235500E-1	1.311213E-4	-1.311213E-4	-5.085552E-10	6.876758E+1
-7.647000E-1	1.210132E-4	-1.210132E-4	-4.693510E-10	6.913574E+1
-7.059000E-1	9.503726E-5	-9.503726E-5	-3.686029E-10	6.950391E+1
-6.470500E-1	7.196042E-5	-7.196042E-5	-2.790992E-10	6.987207E+1
-5.882500E-1	5.996747E-5	-5.996747E-5	-2.325844E-10	7.024121E+1
-5.294000E-1	4.823732E-5	-4.823732E-5	-1.870889E-10	7.060937E+1
-4.706000E-1	3.316813E-5	-3.316813E-5	-1.286429E-10	7.097754E+1
-4.117500E-1	2.788796E-5	-2.788796E-5	-1.081637E-10	7.134570E+1
-3.529500E-1	1.781441E-5	-1.781441E-5	-6.909334E-11	7.252051E+1
-2.941000E-1	1.286079E-5	-1.286079E-5	-4.988070E-11	7.322363E+1
-2.353000E-1	7.527163E-6	-7.527163E-6	-2.919417E-11	7.392773E+1
-1.764500E-1	3.889363E-6	-3.889363E-6	-1.508493E-11	7.463086E+1
-1.176500E-1	2.164411E-6	-2.164411E-6	-8.394688E-12	7.533398E+1
-5.880000E-2	1.230864E-6	-1.230864E-6	-4.773917E-12	7.603711E+1
0.000000E+0	3.979232E-8	-3.979232E-8	-1.543349E-13	7.674023E+1
0.000000E+0	2.463896E-8	-2.463896E-8	-9.556245E-14	7.744336E+1
5.880000E-2	7.318801E-7	7.318801E-7	2.838604E-12	7.814648E+1
1.176500E-1	1.923410E-6	1.923410E-6	7.459963E-12	7.884961E+1
1.764500E-1	3.884472E-6	3.884472E-6	1.506596E-11	7.955273E+1
2.353000E-1	7.142659E-6	7.142659E-6	2.770287E-11	8.025586E+1
2.941000E-1	1.384925E-5	1.384925E-5	5.371446E-11	8.095898E+1
3.529500E-1	2.083239E-5	2.083239E-5	8.079862E-11	8.166211E+1
4.117500E-1	3.244850E-5	3.244850E-5	1.258518E-10	8.277734E+1
4.706000E-1	4.104768E-5	4.104768E-5	1.592038E-10	8.314551E+1
5.294000E-1	5.063901E-5	5.063901E-5	1.964039E-10	8.351465E+1
5.882500E-1	6.419234E-5	6.419234E-5	2.489706E-10	8.388281E+1
6.470500E-1	7.521797E-5	7.521797E-5	2.917336E-10	8.425098E+1
7.059000E-1	9.900925E-5	9.900925E-5	3.840083E-10	8.462012E+1
7.647000E-1	1.209830E-4	1.209830E-4	4.692338E-10	8.498828E+1
8.235500E-1	1.434655E-4	1.434655E-4	5.564324E-10	8.535645E+1
8.823500E-1	1.691906E-4	1.691906E-4	6.562075E-10	8.572461E+1
9.412000E-1	1.862298E-4	1.862298E-4	7.222941E-10	8.609375E+1
1.000000E+0	2.209431E-4	2.209431E-4	8.569300E-10	8.646191E+1
1.000000E+0	2.245048E-4	2.245048E-4	8.707440E-10	8.683008E+1
9.412000E-1	2.053613E-4	2.053613E-4	7.964956E-10	8.719824E+1
8.823500E-1	1.732737E-4	1.732737E-4	6.720437E-10	8.756738E+1
8.235500E-1	1.441921E-4	1.441921E-4	5.592503E-10	8.793555E+1
7.647000E-1	1.344835E-4	1.344835E-4	5.215957E-10	8.830371E+1
7.059000E-1	1.001923E-4	1.001923E-4	3.885966E-10	8.867285E+1
6.470500E-1	8.234880E-5	8.234880E-5	3.193906E-10	8.904102E+1
5.882500E-1	5.800202E-5	5.800202E-5	2.249614E-10	8.940918E+1
5.294000E-1	4.625475E-5	4.625475E-5	1.793995E-10	8.977734E+1
4.706000E-1	4.277388E-5	4.277388E-5	1.658989E-10	9.014648E+1
4.117500E-1	3.634162E-5	3.634162E-5	1.409513E-10	9.051465E+1
3.529500E-1	2.462413E-5	2.462413E-5	9.550494E-11	9.280371E+1
2.941000E-1	1.604407E-5	1.604407E-5	6.222707E-11	9.397852E+1
2.353000E-1	9.947548E-6	9.947548E-6	3.858166E-11	9.468164E+1
1.764500E-1	5.699030E-6	5.699030E-6	2.210374E-11	9.538477E+1
1.176500E-1	3.095109E-6	3.095109E-6	1.200441E-11	9.608789E+1
5.880000E-2	1.464805E-6	1.464805E-6	5.681261E-12	9.679102E+1
0.000000E+0	3.887274E-8	3.887274E-8	1.507683E-13	9.749512E+1
-5.880000E-2	1.133950E-6	-1.133950E-6	-4.398037E-12	9.819727E+1
-1.176500E-1	2.249785E-6	-2.249785E-6	-8.725812E-12	9.890137E+1
-1.764500E-1	5.078067E-6	-5.078067E-6	-1.969533E-11	9.960449E+1
-2.353000E-1	9.907048E-6	-9.907048E-6	-3.842458E-11	1.003076E+2
-2.941000E-1	1.776385E-5	-1.776385E-5	-6.889726E-11	1.010107E+2
-3.529500E-1	2.097639E-5	-2.097639E-5	-8.135713E-11	1.017139E+2
-4.117500E-1	3.012503E-5	-3.012503E-5	-1.168402E-10	1.028291E+2
-4.706000E-1	4.369576E-5	-4.369576E-5	-1.694744E-10	1.031973E+2
-5.294000E-1	5.674693E-5	-5.674693E-5	-2.200935E-10	1.035654E+2
-5.882500E-1	7.234292E-5	-7.234292E-5	-2.805827E-10	1.039336E+2
-6.470500E-1	8.370172E-5	-8.370172E-5	-3.246379E-10	1.043027E+2
-7.059000E-1	1.008845E-4	-1.008845E-4	-3.912813E-10	1.046709E+2
-7.647000E-1	1.348061E-4	-1.348061E-4	-5.228467E-10	1.050391E+2
-8.235500E-1	1.408081E-4	-1.408081E-4	-5.461257E-10	1.054072E+2
-8.823500E-1	1.636150E-4	-1.636150E-4	-6.345823E-10	1.057764E+2
-9.412000E-1	1.953828E-4	-1.953828E-4	-7.577939E-10	1.061445E+2
-1.000000E+0	2.050168E-4	-2.050168E-4	-7.951596E-10	1.065127E+2
-1.000000E+0	2.142059E-4	-2.142059E-4	-8.307995E-10	1.068818E+2
-9.412000E-1	1.957103E-4	-1.957103E-4	-7.590643E-10	1.072500E+2
-8.823500E-1	1.605415E-4	-1.605415E-4	-6.226616E-10	1.076182E+2
-8.235500E-1	1.287892E-4	-1.287892E-4	-4.995103E-10	1.079873E+2
-7.647000E-1	1.081585E-4	-1.081585E-4	-4.194938E-10	1.083555E+2
-7.059000E-1	1.012882E-4	-1.012882E-4	-3.928474E-10	1.087236E+2
-6.470500E-1	8.734910E-5	-8.734910E-5	-3.387843E-10	1.090918E+2
-5.882500E-1	6.461098E-5	-6.461098E-5	-2.505943E-10	1.094609E+2
-5.294000E-1	4.935476E-5	-4.935476E-5	-1.914229E-10	1.098291E+2
-4.706000E-1	3.411543E-5	-3.411543E-5	-1.323170E-10	1.101973E+2
-4.117500E-1	2.650828E-5	-2.650828E-5	-1.028126E-10	1.105654E+2
-3.529500E-1	2.003007E-5	-2.003007E-5	-7.768680E-11	1.117412E+2
-2.941000E-1	1.527415E-5	-1.527415E-5	-5.924093E-11	1.124443E+2
-2.353000E-1	9.539479E-6	-9.539479E-6	-3.699896E-11	1.131475E+2
-1.764500E-1	6.205074E-6	-6.205074E-6	-2.406644E-11	1.138506E+2
-1.176500E-1	4.223739E-6	-4.223739E-6	-1.638181E-11	1.145537E+2
-5.880000E-2	1.217192E-6	-1.217192E-6	-4.720890E-12	1.152568E+2
0.000000E+0	5.724640E-8	-5.724640E-8	-2.220307E-13	1.159609E+2
0.000000E+0	3.851492E-8	-3.851492E-8	-1.493805E-13	1.166641E+2
5.880000E-2	1.350348E-6	1.350348E-6	5.237338E-12	1.173672E+2
1.176500E-1	3.232835E-6	3.232835E-6	1.253858E-11	1.180703E+2
1.764500E-1	5.075236E-6	5.075236E-6	1.968435E-11	1.187734E+2
2.353000E-1	1.069399E-5	1.069399E-5	4.147673E-11	1.194766E+2
2.941000E-1	1.828382E-5	1.828382E-5	7.091397E-11	1.201797E+2
3.529500E-1	2.514889E-5	2.514889E-5	9.754020E-11	1.216621E+2
4.117500E-1	3.269287E-5	3.269287E-5	1.267996E-10	1.220303E+2
4.706000E-1	4.744377E-5	4.744377E-5	1.840111E-10	1.223994E+2
5.294000E-1	6.258030E-5	6.258030E-5	2.427183E-10	1.227676E+2
5.882500E-1	8.056796E-5	8.056796E-5	3.124836E-10	1.231357E+2
6.470500E-1	1.014452E-4	1.014452E-4	3.934561E-10	1.235039E+2
7.059000E-1	1.261830E-4	1.261830E-4	4.894018E-10	1.238730E+2
7.647000E-1	1.501773E-4	1.501773E-4	5.824641E-10	1.242412E+2
8.235500E-1	1.851077E-4	1.851077E-4	7.179420E-10	1.246094E+2
8.823500E-1	2.110853E-4	2.110853E-4	8.186964E-10	1.249785E+2
9.412000E-1	2.332056E-4	2.332056E-4	9.044903E-10	1.253467E+2
1.000000E+0	2.585099E-4	2.585099E-4	1.002633E-9	1.257148E+2
1.000000E+0	2.652431E-4	2.652431E-4	1.028748E-9	1.271973E+2
9.412000E-1	2.248102E-4	2.248102E-4	8.719283E-10	1.286846E+2
8.823500E-1	1.994436E-4	1.994436E-4	7.735439E-10	1.294258E+2
8.235500E-1	1.697441E-4	1.697441E-4	6.583540E-10	1.297939E+2
7.647000E-1	1.370742E-4	1.370742E-4	5.316437E-10	1.301621E+2
7.059000E-1	1.143282E-4	1.143282E-4	4.434230E-10	1.305313E+2
6.470500E-1	9.084093E-5	9.084093E-5	3.523274E-10	1.308994E+2
5.882500E-1	7.731434E-5	7.731434E-5	2.998644E-10	1.312676E+2
5.294000E-1	5.861605E-5	5.861605E-5	2.273429E-10	1.316367E+2
4.706000E-1	4.429740E-5	4.429740E-5	1.718079E-10	1.320049E+2
4.117500E-1	3.065889E-5	3.065889E-5	1.189108E-10	1.323730E+2
3.529500E-1	2.424851E-5	2.424851E-5	9.404809E-11	1.335479E+2
2.941000E-1	1.796748E-5	1.796748E-5	6.968704E-11	1.342510E+2
2.353000E-1	1.006357E-5	1.006357E-5	3.903167E-11	1.349541E+2
1.764500E-1	6.539267E-6	6.539267E-6	2.536261E-11	1.356572E+2
1.176500E-1	2.592439E-6	2.592439E-6	1.005480E-11	1.363604E+2
5.880000E-2	1.295538E-6	1.295538E-6	5.024758E-12	1.370635E+2
0.000000E+0	5.165023E-8	5.165023E-8	2.003259E-13	1.377676E+2
-5.880000E-2	1.132913E-6	-1.132913E-6	-4.394013E-12	1.384707E+2
-1.176500E-1	3.083076E-6	-3.083076E-6	-1.195774E-11	1.391738E+2
-1.764500E-1	5.962504E-6	-5.962504E-6	-2.312563E-11	1.398770E+2
-2.353000E-1	1.054674E-5	-1.054674E-5	-4.090563E-11	1.405801E+2
-2.941000E-1	1.511463E-5	-1.511463E-5	-5.862223E-11	1.412832E+2
-3.529500E-1	2.177858E-5	-2.177858E-5	-8.446842E-11	1.419863E+2
-4.117500E-1	3.126987E-5	-3.126987E-5	-1.212805E-10	1.431016E+2
-4.706000E-1	4.416632E-5	-4.416632E-5	-1.712995E-10	1.434697E+2
-5.294000E-1	5.684960E-5	-5.684960E-5	-2.204917E-10	1.438379E+2
-5.882500E-1	7.609526E-5	-7.609526E-5	-2.951362E-10	1.442070E+2
-6.470500E-1	9.678610E-5	-9.678610E-5	-3.753858E-10	1.445752E+2
-7.059000E-1	1.084502E-4	-1.084502E-4	-4.206250E-10	1.449434E+2
-7.647000E-1	1.159983E-4	-1.159983E-4	-4.499005E-10	1.453115E+2
-8.235500E-1	1.602033E-4	-1.602033E-4	-6.213502E-10	1.456807E+2
-8.823500E-1	1.607854E-4	-1.607854E-4	-6.236077E-10	1.460488E+2
-9.412000E-1	1.931124E-4	-1.931124E-4	-7.489883E-10	1.464170E+2
-1.000000E+0	2.299006E-4	-2.299006E-4	-8.916717E-10	1.467852E+2
-1.000000E+0	2.243388E-4	-2.243388E-4	-8.701003E-10	1.471543E+2
-9.412000E-1	1.978153E-4	-1.978153E-4	-7.672286E-10	1.475225E+2
-8.823500E-1	1.740518E-4	-1.740518E-4	-6.750617E-10	1.478906E+2
-8.235500E-1	1.566743E-4	-1.566743E-4	-6.076629E-10	1.482598E+2
-7.647000E-1	1.190003E-4	-1.190003E-4	-4.615436E-10	1.486279E+2
-7.059000E-1	1.044095E-4	-1.044095E-4	-4.049532E-10	1.489961E+2
-6.470500E-1	9.813968E-5	-9.813968E-5	-3.806357E-10	1.493643E+2
-5.882500E-1	7.619327E-5	-7.619327E-5	-2.955163E-10	1.497334E+2
-5.294000E-1	6.318236E-5	-6.318236E-5	-2.450534E-10	1.501016E+2
-4.706000E-1	4.422083E-5	-4.422083E-5	-1.715109E-10	1.504697E+2
-4.117500E-1	3.345025E-5	-3.345025E-5	-1.297371E-10	1.508389E+2
-3.529500E-1	2.051925E-5	-2.051925E-5	-7.958410E-11	1.520137E+2
-2.941000E-1	1.956330E-5	-1.956330E-5	-7.587643E-11	1.527168E+2
-2.353000E-1	1.110997E-5	-1.110997E-5	-4.309014E-11	1.534199E+2
-1.764500E-1	6.261671E-6	-6.261671E-6	-2.428595E-11	1.541230E+2
-1.176500E-1	2.963213E-6	-2.963213E-6	-1.149285E-11	1.548262E+2
-5.880000E-2	1.108524E-6	-1.108524E-6	-4.299422E-12	1.555293E+2
0.000000E+0	6.065279E-8	-6.065279E-8	-2.352424E-13	1.562324E+2
0.000000E+0	3.846483E-8	-3.846483E-8	-1.491862E-13	1.569355E+2
5.880000E-2	1.044154E-6	1.044154E-6	4.049761E-12	1.576387E+2
1.176500E-1	2.790755E-6	2.790755E-6	1.082397E-11	1.583418E+2
1.764500E-1	8.706740E-6	8.706740E-6	3.376917E-11	1.590449E+2
2.353000E-1	1.269915E-5	1.269915E-5	4.925378E-11	1.597480E+2
2.941000E-1	2.096367E-5	2.096367E-5	8.130778E-11	1.604512E+2
3.529500E-1	3.681881E-5	3.681881E-5	1.428021E-10	1.615664E+2
4.117500E-1	4.798694E-5	4.798694E-5	1.861178E-10	1.619355E+2
4.706000E-1	6.219647E-5	6.219647E-5	2.412296E-10	1.623037E+2
5.294000E-1	5.205626E-5	5.205626E-5	2.019007E-10	1.626719E+2
5.882500E-1	8.486644E-5	8.486644E-5	3.291553E-10	1.630400E+2
6.470500E-1	1.090244E-4	1.090244E-4	4.228520E-10	1.634092E+2
7.059000E-1	1.283627E-4	1.283627E-4	4.978558E-10	1.637773E+2
7.647000E-1	1.581861E-4	1.581861E-4	6.135263E-10	1.641455E+2
8.235500E-1	1.886444E-4	1.886444E-4	7.316589E-10	1.645146E+2
8.823500E-1	2.205739E-4	2.205739E-4	8.554978E-10	1.648828E+2
9.412000E-1	2.221797E-4	2.221797E-4	8.617261E-10	1.652510E+2
1.000000E+0	2.742309E-4	2.742309E-4	1.063607E-9	1.663662E+2
1.000000E+0	2.369832E-4	2.369832E-4	9.191416E-10	1.671074E+2
9.412000E-1	1.934579E-4	1.934579E-4	7.503284E-10	1.674756E+2
8.823500E-1	1.790521E-4	1.790521E-4	6.944553E-10	1.678438E+2
8.235500E-1	1.512749E-4	1.512749E-4	5.867211E-10	1.682119E+2
7.647000E-1	1.322364E-4	1.322364E-4	5.128800E-10	1.685811E+2
7.059000E-1	1.059005E-4	1.059005E-4	4.107360E-10	1.689492E+2
6.470500E-1	8.072508E-5	8.072508E-5	3.130930E-10	1.693174E+2
5.882500E-1	6.901718E-5	6.901718E-5	2.676838E-10	1.696865E+2
5.294000E-1	5.634051E-5	5.634051E-5	2.185172E-10	1.700547E+2
4.706000E-1	4.404045E-5	4.404045E-5	1.708113E-10	1.704229E+2
4.117500E-1	3.641987E-5	3.641987E-5	1.412548E-10	1.707910E+2
3.529500E-1	2.968084E-5	2.968084E-5	1.151174E-10	1.711592E+2
2.941000E-1	1.998839E-5	1.998839E-5	7.752516E-11	1.723350E+2
2.353000E-1	1.266058E-5	1.266058E-5	4.910416E-11	1.730381E+2
1.764500E-1	5.036015E-6	5.036015E-6	1.953223E-11	1.737412E+2
1.176500E-1	3.054452E-6	3.054452E-6	1.184672E-11	1.744443E+2
5.880000E-2	8.726115E-7	8.726115E-7	3.384432E-12	1.751475E+2
0.000000E+0	3.451457E-8	3.451457E-8	1.338651E-13	1.758506E+2
-5.880000E-2	9.392110E-7	-9.392110E-7	-3.642739E-12	1.765537E+2
-1.176500E-1	2.845699E-6	-2.845699E-6	-1.103707E-11	1.772568E+2
-1.764500E-1	4.533917E-6	-4.533917E-6	-1.758484E-11	1.779600E+2
-2.353000E-1	7.809867E-6	-7.809867E-6	-3.029064E-11	1.786631E+2
-2.941000E-1	1.110004E-5	-1.110004E-5	-4.305160E-11	1.793662E+2
-3.529500E-1	1.713851E-5	-1.713851E-5	-6.647188E-11	1.800693E+2
-4.117500E-1	2.641956E-5	-2.641956E-5	-1.024685E-10	1.807725E+2
-4.706000E-1	3.821999E-5	-3.821999E-5	-1.482366E-10	1.818877E+2
-5.294000E-1	5.213768E-5	-5.213768E-5	-2.022165E-10	1.822568E+2
-5.882500E-1	6.433222E-5	-6.433222E-5	-2.495131E-10	1.826250E+2
-6.470500E-1	8.237260E-5	-8.237260E-5	-3.194829E-10	1.829932E+2
-7.059000E-1	9.210301E-5	-9.210301E-5	-3.572224E-10	1.833623E+2
-7.647000E-1	1.120476E-4	-1.120476E-4	-4.345775E-10	1.837305E+2
-8.235500E-1	1.298172E-4	-1.298172E-4	-5.034974E-10	1.840986E+2
-8.823500E-1	1.560913E-4	-1.560913E-4	-6.054016E-10	1.844668E+2
-9.412000E-1	1.846988E-4	-1.846988E-4	-7.163560E-10	1.848359E+2
-1.000000E+0	2.169816E-4	-2.169816E-4	-8.415652E-10	1.852041E+2
-1.000000E+0	2.118748E-4	-2.118748E-4	-8.217586E-10	1.855723E+2
-9.412000E-1	2.011524E-4	-2.011524E-4	-7.801714E-10	1.859414E+2
-8.823500E-1	1.596873E-4	-1.596873E-4	-6.193485E-10	1.863096E+2
-8.235500E-1	1.396509E-4	-1.396509E-4	-5.416373E-10	1.866777E+2
-7.647000E-1	1.095860E-4	-1.095860E-4	-4.250305E-10	1.870459E+2
-7.059000E-1	9.560948E-5	-9.560948E-5	-3.708223E-10	1.874150E+2
-6.470500E-1	8.123002E-5	-8.123002E-5	-3.150514E-10	1.877832E+2
-5.882500E-1	6.154524E-5	-6.154524E-5	-2.387038E-10	1.881514E+2
-5.294000E-1	4.882035E-5	-4.882035E-5	-1.893502E-10	1.885205E+2
-4.706000E-1	3.620347E-5	-3.620347E-5	-1.404155E-10	1.888887E+2
-4.117500E-1	2.604222E-5	-2.604222E-5	-1.010050E-10	1.892568E+2
-3.529500E-1	1.788073E-5	-1.788073E-5	-6.935059E-11	1.904316E+2
-2.941000E-1	1.198693E-5	-1.198693E-5	-4.649141E-11	1.911348E+2
-2.353000E-1	8.344528E-6	-8.344528E-6	-3.236433E-11	1.918389E+2
-1.764500E-1	5.012812E-6	-5.012812E-6	-1.944224E-11	1.925420E+2
-1.176500E-1	2.628835E-6	-2.628835E-6	-1.019596E-11	1.932451E+2
-5.880000E-2	1.110979E-6	-1.110979E-6	-4.308942E-12	1.939482E+2
0.000000E+0	4.256537E-8	-4.256537E-8	-1.650902E-13	1.946514E+2
0.000000E+0	2.700053E-8	-2.700053E-8	-1.047218E-13	1.953545E+2
5.880000E-2	1.019365E-6	1.019365E-6	3.953615E-12	1.960576E+2
1.176500E-1	2.292107E-6	2.292107E-6	8.889958E-12	1.967607E+2
1.764500E-1	5.517940E-6	5.517940E-6	2.140138E-11	1.974639E+2
2.353000E-1	8.706463E-6	8.706463E-6	3.376810E-11	1.981670E+2
2.941000E-1	1.418507E-5	1.418507E-5	5.501691E-11	1.988701E+2
3.529500E-1	2.193813E-5	2.193813E-5	8.508726E-11	1.995732E+2
4.117500E-1	3.072737E-5	3.072737E-5	1.191764E-10	2.008555E+2
4.706000E-1	4.125018E-5	4.125018E-5	1.599892E-10	2.012246E+2
5.294000E-1	5.717232E-5	5.717232E-5	2.217434E-10	2.015928E+2
5.882500E-1	7.184280E-5	7.184280E-5	2.786430E-10	2.019609E+2
6.470500E-1	8.967592E-5	8.967592E-5	3.478089E-10	2.023291E+2
7.059000E-1	1.086309E-4	1.086309E-4	4.213261E-10	2.026982E+2
7.647000E-1	1.372729E-4	1.372729E-4	5.324141E-10	2.030664E+2
8.235500E-1	1.678691E-4	1.678691E-4	6.510820E-10	2.034346E+2
8.823500E-1	1.761123E-4	1.761123E-4	6.830531E-10	2.038027E+2
9.412000E-1	2.040222E-4	2.040222E-4	7.913022E-10	2.041719E+2
1.000000E+0	2.464687E-4	2.464687E-4	9.559313E-10	2.056543E+2
1.000000E+0	2.415485E-4	2.415485E-4	9.368480E-10	2.063945E+2
9.412000E-1	2.265446E-4	2.265446E-4	8.786554E-10	2.067627E+2
8.823500E-1	1.975406E-4	1.975406E-4	7.661632E-10	2.071318E+2
8.235500E-1	1.656313E-4	1.656313E-4	6.424026E-10	2.075000E+2
7.647000E-1	1.327768E-4	1.327768E-4	5.149759E-10	2.078682E+2
7.059000E-1	1.170942E-4	1.170942E-4	4.541508E-10	2.082373E+2
6.470500E-1	9.708384E-5	9.708384E-5	3.765406E-10	2.086055E+2
5.882500E-1	7.737841E-5	7.737841E-5	3.001129E-10	2.089736E+2
5.294000E-1	5.783745E-5	5.783745E-5	2.243231E-10	2.093418E+2
4.706000E-1	4.302823E-5	4.302823E-5	1.668854E-10	2.097100E+2
4.117500E-1	4.671624E-5	4.671624E-5	1.811894E-10	2.100791E+2
3.529500E-1	2.758044E-5	2.758044E-5	1.069710E-10	2.104473E+2
2.941000E-1	1.681578E-5	1.681578E-5	6.522017E-11	2.116221E+2
2.353000E-1	1.147639E-5	1.147639E-5	4.451128E-11	2.123252E+2
1.764500E-1	6.262620E-6	6.262620E-6	2.428963E-11	2.130283E+2
1.176500E-1	3.054764E-6	3.054764E-6	1.184793E-11	2.137314E+2
5.880000E-2	1.522055E-6	1.522055E-6	5.903306E-12	2.144346E+2
0.000000E+0	4.198927E-8	4.198927E-8	1.628558E-13	2.151387E+2
-5.880000E-2	1.192360E-6	-1.192360E-6	-4.624578E-12	2.158418E+2
-1.176500E-1	2.535602E-6	-2.535602E-6	-9.834356E-12	2.165449E+2
-1.764500E-1	5.390254E-6	-5.390254E-6	-2.090615E-11	2.172480E+2
-2.353000E-1	8.952241E-6	-8.952241E-6	-3.472135E-11	2.179512E+2
-2.941000E-1	1.249995E-5	-1.249995E-5	-4.848118E-11	2.186543E+2
-3.529500E-1	2.048921E-5	-2.048921E-5	-7.946759E-11	2.193574E+2
-4.117500E-1	2.949651E-5	-2.949651E-5	-1.144025E-10	2.204727E+2
-4.706000E-1	3.836066E-5	-3.836066E-5	-1.487822E-10	2.208408E+2
-5.294000E-1	5.028264E-5	-5.028264E-5	-1.950217E-10	2.212090E+2
-5.882500E-1	6.185582E-5	-6.185582E-5	-2.399084E-10	2.215781E+2
-6.470500E-1	7.334024E-5	-7.334024E-5	-2.844508E-10	2.219463E+2
-7.059000E-1	9.380758E-5	-9.380758E-5	-3.638336E-10	2.223145E+2
-7.647000E-1	1.148229E-4	-1.148229E-4	-4.453417E-10	2.226836E+2
-8.235500E-1	1.344346E-4	-1.344346E-4	-5.214060E-10	2.230518E+2
-8.823500E-1	1.508467E-4	-1.508467E-4	-5.850603E-10	2.234199E+2
-9.412000E-1	1.779678E-4	-1.779678E-4	-6.902497E-10	2.237891E+2
-1.000000E+0	2.087860E-4	-2.087860E-4	-8.097786E-10	2.241572E+2
-1.000000E+0	2.068726E-4	-2.068726E-4	-8.023572E-10	2.245254E+2
-9.412000E-1	1.784953E-4	-1.784953E-4	-6.922959E-10	2.248936E+2
-8.823500E-1	1.532150E-4	-1.532150E-4	-5.942459E-10	2.252627E+2
-8.235500E-1	1.309754E-4	-1.309754E-4	-5.079893E-10	2.256309E+2
-7.647000E-1	1.153389E-4	-1.153389E-4	-4.473429E-10	2.259990E+2
-7.059000E-1	9.754141E-5	-9.754141E-5	-3.783153E-10	2.263682E+2
-6.470500E-1	7.879664E-5	-7.879664E-5	-3.056135E-10	2.267363E+2
-5.882500E-1	6.798594E-5	-6.798594E-5	-2.636841E-10	2.271045E+2
-5.294000E-1	5.324695E-5	-5.324695E-5	-2.065188E-10	2.274727E+2
-4.706000E-1	4.082153E-5	-4.082153E-5	-1.583267E-10	2.278418E+2
-4.117500E-1	3.021171E-5	-3.021171E-5	-1.171764E-10	2.282100E+2
-3.529500E-1	1.973159E-5	-1.973159E-5	-7.652917E-11	2.293848E+2
-2.941000E-1	1.338796E-5	-1.338796E-5	-5.192531E-11	2.300879E+2
-2.353000E-1	8.473720E-6	-8.473720E-6	-3.286540E-11	2.307910E+2
-1.764500E-1	4.907988E-6	-4.907988E-6	-1.903568E-11	2.314941E+2
-1.176500E-1	2.269600E-6	-2.269600E-6	-8.802667E-12	2.321973E+2
-5.880000E-2	1.196965E-6	-1.196965E-6	-4.642439E-12	2.329004E+2
0.000000E+0	4.465857E-8	-4.465857E-8	-1.732087E-13	2.336045E+2
0.000000E+0	2.680014E-8	-2.680014E-8	-1.039446E-13	2.343076E+2
5.880000E-2	9.403025E-7	9.403025E-7	3.646972E-12	2.350107E+2
1.176500E-1	2.183883E-6	2.183883E-6	8.470211E-12	2.357139E+2
1.764500E-1	4.863154E-6	4.863154E-6	1.886179E-11	2.364170E+2
2.353000E-1	8.952537E-6	8.952537E-6	3.472250E-11	2.371201E+2
2.941000E-1	1.235996E-5	1.235996E-5	4.793824E-11	2.378232E+2
3.529500E-1	1.901977E-5	1.901977E-5	7.376835E-11	2.385264E+2
4.117500E-1	3.502797E-5	3.502797E-5	1.358563E-10	2.396416E+2
4.706000E-1	5.006503E-5	5.006503E-5	1.941777E-10	2.400098E+2
5.294000E-1	6.545718E-5	6.545718E-5	2.538763E-10	2.403779E+2
5.882500E-1	8.686940E-5	8.686940E-5	3.369238E-10	2.407471E+2
6.470500E-1	1.012434E-4	1.012434E-4	3.926733E-10	2.411152E+2
7.059000E-1	1.039204E-4	1.039204E-4	4.030564E-10	2.414834E+2
7.647000E-1	1.293219E-4	1.293219E-4	5.015761E-10	2.418525E+2
8.235500E-1	1.693536E-4	1.693536E-4	6.568396E-10	2.422207E+2
8.823500E-1	1.757208E-4	1.757208E-4	6.815346E-10	2.425889E+2
9.412000E-1	2.168395E-4	2.168395E-4	8.410141E-10	2.429570E+2
1.000000E+0	2.385275E-4	2.385275E-4	9.251311E-10	2.433262E+2
1.000000E+0	2.350662E-4	2.350662E-4	9.117065E-10	2.436943E+2
9.412000E-1	2.082775E-4	2.082775E-4	8.078062E-10	2.440625E+2
8.823500E-1	1.824810E-4	1.824810E-4	7.077542E-10	2.444307E+2
8.235500E-1	1.524223E-4	1.524223E-4	5.911714E-10	2.447998E+2
7.647000E-1	1.311269E-4	1.311269E-4	5.085768E-10	2.451680E+2
7.059000E-1	1.090573E-4	1.090573E-4	4.229798E-10	2.455361E+2
6.470500E-1	9.082195E-5	9.082195E-5	3.522538E-10	2.459043E+2
5.882500E-1	7.389790E-5	7.389790E-5	2.866137E-10	2.462734E+2
5.294000E-1	5.912583E-5	5.912583E-5	2.293201E-10	2.466416E+2
4.706000E-1	4.230048E-5	4.230048E-5	1.640628E-10	2.470098E+2
4.117500E-1	3.284122E-5	3.284122E-5	1.273750E-10	2.473789E+2
3.529500E-1	1.992949E-5	1.992949E-5	7.729670E-11	2.485537E+2
2.941000E-1	1.310515E-5	1.310515E-5	5.082845E-11	2.492568E+2
2.353000E-1	8.580152E-6	8.580152E-6	3.327820E-11	2.499600E+2
1.764500E-1	4.782923E-6	4.782923E-6	1.855061E-11	2.506631E+2
1.176500E-1	2.386369E-6	2.386369E-6	9.255555E-12	2.513662E+2
5.880000E-2	1.182377E-6	1.182377E-6	4.585859E-12	2.520693E+2
0.000000E+0	3.411027E-8	3.411027E-8	1.322970E-13	2.527734E+2
-5.880000E-2	8.527493E-7	-8.527493E-7	-3.307396E-12	2.534756E+2
-1.176500E-1	2.143429E-6	-2.143429E-6	-8.313308E-12	2.541787E+2
-1.764500E-1	4.476588E-6	-4.476588E-6	-1.736249E-11	2.548828E+2
-2.353000E-1	8.283342E-6	-8.283342E-6	-3.212702E-11	2.555859E+2
-2.941000E-1	1.326325E-5	-1.326325E-5	-5.144163E-11	2.562891E+2
-3.529500E-1	2.139230E-5	-2.139230E-5	-8.297024E-11	2.569922E+2
-4.117500E-1	3.488856E-5	-3.488856E-5	-1.353156E-10	2.581074E+2
-4.706000E-1	4.327944E-5	-4.327944E-5	-1.678597E-10	2.584756E+2
-5.294000E-1	5.714566E-5	-5.714566E-5	-2.216400E-10	2.588438E+2
-5.882500E-1	7.398430E-5	-7.398430E-5	-2.869488E-10	2.592119E+2
-6.470500E-1	7.825669E-5	-7.825669E-5	-3.035193E-10	2.595811E+2
-7.059000E-1	1.091005E-4	-1.091005E-4	-4.231472E-10	2.599492E+2
-7.647000E-1	1.337384E-4	-1.337384E-4	-5.187056E-10	2.603174E+2
-8.235500E-1	1.544252E-4	-1.544252E-4	-5.989395E-10	2.606865E+2
-8.823500E-1	1.841901E-4	-1.841901E-4	-7.143831E-10	2.610547E+2
-9.412000E-1	2.277943E-4	-2.277943E-4	-8.835023E-10	2.614229E+2
-1.000000E+0	2.329744E-4	-2.329744E-4	-9.035936E-10	2.629053E+2
-1.000000E+0	2.186854E-4	-2.186854E-4	-8.481734E-10	2.636465E+2
-9.412000E-1	1.945703E-4	-1.945703E-4	-7.546429E-10	2.640146E+2
-8.823500E-1	1.681634E-4	-1.681634E-4	-6.522235E-10	2.643828E+2
-8.235500E-1	1.509243E-4	-1.509243E-4	-5.853612E-10	2.647520E+2
-7.647000E-1	1.417880E-4	-1.417880E-4	-5.499260E-10	2.651201E+2
-7.059000E-1	1.150194E-4	-1.150194E-4	-4.461040E-10	2.654883E+2
-6.470500E-1	9.904246E-5	-9.904246E-5	-3.841371E-10	2.658574E+2
-5.882500E-1	8.274085E-5	-8.274085E-5	-3.209112E-10	2.662256E+2
-5.294000E-1	6.708590E-5	-6.708590E-5	-2.601933E-10	2.665938E+2
-4.706000E-1	4.781533E-5	-4.781533E-5	-1.854522E-10	2.669619E+2
-4.117500E-1	3.524101E-5	-3.524101E-5	-1.366826E-10	2.673311E+2
-3.529500E-1	2.533252E-5	-2.533252E-5	-9.825241E-11	2.685059E+2
-2.941000E-1	1.648297E-5	-1.648297E-5	-6.392935E-11	2.692090E+2
-2.353000E-1	1.200009E-5	-1.200009E-5	-4.654245E-11	2.699121E+2
-1.764500E-1	7.293052E-6	-7.293052E-6	-2.828617E-11	2.706152E+2
-1.176500E-1	3.871629E-6	-3.871629E-6	-1.501615E-11	2.713184E+2
-5.880000E-2	1.430373E-6	-1.430373E-6	-5.547715E-12	2.720215E+2
0.000000E+0	6.749773E-8	-6.749773E-8	-2.617906E-13	2.727246E+2
0.000000E+0	4.350282E-8	-4.350282E-8	-1.687261E-13	2.734287E+2
5.880000E-2	1.275691E-6	1.275691E-6	4.947778E-12	2.741318E+2
1.176500E-1	3.555595E-6	3.555595E-6	1.379041E-11	2.748350E+2
1.764500E-1	6.455067E-6	6.455067E-6	2.503604E-11	2.755381E+2
2.353000E-1	1.081713E-5	1.081713E-5	4.195434E-11	2.762412E+2
2.941000E-1	1.662988E-5	1.662988E-5	6.449914E-11	2.769443E+2
3.529500E-1	2.397897E-5	2.397897E-5	9.300267E-11	2.776475E+2
4.117500E-1	4.062839E-5	4.062839E-5	1.575776E-10	2.787627E+2
4.706000E-1	5.324172E-5	5.324172E-5	2.064985E-10	2.791309E+2
5.294000E-1	6.663344E-5	6.663344E-5	2.584384E-10	2.794990E+2
5.882500E-1	7.247527E-5	7.247527E-5	2.810960E-10	2.798672E+2
6.470500E-1	1.016516E-4	1.016516E-4	3.942568E-10	2.802363E+2
7.059000E-1	1.146868E-4	1.146868E-4	4.448140E-10	2.806045E+2
7.647000E-1	1.482098E-4	1.482098E-4	5.748333E-10	2.809727E+2
8.235500E-1	1.383008E-4	1.383008E-4	5.364011E-10	2.813408E+2
8.823500E-1	1.670940E-4	1.670940E-4	6.480758E-10	2.817100E+2
9.412000E-1	2.676412E-4	2.676412E-4	1.038049E-9	2.820781E+2
1.000000E+0	2.694048E-4	2.694048E-4	1.044889E-9	2.831934E+2
1.000000E+0	2.860919E-4	2.860919E-4	1.109610E-9	2.835605E+2
9.412000E-1	2.606981E-4	2.606981E-4	1.011120E-9	2.839287E+2
8.823500E-1	2.096173E-4	2.096173E-4	8.130028E-10	2.846699E+2
8.235500E-1	1.491163E-4	1.491163E-4	5.783489E-10	2.850381E+2
7.647000E-1	1.750237E-4	1.750237E-4	6.788309E-10	2.854063E+2
7.059000E-1	1.250604E-4	1.250604E-4	4.850479E-10	2.857754E+2
6.470500E-1	1.165567E-4	1.165567E-4	4.520661E-10	2.861436E+2
5.882500E-1	8.358430E-5	8.358430E-5	3.241825E-10	2.865117E+2
5.294000E-1	6.313606E-5	6.313606E-5	2.448738E-10	2.868799E+2
4.706000E-1	5.150314E-5	5.150314E-5	1.997554E-10	2.872480E+2
4.117500E-1	3.859712E-5	3.859712E-5	1.496993E-10	2.876172E+2
3.529500E-1	2.735275E-5	2.735275E-5	1.060879E-10	2.879854E+2
2.941000E-1	1.703907E-5	1.703907E-5	6.608619E-11	2.891602E+2
2.353000E-1	8.446291E-6	8.446291E-6	3.275902E-11	2.898633E+2
1.764500E-1	4.834185E-6	4.834185E-6	1.874943E-11	2.905664E+2
1.176500E-1	2.552194E-6	2.552194E-6	9.898707E-12	2.912695E+2
5.880000E-2	1.006061E-6	1.006061E-6	3.902018E-12	2.919727E+2
0.000000E+0	3.170935E-8	3.170935E-8	1.229850E-13	2.926758E+2
-5.880000E-2	9.783377E-7	-9.783377E-7	-3.794492E-12	2.933789E+2
-1.176500E-1	2.123813E-6	-2.123813E-6	-8.237230E-12	2.940820E+2
-1.764500E-1	3.918103E-6	-3.918103E-6	-1.519640E-11	2.947852E+2
-2.353000E-1	8.249180E-6	-8.249180E-6	-3.199452E-11	2.954883E+2
-2.941000E-1	1.547837E-5	-1.547837E-5	-6.003299E-11	2.961914E+2
-3.529500E-1	2.285463E-5	-2.285463E-5	-8.864189E-11	2.968945E+2
-4.117500E-1	2.768156E-5	-2.768156E-5	-1.073632E-10	2.980098E+2
-4.706000E-1	4.167397E-5	-4.167397E-5	-1.616329E-10	2.983779E+2
-5.294000E-1	5.684676E-5	-5.684676E-5	-2.204807E-10	2.987461E+2
-5.882500E-1	7.484381E-5	-7.484381E-5	-2.902824E-10	2.991152E+2
-6.470500E-1	9.220679E-5	-9.220679E-5	-3.576249E-10	2.994834E+2
-7.059000E-1	1.109566E-4	-1.109566E-4	-4.303464E-10	2.998516E+2
-7.647000E-1	1.224502E-4	-1.224502E-4	-4.749241E-10	3.002197E+2
-8.235500E-1	1.376727E-4	-1.376727E-4	-5.339647E-10	3.005879E+2
-8.823500E-1	1.810955E-4	-1.810955E-4	-7.023805E-10	3.009570E+2
-9.412000E-1	2.426839E-4	-2.426839E-4	-9.412516E-10	3.013252E+2
-1.000000E+0	2.817118E-4	-2.817118E-4	-1.092622E-9	3.024404E+2
-1.000000E+0	2.735932E-4	-2.735932E-4	-1.061134E-9	3.028076E+2
-9.412000E-1	2.216569E-4	-2.216569E-4	-8.596982E-10	3.035488E+2
-8.823500E-1	1.993529E-4	-1.993529E-4	-7.731921E-10	3.039170E+2
-8.235500E-1	1.501564E-4	-1.501564E-4	-5.823829E-10	3.042852E+2
-7.647000E-1	1.217980E-4	-1.217980E-4	-4.723945E-10	3.046543E+2
-7.059000E-1	1.128221E-4	-1.128221E-4	-4.375817E-10	3.050225E+2
-6.470500E-1	8.268638E-5	-8.268638E-5	-3.206999E-10	3.053906E+2
-5.882500E-1	6.618450E-5	-6.618450E-5	-2.566972E-10	3.057588E+2
-5.294000E-1	5.487157E-5	-5.487157E-5	-2.128199E-10	3.061279E+2
-4.706000E-1	4.641922E-5	-4.641922E-5	-1.800374E-10	3.064961E+2
-4.117500E-1	3.296313E-5	-3.296313E-5	-1.278478E-10	3.068643E+2
-3.529500E-1	2.048333E-5	-2.048333E-5	-7.944478E-11	3.080391E+2
-2.941000E-1	1.650535E-5	-1.650535E-5	-6.401617E-11	3.087422E+2
-2.353000E-1	1.112321E-5	-1.112321E-5	-4.314146E-11	3.094453E+2
-1.764500E-1	6.381361E-6	-6.381361E-6	-2.475017E-11	3.101484E+2
-1.176500E-1	3.372850E-6	-3.372850E-6	-1.308163E-11	3.108516E+2
-5.880000E-2	1.254451E-6	-1.254451E-6	-4.865400E-12	3.115547E+2
0.000000E+0	5.655582E-8	-5.655582E-8	-2.193523E-13	3.122588E+2
0.000000E+0	3.598160E-8	-3.598160E-8	-1.395550E-13	3.129619E+2
5.880000E-2	1.140334E-6	1.140334E-6	4.422795E-12	3.136650E+2
1.176500E-1	2.872879E-6	2.872879E-6	1.114249E-11	3.143682E+2
1.764500E-1	5.611550E-6	5.611550E-6	2.176445E-11	3.150713E+2
2.353000E-1	1.189869E-5	1.189869E-5	4.614920E-11	3.157744E+2
2.941000E-1	1.831031E-5	1.831031E-5	7.101673E-11	3.164775E+2
3.529500E-1	2.831714E-5	2.831714E-5	1.098283E-10	3.175918E+2
4.117500E-1	3.667025E-5	3.667025E-5	1.422259E-10	3.179609E+2
4.706000E-1	4.720857E-5	4.720857E-5	1.830989E-10	3.183291E+2
5.294000E-1	7.736738E-5	7.736738E-5	3.000701E-10	3.186973E+2
5.882500E-1	8.325830E-5	8.325830E-5	3.229181E-10	3.190654E+2
6.470500E-1	1.099480E-4	1.099480E-4	4.264342E-10	3.194346E+2
7.059000E-1	1.558051E-4	1.558051E-4	6.042916E-10	3.198027E+2
7.647000E-1	1.919232E-4	1.919232E-4	7.443761E-10	3.201709E+2
8.235500E-1	2.099479E-4	2.099479E-4	8.142849E-10	3.205391E+2
8.823500E-1	2.337108E-4	2.337108E-4	9.064497E-10	3.209072E+2
9.412000E-1	2.991152E-4	2.991152E-4	1.160121E-9	3.220225E+2
1.000000E+0	3.053887E-4	3.053887E-4	1.184453E-9	3.223906E+2
1.000000E+0	3.345050E-4	3.345050E-4	1.297381E-9	3.227578E+2
9.412000E-1	2.466920E-4	2.466920E-4	9.567973E-10	3.242451E+2
8.823500E-1	1.883217E-4	1.883217E-4	7.304076E-10	3.249863E+2
8.235500E-1	1.514252E-4	1.514252E-4	5.873039E-10	3.253545E+2
7.647000E-1	1.298249E-4	1.298249E-4	5.035272E-10	3.257227E+2
7.059000E-1	1.058746E-4	1.058746E-4	4.106355E-10	3.260918E+2
6.470500E-1	8.892048E-5	8.892048E-5	3.448789E-10	3.264600E+2
5.882500E-1	6.788123E-5	6.788123E-5	2.632780E-10	3.268281E+2
5.294000E-1	5.459162E-5	5.459162E-5	2.117341E-10	3.271963E+2
4.706000E-1	4.119838E-5	4.119838E-5	1.597883E-10	3.275654E+2
4.117500E-1	3.057641E-5	3.057641E-5	1.185909E-10	3.279336E+2
3.529500E-1	2.068340E-5	2.068340E-5	8.022076E-11	3.291084E+2
2.941000E-1	1.651885E-5	1.651885E-5	6.406852E-11	3.298115E+2
2.353000E-1	9.148940E-6	9.148940E-6	3.548425E-11	3.305146E+2
1.764500E-1	4.651658E-6	4.651658E-6	1.804150E-11	3.312178E+2
1.176500E-1	2.870260E-6	2.870260E-6	1.113233E-11	3.319209E+2
5.880000E-2	7.334547E-7	7.334547E-7	2.844711E-12	3.326240E+2
0.000000E+0	4.144541E-8	4.144541E-8	1.607464E-13	3.333271E+2
-5.880000E-2	7.638901E-7	-7.638901E-7	-2.962755E-12	3.340303E+2
-1.176500E-1	1.949183E-6	-1.949183E-6	-7.559925E-12	3.347334E+2
-1.764500E-1	3.970118E-6	-3.970118E-6	-1.539814E-11	3.354365E+2
-2.353000E-1	7.425832E-6	-7.425832E-6	-2.880116E-11	3.361396E+2
-2.941000E-1	1.244918E-5	-1.244918E-5	-4.828425E-11	3.368428E+2
-3.529500E-1	1.849360E-5	-1.849360E-5	-7.172760E-11	3.375459E+2
-4.117500E-1	2.834197E-5	-2.834197E-5	-1.099246E-10	3.386611E+2
-4.706000E-1	3.729510E-5	-3.729510E-5	-1.446494E-10	3.390293E+2
-5.294000E-1	6.367841E-5	-6.367841E-5	-2.469773E-10	3.393975E+2
-5.882500E-1	8.010211E-5	-8.010211E-5	-3.106768E-10	3.397666E+2
-6.470500E-1	1.067161E-4	-1.067161E-4	-4.138994E-10	3.401348E+2
-7.059000E-1	1.277627E-4	-1.277627E-4	-4.955288E-10	3.405029E+2
-7.647000E-1	1.590818E-4	-1.590818E-4	-6.170001E-10	3.408721E+2
-8.235500E-1	1.899573E-4	-1.899573E-4	-7.367512E-10	3.412402E+2
-8.823500E-1	1.927415E-4	-1.927415E-4	-7.475497E-10	3.416084E+2
-9.412000E-1	2.322601E-4	-2.322601E-4	-9.008231E-10	3.419766E+2
-1.000000E+0	2.649389E-4	-2.649389E-4	-1.027568E-9	3.423447E+2
-1.000000E+0	2.705256E-4	-2.705256E-4	-1.049236E-9	3.427139E+2
-9.412000E-1	2.442198E-4	-2.442198E-4	-9.472089E-10	3.430820E+2
-8.823500E-1	2.109449E-4	-2.109449E-4	-8.181519E-10	3.434502E+2
-8.235500E-1	1.907693E-4	-1.907693E-4	-7.399005E-10	3.438184E+2
-7.647000E-1	1.669426E-4	-1.669426E-4	-6.474884E-10	3.441875E+2
-7.059000E-1	1.480187E-4	-1.480187E-4	-5.740920E-10	3.445557E+2
-6.470500E-1	1.172867E-4	-1.172867E-4	-4.548976E-10	3.449238E+2
-5.882500E-1	9.769844E-5	-9.769844E-5	-3.789243E-10	3.452920E+2
-5.294000E-1	7.500353E-5	-7.500353E-5	-2.909019E-10	3.456611E+2
-4.706000E-1	5.852557E-5	-5.852557E-5	-2.269920E-10	3.460293E+2
-4.117500E-1	4.571223E-5	-4.571223E-5	-1.772953E-10	3.463975E+2
-3.529500E-1	2.948259E-5	-2.948259E-5	-1.143485E-10	3.467656E+2
-2.941000E-1	1.989657E-5	-1.989657E-5	-7.716902E-11	3.479404E+2
-2.353000E-1	1.278752E-5	-1.278752E-5	-4.959652E-11	3.486436E+2
-1.764500E-1	6.929013E-6	-6.929013E-6	-2.687424E-11	3.493467E+2
-1.176500E-1	3.864616E-6	-3.864616E-6	-1.498895E-11	3.500498E+2
-5.880000E-2	1.216820E-6	-1.216820E-6	-4.719447E-12	3.507529E+2
0.000000E+0	5.627672E-8	-5.627672E-8	-2.182698E-13	3.514570E+2
0.000000E+0	3.719460E-8	-3.719460E-8	-1.442596E-13	3.521602E+2
5.880000E-2	7.213929E-7	7.213929E-7	2.797929E-12	3.528633E+2
1.176500E-1	2.576346E-6	2.576346E-6	9.992382E-12	3.535664E+2
1.764500E-1	6.136045E-6	6.136045E-6	2.379871E-11	3.542695E+2
2.353000E-1	9.180361E-6	9.180361E-6	3.560612E-11	3.549727E+2
2.941000E-1	1.594109E-5	1.594109E-5	6.182767E-11	3.556758E+2
3.529500E-1	2.275502E-5	2.275502E-5	8.825555E-11	3.563789E+2
4.117500E-1	3.481634E-5	3.481634E-5	1.350355E-10	3.574941E+2
4.706000E-1	4.199103E-5	4.199103E-5	1.628626E-10	3.578623E+2
5.294000E-1	6.821646E-5	6.821646E-5	2.645782E-10	3.582305E+2
5.882500E-1	8.471649E-5	8.471649E-5	3.285737E-10	3.585986E+2
6.470500E-1	7.765695E-5	7.765695E-5	3.011932E-10	3.589678E+2
7.059000E-1	8.217069E-5	8.217069E-5	3.186998E-10	3.593359E+2
7.647000E-1	1.108667E-4	1.108667E-4	4.299975E-10	3.597041E+2
8.235500E-1	1.335522E-4	1.335522E-4	5.179834E-10	3.600723E+2
8.823500E-1	1.506138E-4	1.506138E-4	5.841569E-10	3.604414E+2
9.412000E-1	1.871278E-4	1.871278E-4	7.257769E-10	3.608096E+2
1.000000E+0	2.184077E-4	2.184077E-4	8.470964E-10	3.611777E+2
1.000000E+0	2.171089E-4	2.171089E-4	8.420589E-10	3.615459E+2
9.412000E-1	1.823320E-4	1.823320E-4	7.071763E-10	3.619141E+2
8.823500E-1	1.532454E-4	1.532454E-4	5.943639E-10	3.622832E+2
8.235500E-1	1.262858E-4	1.262858E-4	4.898005E-10	3.626514E+2
7.647000E-1	1.084158E-4	1.084158E-4	4.204919E-10	3.630195E+2
7.059000E-1	8.884820E-5	8.884820E-5	3.445986E-10	3.633877E+2
6.470500E-1	7.999019E-5	7.999019E-5	3.102427E-10	3.637559E+2
5.882500E-1	6.371857E-5	6.371857E-5	2.471331E-10	3.641250E+2
5.294000E-1	4.697470E-5	4.697470E-5	1.821918E-10	3.644932E+2
4.706000E-1	3.454247E-5	3.454247E-5	1.339733E-10	3.648613E+2
4.117500E-1	2.591978E-5	2.591978E-5	1.005301E-10	3.652295E+2
3.529500E-1	1.667834E-5	1.667834E-5	6.468708E-11	3.664043E+2
2.941000E-1	1.224040E-5	1.224040E-5	4.747450E-11	3.671074E+2
2.353000E-1	6.708830E-6	6.708830E-6	2.602026E-11	3.678105E+2
1.764500E-1	4.385878E-6	4.385878E-6	1.701067E-11	3.685137E+2
1.176500E-1	2.652950E-6	2.652950E-6	1.028949E-11	3.692168E+2
5.880000E-2	1.374679E-6	1.374679E-6	5.331707E-12	3.699199E+2
0.000000E+0	3.550573E-8	3.550573E-8	1.377093E-13	3.706240E+2
-5.880000E-2	8.576083E-7	-8.576083E-7	-3.326242E-12	3.713262E+2
-1.176500E-1	2.090143E-6	-2.090143E-6	-8.106640E-12	3.720293E+2
-1.764500E-1	5.267740E-6	-5.267740E-6	-2.043098E-11	3.727324E+2
-2.353000E-1	8.092642E-6	-8.092642E-6	-3.138739E-11	3.734355E+2
-2.941000E-1	1.453332E-5	-1.453332E-5	-5.636761E-11	3.741396E+2
-3.529500E-1	1.895954E-5	-1.895954E-5	-7.353476E-11	3.748428E+2
-4.117500E-1	2.981354E-5	-2.981354E-5	-1.156321E-10	3.759570E+2
-4.706000E-1	3.218533E-5	-3.218533E-5	-1.248311E-10	3.763262E+2
-5.294000E-1	4.504697E-5	-4.504697E-5	-1.747151E-10	3.766943E+2
-5.882500E-1	6.534987E-5	-6.534987E-5	-2.534601E-10	3.770625E+2
-6.470500E-1	8.477440E-5	-8.477440E-5	-3.287983E-10	3.774307E+2
-7.059000E-1	1.007613E-4	-1.007613E-4	-3.908038E-10	3.777998E+2
-7.647000E-1	1.216310E-4	-1.216310E-4	-4.717470E-10	3.781680E+2
-8.235500E-1	1.481669E-4	-1.481669E-4	-5.746666E-10	3.785361E+2
-8.823500E-1	1.715137E-4	-1.715137E-4	-6.652173E-10	3.789043E+2
-9.412000E-1	2.143175E-4	-2.143175E-4	-8.312323E-10	3.792725E+2
-1.000000E+0	2.423311E-4	-2.423311E-4	-9.398834E-10	3.796416E+2
-1.000000E+0	2.732276E-4	-2.732276E-4	-1.059716E-9	3.807559E+2
-9.412000E-1	2.402632E-4	-2.402632E-4	-9.318629E-10	3.814971E+2
-8.823500E-1	1.817392E-4	-1.817392E-4	-7.048774E-10	3.818652E+2
-8.235500E-1	1.705883E-4	-1.705883E-4	-6.616282E-10	3.822334E+2
-7.647000E-1	1.328090E-4	-1.328090E-4	-5.151009E-10	3.826025E+2
-7.059000E-1	9.879636E-5	-9.879636E-5	-3.831826E-10	3.829707E+2
-6.470500E-1	9.008814E-5	-9.008814E-5	-3.494077E-10	3.833389E+2
-5.882500E-1	7.085049E-5	-7.085049E-5	-2.747943E-10	3.837070E+2
-5.294000E-1	5.554758E-5	-5.554758E-5	-2.154418E-10	3.840762E+2
-4.706000E-1	4.056391E-5	-4.056391E-5	-1.573275E-10	3.844443E+2
-4.117500E-1	2.397507E-5	-2.397507E-5	-9.298755E-11	3.856191E+2
-3.529500E-1	1.942871E-5	-1.942871E-5	-7.535442E-11	3.863223E+2
-2.941000E-1	1.406016E-5	-1.406016E-5	-5.453248E-11	3.870254E+2
-2.353000E-1	7.857088E-6	-7.857088E-6	-3.047379E-11	3.877285E+2
-1.764500E-1	5.400064E-6	-5.400064E-6	-2.094420E-11	3.884316E+2
-1.176500E-1	2.007070E-6	-2.007070E-6	-7.784440E-12	3.891348E+2
-5.880000E-2	9.413186E-7	-9.413186E-7	-3.650913E-12	3.898379E+2
0.000000E+0	4.217535E-8	-4.217535E-8	-1.635775E-13	3.905410E+2
0.000000E+0	3.061800E-8	-3.061800E-8	-1.187522E-13	3.912441E+2
5.880000E-2	7.287996E-7	7.287996E-7	2.826656E-12	3.919473E+2
1.176500E-1	1.647665E-6	1.647665E-6	6.390485E-12	3.926504E+2
1.764500E-1	3.680079E-6	3.680079E-6	1.427322E-11	3.933535E+2
2.353000E-1	6.297020E-6	6.297020E-6	2.442305E-11	3.940566E+2
2.941000E-1	1.212541E-5	1.212541E-5	4.702853E-11	3.947598E+2
3.529500E-1	2.005517E-5	2.005517E-5	7.778415E-11	3.954629E+2
4.117500E-1	2.994470E-5	2.994470E-5	1.161408E-10	3.965781E+2
4.706000E-1	4.104969E-5	4.104969E-5	1.592116E-10	3.969463E+2
5.294000E-1	4.924441E-5	4.924441E-5	1.909949E-10	3.973145E+2
5.882500E-1	7.025970E-5	7.025970E-5	2.725029E-10	3.976826E+2
6.470500E-1	8.076245E-5	8.076245E-5	3.132379E-10	3.980518E+2
7.059000E-1	1.039363E-4	1.039363E-4	4.031181E-10	3.984199E+2
7.647000E-1	1.252006E-4	1.252006E-4	4.855917E-10	3.987881E+2
8.235500E-1	1.343238E-4	1.343238E-4	5.209761E-10	3.991563E+2
8.823500E-1	1.542945E-4	1.542945E-4	5.984327E-10	3.995244E+2
9.412000E-1	1.813804E-4	1.813804E-4	7.034855E-10	3.998936E+2
1.000000E+0	2.025997E-4	2.025997E-4	7.857850E-10	4.002617E+2
1.000000E+0	2.232165E-4	2.232165E-4	8.657474E-10	4.006299E+2
9.412000E-1	1.856593E-4	1.856593E-4	7.200815E-10	4.009980E+2
8.823500E-1	1.517784E-4	1.517784E-4	5.886739E-10	4.013672E+2
8.235500E-1	1.207958E-4	1.207958E-4	4.685076E-10	4.017354E+2
7.647000E-1	1.090211E-4	1.090211E-4	4.228394E-10	4.021035E+2
7.059000E-1	8.856075E-5	8.856075E-5	3.434837E-10	4.024717E+2
6.470500E-1	7.546997E-5	7.546997E-5	2.927110E-10	4.028408E+2
5.882500E-1	5.724710E-5	5.724710E-5	2.220334E-10	4.032090E+2
5.294000E-1	4.672243E-5	4.672243E-5	1.812134E-10	4.035771E+2
4.706000E-1	3.425739E-5	3.425739E-5	1.328676E-10	4.039453E+2
4.117500E-1	2.368431E-5	2.368431E-5	9.185984E-11	4.051201E+2
3.529500E-1	1.760806E-5	1.760806E-5	6.829302E-11	4.058232E+2
2.941000E-1	1.305487E-5	1.305487E-5	5.063344E-11	4.065264E+2
2.353000E-1	7.670496E-6	7.670496E-6	2.975009E-11	4.072295E+2
1.764500E-1	4.798338E-6	4.798338E-6	1.861040E-11	4.079326E+2
1.176500E-1	2.028610E-6	2.028610E-6	7.867984E-12	4.086357E+2
5.880000E-2	7.927978E-7	7.927978E-7	3.074874E-12	4.093389E+2
0.000000E+0	3.346618E-8	3.346618E-8	1.297989E-13	4.100430E+2
-5.880000E-2	8.039078E-7	-8.039078E-7	-3.117964E-12	4.107451E+2
-1.176500E-1	1.911233E-6	-1.911233E-6	-7.412737E-12	4.114482E+2
-1.764500E-1	3.431839E-6	-3.431839E-6	-1.331042E-11	4.121514E+2
-2.353000E-1	7.476071E-6	-7.476071E-6	-2.899601E-11	4.128545E+2
-2.941000E-1	1.125255E-5	-1.125255E-5	-4.364312E-11	4.135576E+2
-3.529500E-1	1.513217E-5	-1.513217E-5	-5.869026E-11	4.142607E+2
-4.117500E-1	2.180506E-5	-2.180506E-5	-8.457114E-11	4.149639E+2
-4.706000E-1	2.978784E-5	-2.978784E-5	-1.155324E-10	4.160791E+2
-5.294000E-1	3.962997E-5	-3.962997E-5	-1.537052E-10	4.164473E+2
-5.882500E-1	5.312690E-5	-5.312690E-5	-2.060532E-10	4.168154E+2
-6.470500E-1	7.104652E-5	-7.104652E-5	-2.755546E-10	4.171846E+2
-7.059000E-1	8.413720E-5	-8.413720E-5	-3.263269E-10	4.175527E+2
-7.647000E-1	1.158642E-4	-1.158642E-4	-4.493803E-10	4.179209E+2
-8.235500E-1	1.437424E-4	-1.437424E-4	-5.575064E-10	4.182891E+2
-8.823500E-1	1.532442E-4	-1.532442E-4	-5.943589E-10	4.186582E+2
-9.412000E-1	1.912919E-4	-1.912919E-4	-7.419275E-10	4.190264E+2
-1.000000E+0	2.133381E-4	-2.133381E-4	-8.274340E-10	4.193945E+2
-1.000000E+0	2.109688E-4	-2.109688E-4	-8.182443E-10	4.197627E+2
-9.412000E-1	1.949277E-4	-1.949277E-4	-7.560289E-10	4.201318E+2
-8.823500E-1	1.674651E-4	-1.674651E-4	-6.495150E-10	4.205000E+2
-8.235500E-1	1.340274E-4	-1.340274E-4	-5.198267E-10	4.208682E+2
-7.647000E-1	1.265536E-4	-1.265536E-4	-4.908393E-10	4.212363E+2
-7.059000E-1	1.014267E-4	-1.014267E-4	-3.933843E-10	4.216055E+2
-6.470500E-1	7.876802E-5	-7.876802E-5	-3.055025E-10	4.219736E+2
-5.882500E-1	5.986423E-5	-5.986423E-5	-2.321840E-10	4.223418E+2
-5.294000E-1	4.487087E-5	-4.487087E-5	-1.740321E-10	4.227100E+2
-4.706000E-1	3.658766E-5	-3.658766E-5	-1.419056E-10	4.230791E+2
-4.117500E-1	2.269097E-5	-2.269097E-5	-8.800716E-11	4.242539E+2
-3.529500E-1	1.667911E-5	-1.667911E-5	-6.469007E-11	4.249570E+2
-2.941000E-1	1.221651E-5	-1.221651E-5	-4.738183E-11	4.256602E+2
-2.353000E-1	8.347957E-6	-8.347957E-6	-3.237763E-11	4.263633E+2
-1.764500E-1	3.315640E-6	-3.315640E-6	-1.285974E-11	4.270664E+2
-1.176500E-1	1.392384E-6	-1.392384E-6	-5.400375E-12	4.277695E+2
-5.880000E-2	8.515075E-7	-8.515075E-7	-3.302580E-12	4.284727E+2
0.000000E+0	3.491534E-8	-3.491534E-8	-1.354195E-13	4.291758E+2
0.000000E+0	2.597717E-8	-2.597717E-8	-1.007527E-13	4.298789E+2
5.880000E-2	7.516743E-7	7.516743E-7	2.915376E-12	4.305820E+2
1.176500E-1	2.033716E-6	2.033716E-6	7.887788E-12	4.312852E+2
1.764500E-1	3.431238E-6	3.431238E-6	1.330809E-11	4.319883E+2
2.353000E-1	6.173018E-6	6.173018E-6	2.394211E-11	4.326914E+2
2.941000E-1	1.064689E-5	1.064689E-5	4.129408E-11	4.333945E+2
3.529500E-1	1.802806E-5	1.802806E-5	6.992202E-11	4.340977E+2
4.117500E-1	3.023533E-5	3.023533E-5	1.172680E-10	4.353799E+2
4.706000E-1	3.847525E-5	3.847525E-5	1.492266E-10	4.357480E+2
5.294000E-1	4.969997E-5	4.969997E-5	1.927618E-10	4.361162E+2
5.882500E-1	7.039897E-5	7.039897E-5	2.730431E-10	4.364854E+2
6.470500E-1	8.562462E-5	8.562462E-5	3.320959E-10	4.368535E+2
7.059000E-1	1.034482E-4	1.034482E-4	4.012250E-10	4.372217E+2
7.647000E-1	1.231535E-4	1.231535E-4	4.776521E-10	4.375898E+2
8.235500E-1	1.346175E-4	1.346175E-4	5.221151E-10	4.379590E+2
8.823500E-1	1.579726E-4	1.579726E-4	6.126981E-10	4.383271E+2
9.412000E-1	1.890658E-4	1.890658E-4	7.332935E-10	4.386953E+2
1.000000E+0	2.177960E-4	2.177960E-4	8.447237E-10	4.390635E+2
1.000000E+0	2.205239E-4	2.205239E-4	8.553042E-10	4.394316E+2
9.412000E-1	1.977644E-4	1.977644E-4	7.670310E-10	4.398008E+2
8.823500E-1	1.741538E-4	1.741538E-4	6.754572E-10	4.401689E+2
8.235500E-1	1.506257E-4	1.506257E-4	5.842033E-10	4.405371E+2
7.647000E-1	1.248007E-4	1.248007E-4	4.840408E-10	4.409053E+2
7.059000E-1	1.031570E-4	1.031570E-4	4.000953E-10	4.412734E+2
6.470500E-1	8.409473E-5	8.409473E-5	3.261622E-10	4.416426E+2
5.882500E-1	6.705496E-5	6.705496E-5	2.600733E-10	4.420107E+2
5.294000E-1	5.193150E-5	5.193150E-5	2.014168E-10	4.423789E+2
4.706000E-1	3.731949E-5	3.731949E-5	1.447440E-10	4.427471E+2
4.117500E-1	2.756755E-5	2.756755E-5	1.069210E-10	4.431162E+2
3.529500E-1	2.371787E-5	2.371787E-5	9.198999E-11	4.442910E+2
2.941000E-1	1.202348E-5	1.202348E-5	4.663318E-11	4.449941E+2
2.353000E-1	8.477303E-6	8.477303E-6	3.287930E-11	4.456973E+2
1.764500E-1	4.517078E-6	4.517078E-6	1.751953E-11	4.464004E+2
1.176500E-1	2.139664E-6	2.139664E-6	8.298709E-12	4.471035E+2
5.880000E-2	8.188607E-7	8.188607E-7	3.175959E-12	4.478066E+2
0.000000E+0	3.262176E-8	3.262176E-8	1.265238E-13	4.485098E+2
-5.880000E-2	6.958949E-7	-6.958949E-7	-2.699035E-12	4.492129E+2
-1.176500E-1	1.706118E-6	-1.706118E-6	-6.617193E-12	4.499160E+2
-1.764500E-1	3.747094E-6	-3.747094E-6	-1.453314E-11	4.506191E+2
-2.353000E-1	6.315230E-6	-6.315230E-6	-2.449368E-11	4.513223E+2
-2.941000E-1	9.436027E-6	-9.436027E-6	-3.659772E-11	4.520254E+2
-3.529500E-1	1.817668E-5	-1.817668E-5	-7.049841E-11	4.527285E+2
-4.117500E-1	2.083855E-5	-2.083855E-5	-8.082252E-11	4.534316E+2
-4.706000E-1	3.197172E-5	-3.197172E-5	-1.240026E-10	4.545469E+2
-5.294000E-1	4.208965E-5	-4.208965E-5	-1.632451E-10	4.549150E+2
-5.882500E-1	5.575369E-5	-5.575369E-5	-2.162412E-10	4.552832E+2
-6.470500E-1	7.107055E-5	-7.107055E-5	-2.756478E-10	4.556514E+2
-7.059000E-1	8.459067E-5	-8.459067E-5	-3.280857E-10	4.560205E+2
-7.647000E-1	1.077429E-4	-1.077429E-4	-4.178817E-10	4.563887E+2
-8.235500E-1	1.207459E-4	-1.207459E-4	-4.683141E-10	4.567568E+2
-8.823500E-1	1.479673E-4	-1.479673E-4	-5.738926E-10	4.571250E+2
-9.412000E-1	1.732434E-4	-1.732434E-4	-6.719262E-10	4.574932E+2
-1.000000E+0	1.845753E-4	-1.845753E-4	-7.158772E-10	4.578623E+2
-1.000000E+0	1.831890E-4	-1.831890E-4	-7.105002E-10	4.582305E+2
-9.412000E-1	1.635488E-4	-1.635488E-4	-6.343254E-10	4.585986E+2
-8.823500E-1	1.390956E-4	-1.390956E-4	-5.394838E-10	4.589668E+2
-8.235500E-1	1.204847E-4	-1.204847E-4	-4.673011E-10	4.593359E+2
-7.647000E-1	9.988719E-5	-9.988719E-5	-3.874134E-10	4.597041E+2
-7.059000E-1	9.036884E-5	-9.036884E-5	-3.504964E-10	4.600723E+2
-6.470500E-1	7.489083E-5	-7.489083E-5	-2.904648E-10	4.604404E+2
-5.882500E-1	6.097175E-5	-6.097175E-5	-2.364795E-10	4.608096E+2
-5.294000E-1	4.712547E-5	-4.712547E-5	-1.827766E-10	4.611777E+2
-4.706000E-1	3.539030E-5	-3.539030E-5	-1.372616E-10	4.615459E+2
-4.117500E-1	2.644031E-5	-2.644031E-5	-1.025490E-10	4.619141E+2
-3.529500E-1	1.683654E-5	-1.683654E-5	-6.530068E-11	4.630889E+2
-2.941000E-1	1.136961E-5	-1.136961E-5	-4.409713E-11	4.637930E+2
-2.353000E-1	7.140766E-6	-7.140766E-6	-2.769553E-11	4.644961E+2
-1.764500E-1	3.977363E-6	-3.977363E-6	-1.542624E-11	4.651992E+2
-1.176500E-1	1.672383E-6	-1.672383E-6	-6.486353E-12	4.659023E+2
-5.880000E-2	6.345373E-7	-6.345373E-7	-2.461059E-12	4.666055E+2
0.000000E+0	2.761239E-8	-2.761239E-8	-1.070949E-13	4.673086E+2
0.000000E+0	2.254218E-8	-2.254218E-8	-8.743006E-14	4.680117E+2
5.880000E-2	7.576176E-7	7.576176E-7	2.938427E-12	4.687148E+2
1.176500E-1	1.818628E-6	1.818628E-6	7.053566E-12	4.694180E+2
1.764500E-1	3.615283E-6	3.615283E-6	1.402191E-11	4.701211E+2
2.353000E-1	7.089368E-6	7.089368E-6	2.749618E-11	4.708242E+2
2.941000E-1	1.352856E-5	1.352856E-5	5.247064E-11	4.715273E+2
3.529500E-1	1.921300E-5	1.921300E-5	7.451779E-11	4.722305E+2
4.117500E-1	2.519612E-5	2.519612E-5	9.772337E-11	4.729336E+2
4.706000E-1	3.583526E-5	3.583526E-5	1.389874E-10	4.740488E+2
5.294000E-1	4.631449E-5	4.631449E-5	1.796312E-10	4.744170E+2
5.882500E-1	5.950719E-5	5.950719E-5	2.307992E-10	4.747852E+2
6.470500E-1	7.893530E-5	7.893530E-5	3.061513E-10	4.751543E+2
7.059000E-1	9.287782E-5	9.287782E-5	3.602275E-10	4.755225E+2
7.647000E-1	1.128658E-4	1.128658E-4	4.377510E-10	4.758906E+2
8.235500E-1	1.362605E-4	1.362605E-4	5.284877E-10	4.762588E+2
8.823500E-1	1.585044E-4	1.585044E-4	6.147609E-10	4.766270E+2
9.412000E-1	1.931288E-4	1.931288E-4	7.490520E-10	4.769961E+2
1.000000E+0	2.203148E-4	2.203148E-4	8.544931E-10	4.773643E+2
1.000000E+0	2.208686E-4	2.208686E-4	8.566409E-10	4.777324E+2
9.412000E-1	2.004388E-4	2.004388E-4	7.774036E-10	4.781006E+2
8.823500E-1	1.772198E-4	1.772198E-4	6.873486E-10	4.784688E+2
8.235500E-1	1.503837E-4	1.503837E-4	5.832646E-10	4.788379E+2
7.647000E-1	1.251308E-4	1.251308E-4	4.853211E-10	4.792061E+2
7.059000E-1	1.174962E-4	1.174962E-4	4.557102E-10	4.795742E+2
6.470500E-1	8.587987E-5	8.587987E-5	3.330859E-10	4.799424E+2
5.882500E-1	6.877390E-5	6.877390E-5	2.667402E-10	4.803115E+2
5.294000E-1	5.450034E-5	5.450034E-5	2.113801E-10	4.806797E+2
4.706000E-1	4.155790E-5	4.155790E-5	1.611827E-10	4.810479E+2
4.117500E-1	2.957680E-5	2.957680E-5	1.147139E-10	4.814160E+2
3.529500E-1	1.986059E-5	1.986059E-5	7.702947E-11	4.825908E+2
2.941000E-1	1.493902E-5	1.493902E-5	5.794113E-11	4.832939E+2
2.353000E-1	7.989920E-6	7.989920E-6	3.098898E-11	4.839971E+2
1.764500E-1	4.581685E-6	4.581685E-6	1.777011E-11	4.847002E+2
1.176500E-1	2.464415E-6	2.464415E-6	9.558257E-12	4.854033E+2
5.880000E-2	8.542413E-7	8.542413E-7	3.313183E-12	4.861064E+2
0.000000E+0	3.416751E-8	3.416751E-8	1.325190E-13	4.868105E+2
-5.880000E-2	7.037240E-7	-7.037240E-7	-2.729400E-12	4.875137E+2
-1.176500E-1	2.234717E-6	-2.234717E-6	-8.667372E-12	4.882168E+2
-1.764500E-1	4.060168E-6	-4.060168E-6	-1.574740E-11	4.889199E+2
-2.353000E-1	6.876162E-6	-6.876162E-6	-2.666926E-11	4.896230E+2
-2.941000E-1	1.159826E-5	-1.159826E-5	-4.498396E-11	4.903262E+2
-3.529500E-1	1.786737E-5	-1.786737E-5	-6.929876E-11	4.910293E+2
-4.117500E-1	2.683142E-5	-2.683142E-5	-1.040659E-10	4.917324E+2
-4.706000E-1	3.698398E-5	-3.698398E-5	-1.434427E-10	4.928467E+2
-5.294000E-1	4.471344E-5	-4.471344E-5	-1.734215E-10	4.932158E+2
-5.882500E-1	6.107898E-5	-6.107898E-5	-2.368954E-10	4.935840E+2
-6.470500E-1	7.631530E-5	-7.631530E-5	-2.959896E-10	4.939521E+2
-7.059000E-1	9.751125E-5	-9.751125E-5	-3.781983E-10	4.943203E+2
-7.647000E-1	1.206861E-4	-1.206861E-4	-4.680821E-10	4.946895E+2
-8.235500E-1	1.493602E-4	-1.493602E-4	-5.792949E-10	4.950576E+2
-8.823500E-1	1.738747E-4	-1.738747E-4	-6.743747E-10	4.954258E+2
-9.412000E-1	1.900139E-4	-1.900139E-4	-7.369706E-10	4.957939E+2
-1.000000E+0	2.213343E-4	-2.213343E-4	-8.584472E-10	4.961621E+2
-1.000000E+0	2.225226E-4	-2.225226E-4	-8.630560E-10	4.965312E+2
-9.412000E-1	1.873869E-4	-1.873869E-4	-7.267819E-10	4.968994E+2
-8.823500E-1	1.639702E-4	-1.639702E-4	-6.359601E-10	4.972676E+2
-8.235500E-1	1.409824E-4	-1.409824E-4	-5.468014E-10	4.976357E+2
-7.647000E-1	1.223313E-4	-1.223313E-4	-4.744632E-10	4.980049E+2
-7.059000E-1	1.043482E-4	-1.043482E-4	-4.047153E-10	4.983730E+2
-6.470500E-1	8.782340E-5	-8.782340E-5	-3.406239E-10	4.987412E+2
-5.882500E-1	6.822979E-5	-6.822979E-5	-2.646299E-10	4.991094E+2
-5.294000E-1	5.209104E-5	-5.209104E-5	-2.020356E-10	4.994785E+2
-4.706000E-1	3.938717E-5	-3.938717E-5	-1.527635E-10	4.998467E+2
-4.117500E-1	2.938155E-5	-2.938155E-5	-1.139566E-10	5.002148E+2
-3.529500E-1	2.036553E-5	-2.036553E-5	-7.898789E-11	5.013896E+2
-2.941000E-1	1.270161E-5	-1.270161E-5	-4.926330E-11	5.020928E+2
-2.353000E-1	8.299805E-6	-8.299805E-6	-3.219087E-11	5.027959E+2
-1.764500E-1	4.822499E-6	-4.822499E-6	-1.870411E-11	5.034990E+2
-1.176500E-1	2.256805E-6	-2.256805E-6	-8.753040E-12	5.042021E+2
-5.880000E-2	1.062399E-6	-1.062399E-6	-4.120523E-12	5.049053E+2
0.000000E+0	4.148833E-8	-4.148833E-8	-1.609129E-13	5.056094E+2
0.000000E+0	2.820277E-8	-2.820277E-8	-1.093847E-13	5.063125E+2
5.880000E-2	9.353609E-7	9.353609E-7	3.627806E-12	5.070146E+2
1.176500E-1	1.908417E-6	1.908417E-6	7.401815E-12	5.077178E+2
1.764500E-1	3.420203E-6	3.420203E-6	1.326529E-11	5.084209E+2
2.353000E-1	7.065588E-6	7.065588E-6	2.740395E-11	5.091240E+2
2.941000E-1	1.149114E-5	1.149114E-5	4.456849E-11	5.098271E+2
3.529500E-1	1.855224E-5	1.855224E-5	7.195503E-11	5.105303E+2
4.117500E-1	3.266595E-5	3.266595E-5	1.266952E-10	5.116455E+2
4.706000E-1	4.272538E-5	4.272538E-5	1.657108E-10	5.120137E+2
5.294000E-1	5.352530E-5	5.352530E-5	2.075984E-10	5.123818E+2
5.882500E-1	7.270708E-5	7.270708E-5	2.819951E-10	5.127500E+2
6.470500E-1	8.040648E-5	8.040648E-5	3.118573E-10	5.131191E+2
7.059000E-1	9.689862E-5	9.689862E-5	3.758222E-10	5.134877E+2
7.647000E-1	1.173981E-4	1.173981E-4	4.553297E-10	5.138555E+2
8.235500E-1	1.402036E-4	1.402036E-4	5.437809E-10	5.142236E+2
8.823500E-1	1.669454E-4	1.669454E-4	6.474993E-10	5.145928E+2
9.412000E-1	1.921635E-4	1.921635E-4	7.453078E-10	5.149609E+2
1.000000E+0	2.196759E-4	2.196759E-4	8.520151E-10	5.153291E+2
1.000000E+0	2.236505E-4	2.236505E-4	8.674306E-10	5.156973E+2
9.412000E-1	1.908439E-4	1.908439E-4	7.401897E-10	5.160654E+2
8.823500E-1	1.656826E-4	1.656826E-4	6.426016E-10	5.164346E+2
8.235500E-1	1.360912E-4	1.360912E-4	5.278310E-10	5.168027E+2
7.647000E-1	1.123336E-4	1.123336E-4	4.356871E-10	5.171709E+2
7.059000E-1	9.340529E-5	9.340529E-5	3.622733E-10	5.175391E+2
6.470500E-1	8.092853E-5	8.092853E-5	3.138821E-10	5.179082E+2
5.882500E-1	6.810286E-5	6.810286E-5	2.641376E-10	5.182764E+2
5.294000E-1	5.274201E-5	5.274201E-5	2.045604E-10	5.186445E+2
4.706000E-1	3.983569E-5	3.983569E-5	1.545031E-10	5.190127E+2
4.117500E-1	2.889360E-5	2.889360E-5	1.120641E-10	5.193809E+2
3.529500E-1	2.036162E-5	2.036162E-5	7.897274E-11	5.205557E+2
2.941000E-1	1.227862E-5	1.227862E-5	4.762275E-11	5.212588E+2
2.353000E-1	7.702242E-6	7.702242E-6	2.987322E-11	5.219619E+2
1.764500E-1	4.563683E-6	4.563683E-6	1.770029E-11	5.226650E+2
1.176500E-1	1.893708E-6	1.893708E-6	7.344764E-12	5.233682E+2
5.880000E-2	7.531881E-7	7.531881E-7	2.921247E-12	5.240713E+2
0.000000E+0	2.983798E-8	2.983798E-8	1.157269E-13	5.247754E+2
-5.880000E-2	6.134372E-7	-6.134372E-7	-2.379222E-12	5.254785E+2
-1.176500E-1	1.673034E-6	-1.673034E-6	-6.488879E-12	5.261816E+2
-1.764500E-1	3.345636E-6	-3.345636E-6	-1.297608E-11	5.268848E+2
-2.353000E-1	5.702714E-6	-5.702714E-6	-2.211803E-11	5.275879E+2
-2.941000E-1	9.152851E-6	-9.152851E-6	-3.549942E-11	5.282910E+2
-3.529500E-1	1.455766E-5	-1.455766E-5	-5.646202E-11	5.289941E+2
-4.117500E-1	2.698764E-5	-2.698764E-5	-1.046718E-10	5.302764E+2
-4.706000E-1	4.476142E-5	-4.476142E-5	-1.736076E-10	5.306445E+2
-5.294000E-1	4.988089E-5	-4.988089E-5	-1.934635E-10	5.310127E+2
-5.882500E-1	6.506861E-5	-6.506861E-5	-2.523692E-10	5.313809E+2
-6.470500E-1	8.609253E-5	-8.609253E-5	-3.339107E-10	5.317490E+2
-7.059000E-1	1.014102E-4	-1.014102E-4	-3.933206E-10	5.321182E+2
-7.647000E-1	1.376070E-4	-1.376070E-4	-5.337099E-10	5.324863E+2
-8.235500E-1	1.537582E-4	-1.537582E-4	-5.963526E-10	5.328545E+2
-8.823500E-1	1.546999E-4	-1.546999E-4	-6.000050E-10	5.332227E+2
-9.412000E-1	1.677680E-4	-1.677680E-4	-6.506896E-10	5.335918E+2
-1.000000E+0	1.858663E-4	-1.858663E-4	-7.208841E-10	5.339600E+2
-1.000000E+0	1.903896E-4	-1.903896E-4	-7.384279E-10	5.343281E+2
-9.412000E-1	1.678448E-4	-1.678448E-4	-6.509876E-10	5.346963E+2
-8.823500E-1	1.533613E-4	-1.533613E-4	-5.948132E-10	5.350654E+2
-8.235500E-1	1.319990E-4	-1.319990E-4	-5.119594E-10	5.354336E+2
-7.647000E-1	1.142050E-4	-1.142050E-4	-4.429451E-10	5.358018E+2
-7.059000E-1	9.219560E-5	-9.219560E-5	-3.575815E-10	5.361699E+2
-6.470500E-1	7.685715E-5	-7.685715E-5	-2.980912E-10	5.365391E+2
-5.882500E-1	6.432613E-5	-6.432613E-5	-2.494895E-10	5.369072E+2
-5.294000E-1	4.757846E-5	-4.757846E-5	-1.845335E-10	5.372754E+2
-4.706000E-1	3.505316E-5	-3.505316E-5	-1.359540E-10	5.376436E+2
-4.117500E-1	2.777126E-5	-2.777126E-5	-1.077111E-10	5.395654E+2
-3.529500E-1	1.658115E-5	-1.658115E-5	-6.431014E-11	5.407402E+2
-2.941000E-1	1.535246E-5	-1.535246E-5	-5.954465E-11	5.414434E+2
-2.353000E-1	9.934819E-6	-9.934819E-6	-3.853229E-11	5.421465E+2
-1.764500E-1	4.595428E-6	-4.595428E-6	-1.782341E-11	5.428496E+2
-1.176500E-1	1.987369E-6	-1.987369E-6	-7.708029E-12	5.435527E+2
-5.880000E-2	6.258066E-7	-6.258066E-7	-2.427197E-12	5.442559E+2
0.000000E+0	3.306902E-8	-3.306902E-8	-1.282585E-13	5.449590E+2
0.000000E+0	2.571598E-8	-2.571598E-8	-9.973966E-14	5.456621E+2
5.880000E-2	5.422003E-7	5.422003E-7	2.102929E-12	5.463652E+2
1.176500E-1	2.022323E-6	2.022323E-6	7.843601E-12	5.470684E+2
1.764500E-1	3.975651E-6	3.975651E-6	1.541960E-11	5.477715E+2
2.353000E-1	7.792189E-6	7.792189E-6	3.022208E-11	5.484746E+2
2.941000E-1	1.242386E-5	1.242386E-5	4.818607E-11	5.491777E+2
3.529500E-1	1.729547E-5	1.729547E-5	6.708065E-11	5.498809E+2
4.117500E-1	2.527118E-5	2.527118E-5	9.801449E-11	5.513301E+2
4.706000E-1	3.695956E-5	3.695956E-5	1.433480E-10	5.516982E+2
5.294000E-1	4.677753E-5	4.677753E-5	1.814271E-10	5.520674E+2
5.882500E-1	6.429351E-5	6.429351E-5	2.493630E-10	5.524355E+2
6.470500E-1	7.811481E-5	7.811481E-5	3.029690E-10	5.528037E+2
7.059000E-1	9.485301E-5	9.485301E-5	3.678883E-10	5.531719E+2
7.647000E-1	1.111074E-4	1.111074E-4	4.309311E-10	5.535400E+2
8.235500E-1	1.283897E-4	1.283897E-4	4.979605E-10	5.539092E+2
8.823500E-1	1.522842E-4	1.522842E-4	5.906358E-10	5.542773E+2
9.412000E-1	2.037604E-4	2.037604E-4	7.902865E-10	5.546455E+2
1.000000E+0	2.186885E-4	2.186885E-4	8.481855E-10	5.550137E+2
1.000000E+0	2.249027E-4	2.249027E-4	8.722871E-10	5.553828E+2
9.412000E-1	1.815315E-4	1.815315E-4	7.040717E-10	5.557510E+2
8.823500E-1	1.606586E-4	1.606586E-4	6.231157E-10	5.561191E+2
8.235500E-1	1.398199E-4	1.398199E-4	5.422928E-10	5.564873E+2
7.647000E-1	1.174927E-4	1.174927E-4	4.556964E-10	5.568555E+2
7.059000E-1	9.715253E-5	9.715253E-5	3.768070E-10	5.572246E+2
6.470500E-1	7.880679E-5	7.880679E-5	3.056529E-10	5.575928E+2
5.882500E-1	6.877204E-5	6.877204E-5	2.667330E-10	5.579609E+2
5.294000E-1	5.583470E-5	5.583470E-5	2.165554E-10	5.583291E+2
4.706000E-1	3.961811E-5	3.961811E-5	1.536592E-10	5.586973E+2
4.117500E-1	3.107457E-5	3.107457E-5	1.205230E-10	5.590664E+2
3.529500E-1	2.173875E-5	2.173875E-5	8.431393E-11	5.602402E+2
2.941000E-1	1.416927E-5	1.416927E-5	5.495564E-11	5.609434E+2
2.353000E-1	8.108135E-6	8.108135E-6	3.144748E-11	5.616465E+2
1.764500E-1	3.511865E-6	3.511865E-6	1.362080E-11	5.623496E+2
1.176500E-1	1.864618E-6	1.864618E-6	7.231937E-12	5.630527E+2
5.880000E-2	6.193124E-7	6.193124E-7	2.402009E-12	5.637559E+2
0.000000E+0	2.792011E-8	2.792011E-8	1.082884E-13	5.644600E+2
-5.880000E-2	5.730366E-7	-5.730366E-7	-2.222528E-12	5.651631E+2
-1.176500E-1	2.597049E-6	-2.597049E-6	-1.007268E-11	5.658662E+2
-1.764500E-1	4.959766E-6	-4.959766E-6	-1.923650E-11	5.665693E+2
-2.353000E-1	7.910217E-6	-7.910217E-6	-3.067985E-11	5.672725E+2
-2.941000E-1	1.320845E-5	-1.320845E-5	-5.122909E-11	5.679756E+2
-3.529500E-1	2.025020E-5	-2.025020E-5	-7.854059E-11	5.686787E+2
-4.117500E-1	3.092466E-5	-3.092466E-5	-1.199416E-10	5.697939E+2
-4.706000E-1	4.193833E-5	-4.193833E-5	-1.626582E-10	5.701621E+2
-5.294000E-1	5.235836E-5	-5.235836E-5	-2.030724E-10	5.705303E+2
-5.882500E-1	6.798111E-5	-6.798111E-5	-2.636654E-10	5.708984E+2
-6.470500E-1	8.096693E-5	-8.096693E-5	-3.140310E-10	5.712666E+2
-7.059000E-1	1.006332E-4	-1.006332E-4	-3.903067E-10	5.716357E+2
-7.647000E-1	1.155329E-4	-1.155329E-4	-4.480956E-10	5.720039E+2
-8.235500E-1	1.321611E-4	-1.321611E-4	-5.125880E-10	5.723721E+2
-8.823500E-1	1.558529E-4	-1.558529E-4	-6.044768E-10	5.727402E+2
-9.412000E-1	1.875477E-4	-1.875477E-4	-7.274056E-10	5.731094E+2
-1.000000E+0	2.102900E-4	-2.102900E-4	-8.156117E-10	5.734775E+2
-1.000000E+0	2.080590E-4	-2.080590E-4	-8.069588E-10	5.738457E+2
-9.412000E-1	1.882175E-4	-1.882175E-4	-7.300033E-10	5.742139E+2
-8.823500E-1	1.628035E-4	-1.628035E-4	-6.314350E-10	5.745830E+2
-8.235500E-1	1.304570E-4	-1.304570E-4	-5.059788E-10	5.749512E+2
-7.647000E-1	1.123770E-4	-1.123770E-4	-4.358554E-10	5.753193E+2
-7.059000E-1	9.318036E-5	-9.318036E-5	-3.614009E-10	5.756875E+2
-6.470500E-1	7.824433E-5	-7.824433E-5	-3.034714E-10	5.760566E+2
-5.882500E-1	6.961538E-5	-6.961538E-5	-2.700039E-10	5.764248E+2
-5.294000E-1	5.619125E-5	-5.619125E-5	-2.179383E-10	5.767930E+2
-4.706000E-1	3.933300E-5	-3.933300E-5	-1.525534E-10	5.771611E+2
-4.117500E-1	3.026144E-5	-3.026144E-5	-1.173693E-10	5.775303E+2
-3.529500E-1	2.291518E-5	-2.291518E-5	-8.887675E-11	5.787051E+2
-2.941000E-1	1.489447E-5	-1.489447E-5	-5.776835E-11	5.794082E+2
-2.353000E-1	8.814025E-6	-8.814025E-6	-3.418528E-11	5.801113E+2
-1.764500E-1	4.989992E-6	-4.989992E-6	-1.935373E-11	5.808145E+2
-1.176500E-1	2.465417E-6	-2.465417E-6	-9.562143E-12	5.815176E+2
-5.880000E-2	8.398000E-7	-8.398000E-7	-3.257172E-12	5.822207E+2
0.000000E+0	4.202864E-8	-4.202864E-8	-1.630085E-13	5.829238E+2
0.000000E+0	3.105095E-8	-3.105095E-8	-1.204314E-13	5.836270E+2
5.880000E-2	8.871743E-7	8.871743E-7	3.440914E-12	5.843301E+2
1.176500E-1	2.485587E-6	2.485587E-6	9.640372E-12	5.850332E+2
1.764500E-1	5.075367E-6	5.075367E-6	1.968486E-11	5.857363E+2
2.353000E-1	8.359402E-6	8.359402E-6	3.242202E-11	5.864395E+2
2.941000E-1	1.489643E-5	1.489643E-5	5.777596E-11	5.871426E+2
3.529500E-1	2.092278E-5	2.092278E-5	8.114921E-11	5.878457E+2
4.117500E-1	2.650098E-5	2.650098E-5	1.027843E-10	5.891279E+2
4.706000E-1	3.553218E-5	3.553218E-5	1.378119E-10	5.894961E+2
5.294000E-1	5.233379E-5	5.233379E-5	2.029771E-10	5.898643E+2
5.882500E-1	6.655443E-5	6.655443E-5	2.581320E-10	5.902334E+2
6.470500E-1	7.872937E-5	7.872937E-5	3.053526E-10	5.906016E+2
7.059000E-1	9.363569E-5	9.363569E-5	3.631669E-10	5.909697E+2
7.647000E-1	1.112249E-4	1.112249E-4	4.313868E-10	5.913379E+2
8.235500E-1	1.316310E-4	1.316310E-4	5.105319E-10	5.917061E+2
8.823500E-1	1.505622E-4	1.505622E-4	5.839568E-10	5.920752E+2
9.412000E-1	1.846310E-4	1.846310E-4	7.160931E-10	5.924434E+2
1.000000E+0	2.153650E-4	2.153650E-4	8.352951E-10	5.928115E+2
1.000000E+0	2.070089E-4	2.070089E-4	8.028859E-10	5.931797E+2
9.412000E-1	2.009605E-4	2.009605E-4	7.794272E-10	5.935479E+2
8.823500E-1	1.559542E-4	1.559542E-4	6.048700E-10	5.939170E+2
8.235500E-1	1.391269E-4	1.391269E-4	5.396050E-10	5.942852E+2
7.647000E-1	1.071010E-4	1.071010E-4	4.153924E-10	5.946533E+2
7.059000E-1	8.959409E-5	8.959409E-5	3.474915E-10	5.950215E+2
6.470500E-1	7.458419E-5	7.458419E-5	2.892755E-10	5.953896E+2
5.882500E-1	6.573938E-5	6.573938E-5	2.549708E-10	5.957588E+2
5.294000E-1	4.719431E-5	4.719431E-5	1.830436E-10	5.961270E+2
4.706000E-1	3.583351E-5	3.583351E-5	1.389806E-10	5.964951E+2
4.117500E-1	2.759294E-5	2.759294E-5	1.070195E-10	5.968633E+2
3.529500E-1	1.941126E-5	1.941126E-5	7.528675E-11	5.980381E+2
2.941000E-1	1.310881E-5	1.310881E-5	5.084265E-11	5.987412E+2
2.353000E-1	8.428782E-6	8.428782E-6	3.269111E-11	5.994443E+2
1.764500E-1	4.207908E-6	4.207908E-6	1.632041E-11	6.001475E+2
1.176500E-1	2.127173E-6	2.127173E-6	8.250262E-12	6.008506E+2
5.880000E-2	8.791952E-7	8.791952E-7	3.409967E-12	6.015537E+2
0.000000E+0	2.871443E-8	2.871443E-8	1.113692E-13	6.022578E+2
-5.880000E-2	8.630650E-7	-8.630650E-7	-3.347406E-12	6.029609E+2
-1.176500E-1	1.678842E-6	-1.678842E-6	-6.511403E-12	6.036641E+2
-1.764500E-1	6.567149E-6	-6.567149E-6	-2.547075E-11	6.043672E+2
-2.353000E-1	9.501068E-6	-9.501068E-6	-3.684998E-11	6.050703E+2
-2.941000E-1	1.398368E-5	-1.398368E-5	-5.423582E-11	6.057734E+2
-3.529500E-1	2.026378E-5	-2.026378E-5	-7.859326E-11	6.064766E+2
-4.117500E-1	2.625421E-5	-2.625421E-5	-1.018272E-10	6.081260E+2
-4.706000E-1	3.472491E-5	-3.472491E-5	-1.346809E-10	6.084941E+2
-5.294000E-1	4.827726E-5	-4.827726E-5	-1.872438E-10	6.088623E+2
-5.882500E-1	6.540992E-5	-6.540992E-5	-2.536930E-10	6.092314E+2
-6.470500E-1	8.060460E-5	-8.060460E-5	-3.126257E-10	6.095996E+2
-7.059000E-1	9.417950E-5	-9.417950E-5	-3.652761E-10	6.099678E+2
-7.647000E-1	1.155320E-4	-1.155320E-4	-4.480920E-10	6.103359E+2
-8.235500E-1	1.380730E-4	-1.380730E-4	-5.355174E-10	6.107051E+2
-8.823500E-1	1.630450E-4	-1.630450E-4	-6.323716E-10	6.110732E+2
-9.412000E-1	1.933244E-4	-1.933244E-4	-7.498105E-10	6.114414E+2
-1.000000E+0	2.127492E-4	-2.127492E-4	-8.251496E-10	6.118096E+2
-1.000000E+0	2.095530E-4	-2.095530E-4	-8.127535E-10	6.121787E+2
-9.412000E-1	1.819558E-4	-1.819558E-4	-7.057172E-10	6.125469E+2
-8.823500E-1	1.604560E-4	-1.604560E-4	-6.223301E-10	6.129150E+2
-8.235500E-1	1.358766E-4	-1.358766E-4	-5.269987E-10	6.132832E+2
-7.647000E-1	1.191300E-4	-1.191300E-4	-4.620467E-10	6.136523E+2
-7.059000E-1	8.993066E-5	-8.993066E-5	-3.487969E-10	6.140205E+2
-6.470500E-1	8.326758E-5	-8.326758E-5	-3.229541E-10	6.143887E+2
-5.882500E-1	6.851261E-5	-6.851261E-5	-2.657268E-10	6.147568E+2
-5.294000E-1	5.543449E-5	-5.543449E-5	-2.150032E-10	6.151260E+2
-4.706000E-1	3.892336E-5	-3.892336E-5	-1.509646E-10	6.154941E+2
-4.117500E-1	2.871812E-5	-2.871812E-5	-1.113835E-10	6.158623E+2
-3.529500E-1	1.813556E-5	-1.813556E-5	-7.033892E-11	6.170371E+2
-2.941000E-1	1.232601E-5	-1.232601E-5	-4.780656E-11	6.177402E+2
-2.353000E-1	6.176762E-6	-6.176762E-6	-2.395663E-11	6.184434E+2
-1.764500E-1	3.594835E-6	-3.594835E-6	-1.394260E-11	6.191465E+2
-1.176500E-1	2.051893E-6	-2.051893E-6	-7.958287E-12	6.198496E+2
-5.880000E-2	7.496062E-7	-7.496062E-7	-2.907355E-12	6.205527E+2
0.000000E+0	3.209220E-8	-3.209220E-8	-1.244699E-13	6.212559E+2
0.000000E+0	2.182656E-8	-2.182656E-8	-8.465451E-14	6.219590E+2
5.880000E-2	7.694899E-7	7.694899E-7	2.984474E-12	6.226621E+2
1.176500E-1	1.727833E-6	1.727833E-6	6.701417E-12	6.233652E+2
1.764500E-1	3.744864E-6	3.744864E-6	1.452449E-11	6.240684E+2
2.353000E-1	6.226506E-6	6.226506E-6	2.414956E-11	6.247715E+2
2.941000E-1	1.032342E-5	1.032342E-5	4.003949E-11	6.254746E+2
3.529500E-1	1.498536E-5	1.498536E-5	5.812086E-11	6.261777E+2
4.117500E-1	2.243772E-5	2.243772E-5	8.702490E-11	6.268809E+2
4.706000E-1	3.733052E-5	3.733052E-5	1.447868E-10	6.279961E+2
5.294000E-1	4.718810E-5	4.718810E-5	1.830195E-10	6.283643E+2
5.882500E-1	6.168926E-5	6.168926E-5	2.392624E-10	6.287324E+2
6.470500E-1	5.925676E-5	5.925676E-5	2.298279E-10	6.291016E+2
7.059000E-1	7.630921E-5	7.630921E-5	2.959660E-10	6.294697E+2
7.647000E-1	9.366230E-5	9.366230E-5	3.632701E-10	6.298379E+2
8.235500E-1	1.294639E-4	1.294639E-4	5.021268E-10	6.302061E+2
8.823500E-1	1.500529E-4	1.500529E-4	5.819817E-10	6.305752E+2
9.412000E-1	1.813520E-4	1.813520E-4	7.033756E-10	6.309434E+2
1.000000E+0	2.004202E-4	2.004202E-4	7.773317E-10	6.313115E+2
1.000000E+0	2.079960E-4	2.079960E-4	8.067144E-10	6.316797E+2
9.412000E-1	1.776455E-4	1.776455E-4	6.889999E-10	6.320479E+2
8.823500E-1	1.600483E-4	1.600483E-4	6.207489E-10	6.324170E+2
8.235500E-1	1.350460E-4	1.350460E-4	5.237772E-10	6.327852E+2
7.647000E-1	1.068869E-4	1.068869E-4	4.145619E-10	6.331533E+2
7.059000E-1	8.040792E-5	8.040792E-5	3.118629E-10	6.335215E+2
6.470500E-1	7.141337E-5	7.141337E-5	2.769774E-10	6.338906E+2
5.882500E-1	5.720545E-5	5.720545E-5	2.218719E-10	6.342588E+2
5.294000E-1	4.628175E-5	4.628175E-5	1.795042E-10	6.346270E+2
4.706000E-1	3.501760E-5	3.501760E-5	1.358161E-10	6.349951E+2
4.117500E-1	2.373274E-5	2.373274E-5	9.204764E-11	6.361699E+2
3.529500E-1	1.669828E-5	1.669828E-5	6.476442E-11	6.368730E+2
2.941000E-1	1.056307E-5	1.056307E-5	4.096895E-11	6.375762E+2
2.353000E-1	7.099820E-6	7.099820E-6	2.753672E-11	6.382793E+2
1.764500E-1	3.445991E-6	3.445991E-6	1.336531E-11	6.389824E+2
1.176500E-1	1.840913E-6	1.840913E-6	7.139997E-12	6.396855E+2
5.880000E-2	8.438719E-7	8.438719E-7	3.272965E-12	6.403887E+2
0.000000E+0	3.344115E-8	3.344115E-8	1.297018E-13	6.410918E+2
-5.880000E-2	1.039044E-6	-1.039044E-6	-4.029943E-12	6.417949E+2
-1.176500E-1	2.236417E-6	-2.236417E-6	-8.673964E-12	6.424980E+2
-1.764500E-1	5.003340E-6	-5.003340E-6	-1.940550E-11	6.432012E+2
-2.353000E-1	8.344121E-6	-8.344121E-6	-3.236275E-11	6.439043E+2
-2.941000E-1	1.283834E-5	-1.283834E-5	-4.979364E-11	6.446074E+2
-3.529500E-1	1.710378E-5	-1.710378E-5	-6.633717E-11	6.453105E+2
-4.117500E-1	2.774334E-5	-2.774334E-5	-1.076028E-10	6.464258E+2
-4.706000E-1	3.883884E-5	-3.883884E-5	-1.506368E-10	6.467939E+2
-5.294000E-1	4.549281E-5	-4.549281E-5	-1.764443E-10	6.471621E+2
-5.882500E-1	5.517498E-5	-5.517498E-5	-2.139967E-10	6.475313E+2
-6.470500E-1	6.632394E-5	-6.632394E-5	-2.572380E-10	6.478994E+2
-7.059000E-1	8.288617E-5	-8.288617E-5	-3.214748E-10	6.482676E+2
-7.647000E-1	9.992253E-5	-9.992253E-5	-3.875505E-10	6.486357E+2
-8.235500E-1	1.156121E-4	-1.156121E-4	-4.484028E-10	6.490049E+2
-8.823500E-1	1.363377E-4	-1.363377E-4	-5.287870E-10	6.493730E+2
-9.412000E-1	1.573397E-4	-1.573397E-4	-6.102435E-10	6.497412E+2
-1.000000E+0	1.795761E-4	-1.795761E-4	-6.964876E-10	6.501094E+2
-1.000000E+0	1.738871E-4	-1.738871E-4	-6.744226E-10	6.504785E+2
-9.412000E-1	1.651181E-4	-1.651181E-4	-6.404121E-10	6.508467E+2
-8.823500E-1	1.404090E-4	-1.404090E-4	-5.445777E-10	6.512148E+2
-8.235500E-1	1.209648E-4	-1.209648E-4	-4.691632E-10	6.515830E+2
-7.647000E-1	1.016331E-4	-1.016331E-4	-3.941849E-10	6.519521E+2
-7.059000E-1	8.677617E-5	-8.677617E-5	-3.365622E-10	6.523203E+2
-6.470500E-1	6.869786E-5	-6.869786E-5	-2.664453E-10	6.526885E+2
-5.882500E-1	5.614255E-5	-5.614255E-5	-2.177494E-10	6.530566E+2
-5.294000E-1	4.677748E-5	-4.677748E-5	-1.814269E-10	6.534258E+2
-4.706000E-1	3.520249E-5	-3.520249E-5	-1.365332E-10	6.537939E+2
-4.117500E-1	3.046918E-5	-3.046918E-5	-1.181750E-10	6.541621E+2
-3.529500E-1	1.895941E-5	-1.895941E-5	-7.353426E-11	6.553369E+2
-2.941000E-1	1.160768E-5	-1.160768E-5	-4.502050E-11	6.560400E+2
-2.353000E-1	6.787819E-6	-6.787819E-6	-2.632662E-11	6.567432E+2
-1.764500E-1	4.559468E-6	-4.559468E-6	-1.768394E-11	6.574463E+2
-1.176500E-1	2.894509E-6	-2.894509E-6	-1.122638E-11	6.581494E+2
-5.880000E-2	9.690024E-7	-9.690024E-7	-3.758285E-12	6.588525E+2
0.000000E+0	3.826803E-8	-3.826803E-8	-1.484229E-13	6.595566E+2
0.000000E+0	2.577323E-8	-2.577323E-8	-9.996171E-14	6.602598E+2
5.880000E-2	6.230695E-7	6.230695E-7	2.416581E-12	6.609629E+2
1.176500E-1	1.792937E-6	1.792937E-6	6.953924E-12	6.616660E+2
1.764500E-1	3.749845E-6	3.749845E-6	1.454381E-11	6.623691E+2
2.353000E-1	5.806421E-6	5.806421E-6	2.252026E-11	6.630723E+2
2.941000E-1	9.192160E-6	9.192160E-6	3.565188E-11	6.637754E+2
3.529500E-1	1.439097E-5	1.439097E-5	5.581553E-11	6.644785E+2
4.117500E-1	2.054064E-5	2.054064E-5	7.966708E-11	6.651816E+2
4.706000E-1	2.673671E-5	2.673671E-5	1.036986E-10	6.662959E+2
5.294000E-1	3.695363E-5	3.695363E-5	1.433250E-10	6.666650E+2
5.882500E-1	4.707084E-5	4.707084E-5	1.825647E-10	6.670332E+2
6.470500E-1	6.067547E-5	6.067547E-5	2.353304E-10	6.674014E+2
7.059000E-1	7.660229E-5	7.660229E-5	2.971027E-10	6.677695E+2
7.647000E-1	9.413093E-5	9.413093E-5	3.650877E-10	6.681387E+2
8.235500E-1	1.098014E-4	1.098014E-4	4.258656E-10	6.685068E+2
8.823500E-1	1.347197E-4	1.347197E-4	5.225116E-10	6.688750E+2
9.412000E-1	1.479731E-4	1.479731E-4	5.739149E-10	6.692432E+2
1.000000E+0	1.763867E-4	1.763867E-4	6.841176E-10	6.696113E+2
1.000000E+0	1.832171E-4	1.832171E-4	7.106094E-10	6.699805E+2
9.412000E-1	1.580348E-4	1.580348E-4	6.129393E-10	6.703486E+2
8.823500E-1	1.351345E-4	1.351345E-4	5.241203E-10	6.707168E+2
8.235500E-1	1.137713E-4	1.137713E-4	4.412629E-10	6.710850E+2
7.647000E-1	9.272116E-5	9.272116E-5	3.596199E-10	6.714541E+2
7.059000E-1	7.326320E-5	7.326320E-5	2.841520E-10	6.718223E+2
6.470500E-1	5.838119E-5	5.838119E-5	2.264320E-10	6.721904E+2
5.882500E-1	4.770900E-5	4.770900E-5	1.850398E-10	6.725586E+2
5.294000E-1	3.711374E-5	3.711374E-5	1.439460E-10	6.729268E+2
4.706000E-1	2.681721E-5	2.681721E-5	1.040108E-10	6.732959E+2
4.117500E-1	1.821114E-5	1.821114E-5	7.063206E-11	6.744707E+2
3.529500E-1	1.306463E-5	1.306463E-5	5.067129E-11	6.751729E+2
2.941000E-1	8.368359E-6	8.368359E-6	3.245676E-11	6.758760E+2
2.353000E-1	4.931810E-6	4.931810E-6	1.912807E-11	6.765791E+2
1.764500E-1	2.627974E-6	2.627974E-6	1.019262E-11	6.772822E+2
1.176500E-1	1.389382E-6	1.389382E-6	5.388731E-12	6.779854E+2
5.880000E-2	6.284545E-7	6.284545E-7	2.437467E-12	6.786885E+2
0.000000E+0	1.753997E-8	1.753997E-8	6.802892E-14	6.793926E+2
-5.880000E-2	5.520796E-7	-5.520796E-7	-2.141246E-12	6.800957E+2
-1.176500E-1	1.718942E-6	-1.718942E-6	-6.666931E-12	6.807988E+2
-1.764500E-1	3.169491E-6	-3.169491E-6	-1.229290E-11	6.815020E+2
-2.353000E-1	6.556037E-6	-6.556037E-6	-2.542765E-11	6.822051E+2
-2.941000E-1	9.790088E-6	-9.790088E-6	-3.797095E-11	6.829082E+2
-3.529500E-1	1.855653E-5	-1.855653E-5	-7.197169E-11	6.836113E+2
-4.117500E-1	2.700973E-5	-2.700973E-5	-1.047575E-10	6.847256E+2
-4.706000E-1	3.746524E-5	-3.746524E-5	-1.453093E-10	6.850947E+2
-5.294000E-1	4.701004E-5	-4.701004E-5	-1.823289E-10	6.854629E+2
-5.882500E-1	6.390803E-5	-6.390803E-5	-2.478679E-10	6.858311E+2
-6.470500E-1	7.880063E-5	-7.880063E-5	-3.056290E-10	6.861992E+2
-7.059000E-1	9.478288E-5	-9.478288E-5	-3.676163E-10	6.865684E+2
-7.647000E-1	1.145200E-4	-1.145200E-4	-4.441671E-10	6.869365E+2
-8.235500E-1	1.371047E-4	-1.371047E-4	-5.317620E-10	6.873047E+2
-8.823500E-1	1.623679E-4	-1.623679E-4	-6.297453E-10	6.876729E+2
-9.412000E-1	1.942260E-4	-1.942260E-4	-7.533075E-10	6.880420E+2
-1.000000E+0	2.220140E-4	-2.220140E-4	-8.610835E-10	6.884102E+2
-1.000000E+0	2.143524E-4	-2.143524E-4	-8.313680E-10	6.887783E+2
-9.412000E-1	1.840747E-4	-1.840747E-4	-7.139355E-10	6.891465E+2
-8.823500E-1	1.611154E-4	-1.611154E-4	-6.248876E-10	6.895156E+2
-8.235500E-1	1.455137E-4	-1.455137E-4	-5.643764E-10	6.898838E+2
-7.647000E-1	1.230320E-4	-1.230320E-4	-4.771809E-10	6.902520E+2
-7.059000E-1	1.019858E-4	-1.019858E-4	-3.955529E-10	6.906201E+2
-6.470500E-1	8.275656E-5	-8.275656E-5	-3.209721E-10	6.909893E+2
-5.882500E-1	6.894507E-5	-6.894507E-5	-2.674041E-10	6.913574E+2
-5.294000E-1	5.234312E-5	-5.234312E-5	-2.030133E-10	6.917256E+2
-4.706000E-1	3.928463E-5	-3.928463E-5	-1.523658E-10	6.920938E+2
-4.117500E-1	2.878972E-5	-2.878972E-5	-1.116612E-10	6.924629E+2
-3.529500E-1	1.972714E-5	-1.972714E-5	-7.651188E-11	6.936377E+2
-2.941000E-1	1.139308E-5	-1.139308E-5	-4.418815E-11	6.943408E+2
-2.353000E-1	6.710753E-6	-6.710753E-6	-2.602772E-11	6.950439E+2
-1.764500E-1	3.097713E-6	-3.097713E-6	-1.201451E-11	6.957471E+2
-1.176500E-1	1.596802E-6	-1.596802E-6	-6.193213E-12	6.964502E+2
-5.880000E-2	6.394036E-7	-6.394036E-7	-2.479933E-12	6.971533E+2
0.000000E+0	2.564799E-8	-2.564799E-8	-9.947598E-14	6.978564E+2
0.000000E+0	2.069587E-8	-2.069587E-8	-8.026912E-14	6.985596E+2
5.880000E-2	5.823575E-7	5.823575E-7	2.258679E-12	6.992627E+2
1.176500E-1	1.505972E-6	1.505972E-6	5.840925E-12	6.999658E+2
1.764500E-1	2.796938E-6	2.796938E-6	1.084795E-11	7.006689E+2
2.353000E-1	5.606626E-6	5.606626E-6	2.174535E-11	7.013721E+2
2.941000E-1	8.941517E-6	8.941517E-6	3.467976E-11	7.020752E+2
3.529500E-1	1.441659E-5	1.441659E-5	5.591487E-11	7.027783E+2
4.117500E-1	1.964229E-5	1.964229E-5	7.618280E-11	7.034814E+2
4.706000E-1	2.954803E-5	2.954803E-5	1.146023E-10	7.045967E+2
5.294000E-1	3.966825E-5	3.966825E-5	1.538537E-10	7.049648E+2
5.882500E-1	5.224365E-5	5.224365E-5	2.026275E-10	7.053330E+2
6.470500E-1	6.473825E-5	6.473825E-5	2.510879E-10	7.057012E+2
7.059000E-1	8.183541E-5	8.183541E-5	3.173994E-10	7.060703E+2
7.647000E-1	9.412778E-5	9.412778E-5	3.650755E-10	7.064385E+2
8.235500E-1	1.196612E-4	1.196612E-4	4.641071E-10	7.068066E+2
8.823500E-1	1.410688E-4	1.410688E-4	5.471368E-10	7.071748E+2
9.412000E-1	1.522385E-4	1.522385E-4	5.904584E-10	7.075439E+2
1.000000E+0	2.005668E-4	2.005668E-4	7.779002E-10	7.079121E+2
1.000000E+0	1.871468E-4	1.871468E-4	7.258506E-10	7.082803E+2
9.412000E-1	1.538819E-4	1.538819E-4	5.968323E-10	7.086484E+2
8.823500E-1	1.378815E-4	1.378815E-4	5.347749E-10	7.090166E+2
8.235500E-1	1.146429E-4	1.146429E-4	4.446437E-10	7.093857E+2
7.647000E-1	9.292410E-5	9.292410E-5	3.604070E-10	7.097539E+2
7.059000E-1	8.165905E-5	8.165905E-5	3.167154E-10	7.101221E+2
6.470500E-1	6.591249E-5	6.591249E-5	2.556422E-10	7.104902E+2
5.882500E-1	4.983662E-5	4.983662E-5	1.932918E-10	7.108594E+2
5.294000E-1	3.881571E-5	3.881571E-5	1.505471E-10	7.112275E+2
4.706000E-1	2.907705E-5	2.907705E-5	1.127756E-10	7.115957E+2
4.117500E-1	2.385109E-5	2.385109E-5	9.250669E-11	7.127705E+2
3.529500E-1	1.851193E-5	1.851193E-5	7.179869E-11	7.134736E+2
2.941000E-1	1.178913E-5	1.178913E-5	4.572426E-11	7.141768E+2
2.353000E-1	6.665504E-6	6.665504E-6	2.585222E-11	7.148799E+2
1.764500E-1	3.917706E-6	3.917706E-6	1.519486E-11	7.155830E+2
1.176500E-1	2.374969E-6	2.374969E-6	9.211340E-12	7.162861E+2
5.880000E-2	8.350198E-7	8.350198E-7	3.238632E-12	7.169893E+2
0.000000E+0	3.158053E-8	3.158053E-8	1.224854E-13	7.176934E+2
-5.880000E-2	4.940566E-7	-4.940566E-7	-1.916203E-12	7.183965E+2
-1.176500E-1	1.487151E-6	-1.487151E-6	-5.767928E-12	7.190986E+2
-1.764500E-1	2.753220E-6	-2.753220E-6	-1.067839E-11	7.198018E+2
-2.353000E-1	6.288790E-6	-6.288790E-6	-2.439113E-11	7.205049E+2
-2.941000E-1	9.330280E-6	-9.330280E-6	-3.618758E-11	7.212080E+2
-3.529500E-1	1.554441E-5	-1.554441E-5	-6.028913E-11	7.219111E+2
-4.117500E-1	2.201425E-5	-2.201425E-5	-8.538248E-11	7.226143E+2
-4.706000E-1	2.965193E-5	-2.965193E-5	-1.150053E-10	7.237295E+2
-5.294000E-1	4.508304E-5	-4.508304E-5	-1.748550E-10	7.240977E+2
-5.882500E-1	6.185923E-5	-6.185923E-5	-2.399216E-10	7.244668E+2
-6.470500E-1	7.690645E-5	-7.690645E-5	-2.982824E-10	7.248350E+2
-7.059000E-1	9.271747E-5	-9.271747E-5	-3.596056E-10	7.252031E+2
-7.647000E-1	1.134960E-4	-1.134960E-4	-4.401952E-10	7.255713E+2
-8.235500E-1	1.308382E-4	-1.308382E-4	-5.074572E-10	7.259404E+2
-8.823500E-1	1.566624E-4	-1.566624E-4	-6.076167E-10	7.263086E+2
-9.412000E-1	1.710209E-4	-1.710209E-4	-6.633060E-10	7.266768E+2
-1.000000E+0	2.010440E-4	-2.010440E-4	-7.797510E-10	7.270449E+2
-1.000000E+0	2.017484E-4	-2.017484E-4	-7.824831E-10	7.274141E+2
-9.412000E-1	1.769185E-4	-1.769185E-4	-6.861799E-10	7.277822E+2
-8.823500E-1	1.542235E-4	-1.542235E-4	-5.981574E-10	7.281504E+2
-8.235500E-1	1.300570E-4	-1.300570E-4	-5.044274E-10	7.285195E+2
-7.647000E-1	1.064426E-4	-1.064426E-4	-4.128388E-10	7.288877E+2
-7.059000E-1	9.240937E-5	-9.240937E-5	-3.584106E-10	7.292559E+2
-6.470500E-1	7.185286E-5	-7.185286E-5	-2.786820E-10	7.296240E+2
-5.882500E-1	5.849002E-5	-5.849002E-5	-2.268541E-10	7.299932E+2
-5.294000E-1	4.417896E-5	-4.417896E-5	-1.713485E-10	7.303613E+2
-4.706000E-1	3.296346E-5	-3.296346E-5	-1.278491E-10	7.307295E+2
-4.117500E-1	2.062947E-5	-2.062947E-5	-8.001161E-11	7.319043E+2
-3.529500E-1	1.620481E-5	-1.620481E-5	-6.285052E-11	7.326074E+2
-2.941000E-1	1.074680E-5	-1.074680E-5	-4.168156E-11	7.333105E+2
-2.353000E-1	6.641943E-6	-6.641943E-6	-2.576084E-11	7.340137E+2
-1.764500E-1	3.420786E-6	-3.420786E-6	-1.326755E-11	7.347168E+2
-1.176500E-1	1.768702E-6	-1.768702E-6	-6.859929E-12	7.354199E+2
-5.880000E-2	7.663913E-7	-7.663913E-7	-2.972456E-12	7.361230E+2
0.000000E+0	2.856059E-8	-2.856059E-8	-1.107725E-13	7.368271E+2
0.000000E+0	1.879946E-8	-1.879946E-8	-7.291390E-14	7.375303E+2
5.880000E-2	5.951995E-7	5.951995E-7	2.308487E-12	7.382334E+2
1.176500E-1	1.643722E-6	1.643722E-6	6.375192E-12	7.389365E+2
1.764500E-1	3.974545E-6	3.974545E-6	1.541531E-11	7.396396E+2
2.353000E-1	6.031557E-6	6.031557E-6	2.339345E-11	7.403428E+2
2.941000E-1	9.482684E-6	9.482684E-6	3.677868E-11	7.410449E+2
3.529500E-1	1.569433E-5	1.569433E-5	6.087062E-11	7.417480E+2
4.117500E-1	2.400878E-5	2.400878E-5	9.311830E-11	7.424512E+2
4.706000E-1	2.671408E-5	2.671408E-5	1.036108E-10	7.435664E+2
5.294000E-1	4.577150E-5	4.577150E-5	1.775252E-10	7.439346E+2
5.882500E-1	5.030141E-5	5.030141E-5	1.950945E-10	7.443037E+2
6.470500E-1	6.416888E-5	6.416888E-5	2.488796E-10	7.446719E+2
7.059000E-1	8.047511E-5	8.047511E-5	3.121235E-10	7.450400E+2
7.647000E-1	9.928745E-5	9.928745E-5	3.850873E-10	7.454082E+2
8.235500E-1	1.148624E-4	1.148624E-4	4.454950E-10	7.457773E+2
8.823500E-1	1.358205E-4	1.358205E-4	5.267811E-10	7.461455E+2
9.412000E-1	1.593149E-4	1.593149E-4	6.179044E-10	7.465137E+2
1.000000E+0	1.859806E-4	1.859806E-4	7.213274E-10	7.468818E+2
1.000000E+0	1.923986E-4	1.923986E-4	7.462200E-10	7.472500E+2
9.412000E-1	1.726457E-4	1.726457E-4	6.696079E-10	7.476191E+2
8.823500E-1	1.432437E-4	1.432437E-4	5.555721E-10	7.479873E+2
8.235500E-1	1.188703E-4	1.188703E-4	4.610396E-10	7.483555E+2
7.647000E-1	9.639538E-5	9.639538E-5	3.738704E-10	7.487236E+2
7.059000E-1	8.945347E-5	8.945347E-5	3.469461E-10	7.490918E+2
6.470500E-1	7.556663E-5	7.556663E-5	2.930859E-10	7.494609E+2
5.882500E-1	5.455274E-5	5.455274E-5	2.115833E-10	7.498291E+2
5.294000E-1	4.702624E-5	4.702624E-5	1.823917E-10	7.501973E+2
4.706000E-1	3.358068E-5	3.358068E-5	1.302430E-10	7.505654E+2
4.117500E-1	2.363190E-5	2.363190E-5	9.165653E-11	7.517402E+2
3.529500E-1	1.436220E-5	1.436220E-5	5.570394E-11	7.524434E+2
2.941000E-1	9.781900E-6	9.781900E-6	3.793919E-11	7.531465E+2
2.353000E-1	6.711413E-6	6.711413E-6	2.603028E-11	7.538496E+2
1.764500E-1	3.593690E-6	3.593690E-6	1.393816E-11	7.545527E+2
1.176500E-1	1.711245E-6	1.711245E-6	6.637080E-12	7.552559E+2
5.880000E-2	7.692716E-7	7.692716E-7	2.983627E-12	7.559590E+2
0.000000E+0	2.624196E-8	2.624196E-8	1.017797E-13	7.566631E+2
-5.880000E-2	6.728304E-7	-6.728304E-7	-2.609579E-12	7.573662E+2
-1.176500E-1	1.492650E-6	-1.492650E-6	-5.789258E-12	7.580693E+2
-1.764500E-1	2.712447E-6	-2.712447E-6	-1.052025E-11	7.587725E+2
-2.353000E-1	5.643163E-6	-5.643163E-6	-2.188706E-11	7.594756E+2
-2.941000E-1	9.544607E-6	-9.544607E-6	-3.701885E-11	7.601787E+2
-3.529500E-1	1.400078E-5	-1.400078E-5	-5.430215E-11	7.608818E+2
-4.117500E-1	2.051635E-5	-2.051635E-5	-7.957286E-11	7.615850E+2
-4.706000E-1	3.013168E-5	-3.013168E-5	-1.168660E-10	7.626992E+2
-5.294000E-1	4.818859E-5	-4.818859E-5	-1.868999E-10	7.630684E+2
-5.882500E-1	6.191162E-5	-6.191162E-5	-2.401248E-10	7.634365E+2
-6.470500E-1	7.566375E-5	-7.566375E-5	-2.934626E-10	7.638047E+2
-7.059000E-1	9.352252E-5	-9.352252E-5	-3.627280E-10	7.641729E+2
-7.647000E-1	1.095389E-4	-1.095389E-4	-4.248476E-10	7.645420E+2
-8.235500E-1	1.319107E-4	-1.319107E-4	-5.116171E-10	7.649102E+2
-8.823500E-1	1.476559E-4	-1.476559E-4	-5.726847E-10	7.652783E+2
-9.412000E-1	1.727119E-4	-1.727119E-4	-6.698647E-10	7.656465E+2
-1.000000E+0	2.049591E-4	-2.049591E-4	-7.949358E-10	7.660156E+2
-1.000000E+0	2.043423E-4	-2.043423E-4	-7.925435E-10	7.663838E+2
-9.412000E-1	1.741639E-4	-1.741639E-4	-6.754964E-10	7.667520E+2
-8.823500E-1	1.576427E-4	-1.576427E-4	-6.114188E-10	7.671201E+2
-8.235500E-1	1.355389E-4	-1.355389E-4	-5.256889E-10	7.674893E+2
-7.647000E-1	1.123850E-4	-1.123850E-4	-4.358861E-10	7.678574E+2
-7.059000E-1	8.544342E-5	-8.544342E-5	-3.313931E-10	7.682256E+2
-6.470500E-1	6.646726E-5	-6.646726E-5	-2.577939E-10	7.685947E+2
-5.882500E-1	4.743980E-5	-4.743980E-5	-1.839957E-10	7.689629E+2
-5.294000E-1	3.843533E-5	-3.843533E-5	-1.490718E-10	7.693311E+2
-4.706000E-1	2.866454E-5	-2.866454E-5	-1.111757E-10	7.696992E+2
-4.117500E-1	1.942944E-5	-1.942944E-5	-7.535725E-11	7.708740E+2
-3.529500E-1	1.422470E-5	-1.422470E-5	-5.517065E-11	7.715771E+2
-2.941000E-1	8.978158E-6	-8.978158E-6	-3.482187E-11	7.722803E+2
-2.353000E-1	5.320173E-6	-5.320173E-6	-2.063434E-11	7.729834E+2
-1.764500E-1	3.303403E-6	-3.303403E-6	-1.281228E-11	7.736865E+2
-1.176500E-1	1.874375E-6	-1.874375E-6	-7.269782E-12	7.743896E+2
-5.880000E-2	6.117340E-7	-6.117340E-7	-2.372616E-12	7.750928E+2
0.000000E+0	2.488943E-8	-2.488943E-8	-9.653389E-14	7.757969E+2
