voltage_5_2_21_500mv_500ms	absJ_5_2_21_500mv_500ms	J_5_2_21_500mv_500ms	current_5_2_21_500mv_500ms	time_5_2_21_500mv_500ms	
0.000000E+0	1.339829E-8	1.339829E-8	2.078615E-13	0.000000E+0
5.000000E-2	4.994882E-8	4.994882E-8	7.749079E-13	1.002930E+0
1.000000E-1	4.261206E-7	4.261206E-7	6.610851E-12	2.005859E+0
1.500000E-1	1.168678E-7	1.168678E-7	1.813091E-12	3.007813E+0
2.000000E-1	2.692001E-7	2.692001E-7	4.176381E-12	4.010742E+0
2.500000E-1	4.525674E-7	4.525674E-7	7.021148E-12	5.013672E+0
3.000000E-1	7.805769E-8	-7.805769E-8	-1.210990E-12	6.016602E+0
3.500000E-1	6.732599E-7	6.732599E-7	1.044498E-11	7.018555E+0
4.000000E-1	4.520736E-7	4.520736E-7	7.013487E-12	8.021484E+0
4.500000E-1	1.361669E-6	1.361669E-6	2.112498E-11	9.024414E+0
5.000000E-1	1.925169E-6	1.925169E-6	2.986715E-11	1.002637E+1
5.000000E-1	2.157287E-6	2.157287E-6	3.346824E-11	1.102930E+1
4.500000E-1	1.520995E-6	1.520995E-6	2.359677E-11	1.203223E+1
4.000000E-1	1.003435E-6	1.003435E-6	1.556733E-11	1.303418E+1
3.500000E-1	8.974627E-7	8.974627E-7	1.392327E-11	1.403711E+1
3.000000E-1	6.698327E-7	6.698327E-7	1.039181E-11	1.504004E+1
2.500000E-1	3.916883E-7	3.916883E-7	6.076667E-12	1.604199E+1
2.000000E-1	2.616181E-7	2.616181E-7	4.058753E-12	1.704492E+1
1.500000E-1	1.621114E-7	1.621114E-7	2.515002E-12	1.804785E+1
1.000000E-1	9.063385E-8	9.063385E-8	1.406097E-12	1.904980E+1
5.000000E-2	3.674286E-8	3.674286E-8	5.700301E-13	2.005273E+1
0.000000E+0	5.653436E-9	-5.653436E-9	-8.770762E-14	2.105566E+1
-5.000000E-2	4.025479E-8	-4.025479E-8	-6.245143E-13	2.205859E+1
-1.000000E-1	7.847274E-8	-7.847274E-8	-1.217429E-12	2.306055E+1
-1.500000E-1	1.385942E-7	-1.385942E-7	-2.150155E-12	2.406348E+1
-2.000000E-1	2.143699E-7	-2.143699E-7	-3.325742E-12	2.506641E+1
-2.500000E-1	3.301786E-7	-3.301786E-7	-5.122403E-12	2.606934E+1
-3.000000E-1	5.264664E-7	-5.264664E-7	-8.167619E-12	2.707129E+1
-3.500000E-1	7.670782E-7	-7.670782E-7	-1.190048E-11	2.807422E+1
-4.000000E-1	1.093018E-6	-1.093018E-6	-1.695712E-11	2.907715E+1
-4.500000E-1	1.403498E-6	-1.403498E-6	-2.177392E-11	3.007910E+1
-5.000000E-1	1.856515E-6	-1.856515E-6	-2.880204E-11	3.108203E+1
-5.000000E-1	1.817828E-6	-1.817828E-6	-2.820186E-11	3.208496E+1
-4.500000E-1	1.295724E-6	-1.295724E-6	-2.010191E-11	3.308691E+1
-4.000000E-1	9.418966E-7	-9.418966E-7	-1.461262E-11	3.408984E+1
-3.500000E-1	6.387703E-7	-6.387703E-7	-9.909906E-12	3.509277E+1
-3.000000E-1	5.036728E-7	-5.036728E-7	-7.813999E-12	3.609473E+1
-2.500000E-1	2.777617E-7	-2.777617E-7	-4.309206E-12	3.709766E+1
-2.000000E-1	1.699904E-7	-1.699904E-7	-2.637238E-12	3.810059E+1
-1.500000E-1	8.400631E-8	-8.400631E-8	-1.303277E-12	3.910352E+1
-1.000000E-1	3.468186E-8	-3.468186E-8	-5.380557E-13	4.010547E+1
-5.000000E-2	5.987991E-9	-5.987991E-9	-9.289791E-14	4.110840E+1
0.000000E+0	2.778145E-8	2.778145E-8	4.310025E-13	4.211133E+1
0.000000E+0	2.380436E-8	2.380436E-8	3.693018E-13	4.311426E+1
5.000000E-2	6.049982E-8	6.049982E-8	9.385964E-13	4.411621E+1
1.000000E-1	9.956937E-8	9.956937E-8	1.544723E-12	4.511914E+1
1.500000E-1	1.543075E-7	1.543075E-7	2.393932E-12	4.612207E+1
2.000000E-1	2.554378E-7	2.554378E-7	3.962872E-12	4.712402E+1
2.500000E-1	4.012589E-7	4.012589E-7	6.225145E-12	4.812695E+1
3.000000E-1	5.646226E-7	5.646226E-7	8.759576E-12	4.912988E+1
3.500000E-1	7.802218E-7	7.802218E-7	1.210439E-11	5.013184E+1
4.000000E-1	1.112687E-6	1.112687E-6	1.726227E-11	5.113477E+1
4.500000E-1	1.620020E-6	1.620020E-6	2.513305E-11	5.213770E+1
5.000000E-1	2.252552E-6	2.252552E-6	3.494618E-11	5.313965E+1
5.000000E-1	2.266151E-6	2.266151E-6	3.515716E-11	5.414258E+1
4.500000E-1	1.771128E-6	1.771128E-6	2.747735E-11	5.514551E+1
4.000000E-1	1.411850E-6	1.411850E-6	2.190349E-11	5.614746E+1
3.500000E-1	1.048307E-6	1.048307E-6	1.626347E-11	5.715039E+1
3.000000E-1	7.501606E-7	7.501606E-7	1.163802E-11	5.815332E+1
2.500000E-1	5.172939E-7	5.172939E-7	8.025317E-12	5.915527E+1
2.000000E-1	2.949224E-7	2.949224E-7	4.575437E-12	6.015820E+1
1.500000E-1	1.941901E-7	1.941901E-7	3.012673E-12	6.116113E+1
1.000000E-1	9.361180E-8	9.361180E-8	1.452297E-12	6.216309E+1
5.000000E-2	3.533040E-8	3.533040E-8	5.481171E-13	6.316602E+1
0.000000E+0	5.172178E-9	-5.172178E-9	-8.024137E-14	6.416895E+1
-5.000000E-2	4.768387E-8	-4.768387E-8	-7.397694E-13	6.517188E+1
-1.000000E-1	8.861671E-8	-8.861671E-8	-1.374803E-12	6.617383E+1
-1.500000E-1	1.753612E-7	-1.753612E-7	-2.720560E-12	6.717676E+1
-2.000000E-1	2.841862E-7	-2.841862E-7	-4.408876E-12	6.817969E+1
-2.500000E-1	4.491181E-7	-4.491181E-7	-6.967635E-12	6.918164E+1
-3.000000E-1	6.581974E-7	-6.581974E-7	-1.021130E-11	7.018457E+1
-3.500000E-1	8.437681E-7	-8.437681E-7	-1.309025E-11	7.118750E+1
-4.000000E-1	1.135154E-6	-1.135154E-6	-1.761082E-11	7.218945E+1
-4.500000E-1	1.523268E-6	-1.523268E-6	-2.363203E-11	7.319238E+1
-5.000000E-1	1.988182E-6	-1.988182E-6	-3.084473E-11	7.419531E+1
-5.000000E-1	1.981141E-6	-1.981141E-6	-3.073550E-11	7.519727E+1
-4.500000E-1	1.524775E-6	-1.524775E-6	-2.365541E-11	7.620020E+1
-4.000000E-1	1.096313E-6	-1.096313E-6	-1.700824E-11	7.720312E+1
-3.500000E-1	7.995675E-7	-7.995675E-7	-1.240452E-11	7.820605E+1
-3.000000E-1	5.352811E-7	-5.352811E-7	-8.304371E-12	7.920801E+1
-2.500000E-1	3.624657E-7	-3.624657E-7	-5.623307E-12	8.021094E+1
-2.000000E-1	2.377359E-7	-2.377359E-7	-3.688244E-12	8.121387E+1
-1.500000E-1	1.387731E-7	-1.387731E-7	-2.152931E-12	8.221582E+1
-1.000000E-1	6.391961E-8	-6.391961E-8	-9.916512E-13	8.321875E+1
-5.000000E-2	1.382855E-8	-1.382855E-8	-2.145367E-13	8.422070E+1
0.000000E+0	2.795230E-8	2.795230E-8	4.336531E-13	8.522363E+1
0.000000E+0	2.375248E-8	2.375248E-8	3.684969E-13	8.622656E+1
5.000000E-2	6.464236E-8	6.464236E-8	1.002864E-12	8.722949E+1
1.000000E-1	1.113307E-7	1.113307E-7	1.727188E-12	8.823242E+1
1.500000E-1	1.840614E-7	1.840614E-7	2.855535E-12	8.923438E+1
2.000000E-1	3.029231E-7	3.029231E-7	4.699560E-12	9.023730E+1
2.500000E-1	4.735289E-7	4.735289E-7	7.346346E-12	9.124023E+1
3.000000E-1	6.633321E-7	6.633321E-7	1.029096E-11	9.224219E+1
3.500000E-1	9.315905E-7	9.315905E-7	1.445273E-11	9.324512E+1
4.000000E-1	1.353825E-6	1.353825E-6	2.100329E-11	9.424707E+1
4.500000E-1	1.636707E-6	1.636707E-6	2.539194E-11	9.525000E+1
5.000000E-1	2.360114E-6	2.360114E-6	3.661489E-11	9.625293E+1
5.000000E-1	2.260666E-6	2.260666E-6	3.507206E-11	9.725488E+1
4.500000E-1	1.778682E-6	1.778682E-6	2.759454E-11	9.825781E+1
4.000000E-1	1.296089E-6	1.296089E-6	2.010758E-11	9.926074E+1
3.500000E-1	1.016968E-6	1.016968E-6	1.577728E-11	1.002627E+2
3.000000E-1	6.868573E-7	6.868573E-7	1.065593E-11	1.012656E+2
2.500000E-1	4.858252E-7	4.858252E-7	7.537110E-12	1.022686E+2
2.000000E-1	3.462658E-7	3.462658E-7	5.371981E-12	1.032705E+2
1.500000E-1	1.742216E-7	1.742216E-7	2.702880E-12	1.042734E+2
1.000000E-1	8.731157E-8	8.731157E-8	1.354555E-12	1.052764E+2
5.000000E-2	3.322199E-8	3.322199E-8	5.154072E-13	1.062783E+2
0.000000E+0	5.081831E-9	-5.081831E-9	-7.883971E-14	1.072812E+2
-5.000000E-2	4.619716E-8	-4.619716E-8	-7.167045E-13	1.082842E+2
-1.000000E-1	1.015731E-7	-1.015731E-7	-1.575809E-12	1.092871E+2
-1.500000E-1	1.732116E-7	-1.732116E-7	-2.687212E-12	1.102891E+2
-2.000000E-1	2.771275E-7	-2.771275E-7	-4.299366E-12	1.112920E+2
-2.500000E-1	4.256447E-7	-4.256447E-7	-6.603468E-12	1.122949E+2
-3.000000E-1	6.057218E-7	-6.057218E-7	-9.397191E-12	1.132969E+2
-3.500000E-1	8.749843E-7	-8.749843E-7	-1.357454E-11	1.142998E+2
-4.000000E-1	1.258279E-6	-1.258279E-6	-1.952098E-11	1.153027E+2
-4.500000E-1	1.628040E-6	-1.628040E-6	-2.525748E-11	1.163047E+2
-5.000000E-1	2.150675E-6	-2.150675E-6	-3.336566E-11	1.173076E+2
-5.000000E-1	1.984674E-6	-1.984674E-6	-3.079031E-11	1.183105E+2
-4.500000E-1	1.481701E-6	-1.481701E-6	-2.298717E-11	1.193125E+2
-4.000000E-1	1.021955E-6	-1.021955E-6	-1.585465E-11	1.203154E+2
-3.500000E-1	7.158601E-7	-7.158601E-7	-1.110588E-11	1.213184E+2
-3.000000E-1	4.796923E-7	-4.796923E-7	-7.441964E-12	1.223203E+2
-2.500000E-1	3.108871E-7	-3.108871E-7	-4.823114E-12	1.233232E+2
-2.000000E-1	2.098731E-7	-2.098731E-7	-3.255979E-12	1.243262E+2
-1.500000E-1	1.023603E-7	-1.023603E-7	-1.588021E-12	1.253291E+2
-1.000000E-1	4.158943E-8	-4.158943E-8	-6.452200E-13	1.263311E+2
-5.000000E-2	1.240714E-8	-1.240714E-8	-1.924849E-13	1.273340E+2
0.000000E+0	2.876722E-8	2.876722E-8	4.462958E-13	1.283369E+2
0.000000E+0	2.437418E-8	2.437418E-8	3.781420E-13	1.293398E+2
5.000000E-2	8.040763E-8	8.040763E-8	1.247447E-12	1.303428E+2
1.000000E-1	1.493366E-7	1.493366E-7	2.316813E-12	1.313447E+2
1.500000E-1	2.035174E-7	2.035174E-7	3.157377E-12	1.323477E+2
2.000000E-1	3.289718E-7	3.289718E-7	5.103681E-12	1.333506E+2
2.500000E-1	4.198821E-7	4.198821E-7	6.514067E-12	1.343525E+2
3.000000E-1	5.879699E-7	5.879699E-7	9.121787E-12	1.353555E+2
3.500000E-1	7.841118E-7	7.841118E-7	1.216474E-11	1.363584E+2
4.000000E-1	1.100762E-6	1.100762E-6	1.707727E-11	1.373604E+2
4.500000E-1	1.603844E-6	1.603844E-6	2.488210E-11	1.383633E+2
5.000000E-1	2.377313E-6	2.377313E-6	3.688172E-11	1.393662E+2
5.000000E-1	2.423064E-6	2.423064E-6	3.759151E-11	1.403691E+2
4.500000E-1	2.050999E-6	2.050999E-6	3.181928E-11	1.413711E+2
4.000000E-1	1.291660E-6	1.291660E-6	2.003886E-11	1.423740E+2
3.500000E-1	8.322804E-7	8.322804E-7	1.291203E-11	1.433770E+2
3.000000E-1	6.616034E-7	6.616034E-7	1.026414E-11	1.443789E+2
2.500000E-1	4.082630E-7	4.082630E-7	6.333808E-12	1.453818E+2
2.000000E-1	2.729322E-7	2.729322E-7	4.234280E-12	1.463848E+2
1.500000E-1	1.694215E-7	1.694215E-7	2.628411E-12	1.473867E+2
1.000000E-1	9.053549E-8	9.053549E-8	1.404571E-12	1.483896E+2
5.000000E-2	3.455752E-8	3.455752E-8	5.361267E-13	1.493926E+2
0.000000E+0	5.443221E-9	-5.443221E-9	-8.444634E-14	1.503945E+2
-5.000000E-2	4.898452E-8	-4.898452E-8	-7.599477E-13	1.513975E+2
-1.000000E-1	9.123408E-8	-9.123408E-8	-1.415409E-12	1.524004E+2
-1.500000E-1	1.452996E-7	-1.452996E-7	-2.254183E-12	1.534033E+2
-2.000000E-1	2.986025E-7	-2.986025E-7	-4.632530E-12	1.544053E+2
-2.500000E-1	4.375482E-7	-4.375482E-7	-6.788139E-12	1.554082E+2
-3.000000E-1	6.078544E-7	-6.078544E-7	-9.430276E-12	1.564111E+2
-3.500000E-1	8.712670E-7	-8.712670E-7	-1.351687E-11	1.574131E+2
-4.000000E-1	1.129645E-6	-1.129645E-6	-1.752536E-11	1.584160E+2
-4.500000E-1	1.474430E-6	-1.474430E-6	-2.287436E-11	1.594189E+2
-5.000000E-1	2.030177E-6	-2.030177E-6	-3.149624E-11	1.604209E+2
-5.000000E-1	2.051642E-6	-2.051642E-6	-3.182925E-11	1.614238E+2
-4.500000E-1	1.442228E-6	-1.442228E-6	-2.237478E-11	1.624268E+2
-4.000000E-1	1.122246E-6	-1.122246E-6	-1.741056E-11	1.634287E+2
-3.500000E-1	8.287339E-7	-8.287339E-7	-1.285701E-11	1.644316E+2
-3.000000E-1	5.162347E-7	-5.162347E-7	-8.008885E-12	1.654346E+2
-2.500000E-1	3.199738E-7	-3.199738E-7	-4.964085E-12	1.664365E+2
-2.000000E-1	2.286815E-7	-2.286815E-7	-3.547773E-12	1.674395E+2
-1.500000E-1	1.248023E-7	-1.248023E-7	-1.936187E-12	1.684424E+2
-1.000000E-1	6.561386E-8	-6.561386E-8	-1.017936E-12	1.694443E+2
-5.000000E-2	8.686791E-9	-8.686791E-9	-1.347672E-13	1.704473E+2
0.000000E+0	2.894524E-8	2.894524E-8	4.490575E-13	1.714502E+2
0.000000E+0	2.460408E-8	2.460408E-8	3.817086E-13	1.724531E+2
5.000000E-2	6.018762E-8	6.018762E-8	9.337531E-13	1.734551E+2
1.000000E-1	1.096856E-7	1.096856E-7	1.701667E-12	1.744580E+2
1.500000E-1	1.714601E-7	1.714601E-7	2.660039E-12	1.754609E+2
2.000000E-1	2.681034E-7	2.681034E-7	4.159367E-12	1.764629E+2
2.500000E-1	4.191746E-7	4.191746E-7	6.503090E-12	1.774658E+2
3.000000E-1	6.159928E-7	6.159928E-7	9.556536E-12	1.784688E+2
3.500000E-1	8.791457E-7	8.791457E-7	1.363910E-11	1.794717E+2
4.000000E-1	1.159197E-6	1.159197E-6	1.798383E-11	1.804736E+2
4.500000E-1	1.523718E-6	1.523718E-6	2.363902E-11	1.814766E+2
5.000000E-1	2.084727E-6	2.084727E-6	3.234254E-11	1.824795E+2
5.000000E-1	2.291447E-6	2.291447E-6	3.554959E-11	1.834814E+2
4.500000E-1	1.704536E-6	1.704536E-6	2.644424E-11	1.844844E+2
4.000000E-1	1.182581E-6	1.182581E-6	1.834660E-11	1.854873E+2
3.500000E-1	9.172190E-7	9.172190E-7	1.422977E-11	1.864893E+2
3.000000E-1	6.867761E-7	6.867761E-7	1.065467E-11	1.874922E+2
2.500000E-1	4.331695E-7	4.331695E-7	6.720208E-12	1.884951E+2
2.000000E-1	2.306477E-7	2.306477E-7	3.578277E-12	1.894971E+2
1.500000E-1	1.484653E-7	1.484653E-7	2.303296E-12	1.905000E+2
1.000000E-1	7.798344E-8	7.798344E-8	1.209838E-12	1.915029E+2
5.000000E-2	3.266649E-8	3.266649E-8	5.067891E-13	1.925049E+2
0.000000E+0	5.402967E-9	-5.402967E-9	-8.382184E-14	1.935078E+2
-5.000000E-2	4.627409E-8	-4.627409E-8	-7.178980E-13	1.945107E+2
-1.000000E-1	1.067810E-7	-1.067810E-7	-1.656605E-12	1.955137E+2
-1.500000E-1	1.837143E-7	-1.837143E-7	-2.850151E-12	1.965166E+2
-2.000000E-1	3.096490E-7	-3.096490E-7	-4.803907E-12	1.975186E+2
-2.500000E-1	4.617811E-7	-4.617811E-7	-7.164089E-12	1.985215E+2
-3.000000E-1	6.593364E-7	-6.593364E-7	-1.022897E-11	1.995234E+2
-3.500000E-1	9.398185E-7	-9.398185E-7	-1.458038E-11	2.005264E+2
-4.000000E-1	1.334911E-6	-1.334911E-6	-2.070986E-11	2.015293E+2
-4.500000E-1	1.733571E-6	-1.733571E-6	-2.689469E-11	2.025313E+2
-5.000000E-1	2.251416E-6	-2.251416E-6	-3.492855E-11	2.035342E+2
-5.000000E-1	2.128215E-6	-2.128215E-6	-3.301721E-11	2.045371E+2
-4.500000E-1	1.557093E-6	-1.557093E-6	-2.415680E-11	2.055400E+2
-4.000000E-1	1.208221E-6	-1.208221E-6	-1.874438E-11	2.065420E+2
-3.500000E-1	8.403493E-7	-8.403493E-7	-1.303721E-11	2.075449E+2
-3.000000E-1	6.064723E-7	-6.064723E-7	-9.408835E-12	2.085479E+2
-2.500000E-1	4.105423E-7	-4.105423E-7	-6.369169E-12	2.095498E+2
-2.000000E-1	2.365954E-7	-2.365954E-7	-3.670550E-12	2.105527E+2
-1.500000E-1	1.439095E-7	-1.439095E-7	-2.232617E-12	2.115557E+2
-1.000000E-1	6.476940E-8	-6.476940E-8	-1.004835E-12	2.125576E+2
-5.000000E-2	1.175771E-8	-1.175771E-8	-1.824096E-13	2.135605E+2
0.000000E+0	2.831280E-8	2.831280E-8	4.392459E-13	2.145635E+2
0.000000E+0	2.409330E-8	2.409330E-8	3.737843E-13	2.155664E+2
5.000000E-2	6.452344E-8	6.452344E-8	1.001019E-12	2.165693E+2
1.000000E-1	1.232655E-7	1.232655E-7	1.912345E-12	2.175713E+2
1.500000E-1	1.967521E-7	1.967521E-7	3.052419E-12	2.185742E+2
2.000000E-1	3.273178E-7	3.273178E-7	5.078021E-12	2.195771E+2
2.500000E-1	5.307458E-7	5.307458E-7	8.234011E-12	2.205791E+2
3.000000E-1	7.813530E-7	7.813530E-7	1.212194E-11	2.215820E+2
3.500000E-1	1.155056E-6	1.155056E-6	1.791958E-11	2.225850E+2
4.000000E-1	1.644507E-6	1.644507E-6	2.551295E-11	2.235869E+2
4.500000E-1	2.012886E-6	2.012886E-6	3.122799E-11	2.245898E+2
5.000000E-1	2.737802E-6	2.737802E-6	4.247436E-11	2.255928E+2
5.000000E-1	3.094406E-6	3.094406E-6	4.800673E-11	2.265947E+2
4.500000E-1	2.485580E-6	2.485580E-6	3.856138E-11	2.275977E+2
4.000000E-1	1.760016E-6	1.760016E-6	2.730496E-11	2.286006E+2
3.500000E-1	1.260723E-6	1.260723E-6	1.955890E-11	2.296025E+2
3.000000E-1	9.597869E-7	9.597869E-7	1.489017E-11	2.306055E+2
2.500000E-1	6.070493E-7	6.070493E-7	9.417786E-12	2.316084E+2
2.000000E-1	3.783249E-7	3.783249E-7	5.869347E-12	2.326104E+2
1.500000E-1	2.242813E-7	2.242813E-7	3.479508E-12	2.336133E+2
1.000000E-1	1.149839E-7	1.149839E-7	1.783865E-12	2.346152E+2
5.000000E-2	5.339366E-8	5.339366E-8	8.283513E-13	2.356182E+2
0.000000E+0	4.359944E-9	-4.359944E-9	-6.764034E-14	2.366211E+2
-5.000000E-2	5.502171E-8	-5.502171E-8	-8.536089E-13	2.376240E+2
-1.000000E-1	1.138085E-7	-1.138085E-7	-1.765629E-12	2.386260E+2
-1.500000E-1	2.039808E-7	-2.039808E-7	-3.164566E-12	2.396289E+2
-2.000000E-1	3.519103E-7	-3.519103E-7	-5.459549E-12	2.406318E+2
-2.500000E-1	5.618782E-7	-5.618782E-7	-8.716999E-12	2.416338E+2
-3.000000E-1	7.671291E-7	-7.671291E-7	-1.190127E-11	2.426367E+2
-3.500000E-1	1.087688E-6	-1.087688E-6	-1.687443E-11	2.436396E+2
-4.000000E-1	1.554608E-6	-1.554608E-6	-2.411825E-11	2.446416E+2
-4.500000E-1	1.974512E-6	-1.974512E-6	-3.063265E-11	2.456445E+2
-5.000000E-1	2.584970E-6	-2.584970E-6	-4.010332E-11	2.466475E+2
-5.000000E-1	2.457788E-6	-2.457788E-6	-3.813022E-11	2.476494E+2
-4.500000E-1	1.769406E-6	-1.769406E-6	-2.745063E-11	2.486523E+2
-4.000000E-1	1.266502E-6	-1.266502E-6	-1.964856E-11	2.496553E+2
-3.500000E-1	9.280118E-7	-9.280118E-7	-1.439721E-11	2.506572E+2
-3.000000E-1	6.359829E-7	-6.359829E-7	-9.866663E-12	2.516602E+2
-2.500000E-1	4.537500E-7	-4.537500E-7	-7.039494E-12	2.526631E+2
-2.000000E-1	3.048973E-7	-3.048973E-7	-4.730188E-12	2.536650E+2
-1.500000E-1	1.596371E-7	-1.596371E-7	-2.476616E-12	2.546680E+2
-1.000000E-1	7.316638E-8	-7.316638E-8	-1.135106E-12	2.556709E+2
-5.000000E-2	1.786736E-8	-1.786736E-8	-2.771949E-13	2.566738E+2
0.000000E+0	2.867240E-8	2.867240E-8	4.448247E-13	2.576758E+2
0.000000E+0	2.478566E-8	2.478566E-8	3.845257E-13	2.586797E+2
5.000000E-2	6.879660E-8	6.879660E-8	1.067313E-12	2.596816E+2
1.000000E-1	1.250733E-7	1.250733E-7	1.940392E-12	2.606846E+2
1.500000E-1	1.825165E-7	1.825165E-7	2.831568E-12	2.616875E+2
2.000000E-1	3.075738E-7	3.075738E-7	4.771711E-12	2.626895E+2
2.500000E-1	4.677046E-7	4.677046E-7	7.255987E-12	2.636924E+2
3.000000E-1	7.503475E-7	7.503475E-7	1.164092E-11	2.646953E+2
3.500000E-1	1.038177E-6	1.038177E-6	1.610631E-11	2.656973E+2
4.000000E-1	1.573699E-6	1.573699E-6	2.441443E-11	2.667002E+2
4.500000E-1	2.035473E-6	2.035473E-6	3.157841E-11	2.677021E+2
5.000000E-1	2.422139E-6	2.422139E-6	3.757716E-11	2.687051E+2
5.000000E-1	2.411463E-6	2.411463E-6	3.741153E-11	2.697080E+2
4.500000E-1	1.925590E-6	1.925590E-6	2.987368E-11	2.707100E+2
4.000000E-1	1.457947E-6	1.457947E-6	2.261864E-11	2.717129E+2
3.500000E-1	1.079881E-6	1.079881E-6	1.675332E-11	2.727158E+2
3.000000E-1	7.387857E-7	7.387857E-7	1.146155E-11	2.737178E+2
2.500000E-1	5.370066E-7	5.370066E-7	8.331141E-12	2.747207E+2
2.000000E-1	3.615417E-7	3.615417E-7	5.608972E-12	2.757236E+2
1.500000E-1	2.153145E-7	2.153145E-7	3.340397E-12	2.767256E+2
1.000000E-1	1.161558E-7	1.161558E-7	1.802045E-12	2.777285E+2
5.000000E-2	4.485894E-8	4.485894E-8	6.959433E-13	2.787314E+2
0.000000E+0	4.693604E-9	-4.693604E-9	-7.281675E-14	2.797334E+2
-5.000000E-2	4.461205E-8	-4.461205E-8	-6.921130E-13	2.807373E+2
-1.000000E-1	1.002232E-7	-1.002232E-7	-1.554867E-12	2.817393E+2
-1.500000E-1	1.847967E-7	-1.847967E-7	-2.866943E-12	2.827422E+2
-2.000000E-1	3.092018E-7	-3.092018E-7	-4.796968E-12	2.837451E+2
-2.500000E-1	4.550676E-7	-4.550676E-7	-7.059936E-12	2.847471E+2
-3.000000E-1	6.504522E-7	-6.504522E-7	-1.009114E-11	2.857500E+2
-3.500000E-1	9.496483E-7	-9.496483E-7	-1.473288E-11	2.867520E+2
-4.000000E-1	1.306622E-6	-1.306622E-6	-2.027098E-11	2.877549E+2
-4.500000E-1	1.749795E-6	-1.749795E-6	-2.714638E-11	2.887578E+2
-5.000000E-1	2.342312E-6	-2.342312E-6	-3.633871E-11	2.897598E+2
-5.000000E-1	2.296917E-6	-2.296917E-6	-3.563445E-11	2.907627E+2
-4.500000E-1	1.630668E-6	-1.630668E-6	-2.529824E-11	2.917656E+2
-4.000000E-1	1.197412E-6	-1.197412E-6	-1.857670E-11	2.927676E+2
-3.500000E-1	8.673848E-7	-8.673848E-7	-1.345664E-11	2.937705E+2
-3.000000E-1	6.452111E-7	-6.452111E-7	-1.000983E-11	2.947734E+2
-2.500000E-1	3.996899E-7	-3.996899E-7	-6.200804E-12	2.957754E+2
-2.000000E-1	2.763484E-7	-2.763484E-7	-4.287279E-12	2.967783E+2
-1.500000E-1	1.539461E-7	-1.539461E-7	-2.388326E-12	2.977813E+2
-1.000000E-1	6.826701E-8	-6.826701E-8	-1.059097E-12	2.987832E+2
-5.000000E-2	1.414164E-8	-1.414164E-8	-2.193939E-13	2.997861E+2
0.000000E+0	2.910178E-8	2.910178E-8	4.514861E-13	3.007891E+2
0.000000E+0	2.443859E-8	2.443859E-8	3.791412E-13	3.017920E+2
5.000000E-2	6.562282E-8	6.562282E-8	1.018075E-12	3.027949E+2
1.000000E-1	1.175485E-7	1.175485E-7	1.823652E-12	3.037969E+2
1.500000E-1	1.904126E-7	1.904126E-7	2.954068E-12	3.047998E+2
2.000000E-1	3.287536E-7	3.287536E-7	5.100295E-12	3.058027E+2
2.500000E-1	4.823383E-7	4.823383E-7	7.483014E-12	3.068047E+2
3.000000E-1	6.930788E-7	6.930788E-7	1.075245E-11	3.078076E+2
3.500000E-1	1.080728E-6	1.080728E-6	1.676645E-11	3.088105E+2
4.000000E-1	1.497616E-6	1.497616E-6	2.323407E-11	3.098125E+2
4.500000E-1	2.027649E-6	2.027649E-6	3.145702E-11	3.108154E+2
5.000000E-1	2.944522E-6	2.944522E-6	4.568143E-11	3.118184E+2
5.000000E-1	2.794775E-6	2.794775E-6	4.335825E-11	3.128203E+2
4.500000E-1	2.613815E-6	2.613815E-6	4.055082E-11	3.138232E+2
4.000000E-1	2.075980E-6	2.075980E-6	3.220683E-11	3.148262E+2
3.500000E-1	1.538614E-6	1.538614E-6	2.387011E-11	3.158281E+2
3.000000E-1	1.040042E-6	1.040042E-6	1.613525E-11	3.168311E+2
2.500000E-1	6.947527E-7	6.947527E-7	1.077842E-11	3.178330E+2
2.000000E-1	4.805599E-7	4.805599E-7	7.455425E-12	3.188359E+2
1.500000E-1	2.595437E-7	2.595437E-7	4.026571E-12	3.198389E+2
1.000000E-1	1.291694E-7	1.291694E-7	2.003939E-12	3.208408E+2
5.000000E-2	4.822238E-8	4.822238E-8	7.481238E-13	3.218437E+2
0.000000E+0	3.849167E-9	-3.849167E-9	-5.971612E-14	3.228467E+2
-5.000000E-2	5.146237E-8	-5.146237E-8	-7.983891E-13	3.238496E+2
-1.000000E-1	1.041037E-7	-1.041037E-7	-1.615069E-12	3.248525E+2
-1.500000E-1	1.761725E-7	-1.761725E-7	-2.733147E-12	3.258545E+2
-2.000000E-1	2.890856E-7	-2.890856E-7	-4.484885E-12	3.268574E+2
-2.500000E-1	4.718946E-7	-4.718946E-7	-7.320991E-12	3.278604E+2
-3.000000E-1	7.248964E-7	-7.248964E-7	-1.124607E-11	3.288623E+2
-3.500000E-1	9.815659E-7	-9.815659E-7	-1.522805E-11	3.298652E+2
-4.000000E-1	1.364071E-6	-1.364071E-6	-2.116225E-11	3.308672E+2
-4.500000E-1	1.716191E-6	-1.716191E-6	-2.662505E-11	3.318701E+2
-5.000000E-1	2.328180E-6	-2.328180E-6	-3.611947E-11	3.328730E+2
-5.000000E-1	2.421286E-6	-2.421286E-6	-3.756392E-11	3.338760E+2
-4.500000E-1	1.827854E-6	-1.827854E-6	-2.835740E-11	3.348779E+2
-4.000000E-1	1.369166E-6	-1.369166E-6	-2.124130E-11	3.358809E+2
-3.500000E-1	9.826185E-7	-9.826185E-7	-1.524438E-11	3.368838E+2
-3.000000E-1	6.552698E-7	-6.552698E-7	-1.016588E-11	3.378857E+2
-2.500000E-1	4.022429E-7	-4.022429E-7	-6.240411E-12	3.388887E+2
-2.000000E-1	2.639511E-7	-2.639511E-7	-4.094947E-12	3.398916E+2
-1.500000E-1	1.640382E-7	-1.640382E-7	-2.544895E-12	3.408936E+2
-1.000000E-1	7.006145E-8	-7.006145E-8	-1.086936E-12	3.418965E+2
-5.000000E-2	1.132119E-8	-1.132119E-8	-1.756373E-13	3.428994E+2
0.000000E+0	2.828954E-8	2.828954E-8	4.388850E-13	3.439014E+2
0.000000E+0	2.461839E-8	2.461839E-8	3.819306E-13	3.449053E+2
5.000000E-2	7.487851E-8	7.487851E-8	1.161668E-12	3.459072E+2
1.000000E-1	1.370556E-7	1.370556E-7	2.126285E-12	3.469102E+2
1.500000E-1	2.319590E-7	2.319590E-7	3.598621E-12	3.479131E+2
2.000000E-1	4.014440E-7	4.014440E-7	6.228018E-12	3.489160E+2
2.500000E-1	5.010984E-7	5.010984E-7	7.774059E-12	3.499180E+2
3.000000E-1	7.678156E-7	7.678156E-7	1.191192E-11	3.509209E+2
3.500000E-1	1.125724E-6	1.125724E-6	1.746452E-11	3.519238E+2
4.000000E-1	1.703583E-6	1.703583E-6	2.642945E-11	3.529258E+2
4.500000E-1	2.009949E-6	2.009949E-6	3.118242E-11	3.539287E+2
5.000000E-1	2.661446E-6	2.661446E-6	4.128977E-11	3.549316E+2
5.000000E-1	2.612034E-6	2.612034E-6	4.052320E-11	3.559336E+2
4.500000E-1	1.995807E-6	1.995807E-6	3.096303E-11	3.569365E+2
4.000000E-1	1.526004E-6	1.526004E-6	2.367449E-11	3.579395E+2
3.500000E-1	1.259530E-6	1.259530E-6	1.954040E-11	3.589414E+2
3.000000E-1	8.673151E-7	8.673151E-7	1.345556E-11	3.599443E+2
2.500000E-1	6.095612E-7	6.095612E-7	9.456755E-12	3.609473E+2
2.000000E-1	3.844721E-7	3.844721E-7	5.964715E-12	3.619492E+2
1.500000E-1	2.508766E-7	2.508766E-7	3.892109E-12	3.629521E+2
1.000000E-1	1.121026E-7	1.121026E-7	1.739164E-12	3.639551E+2
5.000000E-2	4.743519E-8	4.743519E-8	7.359113E-13	3.649570E+2
0.000000E+0	4.328636E-9	-4.328636E-9	-6.715462E-14	3.659600E+2
-5.000000E-2	4.910259E-8	-4.910259E-8	-7.617795E-13	3.669629E+2
-1.000000E-1	1.087186E-7	-1.087186E-7	-1.686665E-12	3.679658E+2
-1.500000E-1	1.858925E-7	-1.858925E-7	-2.883943E-12	3.689687E+2
-2.000000E-1	2.909382E-7	-2.909382E-7	-4.513626E-12	3.699707E+2
-2.500000E-1	5.226520E-7	-5.226520E-7	-8.108444E-12	3.709736E+2
-3.000000E-1	8.388564E-7	-8.388564E-7	-1.301405E-11	3.719766E+2
-3.500000E-1	1.137483E-6	-1.137483E-6	-1.764695E-11	3.729785E+2
-4.000000E-1	1.594747E-6	-1.594747E-6	-2.474096E-11	3.739814E+2
-4.500000E-1	1.999880E-6	-1.999880E-6	-3.102622E-11	3.749844E+2
-5.000000E-1	2.600111E-6	-2.600111E-6	-4.033822E-11	3.759863E+2
-5.000000E-1	2.645684E-6	-2.645684E-6	-4.104524E-11	3.769893E+2
-4.500000E-1	2.032471E-6	-2.032471E-6	-3.153183E-11	3.779922E+2
-4.000000E-1	1.594562E-6	-1.594562E-6	-2.473809E-11	3.789941E+2
-3.500000E-1	1.167830E-6	-1.167830E-6	-1.811776E-11	3.799971E+2
-3.000000E-1	8.706096E-7	-8.706096E-7	-1.350667E-11	3.810000E+2
-2.500000E-1	5.669529E-7	-5.669529E-7	-8.795728E-12	3.820020E+2
-2.000000E-1	3.664670E-7	-3.664670E-7	-5.685383E-12	3.830049E+2
-1.500000E-1	1.789652E-7	-1.789652E-7	-2.776473E-12	3.840078E+2
-1.000000E-1	8.917221E-8	-8.917221E-8	-1.383421E-12	3.850098E+2
-5.000000E-2	2.644591E-8	-2.644591E-8	-4.102829E-13	3.860127E+2
0.000000E+0	2.739054E-8	2.739054E-8	4.249379E-13	3.870156E+2
0.000000E+0	2.352974E-8	2.352974E-8	3.650413E-13	3.880186E+2
5.000000E-2	7.271015E-8	7.271015E-8	1.128028E-12	3.890215E+2
1.000000E-1	1.442708E-7	1.442708E-7	2.238223E-12	3.900234E+2
1.500000E-1	2.441479E-7	2.441479E-7	3.787720E-12	3.910264E+2
2.000000E-1	3.821079E-7	3.821079E-7	5.928036E-12	3.920283E+2
2.500000E-1	5.609192E-7	5.609192E-7	8.702122E-12	3.930312E+2
3.000000E-1	7.623695E-7	7.623695E-7	1.182743E-11	3.940342E+2
3.500000E-1	1.105281E-6	1.105281E-6	1.714737E-11	3.950361E+2
4.000000E-1	1.600088E-6	1.600088E-6	2.482382E-11	3.960391E+2
4.500000E-1	2.134602E-6	2.134602E-6	3.311629E-11	3.970410E+2
5.000000E-1	2.760878E-6	2.760878E-6	4.283237E-11	3.980439E+2
5.000000E-1	2.573637E-6	2.573637E-6	3.992751E-11	3.990469E+2
4.500000E-1	2.125899E-6	2.125899E-6	3.298128E-11	4.000488E+2
4.000000E-1	1.715448E-6	1.715448E-6	2.661352E-11	4.010518E+2
3.500000E-1	1.359818E-6	1.359818E-6	2.109626E-11	4.020547E+2
3.000000E-1	9.124575E-7	9.124575E-7	1.415590E-11	4.030566E+2
2.500000E-1	5.981872E-7	5.981872E-7	9.280299E-12	4.040596E+2
2.000000E-1	3.850652E-7	3.850652E-7	5.973916E-12	4.050625E+2
1.500000E-1	1.462737E-7	1.462737E-7	2.269296E-12	4.060654E+2
1.000000E-1	4.431131E-7	4.431131E-7	6.874473E-12	4.070674E+2
5.000000E-2	6.789399E-8	6.789399E-8	1.053310E-12	4.080703E+2
0.000000E+0	1.310756E-8	-1.310756E-8	-2.033512E-13	4.090732E+2
-5.000000E-2	5.014831E-8	-5.014831E-8	-7.780027E-13	4.100762E+2
-1.000000E-1	1.892944E-7	-1.892944E-7	-2.936720E-12	4.110781E+2
-1.500000E-1	2.255542E-7	-2.255542E-7	-3.499256E-12	4.120811E+2
-2.000000E-1	2.266867E-7	-2.266867E-7	-3.516826E-12	4.130840E+2
-2.500000E-1	5.199390E-7	-5.199390E-7	-8.066353E-12	4.140869E+2
-3.000000E-1	6.612411E-7	-6.612411E-7	-1.025852E-11	4.150889E+2
-3.500000E-1	1.049502E-6	-1.049502E-6	-1.628202E-11	4.160918E+2
-4.000000E-1	1.424418E-6	-1.424418E-6	-2.209848E-11	4.170947E+2
-4.500000E-1	1.903237E-6	-1.903237E-6	-2.952689E-11	4.180967E+2
-5.000000E-1	2.596017E-6	-2.596017E-6	-4.027470E-11	4.190996E+2
-5.000000E-1	2.560745E-6	-2.560745E-6	-3.972749E-11	4.201025E+2
-4.500000E-1	1.964389E-6	-1.964389E-6	-3.047561E-11	4.211045E+2
-4.000000E-1	1.368606E-6	-1.368606E-6	-2.123260E-11	4.221074E+2
-3.500000E-1	9.171075E-7	-9.171075E-7	-1.422804E-11	4.231104E+2
-3.000000E-1	6.490219E-7	-6.490219E-7	-1.006895E-11	4.241123E+2
-2.500000E-1	4.498498E-7	-4.498498E-7	-6.978987E-12	4.251152E+2
-2.000000E-1	2.680489E-7	-2.680489E-7	-4.158521E-12	4.261182E+2
-1.500000E-1	1.434873E-7	-1.434873E-7	-2.226067E-12	4.271211E+2
-1.000000E-1	5.921885E-8	-5.921885E-8	-9.187234E-13	4.281230E+2
-5.000000E-2	1.607204E-8	-1.607204E-8	-2.493422E-13	4.291260E+2
0.000000E+0	2.832801E-8	2.832801E-8	4.394818E-13	4.301289E+2
0.000000E+0	2.440281E-8	2.440281E-8	3.785861E-13	4.311318E+2
5.000000E-2	7.423354E-8	7.423354E-8	1.151662E-12	4.321338E+2
1.000000E-1	5.540993E-8	5.540993E-8	8.596318E-13	4.331367E+2
1.500000E-1	2.685632E-7	-2.685632E-7	-4.166500E-12	4.341387E+2
2.000000E-1	2.829035E-7	2.829035E-7	4.388975E-12	4.351416E+2
2.500000E-1	4.375071E-7	4.375071E-7	6.787501E-12	4.361445E+2
3.000000E-1	6.485707E-7	6.485707E-7	1.006195E-11	4.371465E+2
3.500000E-1	9.802154E-7	9.802154E-7	1.520710E-11	4.381494E+2
4.000000E-1	1.472788E-6	1.472788E-6	2.284889E-11	4.391514E+2
4.500000E-1	2.213223E-6	2.213223E-6	3.433603E-11	4.401543E+2
5.000000E-1	2.819555E-6	2.819555E-6	4.374268E-11	4.411562E+2
5.000000E-1	2.897716E-6	2.897716E-6	4.495527E-11	4.421592E+2
4.500000E-1	2.468390E-6	2.468390E-6	3.829469E-11	4.431611E+2
4.000000E-1	1.876477E-6	1.876477E-6	2.911173E-11	4.441641E+2
3.500000E-1	1.169671E-6	1.169671E-6	1.814632E-11	4.451670E+2
3.000000E-1	8.794203E-7	8.794203E-7	1.364336E-11	4.461689E+2
2.500000E-1	5.715776E-7	5.715776E-7	8.867476E-12	4.471719E+2
2.000000E-1	4.021418E-7	4.021418E-7	6.238843E-12	4.481738E+2
1.500000E-1	2.356346E-7	2.356346E-7	3.655645E-12	4.491768E+2
1.000000E-1	1.302106E-7	1.302106E-7	2.020092E-12	4.501787E+2
5.000000E-2	5.382840E-8	5.382840E-8	8.350959E-13	4.511816E+2
0.000000E+0	4.281225E-9	-4.281225E-9	-6.641909E-14	4.521846E+2
-5.000000E-2	5.541441E-8	-5.541441E-8	-8.597012E-13	4.531875E+2
-1.000000E-1	1.336474E-7	-1.336474E-7	-2.073411E-12	4.541895E+2
-1.500000E-1	2.689604E-7	-2.689604E-7	-4.172662E-12	4.551924E+2
-2.000000E-1	4.058756E-7	-4.058756E-7	-6.296769E-12	4.561943E+2
-2.500000E-1	5.734427E-7	-5.734427E-7	-8.896411E-12	4.571973E+2
-3.000000E-1	8.610280E-7	-8.610280E-7	-1.335802E-11	4.581992E+2
-3.500000E-1	1.009655E-6	-1.009655E-6	-1.566383E-11	4.592021E+2
-4.000000E-1	1.401210E-6	-1.401210E-6	-2.173843E-11	4.602051E+2
-4.500000E-1	1.894131E-6	-1.894131E-6	-2.938562E-11	4.612070E+2
-5.000000E-1	2.504747E-6	-2.504747E-6	-3.885874E-11	4.622100E+2
-5.000000E-1	2.560660E-6	-2.560660E-6	-3.972617E-11	4.632119E+2
-4.500000E-1	1.939394E-6	-1.939394E-6	-3.008784E-11	4.642148E+2
-4.000000E-1	1.443673E-6	-1.443673E-6	-2.239720E-11	4.652178E+2
-3.500000E-1	1.031622E-6	-1.031622E-6	-1.600463E-11	4.662197E+2
-3.000000E-1	7.077377E-7	-7.077377E-7	-1.097987E-11	4.672227E+2
-2.500000E-1	4.902397E-7	-4.902397E-7	-7.605597E-12	4.682246E+2
-2.000000E-1	2.990131E-7	-2.990131E-7	-4.638900E-12	4.692275E+2
-1.500000E-1	1.638352E-7	-1.638352E-7	-2.541745E-12	4.702295E+2
-1.000000E-1	6.625612E-8	-6.625612E-8	-1.027900E-12	4.712324E+2
-5.000000E-2	1.335445E-8	-1.335445E-8	-2.071815E-13	4.722354E+2
0.000000E+0	2.770005E-8	2.770005E-8	4.297396E-13	4.732373E+2
0.000000E+0	2.378379E-8	2.378379E-8	3.689826E-13	4.742412E+2
5.000000E-2	7.694580E-8	7.694580E-8	1.193740E-12	4.752432E+2
1.000000E-1	1.381872E-7	1.381872E-7	2.143841E-12	4.762461E+2
1.500000E-1	2.070320E-7	2.070320E-7	3.211903E-12	4.772480E+2
2.000000E-1	3.430034E-7	3.430034E-7	5.321368E-12	4.782510E+2
2.500000E-1	5.363939E-7	5.363939E-7	8.321635E-12	4.792529E+2
3.000000E-1	7.979844E-7	7.979844E-7	1.237996E-11	4.802559E+2
3.500000E-1	1.153696E-6	1.153696E-6	1.789849E-11	4.812578E+2
4.000000E-1	1.535770E-6	1.535770E-6	2.382600E-11	4.822607E+2
4.500000E-1	2.119332E-6	2.119332E-6	3.287940E-11	4.832637E+2
5.000000E-1	2.876483E-6	2.876483E-6	4.462586E-11	4.842656E+2
5.000000E-1	3.105273E-6	3.105273E-6	4.817532E-11	4.852686E+2
4.500000E-1	2.251092E-6	2.251092E-6	3.492352E-11	4.862705E+2
4.000000E-1	1.767120E-6	1.767120E-6	2.741516E-11	4.872734E+2
3.500000E-1	1.284099E-6	1.284099E-6	1.992156E-11	4.882754E+2
3.000000E-1	9.378629E-7	9.378629E-7	1.455004E-11	4.892783E+2
2.500000E-1	6.402239E-7	6.402239E-7	9.932458E-12	4.902803E+2
2.000000E-1	4.099036E-7	4.099036E-7	6.359260E-12	4.912832E+2
1.500000E-1	2.414402E-7	2.414402E-7	3.745712E-12	4.922852E+2
1.000000E-1	1.257675E-7	1.257675E-7	1.951161E-12	4.932881E+2
5.000000E-2	5.500561E-8	5.500561E-8	8.533591E-13	4.942910E+2
0.000000E+0	4.707917E-9	-4.707917E-9	-7.303880E-14	4.952930E+2
-5.000000E-2	5.456997E-8	-5.456997E-8	-8.466006E-13	4.962959E+2
-1.000000E-1	1.322832E-7	-1.322832E-7	-2.052247E-12	4.972988E+2
-1.500000E-1	2.371474E-7	-2.371474E-7	-3.679113E-12	4.983008E+2
-2.000000E-1	4.697451E-7	-4.697451E-7	-7.287643E-12	4.993037E+2
-2.500000E-1	6.903587E-7	-6.903587E-7	-1.071025E-11	5.003066E+2
-3.000000E-1	9.918829E-7	-9.918829E-7	-1.538811E-11	5.013086E+2
-3.500000E-1	1.148278E-6	-1.148278E-6	-1.781443E-11	5.023115E+2
-4.000000E-1	1.584992E-6	-1.584992E-6	-2.458962E-11	5.033135E+2
-4.500000E-1	1.977274E-6	-1.977274E-6	-3.067550E-11	5.043164E+2
-5.000000E-1	2.686118E-6	-2.686118E-6	-4.167253E-11	5.053184E+2
-5.000000E-1	2.618930E-6	-2.618930E-6	-4.063018E-11	5.063213E+2
-4.500000E-1	1.990727E-6	-1.990727E-6	-3.088421E-11	5.073242E+2
-4.000000E-1	1.495371E-6	-1.495371E-6	-2.319925E-11	5.083262E+2
-3.500000E-1	1.051956E-6	-1.051956E-6	-1.632008E-11	5.093291E+2
-3.000000E-1	6.915647E-7	-6.915647E-7	-1.072896E-11	5.103311E+2
-2.500000E-1	4.449710E-7	-4.449710E-7	-6.903297E-12	5.113340E+2
-2.000000E-1	2.729098E-7	-2.729098E-7	-4.233933E-12	5.123369E+2
-1.500000E-1	1.680448E-7	-1.680448E-7	-2.607053E-12	5.133389E+2
-1.000000E-1	9.001667E-8	-9.001667E-8	-1.396522E-12	5.143418E+2
-5.000000E-2	2.037384E-8	-2.037384E-8	-3.160805E-13	5.153437E+2
0.000000E+0	2.777787E-8	2.777787E-8	4.309469E-13	5.163467E+2
0.000000E+0	2.364156E-8	2.364156E-8	3.667761E-13	5.173496E+2
5.000000E-2	7.459315E-8	7.459315E-8	1.157241E-12	5.183525E+2
1.000000E-1	1.400334E-7	1.400334E-7	2.172484E-12	5.193545E+2
1.500000E-1	2.445093E-7	2.445093E-7	3.793327E-12	5.203574E+2
2.000000E-1	3.451933E-7	3.451933E-7	5.355341E-12	5.213594E+2
2.500000E-1	5.230815E-7	5.230815E-7	8.115106E-12	5.223623E+2
3.000000E-1	7.696932E-7	7.696932E-7	1.194105E-11	5.233643E+2
3.500000E-1	1.123666E-6	1.123666E-6	1.743259E-11	5.243672E+2
4.000000E-1	1.551381E-6	1.551381E-6	2.406818E-11	5.253691E+2
4.500000E-1	2.100579E-6	2.100579E-6	3.258846E-11	5.263721E+2
5.000000E-1	2.763190E-6	2.763190E-6	4.286824E-11	5.273750E+2
5.000000E-1	2.645528E-6	2.645528E-6	4.104282E-11	5.283770E+2
4.500000E-1	1.933168E-6	1.933168E-6	2.999124E-11	5.293799E+2
4.000000E-1	1.454583E-6	1.454583E-6	2.256646E-11	5.303818E+2
3.500000E-1	1.088697E-6	1.088697E-6	1.689009E-11	5.313848E+2
3.000000E-1	7.512209E-7	7.512209E-7	1.165447E-11	5.323867E+2
2.500000E-1	4.995366E-7	4.995366E-7	7.749829E-12	5.333896E+2
2.000000E-1	3.203593E-7	3.203593E-7	4.970066E-12	5.343926E+2
1.500000E-1	2.028277E-7	2.028277E-7	3.146677E-12	5.353945E+2
1.000000E-1	1.060458E-7	1.060458E-7	1.645198E-12	5.363975E+2
5.000000E-2	3.992113E-8	3.992113E-8	6.193379E-13	5.373994E+2
0.000000E+0	4.834046E-9	-4.834046E-9	-7.499557E-14	5.384023E+2
-5.000000E-2	4.802558E-8	-4.802558E-8	-7.450707E-13	5.394053E+2
-1.000000E-1	1.103565E-7	-1.103565E-7	-1.712075E-12	5.404082E+2
-1.500000E-1	1.862995E-7	-1.862995E-7	-2.890257E-12	5.414102E+2
-2.000000E-1	2.875604E-7	-2.875604E-7	-4.461223E-12	5.424131E+2
-2.500000E-1	4.245122E-7	-4.245122E-7	-6.585898E-12	5.434150E+2
-3.000000E-1	6.513056E-7	-6.513056E-7	-1.010438E-11	5.444180E+2
-3.500000E-1	1.038409E-6	-1.038409E-6	-1.610991E-11	5.454209E+2
-4.000000E-1	1.585060E-6	-1.585060E-6	-2.459068E-11	5.464229E+2
-4.500000E-1	1.925347E-6	-1.925347E-6	-2.986990E-11	5.474258E+2
-5.000000E-1	2.430687E-6	-2.430687E-6	-3.770977E-11	5.484277E+2
-5.000000E-1	2.390424E-6	-2.390424E-6	-3.708513E-11	5.494307E+2
-4.500000E-1	1.822661E-6	-1.822661E-6	-2.827684E-11	5.504326E+2
-4.000000E-1	1.302735E-6	-1.302735E-6	-2.021068E-11	5.514355E+2
-3.500000E-1	9.225103E-7	-9.225103E-7	-1.431186E-11	5.524375E+2
-3.000000E-1	6.956107E-7	-6.956107E-7	-1.079173E-11	5.534404E+2
-2.500000E-1	4.672914E-7	-4.672914E-7	-7.249576E-12	5.544434E+2
-2.000000E-1	2.972580E-7	-2.972580E-7	-4.611672E-12	5.554453E+2
-1.500000E-1	1.610621E-7	-1.610621E-7	-2.498723E-12	5.564482E+2
-1.000000E-1	7.463879E-8	-7.463879E-8	-1.157949E-12	5.574502E+2
-5.000000E-2	1.525265E-8	-1.525265E-8	-2.366302E-13	5.584531E+2
0.000000E+0	2.781455E-8	2.781455E-8	4.315159E-13	5.594551E+2
0.000000E+0	2.400831E-8	2.400831E-8	3.724659E-13	5.604590E+2
5.000000E-2	7.183888E-8	7.183888E-8	1.114511E-12	5.614609E+2
1.000000E-1	1.395406E-7	1.395406E-7	2.164838E-12	5.624639E+2
1.500000E-1	2.366572E-7	2.366572E-7	3.671508E-12	5.634658E+2
2.000000E-1	3.618834E-7	3.618834E-7	5.614273E-12	5.644687E+2
2.500000E-1	5.441208E-7	5.441208E-7	8.441511E-12	5.654707E+2
3.000000E-1	7.683055E-7	7.683055E-7	1.191952E-11	5.664736E+2
3.500000E-1	1.122238E-6	1.122238E-6	1.741044E-11	5.674766E+2
4.000000E-1	1.446871E-6	1.446871E-6	2.244681E-11	5.684785E+2
4.500000E-1	1.986802E-6	1.986802E-6	3.082332E-11	5.694814E+2
5.000000E-1	2.684001E-6	2.684001E-6	4.163970E-11	5.704834E+2
5.000000E-1	2.561018E-6	2.561018E-6	3.973173E-11	5.714863E+2
4.500000E-1	2.015450E-6	2.015450E-6	3.126777E-11	5.724883E+2
4.000000E-1	1.445725E-6	1.445725E-6	2.242904E-11	5.734912E+2
3.500000E-1	1.059001E-6	1.059001E-6	1.642938E-11	5.744932E+2
3.000000E-1	7.776886E-7	7.776886E-7	1.206509E-11	5.754961E+2
2.500000E-1	5.671371E-7	5.671371E-7	8.798587E-12	5.764990E+2
2.000000E-1	3.860957E-7	3.860957E-7	5.989903E-12	5.775010E+2
1.500000E-1	2.402451E-7	2.402451E-7	3.727171E-12	5.785039E+2
1.000000E-1	1.339077E-7	1.339077E-7	2.077449E-12	5.795059E+2
5.000000E-2	5.694942E-8	5.694942E-8	8.835155E-13	5.805088E+2
0.000000E+0	4.586260E-9	-4.586260E-9	-7.115142E-14	5.815107E+2
-5.000000E-2	6.257692E-8	-6.257692E-8	-9.708206E-13	5.825137E+2
-1.000000E-1	1.383455E-7	-1.383455E-7	-2.146297E-12	5.835166E+2
-1.500000E-1	2.558126E-7	-2.558126E-7	-3.968686E-12	5.845195E+2
-2.000000E-1	3.569644E-7	-3.569644E-7	-5.537959E-12	5.855215E+2
-2.500000E-1	5.167151E-7	-5.167151E-7	-8.016338E-12	5.865244E+2
-3.000000E-1	6.448308E-7	-6.448308E-7	-1.000393E-11	5.875264E+2
-3.500000E-1	9.288755E-7	-9.288755E-7	-1.441061E-11	5.885293E+2
-4.000000E-1	1.298573E-6	-1.298573E-6	-2.014611E-11	5.895312E+2
-4.500000E-1	1.783204E-6	-1.783204E-6	-2.766470E-11	5.905342E+2
-5.000000E-1	2.498058E-6	-2.498058E-6	-3.875496E-11	5.915361E+2
-5.000000E-1	2.949306E-6	-2.949306E-6	-4.575565E-11	5.925391E+2
-4.500000E-1	1.934531E-6	-1.934531E-6	-3.001238E-11	5.935420E+2
-4.000000E-1	1.414703E-6	-1.414703E-6	-2.194776E-11	5.945439E+2
-3.500000E-1	1.090869E-6	-1.090869E-6	-1.692378E-11	5.955469E+2
-3.000000E-1	7.534744E-7	-7.534744E-7	-1.168943E-11	5.965488E+2
-2.500000E-1	4.341061E-7	-4.341061E-7	-6.734738E-12	5.975518E+2
-2.000000E-1	2.896769E-7	-2.896769E-7	-4.494058E-12	5.985547E+2
-1.500000E-1	1.833574E-7	-1.833574E-7	-2.844613E-12	5.995566E+2
-1.000000E-1	8.732769E-8	-8.732769E-8	-1.354805E-12	6.005596E+2
-5.000000E-2	1.709001E-8	-1.709001E-8	-2.651351E-13	6.015615E+2
0.000000E+0	2.794068E-8	2.794068E-8	4.334727E-13	6.025645E+2
0.000000E+0	2.438312E-8	2.438312E-8	3.782807E-13	6.035674E+2
5.000000E-2	7.581779E-8	7.581779E-8	1.176240E-12	6.045703E+2
1.000000E-1	1.425802E-7	1.425802E-7	2.211994E-12	6.055723E+2
1.500000E-1	2.261231E-7	2.261231E-7	3.508083E-12	6.065752E+2
2.000000E-1	3.489861E-7	3.489861E-7	5.414183E-12	6.075771E+2
2.500000E-1	5.064539E-7	5.064539E-7	7.857145E-12	6.085801E+2
3.000000E-1	7.504069E-7	7.504069E-7	1.164184E-11	6.095820E+2
3.500000E-1	9.713726E-7	9.713726E-7	1.506991E-11	6.105850E+2
4.000000E-1	1.465100E-6	1.465100E-6	2.272962E-11	6.115869E+2
4.500000E-1	1.914460E-6	1.914460E-6	2.970100E-11	6.125898E+2
5.000000E-1	2.570990E-6	2.570990E-6	3.988644E-11	6.135928E+2
5.000000E-1	2.577513E-6	2.577513E-6	3.998763E-11	6.145947E+2
4.500000E-1	2.076895E-6	2.076895E-6	3.222102E-11	6.155977E+2
4.000000E-1	1.542298E-6	1.542298E-6	2.392727E-11	6.165996E+2
3.500000E-1	1.181806E-6	1.181806E-6	1.833458E-11	6.176025E+2
3.000000E-1	8.240279E-7	8.240279E-7	1.278400E-11	6.186045E+2
2.500000E-1	5.357060E-7	5.357060E-7	8.310963E-12	6.196074E+2
2.000000E-1	3.791228E-7	3.791228E-7	5.881726E-12	6.206094E+2
1.500000E-1	2.139137E-7	2.139137E-7	3.318665E-12	6.216123E+2
1.000000E-1	1.185925E-7	1.185925E-7	1.839848E-12	6.226152E+2
5.000000E-2	4.789587E-8	4.789587E-8	7.430584E-13	6.236172E+2
0.000000E+0	4.992377E-9	-4.992377E-9	-7.745193E-14	6.246201E+2
-5.000000E-2	6.181030E-8	-6.181030E-8	-9.589274E-13	6.256230E+2
-1.000000E-1	1.523708E-7	-1.523708E-7	-2.363887E-12	6.266250E+2
-1.500000E-1	2.017060E-7	-2.017060E-7	-3.129275E-12	6.276279E+2
-2.000000E-1	3.325437E-7	-3.325437E-7	-5.159095E-12	6.286299E+2
-2.500000E-1	4.972536E-7	-4.972536E-7	-7.714412E-12	6.296328E+2
-3.000000E-1	7.292621E-7	-7.292621E-7	-1.131380E-11	6.306357E+2
-3.500000E-1	1.095478E-6	-1.095478E-6	-1.699529E-11	6.316377E+2
-4.000000E-1	1.433819E-6	-1.433819E-6	-2.224433E-11	6.326406E+2
-4.500000E-1	1.963206E-6	-1.963206E-6	-3.045725E-11	6.336426E+2
-5.000000E-1	2.660639E-6	-2.660639E-6	-4.127725E-11	6.346455E+2
-5.000000E-1	2.837220E-6	-2.837220E-6	-4.401673E-11	6.356475E+2
-4.500000E-1	2.077777E-6	-2.077777E-6	-3.223471E-11	6.366504E+2
-4.000000E-1	1.522975E-6	-1.522975E-6	-2.362749E-11	6.376533E+2
-3.500000E-1	1.063746E-6	-1.063746E-6	-1.650299E-11	6.386553E+2
-3.000000E-1	7.558825E-7	-7.558825E-7	-1.172679E-11	6.396582E+2
-2.500000E-1	4.939725E-7	-4.939725E-7	-7.663509E-12	6.406602E+2
-2.000000E-1	2.963483E-7	-2.963483E-7	-4.597558E-12	6.416631E+2
-1.500000E-1	1.714986E-7	-1.714986E-7	-2.660636E-12	6.426650E+2
-1.000000E-1	8.479888E-8	-8.479888E-8	-1.315573E-12	6.436680E+2
-5.000000E-2	2.157877E-8	-2.157877E-8	-3.347739E-13	6.446699E+2
0.000000E+0	2.836469E-8	2.836469E-8	4.400508E-13	6.456729E+2
0.000000E+0	2.466401E-8	2.466401E-8	3.826384E-13	6.466758E+2
5.000000E-2	7.350807E-8	7.350807E-8	1.140407E-12	6.476787E+2
1.000000E-1	1.392937E-7	1.392937E-7	2.161007E-12	6.486807E+2
1.500000E-1	2.299481E-7	2.299481E-7	3.567424E-12	6.496836E+2
2.000000E-1	3.717268E-7	3.717268E-7	5.766984E-12	6.506855E+2
2.500000E-1	5.513889E-7	5.513889E-7	8.554268E-12	6.516885E+2
3.000000E-1	9.024607E-7	9.024607E-7	1.400081E-11	6.526914E+2
3.500000E-1	1.405911E-6	1.405911E-6	2.181135E-11	6.536934E+2
4.000000E-1	1.712733E-6	1.712733E-6	2.657140E-11	6.546963E+2
4.500000E-1	2.222002E-6	2.222002E-6	3.447223E-11	6.556982E+2
5.000000E-1	2.819842E-6	2.819842E-6	4.374713E-11	6.567012E+2
5.000000E-1	2.759988E-6	2.759988E-6	4.281855E-11	6.577031E+2
4.500000E-1	2.058540E-6	2.058540E-6	3.193627E-11	6.587061E+2
4.000000E-1	1.587904E-6	1.587904E-6	2.463481E-11	6.597080E+2
3.500000E-1	1.312368E-6	1.312368E-6	2.036012E-11	6.607109E+2
3.000000E-1	8.098343E-7	8.098343E-7	1.256380E-11	6.617129E+2
2.500000E-1	5.899109E-7	5.899109E-7	9.151901E-12	6.627158E+2
2.000000E-1	3.769142E-7	3.769142E-7	5.847461E-12	6.637178E+2
1.500000E-1	2.157126E-7	2.157126E-7	3.346573E-12	6.647207E+2
1.000000E-1	1.075844E-7	1.075844E-7	1.669068E-12	6.657236E+2
5.000000E-2	4.413169E-8	4.413169E-8	6.846607E-13	6.667256E+2
0.000000E+0	4.612201E-9	-4.612201E-9	-7.155387E-14	6.677285E+2
-5.000000E-2	5.821787E-8	-5.821787E-8	-9.031942E-13	6.687314E+2
-1.000000E-1	1.135688E-7	-1.135688E-7	-1.761910E-12	6.697334E+2
-1.500000E-1	1.876198E-7	-1.876198E-7	-2.910741E-12	6.707363E+2
-2.000000E-1	3.071784E-7	-3.071784E-7	-4.765577E-12	6.717393E+2
-2.500000E-1	4.603265E-7	-4.603265E-7	-7.141523E-12	6.727412E+2
-3.000000E-1	6.644705E-7	-6.644705E-7	-1.030862E-11	6.737441E+2
-3.500000E-1	9.441597E-7	-9.441597E-7	-1.464773E-11	6.747461E+2
-4.000000E-1	1.338145E-6	-1.338145E-6	-2.076003E-11	6.757490E+2
-4.500000E-1	1.840424E-6	-1.840424E-6	-2.855241E-11	6.767520E+2
-5.000000E-1	2.588538E-6	-2.588538E-6	-4.015868E-11	6.777539E+2
-5.000000E-1	2.496841E-6	-2.496841E-6	-3.873608E-11	6.787568E+2
-4.500000E-1	1.846698E-6	-1.846698E-6	-2.864974E-11	6.797588E+2
-4.000000E-1	1.534046E-6	-1.534046E-6	-2.379924E-11	6.807617E+2
-3.500000E-1	1.098115E-6	-1.098115E-6	-1.703619E-11	6.817637E+2
-3.000000E-1	7.534409E-7	-7.534409E-7	-1.168891E-11	6.827666E+2
-2.500000E-1	4.727086E-7	-4.727086E-7	-7.333620E-12	6.837695E+2
-2.000000E-1	2.837076E-7	-2.837076E-7	-4.401451E-12	6.847715E+2
-1.500000E-1	1.586862E-7	-1.586862E-7	-2.461864E-12	6.857744E+2
-1.000000E-1	8.373255E-8	-8.373255E-8	-1.299030E-12	6.867764E+2
-5.000000E-2	1.892649E-8	-1.892649E-8	-2.936262E-13	6.877793E+2
0.000000E+0	2.864825E-8	2.864825E-8	4.444500E-13	6.887812E+2
0.000000E+0	2.497083E-8	2.497083E-8	3.873984E-13	6.897842E+2
5.000000E-2	7.570324E-8	7.570324E-8	1.174463E-12	6.907871E+2
1.000000E-1	1.421025E-7	1.421025E-7	2.204584E-12	6.917900E+2
1.500000E-1	2.511583E-7	2.511583E-7	3.896480E-12	6.927920E+2
2.000000E-1	3.789323E-7	3.789323E-7	5.878770E-12	6.937949E+2
2.500000E-1	5.392582E-7	5.392582E-7	8.366072E-12	6.947969E+2
3.000000E-1	8.002275E-7	8.002275E-7	1.241476E-11	6.957998E+2
3.500000E-1	1.170835E-6	1.170835E-6	1.816438E-11	6.968018E+2
4.000000E-1	1.672781E-6	1.672781E-6	2.595159E-11	6.978047E+2
4.500000E-1	2.282796E-6	2.282796E-6	3.541538E-11	6.988066E+2
5.000000E-1	2.996784E-6	2.996784E-6	4.649222E-11	6.998096E+2
5.000000E-1	3.426942E-6	3.426942E-6	5.316570E-11	7.008115E+2
4.500000E-1	2.165478E-6	2.165478E-6	3.359531E-11	7.018145E+2
4.000000E-1	1.584079E-6	1.584079E-6	2.457546E-11	7.028164E+2
3.500000E-1	1.141106E-6	1.141106E-6	1.770316E-11	7.038193E+2
3.000000E-1	8.251005E-7	8.251005E-7	1.280064E-11	7.048223E+2
2.500000E-1	5.852147E-7	5.852147E-7	9.079043E-12	7.058242E+2
2.000000E-1	3.864776E-7	3.864776E-7	5.995829E-12	7.068271E+2
1.500000E-1	2.546748E-7	2.546748E-7	3.951034E-12	7.078291E+2
1.000000E-1	1.341403E-7	1.341403E-7	2.081058E-12	7.088320E+2
5.000000E-2	5.576596E-8	5.576596E-8	8.651552E-13	7.098340E+2
0.000000E+0	4.769639E-9	-4.769639E-9	-7.399636E-14	7.108369E+2
-5.000000E-2	6.494208E-8	-6.494208E-8	-1.007514E-12	7.118398E+2
-1.000000E-1	1.229077E-7	-1.229077E-7	-1.906794E-12	7.128428E+2
-1.500000E-1	2.103409E-7	-2.103409E-7	-3.263237E-12	7.138447E+2
-2.000000E-1	3.773266E-7	-3.773266E-7	-5.853859E-12	7.148477E+2
-2.500000E-1	5.488323E-7	-5.488323E-7	-8.514606E-12	7.158496E+2
-3.000000E-1	7.896919E-7	-7.896919E-7	-1.225131E-11	7.168525E+2
-3.500000E-1	1.165761E-6	-1.165761E-6	-1.808566E-11	7.178555E+2
-4.000000E-1	1.639531E-6	-1.639531E-6	-2.543574E-11	7.188574E+2
-4.500000E-1	2.176879E-6	-2.176879E-6	-3.377218E-11	7.198604E+2
-5.000000E-1	2.829082E-6	-2.829082E-6	-4.389049E-11	7.208623E+2
-5.000000E-1	2.791708E-6	-2.791708E-6	-4.331067E-11	7.218652E+2
-4.500000E-1	2.020939E-6	-2.020939E-6	-3.135293E-11	7.228672E+2
-4.000000E-1	1.455247E-6	-1.455247E-6	-2.257676E-11	7.238701E+2
-3.500000E-1	1.047314E-6	-1.047314E-6	-1.624807E-11	7.248730E+2
-3.000000E-1	7.497307E-7	-7.497307E-7	-1.163135E-11	7.258750E+2
-2.500000E-1	5.283762E-7	-5.283762E-7	-8.197248E-12	7.268779E+2
-2.000000E-1	3.429014E-7	-3.429014E-7	-5.319786E-12	7.278799E+2
-1.500000E-1	2.053906E-7	-2.053906E-7	-3.186437E-12	7.288828E+2
-1.000000E-1	9.913550E-8	-9.913550E-8	-1.537992E-12	7.298848E+2
-5.000000E-2	2.467295E-8	-2.467295E-8	-3.827771E-13	7.308877E+2
0.000000E+0	2.819830E-8	2.819830E-8	4.374695E-13	7.318906E+2
0.000000E+0	2.418722E-8	2.418722E-8	3.752415E-13	7.328936E+2
5.000000E-2	8.051134E-8	8.051134E-8	1.249056E-12	7.338955E+2
1.000000E-1	1.489913E-7	1.489913E-7	2.311457E-12	7.348984E+2
1.500000E-1	2.686268E-7	2.686268E-7	4.167486E-12	7.359004E+2
2.000000E-1	4.060616E-7	4.060616E-7	6.299655E-12	7.369033E+2
2.500000E-1	6.136214E-7	6.136214E-7	9.519746E-12	7.379053E+2
3.000000E-1	9.109911E-7	9.109911E-7	1.413315E-11	7.389082E+2
3.500000E-1	1.152074E-6	1.152074E-6	1.787332E-11	7.399111E+2
4.000000E-1	1.607420E-6	1.607420E-6	2.493758E-11	7.409131E+2
4.500000E-1	2.285821E-6	2.285821E-6	3.546232E-11	7.419160E+2
5.000000E-1	3.262853E-6	3.262853E-6	5.062002E-11	7.429180E+2
5.000000E-1	3.339434E-6	3.339434E-6	5.180810E-11	7.439209E+2
4.500000E-1	2.517663E-6	2.517663E-6	3.905912E-11	7.449229E+2
4.000000E-1	1.880532E-6	1.880532E-6	2.917464E-11	7.459258E+2
3.500000E-1	1.312031E-6	1.312031E-6	2.035490E-11	7.469287E+2
3.000000E-1	9.310129E-7	9.310129E-7	1.444377E-11	7.479307E+2
2.500000E-1	6.192006E-7	6.192006E-7	9.606302E-12	7.489336E+2
2.000000E-1	3.954087E-7	3.954087E-7	6.134385E-12	7.499355E+2
1.500000E-1	2.802995E-7	2.802995E-7	4.348577E-12	7.509385E+2
1.000000E-1	1.557602E-7	1.557602E-7	2.416470E-12	7.519404E+2
5.000000E-2	6.670249E-8	6.670249E-8	1.034825E-12	7.529434E+2
0.000000E+0	4.232921E-9	-4.232921E-9	-6.566969E-14	7.539453E+2
-5.000000E-2	6.745034E-8	-6.745034E-8	-1.046427E-12	7.549482E+2
-1.000000E-1	1.311392E-7	-1.311392E-7	-2.034498E-12	7.559512E+2
-1.500000E-1	2.177512E-7	-2.177512E-7	-3.378200E-12	7.569541E+2
-2.000000E-1	3.730498E-7	-3.730498E-7	-5.787509E-12	7.579561E+2
-2.500000E-1	5.704317E-7	-5.704317E-7	-8.849699E-12	7.589590E+2
-3.000000E-1	8.341065E-7	-8.341065E-7	-1.294036E-11	7.599609E+2
-3.500000E-1	1.123419E-6	-1.123419E-6	-1.742877E-11	7.609639E+2
-4.000000E-1	1.469669E-6	-1.469669E-6	-2.280050E-11	7.619658E+2
-4.500000E-1	2.021926E-6	-2.021926E-6	-3.136823E-11	7.629688E+2
-5.000000E-1	2.787066E-6	-2.787066E-6	-4.323865E-11	7.639717E+2
-5.000000E-1	2.698990E-6	-2.698990E-6	-4.187224E-11	7.649736E+2
-4.500000E-1	2.097346E-6	-2.097346E-6	-3.253831E-11	7.659766E+2
-4.000000E-1	1.514993E-6	-1.514993E-6	-2.350366E-11	7.669785E+2
-3.500000E-1	1.094972E-6	-1.094972E-6	-1.698744E-11	7.679814E+2
-3.000000E-1	7.411017E-7	-7.411017E-7	-1.149748E-11	7.689834E+2
-2.500000E-1	5.136299E-7	-5.136299E-7	-7.968473E-12	7.699863E+2
-2.000000E-1	3.409478E-7	-3.409478E-7	-5.289477E-12	7.709893E+2
-1.500000E-1	1.939227E-7	-1.939227E-7	-3.008524E-12	7.719912E+2
-1.000000E-1	9.658968E-8	-9.658968E-8	-1.498496E-12	7.729941E+2
-5.000000E-2	2.740843E-8	-2.740843E-8	-4.252154E-13	7.739961E+2
0.000000E+0	2.705599E-8	2.705599E-8	4.197476E-13	7.749990E+2
0.000000E+0	2.345281E-8	2.345281E-8	3.638478E-13	7.760020E+2
5.000000E-2	7.674179E-8	7.674179E-8	1.190575E-12	7.770039E+2
1.000000E-1	1.434398E-7	1.434398E-7	2.225331E-12	7.780068E+2
1.500000E-1	2.343671E-7	2.343671E-7	3.635980E-12	7.790098E+2
2.000000E-1	3.323192E-7	3.323192E-7	5.155612E-12	7.800117E+2
2.500000E-1	4.820870E-7	4.820870E-7	7.479115E-12	7.810146E+2
3.000000E-1	7.034268E-7	7.034268E-7	1.091299E-11	7.820166E+2
3.500000E-1	1.102092E-6	1.102092E-6	1.709789E-11	7.830195E+2
4.000000E-1	1.518743E-6	1.518743E-6	2.356183E-11	7.840215E+2
4.500000E-1	2.186976E-6	2.186976E-6	3.392883E-11	7.850244E+2
5.000000E-1	2.791742E-6	2.791742E-6	4.331120E-11	7.860264E+2
5.000000E-1	2.877955E-6	2.877955E-6	4.464870E-11	7.870293E+2
4.500000E-1	2.189571E-6	2.189571E-6	3.396909E-11	7.880312E+2
4.000000E-1	1.652733E-6	1.652733E-6	2.564056E-11	7.890342E+2
3.500000E-1	1.133288E-6	1.133288E-6	1.758187E-11	7.900371E+2
3.000000E-1	8.087708E-7	8.087708E-7	1.254730E-11	7.910391E+2
2.500000E-1	5.635841E-7	5.635841E-7	8.743464E-12	7.920420E+2
2.000000E-1	3.593510E-7	3.593510E-7	5.574985E-12	7.930439E+2
1.500000E-1	2.341927E-7	2.341927E-7	3.633274E-12	7.940469E+2
1.000000E-1	1.358560E-7	1.358560E-7	2.107675E-12	7.950488E+2
5.000000E-2	5.475603E-8	5.475603E-8	8.494871E-13	7.960518E+2
0.000000E+0	4.537061E-9	-4.537061E-9	-7.038814E-14	7.970537E+2
-5.000000E-2	6.322456E-8	-6.322456E-8	-9.808682E-13	7.980566E+2
-1.000000E-1	1.507490E-7	-1.507490E-7	-2.338726E-12	7.990596E+2
-1.500000E-1	2.452268E-7	-2.452268E-7	-3.804457E-12	8.000625E+2
-2.000000E-1	3.445537E-7	-3.445537E-7	-5.345419E-12	8.010645E+2
-2.500000E-1	5.269798E-7	-5.269798E-7	-8.175585E-12	8.020674E+2
-3.000000E-1	8.034910E-7	-8.034910E-7	-1.246539E-11	8.030693E+2
-3.500000E-1	1.055699E-6	-1.055699E-6	-1.637816E-11	8.040723E+2
-4.000000E-1	1.516107E-6	-1.516107E-6	-2.352094E-11	8.050742E+2
-4.500000E-1	2.096477E-6	-2.096477E-6	-3.252482E-11	8.060771E+2
-5.000000E-1	2.817754E-6	-2.817754E-6	-4.371474E-11	8.070801E+2
-5.000000E-1	2.800754E-6	-2.800754E-6	-4.345101E-11	8.080820E+2
-4.500000E-1	1.985349E-6	-1.985349E-6	-3.080078E-11	8.090850E+2
-4.000000E-1	1.427220E-6	-1.427220E-6	-2.214195E-11	8.100869E+2
-3.500000E-1	1.067238E-6	-1.067238E-6	-1.655717E-11	8.110898E+2
-3.000000E-1	7.439475E-7	-7.439475E-7	-1.154163E-11	8.120928E+2
-2.500000E-1	4.747786E-7	-4.747786E-7	-7.365733E-12	8.130947E+2
-2.000000E-1	3.228980E-7	-3.228980E-7	-5.009451E-12	8.140977E+2
-1.500000E-1	1.903026E-7	-1.903026E-7	-2.952361E-12	8.150996E+2
-1.000000E-1	8.822848E-8	-8.822848E-8	-1.368780E-12	8.161025E+2
-5.000000E-2	2.171564E-8	-2.171564E-8	-3.368972E-13	8.171045E+2
0.000000E+0	2.730019E-8	2.730019E-8	4.235362E-13	8.181074E+2
0.000000E+0	2.280070E-8	2.280070E-8	3.537309E-13	8.191104E+2
5.000000E-2	8.227001E-8	8.227001E-8	1.276340E-12	8.201133E+2
1.000000E-1	1.456484E-7	1.456484E-7	2.259595E-12	8.211152E+2
1.500000E-1	2.619607E-7	2.619607E-7	4.064069E-12	8.221182E+2
2.000000E-1	4.135569E-7	4.135569E-7	6.415937E-12	8.231201E+2
2.500000E-1	5.476686E-7	5.476686E-7	8.496551E-12	8.241230E+2
3.000000E-1	7.830064E-7	7.830064E-7	1.214759E-11	8.251250E+2
3.500000E-1	1.179862E-6	1.179862E-6	1.830442E-11	8.261279E+2
4.000000E-1	1.646092E-6	1.646092E-6	2.553754E-11	8.271299E+2
4.500000E-1	2.263400E-6	2.263400E-6	3.511448E-11	8.281328E+2
5.000000E-1	2.970411E-6	2.970411E-6	4.608306E-11	8.291357E+2
5.000000E-1	3.233278E-6	3.233278E-6	5.016119E-11	8.301377E+2
4.500000E-1	2.165376E-6	2.165376E-6	3.359372E-11	8.311406E+2
4.000000E-1	1.576821E-6	1.576821E-6	2.446286E-11	8.321426E+2
3.500000E-1	1.182543E-6	1.182543E-6	1.834601E-11	8.331455E+2
3.000000E-1	8.309307E-7	8.309307E-7	1.289109E-11	8.341475E+2
2.500000E-1	5.671971E-7	5.671971E-7	8.799517E-12	8.351504E+2
2.000000E-1	3.669635E-7	3.669635E-7	5.693085E-12	8.361523E+2
1.500000E-1	2.249996E-7	2.249996E-7	3.490652E-12	8.371553E+2
1.000000E-1	1.278938E-7	1.278938E-7	1.984149E-12	8.381582E+2
5.000000E-2	5.412449E-8	5.412449E-8	8.396894E-13	8.391602E+2
0.000000E+0	3.957405E-9	-3.957405E-9	-6.139533E-14	8.401631E+2
-5.000000E-2	5.606741E-8	-5.606741E-8	-8.698320E-13	8.411660E+2
-1.000000E-1	1.236617E-7	-1.236617E-7	-1.918493E-12	8.421680E+2
-1.500000E-1	2.249236E-7	-2.249236E-7	-3.489473E-12	8.431709E+2
-2.000000E-1	3.573141E-7	-3.573141E-7	-5.543385E-12	8.441729E+2
-2.500000E-1	5.223641E-7	-5.223641E-7	-8.103976E-12	8.451758E+2
-3.000000E-1	7.929212E-7	-7.929212E-7	-1.230141E-11	8.461787E+2
-3.500000E-1	1.221369E-6	-1.221369E-6	-1.894837E-11	8.471807E+2
-4.000000E-1	1.656477E-6	-1.656477E-6	-2.569864E-11	8.481836E+2
-4.500000E-1	2.221779E-6	-2.221779E-6	-3.446876E-11	8.491855E+2
-5.000000E-1	2.895901E-6	-2.895901E-6	-4.492712E-11	8.501885E+2
-5.000000E-1	2.785645E-6	-2.785645E-6	-4.321660E-11	8.511914E+2
-4.500000E-1	2.280927E-6	-2.280927E-6	-3.538639E-11	8.521934E+2
-4.000000E-1	1.737990E-6	-1.737990E-6	-2.696324E-11	8.531963E+2
-3.500000E-1	1.244093E-6	-1.244093E-6	-1.930091E-11	8.541982E+2
-3.000000E-1	8.232795E-7	-8.232795E-7	-1.277239E-11	8.552012E+2
-2.500000E-1	5.352784E-7	-5.352784E-7	-8.304329E-12	8.562041E+2
-2.000000E-1	3.230384E-7	-3.230384E-7	-5.011630E-12	8.572061E+2
-1.500000E-1	2.113615E-7	-2.113615E-7	-3.279071E-12	8.582090E+2
-1.000000E-1	9.690546E-8	-9.690546E-8	-1.503395E-12	8.592109E+2
-5.000000E-2	2.552723E-8	-2.552723E-8	-3.960304E-13	8.602139E+2
0.000000E+0	2.758555E-8	2.758555E-8	4.279632E-13	8.612158E+2
