voltage_3_2_21_500mV_500ms	absJ_3_2_21_500mV_500ms	J_3_2_21_500mV_500ms	current_3_2_21_500mV_500ms	time_3_2_21_500mV_500ms	
0.000000E+0	1.586101E-7	-1.586101E-7	-6.299350E-12	0.000000E+0
5.000000E-2	5.429438E-5	5.429438E-5	2.156352E-9	8.154297E-1
1.000000E-1	1.362913E-4	1.362913E-4	5.412935E-9	1.083984E+0
1.500000E-1	2.612913E-4	2.612913E-4	1.037743E-8	1.351563E+0
2.000000E-1	4.320044E-4	4.320044E-4	1.715746E-8	2.166016E+0
2.500000E-1	6.789720E-4	6.789720E-4	2.696601E-8	2.434570E+0
3.000000E-1	9.885087E-4	9.885087E-4	3.925955E-8	2.702148E+0
3.500000E-1	1.409951E-3	1.409951E-3	5.599753E-8	2.970703E+0
4.000000E-1	1.886733E-3	1.886733E-3	7.493338E-8	3.238281E+0
4.500000E-1	2.516284E-3	2.516284E-3	9.993659E-8	3.505859E+0
5.000000E-1	3.147923E-3	3.147923E-3	1.250227E-7	4.327148E+0
5.000000E-1	3.132752E-3	3.132752E-3	1.244202E-7	4.594727E+0
4.500000E-1	2.447092E-3	2.447092E-3	9.718853E-8	5.135742E+0
4.000000E-1	1.845357E-3	1.845357E-3	7.329009E-8	5.404297E+0
3.500000E-1	1.379002E-3	1.379002E-3	5.476836E-8	5.671875E+0
3.000000E-1	9.952078E-4	9.952078E-4	3.952561E-8	5.939453E+0
2.500000E-1	6.717437E-4	6.717437E-4	2.667893E-8	6.208008E+0
2.000000E-1	4.380317E-4	4.380317E-4	1.739684E-8	6.475586E+0
1.500000E-1	2.574518E-4	2.574518E-4	1.022494E-8	6.744141E+0
1.000000E-1	1.346420E-4	1.346420E-4	5.347432E-9	7.285156E+0
5.000000E-2	5.513910E-5	5.513910E-5	2.189901E-9	7.552734E+0
0.000000E+0	1.569626E-7	-1.569626E-7	-6.233916E-12	8.527344E+0
-5.000000E-2	5.397894E-5	-5.397894E-5	-2.143824E-9	9.343750E+0
-1.000000E-1	1.245925E-4	-1.245925E-4	-4.948308E-9	9.611328E+0
-1.500000E-1	2.254801E-4	-2.254801E-4	-8.955154E-9	9.879883E+0
-2.000000E-1	3.488980E-4	-3.488980E-4	-1.385681E-8	1.069434E+1
-2.500000E-1	5.184790E-4	-5.184790E-4	-2.059188E-8	1.096289E+1
-3.000000E-1	7.272177E-4	-7.272177E-4	-2.888213E-8	1.123047E+1
-3.500000E-1	9.925540E-4	-9.925540E-4	-3.942021E-8	1.149805E+1
-4.000000E-1	1.309916E-3	-1.309916E-3	-5.202453E-8	1.176660E+1
-4.500000E-1	1.646742E-3	-1.646742E-3	-6.540191E-8	1.203418E+1
-5.000000E-1	2.021752E-3	-2.021752E-3	-8.029579E-8	1.230273E+1
-5.000000E-1	1.976347E-3	-1.976347E-3	-7.849246E-8	1.257031E+1
-4.500000E-1	1.555112E-3	-1.555112E-3	-6.176273E-8	1.283887E+1
-4.000000E-1	1.237383E-3	-1.237383E-3	-4.914384E-8	1.310645E+1
-3.500000E-1	9.560414E-4	-9.560414E-4	-3.797008E-8	1.337402E+1
-3.000000E-1	7.026177E-4	-7.026177E-4	-2.790512E-8	1.364258E+1
-2.500000E-1	5.016379E-4	-5.016379E-4	-1.992302E-8	1.391016E+1
-2.000000E-1	3.350710E-4	-3.350710E-4	-1.330766E-8	1.417871E+1
-1.500000E-1	2.066394E-4	-2.066394E-4	-8.206876E-9	1.471973E+1
-1.000000E-1	1.121680E-4	-1.121680E-4	-4.454857E-9	1.498730E+1
-5.000000E-2	4.961960E-5	-4.961960E-5	-1.970689E-9	1.525586E+1
0.000000E+0	1.366550E-7	-1.366550E-7	-5.427381E-12	1.623047E+1
0.000000E+0	1.364677E-7	-1.364677E-7	-5.419942E-12	1.683398E+1
5.000000E-2	5.045586E-5	5.045586E-5	2.003902E-9	1.764941E+1
1.000000E-1	1.243695E-4	1.243695E-4	4.939452E-9	1.791797E+1
1.500000E-1	2.387027E-4	2.387027E-4	9.480301E-9	1.818555E+1
2.000000E-1	4.031653E-4	4.031653E-4	1.601209E-8	1.900000E+1
2.500000E-1	6.246130E-4	6.246130E-4	2.480709E-8	1.926855E+1
3.000000E-1	9.027941E-4	9.027941E-4	3.585531E-8	1.953613E+1
3.500000E-1	1.268758E-3	1.268758E-3	5.038993E-8	1.980469E+1
4.000000E-1	1.733379E-3	1.733379E-3	6.884279E-8	2.007227E+1
4.500000E-1	2.215373E-3	2.215373E-3	8.798562E-8	2.033984E+1
5.000000E-1	2.954980E-3	2.954980E-3	1.173598E-7	2.116016E+1
5.000000E-1	2.926155E-3	2.926155E-3	1.162150E-7	2.142871E+1
4.500000E-1	2.256918E-3	2.256918E-3	8.963562E-8	2.196973E+1
4.000000E-1	1.713315E-3	1.713315E-3	6.804592E-8	2.223828E+1
3.500000E-1	1.264700E-3	1.264700E-3	5.022876E-8	2.250586E+1
3.000000E-1	8.882688E-4	8.882688E-4	3.527843E-8	2.277344E+1
2.500000E-1	6.020344E-4	6.020344E-4	2.391036E-8	2.304199E+1
2.000000E-1	3.854997E-4	3.854997E-4	1.531048E-8	2.330957E+1
1.500000E-1	2.296573E-4	2.296573E-4	9.121054E-9	2.385156E+1
1.000000E-1	1.226306E-4	1.226306E-4	4.870387E-9	2.411914E+1
5.000000E-2	5.054432E-5	5.054432E-5	2.007415E-9	2.438672E+1
0.000000E+0	1.401342E-7	-1.401342E-7	-5.565562E-12	2.536133E+1
-5.000000E-2	4.721928E-5	-4.721928E-5	-1.875358E-9	2.617773E+1
-1.000000E-1	1.091612E-4	-1.091612E-4	-4.335441E-9	2.644531E+1
-1.500000E-1	1.981459E-4	-1.981459E-4	-7.869551E-9	2.671387E+1
-2.000000E-1	3.333513E-4	-3.333513E-4	-1.323936E-8	2.752832E+1
-2.500000E-1	4.952047E-4	-4.952047E-4	-1.966752E-8	2.779688E+1
-3.000000E-1	7.193674E-4	-7.193674E-4	-2.857035E-8	2.806445E+1
-3.500000E-1	9.832496E-4	-9.832496E-4	-3.905068E-8	2.833203E+1
-4.000000E-1	1.249299E-3	-1.249299E-3	-4.961709E-8	2.860059E+1
-4.500000E-1	1.554645E-3	-1.554645E-3	-6.174417E-8	2.886816E+1
-5.000000E-1	1.915184E-3	-1.915184E-3	-7.606333E-8	2.913672E+1
-5.000000E-1	1.869953E-3	-1.869953E-3	-7.426692E-8	2.940430E+1
-4.500000E-1	1.468969E-3	-1.468969E-3	-5.834150E-8	2.967188E+1
-4.000000E-1	1.173453E-3	-1.173453E-3	-4.660477E-8	2.994043E+1
-3.500000E-1	8.875754E-4	-8.875754E-4	-3.525089E-8	3.020801E+1
-3.000000E-1	6.588872E-4	-6.588872E-4	-2.616832E-8	3.047656E+1
-2.500000E-1	4.618214E-4	-4.618214E-4	-1.834167E-8	3.074414E+1
-2.000000E-1	3.045352E-4	-3.045352E-4	-1.209490E-8	3.101270E+1
-1.500000E-1	1.879961E-4	-1.879961E-4	-7.466441E-9	3.155371E+1
-1.000000E-1	1.044143E-4	-1.044143E-4	-4.146911E-9	3.182129E+1
-5.000000E-2	4.497593E-5	-4.497593E-5	-1.786261E-9	3.208984E+1
0.000000E+0	1.251872E-7	-1.251872E-7	-4.971926E-12	3.306445E+1
0.000000E+0	1.242137E-7	-1.242137E-7	-4.933262E-12	3.366797E+1
5.000000E-2	4.687829E-5	4.687829E-5	1.861815E-9	3.448340E+1
1.000000E-1	1.106941E-4	1.106941E-4	4.396318E-9	3.475195E+1
1.500000E-1	2.098316E-4	2.098316E-4	8.333657E-9	3.501953E+1
2.000000E-1	3.513862E-4	3.513862E-4	1.395563E-8	3.583496E+1
2.500000E-1	5.473201E-4	5.473201E-4	2.173733E-8	3.610254E+1
3.000000E-1	8.280801E-4	8.280801E-4	3.288798E-8	3.637109E+1
3.500000E-1	1.168178E-3	1.168178E-3	4.639529E-8	3.663867E+1
4.000000E-1	1.612990E-3	1.612990E-3	6.406139E-8	3.690625E+1
4.500000E-1	2.102459E-3	2.102459E-3	8.350113E-8	3.717480E+1
5.000000E-1	2.694908E-3	2.694908E-3	1.070308E-7	3.799512E+1
5.000000E-1	2.677250E-3	2.677250E-3	1.063295E-7	3.826270E+1
4.500000E-1	2.075458E-3	2.075458E-3	8.242878E-8	3.880469E+1
4.000000E-1	1.606775E-3	1.606775E-3	6.381457E-8	3.907227E+1
3.500000E-1	1.193684E-3	1.193684E-3	4.740826E-8	3.933984E+1
3.000000E-1	8.363741E-4	8.363741E-4	3.321738E-8	3.960840E+1
2.500000E-1	5.642397E-4	5.642397E-4	2.240931E-8	3.987598E+1
2.000000E-1	3.629462E-4	3.629462E-4	1.441475E-8	4.014453E+1
1.500000E-1	2.147369E-4	2.147369E-4	8.528478E-9	4.068555E+1
1.000000E-1	1.146560E-4	1.146560E-4	4.553669E-9	4.095313E+1
5.000000E-2	4.739221E-5	4.739221E-5	1.882226E-9	4.122168E+1
0.000000E+0	1.234345E-7	-1.234345E-7	-4.902315E-12	4.219629E+1
-5.000000E-2	4.440270E-5	-4.440270E-5	-1.763495E-9	4.301270E+1
-1.000000E-1	1.034137E-4	-1.034137E-4	-4.107171E-9	4.328027E+1
-1.500000E-1	1.860418E-4	-1.860418E-4	-7.388825E-9	4.354785E+1
-2.000000E-1	3.095704E-4	-3.095704E-4	-1.229488E-8	4.436328E+1
-2.500000E-1	4.714082E-4	-4.714082E-4	-1.872242E-8	4.463086E+1
-3.000000E-1	6.852899E-4	-6.852899E-4	-2.721693E-8	4.489941E+1
-3.500000E-1	9.067650E-4	-9.067650E-4	-3.601302E-8	4.516699E+1
-4.000000E-1	1.178240E-3	-1.178240E-3	-4.679492E-8	4.543555E+1
-4.500000E-1	1.457090E-3	-1.457090E-3	-5.786971E-8	4.570313E+1
-5.000000E-1	1.789567E-3	-1.789567E-3	-7.107431E-8	4.597070E+1
-5.000000E-1	1.747460E-3	-1.747460E-3	-6.940202E-8	4.623926E+1
-4.500000E-1	1.386027E-3	-1.386027E-3	-5.504735E-8	4.650684E+1
-4.000000E-1	1.099941E-3	-1.099941E-3	-4.368519E-8	4.677539E+1
-3.500000E-1	8.394063E-4	-8.394063E-4	-3.333781E-8	4.704297E+1
-3.000000E-1	6.095860E-4	-6.095860E-4	-2.421028E-8	4.731152E+1
-2.500000E-1	4.323708E-4	-4.323708E-4	-1.717201E-8	4.757910E+1
-2.000000E-1	2.889830E-4	-2.889830E-4	-1.147723E-8	4.784668E+1
-1.500000E-1	1.772868E-4	-1.772868E-4	-7.041110E-9	4.838867E+1
-1.000000E-1	9.772248E-5	-9.772248E-5	-3.881140E-9	4.865625E+1
-5.000000E-2	4.317957E-5	-4.317957E-5	-1.714917E-9	4.892480E+1
0.000000E+0	1.202931E-7	-1.202931E-7	-4.777553E-12	4.989941E+1
0.000000E+0	1.221241E-7	-1.221241E-7	-4.850273E-12	5.050293E+1
5.000000E-2	4.286300E-5	4.286300E-5	1.702344E-9	5.131836E+1
1.000000E-1	1.058828E-4	1.058828E-4	4.205235E-9	5.158691E+1
1.500000E-1	2.000664E-4	2.000664E-4	7.945825E-9	5.185449E+1
2.000000E-1	3.371020E-4	3.371020E-4	1.338832E-8	5.266895E+1
2.500000E-1	5.408376E-4	5.408376E-4	2.147987E-8	5.293750E+1
3.000000E-1	7.868786E-4	7.868786E-4	3.125162E-8	5.320508E+1
3.500000E-1	1.113594E-3	1.113594E-3	4.422742E-8	5.347363E+1
4.000000E-1	1.517669E-3	1.517669E-3	6.027565E-8	5.374121E+1
4.500000E-1	1.964400E-3	1.964400E-3	7.801798E-8	5.400879E+1
5.000000E-1	2.436463E-3	2.436463E-3	9.676643E-8	5.427734E+1
5.000000E-1	2.417842E-3	2.417842E-3	9.602686E-8	5.454492E+1
4.500000E-1	1.898428E-3	1.898428E-3	7.539786E-8	5.481348E+1
4.000000E-1	1.456787E-3	1.456787E-3	5.785765E-8	5.508105E+1
3.500000E-1	1.085948E-3	1.085948E-3	4.312944E-8	5.534863E+1
3.000000E-1	7.736079E-4	7.736079E-4	3.072456E-8	5.561719E+1
2.500000E-1	5.328481E-4	5.328481E-4	2.116256E-8	5.588477E+1
2.000000E-1	3.359845E-4	3.359845E-4	1.334394E-8	5.615332E+1
1.500000E-1	2.007154E-4	2.007154E-4	7.971600E-9	5.669434E+1
1.000000E-1	1.046683E-4	1.046683E-4	4.157001E-9	5.696191E+1
5.000000E-2	4.259479E-5	4.259479E-5	1.691692E-9	5.723047E+1
0.000000E+0	1.242507E-7	-1.242507E-7	-4.934733E-12	5.820508E+1
-5.000000E-2	4.077842E-5	-4.077842E-5	-1.619553E-9	5.902148E+1
-1.000000E-1	9.550609E-5	-9.550609E-5	-3.793114E-9	5.928906E+1
-1.500000E-1	1.710836E-4	-1.710836E-4	-6.794747E-9	5.955664E+1
-2.000000E-1	2.719168E-4	-2.719168E-4	-1.079943E-8	6.037207E+1
-2.500000E-1	4.148030E-4	-4.148030E-4	-1.647429E-8	6.063965E+1
-3.000000E-1	5.908638E-4	-5.908638E-4	-2.346671E-8	6.090820E+1
-3.500000E-1	8.179424E-4	-8.179424E-4	-3.248535E-8	6.117578E+1
-4.000000E-1	1.059766E-3	-1.059766E-3	-4.208958E-8	6.144336E+1
-4.500000E-1	1.353581E-3	-1.353581E-3	-5.375875E-8	6.171191E+1
-5.000000E-1	1.660014E-3	-1.660014E-3	-6.592902E-8	6.197949E+1
-5.000000E-1	1.626608E-3	-1.626608E-3	-6.460225E-8	6.224805E+1
-4.500000E-1	1.311933E-3	-1.311933E-3	-5.210464E-8	6.251563E+1
-4.000000E-1	1.020641E-3	-1.020641E-3	-4.053572E-8	6.278418E+1
-3.500000E-1	7.831078E-4	-7.831078E-4	-3.110186E-8	6.305176E+1
-3.000000E-1	5.779675E-4	-5.779675E-4	-2.295452E-8	6.331934E+1
-2.500000E-1	4.088873E-4	-4.088873E-4	-1.623934E-8	6.358789E+1
-2.000000E-1	2.774503E-4	-2.774503E-4	-1.101920E-8	6.385547E+1
-1.500000E-1	1.727967E-4	-1.727967E-4	-6.862783E-9	6.439746E+1
-1.000000E-1	9.344586E-5	-9.344586E-5	-3.711290E-9	6.466504E+1
-5.000000E-2	4.013802E-5	-4.013802E-5	-1.594119E-9	6.493359E+1
0.000000E+0	1.082023E-7	-1.082023E-7	-4.297354E-12	6.590820E+1
0.000000E+0	1.105651E-7	-1.105651E-7	-4.391196E-12	6.651172E+1
5.000000E-2	4.053836E-5	4.053836E-5	1.610019E-9	6.732715E+1
1.000000E-1	9.839008E-5	9.839008E-5	3.907654E-9	6.759570E+1
1.500000E-1	1.862467E-4	1.862467E-4	7.396964E-9	6.786328E+1
2.000000E-1	3.170700E-4	3.170700E-4	1.259273E-8	6.867773E+1
2.500000E-1	4.924197E-4	4.924197E-4	1.955691E-8	6.894629E+1
3.000000E-1	7.332993E-4	7.332993E-4	2.912367E-8	6.921387E+1
3.500000E-1	1.018394E-3	1.018394E-3	4.044649E-8	6.948242E+1
4.000000E-1	1.393128E-3	1.393128E-3	5.532940E-8	6.975000E+1
4.500000E-1	1.846050E-3	1.846050E-3	7.331759E-8	7.001758E+1
5.000000E-1	2.349925E-3	2.349925E-3	9.332947E-8	7.028613E+1
5.000000E-1	2.357204E-3	2.357204E-3	9.361855E-8	7.055371E+1
4.500000E-1	1.827140E-3	1.827140E-3	7.256658E-8	7.082227E+1
4.000000E-1	1.412192E-3	1.412192E-3	5.608652E-8	7.108984E+1
3.500000E-1	1.049574E-3	1.049574E-3	4.168480E-8	7.135742E+1
3.000000E-1	7.539336E-4	7.539336E-4	2.994318E-8	7.162598E+1
2.500000E-1	5.090924E-4	5.090924E-4	2.021908E-8	7.189355E+1
2.000000E-1	3.289916E-4	3.289916E-4	1.306621E-8	7.216211E+1
1.500000E-1	1.915655E-4	1.915655E-4	7.608204E-9	7.270313E+1
1.000000E-1	1.001664E-4	1.001664E-4	3.978201E-9	7.297070E+1
5.000000E-2	4.216244E-5	4.216244E-5	1.674521E-9	7.323926E+1
0.000000E+0	1.242993E-7	-1.242993E-7	-4.936662E-12	7.421387E+1
-5.000000E-2	3.966405E-5	-3.966405E-5	-1.575295E-9	7.503027E+1
-1.000000E-1	9.293848E-5	-9.293848E-5	-3.691139E-9	7.529785E+1
-1.500000E-1	1.705807E-4	-1.705807E-4	-6.774772E-9	7.556543E+1
-2.000000E-1	2.791366E-4	-2.791366E-4	-1.108617E-8	7.638086E+1
-2.500000E-1	4.256367E-4	-4.256367E-4	-1.690456E-8	7.664844E+1
-3.000000E-1	6.070906E-4	-6.070906E-4	-2.411117E-8	7.691699E+1
-3.500000E-1	8.356429E-4	-8.356429E-4	-3.318834E-8	7.718457E+1
-4.000000E-1	1.081194E-3	-1.081194E-3	-4.294064E-8	7.745312E+1
-4.500000E-1	1.375836E-3	-1.375836E-3	-5.464263E-8	7.772070E+1
-5.000000E-1	1.657724E-3	-1.657724E-3	-6.583805E-8	7.798828E+1
-5.000000E-1	1.633603E-3	-1.633603E-3	-6.488006E-8	7.825684E+1
-4.500000E-1	1.298071E-3	-1.298071E-3	-5.155410E-8	7.852441E+1
-4.000000E-1	1.013551E-3	-1.013551E-3	-4.025411E-8	7.879297E+1
-3.500000E-1	7.526727E-4	-7.526727E-4	-2.989310E-8	7.906055E+1
-3.000000E-1	5.692075E-4	-5.692075E-4	-2.260661E-8	7.932813E+1
-2.500000E-1	3.965831E-4	-3.965831E-4	-1.575067E-8	7.959668E+1
-2.000000E-1	2.702072E-4	-2.702072E-4	-1.073153E-8	7.986426E+1
-1.500000E-1	1.711022E-4	-1.711022E-4	-6.795484E-9	8.040625E+1
-1.000000E-1	9.380260E-5	-9.380260E-5	-3.725458E-9	8.067383E+1
-5.000000E-2	4.012729E-5	-4.012729E-5	-1.593693E-9	8.094141E+1
0.000000E+0	1.123489E-7	-1.123489E-7	-4.462042E-12	8.191699E+1
0.000000E+0	1.204220E-7	-1.204220E-7	-4.782674E-12	8.252051E+1
5.000000E-2	4.094747E-5	4.094747E-5	1.626267E-9	8.333594E+1
1.000000E-1	1.004199E-4	1.004199E-4	3.988272E-9	8.360352E+1
1.500000E-1	1.912606E-4	1.912606E-4	7.596094E-9	8.387207E+1
2.000000E-1	3.167288E-4	3.167288E-4	1.257918E-8	8.468652E+1
2.500000E-1	4.923550E-4	4.923550E-4	1.955434E-8	8.495410E+1
3.000000E-1	7.202192E-4	7.202192E-4	2.860418E-8	8.522266E+1
3.500000E-1	1.029574E-3	1.029574E-3	4.089051E-8	8.549023E+1
4.000000E-1	1.375247E-3	1.375247E-3	5.461922E-8	8.575879E+1
4.500000E-1	1.808966E-3	1.808966E-3	7.184476E-8	8.602637E+1
5.000000E-1	2.313944E-3	2.313944E-3	9.190047E-8	8.629395E+1
5.000000E-1	2.267046E-3	2.267046E-3	9.003784E-8	8.656250E+1
4.500000E-1	1.785955E-3	1.785955E-3	7.093089E-8	8.683008E+1
4.000000E-1	1.371065E-3	1.371065E-3	5.445314E-8	8.709863E+1
3.500000E-1	1.034333E-3	1.034333E-3	4.107950E-8	8.736621E+1
3.000000E-1	7.293740E-4	7.293740E-4	2.896777E-8	8.763379E+1
2.500000E-1	4.938358E-4	4.938358E-4	1.961315E-8	8.790234E+1
2.000000E-1	3.187005E-4	3.187005E-4	1.265749E-8	8.816992E+1
1.500000E-1	1.943756E-4	1.943756E-4	7.719810E-9	8.871191E+1
1.000000E-1	1.016670E-4	1.016670E-4	4.037799E-9	8.897949E+1
5.000000E-2	4.161536E-5	4.161536E-5	1.652793E-9	8.924707E+1
0.000000E+0	1.286060E-7	-1.286060E-7	-5.107706E-12	9.022168E+1
-5.000000E-2	3.971154E-5	-3.971154E-5	-1.577181E-9	9.103809E+1
-1.000000E-1	9.450451E-5	-9.450451E-5	-3.753335E-9	9.130566E+1
-1.500000E-1	1.760592E-4	-1.760592E-4	-6.992358E-9	9.157422E+1
-2.000000E-1	2.729642E-4	-2.729642E-4	-1.084103E-8	9.238867E+1
-2.500000E-1	4.132537E-4	-4.132537E-4	-1.641276E-8	9.265625E+1
-3.000000E-1	5.882991E-4	-5.882991E-4	-2.336485E-8	9.292480E+1
-3.500000E-1	7.886116E-4	-7.886116E-4	-3.132045E-8	9.319238E+1
-4.000000E-1	1.058610E-3	-1.058610E-3	-4.204367E-8	9.346094E+1
-4.500000E-1	1.363322E-3	-1.363322E-3	-5.414559E-8	9.372852E+1
-5.000000E-1	1.614645E-3	-1.614645E-3	-6.412712E-8	9.399609E+1
-5.000000E-1	1.576095E-3	-1.576095E-3	-6.259609E-8	9.426465E+1
-4.500000E-1	1.229029E-3	-1.229029E-3	-4.881204E-8	9.453223E+1
-4.000000E-1	9.457213E-4	-9.457213E-4	-3.756021E-8	9.480078E+1
-3.500000E-1	7.242113E-4	-7.242113E-4	-2.876273E-8	9.506836E+1
-3.000000E-1	5.256368E-4	-5.256368E-4	-2.087616E-8	9.533594E+1
-2.500000E-1	3.778677E-4	-3.778677E-4	-1.500737E-8	9.560449E+1
-2.000000E-1	2.575923E-4	-2.575923E-4	-1.023052E-8	9.587207E+1
-1.500000E-1	1.555816E-4	-1.555816E-4	-6.179069E-9	9.641406E+1
-1.000000E-1	8.524802E-5	-8.524802E-5	-3.385705E-9	9.668164E+1
-5.000000E-2	3.721567E-5	-3.721567E-5	-1.478055E-9	9.694922E+1
0.000000E+0	1.106245E-7	-1.106245E-7	-4.393555E-12	9.792383E+1
0.000000E+0	1.115746E-7	-1.115746E-7	-4.431289E-12	9.852832E+1
5.000000E-2	3.968880E-5	3.968880E-5	1.576278E-9	9.934375E+1
1.000000E-1	9.629822E-5	9.629822E-5	3.824574E-9	9.961133E+1
1.500000E-1	1.856621E-4	1.856621E-4	7.373746E-9	9.987988E+1
2.000000E-1	2.999390E-4	2.999390E-4	1.191236E-8	1.006943E+2
2.500000E-1	4.679973E-4	4.679973E-4	1.858695E-8	1.009619E+2
3.000000E-1	6.910485E-4	6.910485E-4	2.744564E-8	1.012305E+2
3.500000E-1	9.742368E-4	9.742368E-4	3.869273E-8	1.014980E+2
4.000000E-1	1.329128E-3	1.329128E-3	5.278758E-8	1.017666E+2
4.500000E-1	1.743578E-3	1.743578E-3	6.924784E-8	1.020342E+2
5.000000E-1	2.230209E-3	2.230209E-3	8.857482E-8	1.023018E+2
5.000000E-1	2.202937E-3	2.202937E-3	8.749169E-8	1.025703E+2
4.500000E-1	1.727324E-3	1.727324E-3	6.860230E-8	1.028379E+2
4.000000E-1	1.334322E-3	1.334322E-3	5.299384E-8	1.031064E+2
3.500000E-1	9.879072E-4	9.879072E-4	3.923566E-8	1.033740E+2
3.000000E-1	7.186896E-4	7.186896E-4	2.854343E-8	1.036416E+2
2.500000E-1	4.745911E-4	4.745911E-4	1.884883E-8	1.039102E+2
2.000000E-1	2.940739E-4	2.940739E-4	1.167942E-8	1.041777E+2
1.500000E-1	1.769584E-4	1.769584E-4	7.028069E-9	1.047197E+2
1.000000E-1	9.314568E-5	9.314568E-5	3.699368E-9	1.049873E+2
5.000000E-2	3.812711E-5	3.812711E-5	1.514254E-9	1.052549E+2
0.000000E+0	1.144035E-7	-1.144035E-7	-4.543643E-12	1.062295E+2
-5.000000E-2	3.659360E-5	-3.659360E-5	-1.453349E-9	1.070459E+2
-1.000000E-1	8.841161E-5	-8.841161E-5	-3.511350E-9	1.073135E+2
-1.500000E-1	1.619733E-4	-1.619733E-4	-6.432921E-9	1.075820E+2
-2.000000E-1	2.626991E-4	-2.626991E-4	-1.043334E-8	1.078496E+2
-2.500000E-1	3.773959E-4	-3.773959E-4	-1.498863E-8	1.086650E+2
-3.000000E-1	5.311737E-4	-5.311737E-4	-2.109606E-8	1.089326E+2
-3.500000E-1	7.249012E-4	-7.249012E-4	-2.879013E-8	1.092002E+2
-4.000000E-1	9.529207E-4	-9.529207E-4	-3.784614E-8	1.094688E+2
-4.500000E-1	1.221396E-3	-1.221396E-3	-4.850887E-8	1.097363E+2
-5.000000E-1	1.525234E-3	-1.525234E-3	-6.057610E-8	1.100049E+2
-5.000000E-1	1.504580E-3	-1.504580E-3	-5.975579E-8	1.102725E+2
-4.500000E-1	1.207309E-3	-1.207309E-3	-4.794941E-8	1.105400E+2
-4.000000E-1	9.342628E-4	-9.342628E-4	-3.710512E-8	1.108086E+2
-3.500000E-1	7.055238E-4	-7.055238E-4	-2.802054E-8	1.110762E+2
-3.000000E-1	5.146644E-4	-5.146644E-4	-2.044038E-8	1.113447E+2
-2.500000E-1	3.628380E-4	-3.628380E-4	-1.441045E-8	1.116123E+2
-2.000000E-1	2.388123E-4	-2.388123E-4	-9.484656E-9	1.121533E+2
-1.500000E-1	1.501763E-4	-1.501763E-4	-5.964393E-9	1.124219E+2
-1.000000E-1	8.409058E-5	-8.409058E-5	-3.339736E-9	1.126895E+2
-5.000000E-2	3.633343E-5	-3.633343E-5	-1.443016E-9	1.129580E+2
0.000000E+0	1.056336E-7	-1.056336E-7	-4.195339E-12	1.139326E+2
0.000000E+0	1.023043E-7	-1.023043E-7	-4.063111E-12	1.145361E+2
5.000000E-2	3.892322E-5	3.892322E-5	1.545872E-9	1.153516E+2
1.000000E-1	9.361854E-5	9.361854E-5	3.718148E-9	1.156191E+2
1.500000E-1	1.767186E-4	1.767186E-4	7.018544E-9	1.158877E+2
2.000000E-1	2.960197E-4	2.960197E-4	1.175670E-8	1.167021E+2
2.500000E-1	4.635651E-4	4.635651E-4	1.841092E-8	1.169697E+2
3.000000E-1	6.858851E-4	6.858851E-4	2.724057E-8	1.172383E+2
3.500000E-1	9.680743E-4	9.680743E-4	3.844798E-8	1.175059E+2
4.000000E-1	1.312084E-3	1.312084E-3	5.211064E-8	1.177744E+2
4.500000E-1	1.694769E-3	1.694769E-3	6.730935E-8	1.180420E+2
5.000000E-1	2.178475E-3	2.178475E-3	8.652017E-8	1.183096E+2
5.000000E-1	2.168750E-3	2.168750E-3	8.613393E-8	1.185781E+2
4.500000E-1	1.705301E-3	1.705301E-3	6.772763E-8	1.188457E+2
4.000000E-1	1.290777E-3	1.290777E-3	5.126443E-8	1.191143E+2
3.500000E-1	9.507463E-4	9.507463E-4	3.775978E-8	1.193818E+2
3.000000E-1	6.911870E-4	6.911870E-4	2.745114E-8	1.196494E+2
2.500000E-1	4.772527E-4	4.772527E-4	1.895454E-8	1.199180E+2
2.000000E-1	3.046784E-4	3.046784E-4	1.210059E-8	1.201855E+2
1.500000E-1	1.810906E-4	1.810906E-4	7.192181E-9	1.207275E+2
1.000000E-1	9.544773E-5	9.544773E-5	3.790796E-9	1.209951E+2
5.000000E-2	3.920152E-5	3.920152E-5	1.556925E-9	1.212627E+2
0.000000E+0	1.166091E-7	-1.166091E-7	-4.631240E-12	1.222373E+2
-5.000000E-2	3.569287E-5	-3.569287E-5	-1.417576E-9	1.230537E+2
-1.000000E-1	8.363965E-5	-8.363965E-5	-3.321827E-9	1.233213E+2
-1.500000E-1	1.558728E-4	-1.558728E-4	-6.190635E-9	1.235898E+2
-2.000000E-1	2.534897E-4	-2.534897E-4	-1.006758E-8	1.238574E+2
-2.500000E-1	3.777892E-4	-3.777892E-4	-1.500425E-8	1.246729E+2
-3.000000E-1	5.423505E-4	-5.423505E-4	-2.153996E-8	1.249404E+2
-3.500000E-1	7.459129E-4	-7.459129E-4	-2.962463E-8	1.252080E+2
-4.000000E-1	9.748759E-4	-9.748759E-4	-3.871811E-8	1.254766E+2
-4.500000E-1	1.255172E-3	-1.255172E-3	-4.985033E-8	1.257441E+2
-5.000000E-1	1.537049E-3	-1.537049E-3	-6.104533E-8	1.260127E+2
-5.000000E-1	1.508435E-3	-1.508435E-3	-5.990893E-8	1.262803E+2
-4.500000E-1	1.210093E-3	-1.210093E-3	-4.805997E-8	1.265479E+2
-4.000000E-1	9.441341E-4	-9.441341E-4	-3.749717E-8	1.268164E+2
-3.500000E-1	7.228771E-4	-7.228771E-4	-2.870974E-8	1.270840E+2
-3.000000E-1	5.345658E-4	-5.345658E-4	-2.123078E-8	1.273525E+2
-2.500000E-1	3.734403E-4	-3.734403E-4	-1.483153E-8	1.276201E+2
-2.000000E-1	2.523863E-4	-2.523863E-4	-1.002376E-8	1.281611E+2
-1.500000E-1	1.566084E-4	-1.566084E-4	-6.219850E-9	1.284297E+2
-1.000000E-1	8.661465E-5	-8.661465E-5	-3.439982E-9	1.286973E+2
-5.000000E-2	3.659755E-5	-3.659755E-5	-1.453506E-9	1.289658E+2
0.000000E+0	1.061455E-7	-1.061455E-7	-4.215669E-12	1.299404E+2
0.000000E+0	1.073329E-7	-1.073329E-7	-4.262826E-12	1.305439E+2
5.000000E-2	3.852990E-5	3.852990E-5	1.530251E-9	1.313594E+2
1.000000E-1	9.316419E-5	9.316419E-5	3.700103E-9	1.316270E+2
1.500000E-1	1.747784E-4	1.747784E-4	6.941488E-9	1.318955E+2
2.000000E-1	2.857100E-4	2.857100E-4	1.134724E-8	1.327100E+2
2.500000E-1	4.451636E-4	4.451636E-4	1.768009E-8	1.329775E+2
3.000000E-1	6.620894E-4	6.620894E-4	2.629550E-8	1.332461E+2
3.500000E-1	9.115502E-4	9.115502E-4	3.620307E-8	1.335137E+2
4.000000E-1	1.227722E-3	1.227722E-3	4.876012E-8	1.337822E+2
4.500000E-1	1.615467E-3	1.615467E-3	6.415979E-8	1.340498E+2
5.000000E-1	2.059301E-3	2.059301E-3	8.178706E-8	1.343174E+2
5.000000E-1	2.037655E-3	2.037655E-3	8.092736E-8	1.345859E+2
4.500000E-1	1.610721E-3	1.610721E-3	6.397129E-8	1.348535E+2
4.000000E-1	1.215442E-3	1.215442E-3	4.827241E-8	1.351221E+2
3.500000E-1	9.125677E-4	9.125677E-4	3.624348E-8	1.353896E+2
3.000000E-1	6.496420E-4	6.496420E-4	2.580114E-8	1.356572E+2
2.500000E-1	4.439047E-4	4.439047E-4	1.763009E-8	1.359258E+2
2.000000E-1	2.836645E-4	2.836645E-4	1.126600E-8	1.361934E+2
1.500000E-1	1.690171E-4	1.690171E-4	6.712671E-9	1.367354E+2
1.000000E-1	9.040746E-5	9.040746E-5	3.590617E-9	1.370029E+2
5.000000E-2	3.667573E-5	3.667573E-5	1.456611E-9	1.372705E+2
0.000000E+0	1.096810E-7	-1.096810E-7	-4.356085E-12	1.382451E+2
-5.000000E-2	3.467656E-5	-3.467656E-5	-1.377212E-9	1.390615E+2
-1.000000E-1	7.996578E-5	-7.996578E-5	-3.175916E-9	1.393291E+2
-1.500000E-1	1.494177E-4	-1.494177E-4	-5.934264E-9	1.395977E+2
-2.000000E-1	2.425511E-4	-2.425511E-4	-9.633145E-9	1.398652E+2
-2.500000E-1	3.640488E-4	-3.640488E-4	-1.445854E-8	1.406807E+2
-3.000000E-1	5.183053E-4	-5.183053E-4	-2.058498E-8	1.409482E+2
-3.500000E-1	7.001899E-4	-7.001899E-4	-2.780870E-8	1.412158E+2
-4.000000E-1	9.251480E-4	-9.251480E-4	-3.674312E-8	1.414844E+2
-4.500000E-1	1.183840E-3	-1.183840E-3	-4.701732E-8	1.417520E+2
-5.000000E-1	1.456044E-3	-1.456044E-3	-5.782813E-8	1.420205E+2
-5.000000E-1	1.443208E-3	-1.443208E-3	-5.731836E-8	1.422881E+2
-4.500000E-1	1.159726E-3	-1.159726E-3	-4.605960E-8	1.425557E+2
-4.000000E-1	9.114291E-4	-9.114291E-4	-3.619826E-8	1.428242E+2
-3.500000E-1	6.967973E-4	-6.967973E-4	-2.767396E-8	1.430918E+2
-3.000000E-1	5.142669E-4	-5.142669E-4	-2.042459E-8	1.433604E+2
-2.500000E-1	3.645217E-4	-3.645217E-4	-1.447732E-8	1.436279E+2
-2.000000E-1	2.400940E-4	-2.400940E-4	-9.535557E-9	1.441689E+2
-1.500000E-1	1.488538E-4	-1.488538E-4	-5.911867E-9	1.444375E+2
-1.000000E-1	8.028668E-5	-8.028668E-5	-3.188661E-9	1.447051E+2
-5.000000E-2	3.384717E-5	-3.384717E-5	-1.344272E-9	1.449736E+2
0.000000E+0	9.682740E-8	-9.682740E-8	-3.845591E-12	1.459482E+2
0.000000E+0	9.708702E-8	-9.708702E-8	-3.855902E-12	1.465518E+2
5.000000E-2	3.483025E-5	3.483025E-5	1.383316E-9	1.473672E+2
1.000000E-1	8.503939E-5	8.503939E-5	3.377419E-9	1.476348E+2
1.500000E-1	1.599841E-4	1.599841E-4	6.353917E-9	1.479033E+2
2.000000E-1	2.686229E-4	2.686229E-4	1.066861E-8	1.487178E+2
2.500000E-1	4.195950E-4	4.195950E-4	1.666461E-8	1.489854E+2
3.000000E-1	6.136174E-4	6.136174E-4	2.437039E-8	1.492539E+2
3.500000E-1	8.803174E-4	8.803174E-4	3.496263E-8	1.495215E+2
4.000000E-1	1.186006E-3	1.186006E-3	4.710334E-8	1.497900E+2
4.500000E-1	1.559075E-3	1.559075E-3	6.192014E-8	1.500576E+2
5.000000E-1	1.968146E-3	1.968146E-3	7.816678E-8	1.503252E+2
5.000000E-1	1.939767E-3	1.939767E-3	7.703966E-8	1.505937E+2
4.500000E-1	1.543183E-3	1.543183E-3	6.128897E-8	1.508613E+2
4.000000E-1	1.180800E-3	1.180800E-3	4.689659E-8	1.511299E+2
3.500000E-1	8.774012E-4	8.774012E-4	3.484681E-8	1.513975E+2
3.000000E-1	6.318771E-4	6.318771E-4	2.509559E-8	1.516650E+2
2.500000E-1	4.301120E-4	4.301120E-4	1.708230E-8	1.519336E+2
2.000000E-1	2.761803E-4	2.761803E-4	1.096876E-8	1.522012E+2
1.500000E-1	1.637270E-4	1.637270E-4	6.502571E-9	1.527432E+2
1.000000E-1	8.710365E-5	8.710365E-5	3.459403E-9	1.530107E+2
5.000000E-2	3.568550E-5	3.568550E-5	1.417283E-9	1.532783E+2
0.000000E+0	1.047660E-7	-1.047660E-7	-4.160880E-12	1.542529E+2
-5.000000E-2	3.189878E-5	-3.189878E-5	-1.266890E-9	1.550693E+2
-1.000000E-1	7.580491E-5	-7.580491E-5	-3.010663E-9	1.553379E+2
-1.500000E-1	1.412312E-4	-1.412312E-4	-5.609128E-9	1.556055E+2
-2.000000E-1	2.276494E-4	-2.276494E-4	-9.041311E-9	1.558730E+2
-2.500000E-1	3.614010E-4	-3.614010E-4	-1.435338E-8	1.566885E+2
-3.000000E-1	5.136772E-4	-5.136772E-4	-2.040117E-8	1.569561E+2
-3.500000E-1	7.035332E-4	-7.035332E-4	-2.794148E-8	1.572236E+2
-4.000000E-1	9.165651E-4	-9.165651E-4	-3.640224E-8	1.574922E+2
-4.500000E-1	1.179643E-3	-1.179643E-3	-4.685064E-8	1.577598E+2
-5.000000E-1	1.454368E-3	-1.454368E-3	-5.776160E-8	1.580283E+2
-5.000000E-1	1.440985E-3	-1.440985E-3	-5.723007E-8	1.582959E+2
-4.500000E-1	1.161783E-3	-1.161783E-3	-4.614131E-8	1.585635E+2
-4.000000E-1	8.918596E-4	-8.918596E-4	-3.542104E-8	1.588320E+2
-3.500000E-1	6.796655E-4	-6.796655E-4	-2.699355E-8	1.590996E+2
-3.000000E-1	4.915556E-4	-4.915556E-4	-1.952259E-8	1.593682E+2
-2.500000E-1	3.489647E-4	-3.489647E-4	-1.385946E-8	1.596357E+2
-2.000000E-1	2.277699E-4	-2.277699E-4	-9.046095E-9	1.601777E+2
-1.500000E-1	1.395165E-4	-1.395165E-4	-5.541028E-9	1.604453E+2
-1.000000E-1	7.764634E-5	-7.764634E-5	-3.083797E-9	1.607129E+2
-5.000000E-2	3.322032E-5	-3.322032E-5	-1.319376E-9	1.609814E+2
0.000000E+0	9.308470E-8	-9.308470E-8	-3.696946E-12	1.619561E+2
0.000000E+0	9.601393E-8	-9.601393E-8	-3.813283E-12	1.625596E+2
5.000000E-2	3.405381E-5	3.405381E-5	1.352479E-9	1.633750E+2
1.000000E-1	8.220307E-5	8.220307E-5	3.264772E-9	1.636436E+2
1.500000E-1	1.559322E-4	1.559322E-4	6.192994E-9	1.639111E+2
2.000000E-1	2.603038E-4	2.603038E-4	1.033821E-8	1.647256E+2
2.500000E-1	4.105128E-4	4.105128E-4	1.630390E-8	1.649941E+2
3.000000E-1	5.974267E-4	5.974267E-4	2.372736E-8	1.652617E+2
3.500000E-1	8.454921E-4	8.454921E-4	3.357951E-8	1.655303E+2
4.000000E-1	1.158467E-3	1.158467E-3	4.600960E-8	1.657979E+2
4.500000E-1	1.511307E-3	1.511307E-3	6.002298E-8	1.660654E+2
5.000000E-1	1.959333E-3	1.959333E-3	7.781674E-8	1.663340E+2
5.000000E-1	1.961582E-3	1.961582E-3	7.790607E-8	1.666016E+2
4.500000E-1	1.515709E-3	1.515709E-3	6.019781E-8	1.668701E+2
4.000000E-1	1.174667E-3	1.174667E-3	4.665301E-8	1.671377E+2
3.500000E-1	8.731896E-4	8.731896E-4	3.467954E-8	1.674053E+2
3.000000E-1	6.133981E-4	6.133981E-4	2.436168E-8	1.676738E+2
2.500000E-1	4.178353E-4	4.178353E-4	1.659472E-8	1.679414E+2
2.000000E-1	2.738284E-4	2.738284E-4	1.087535E-8	1.682100E+2
1.500000E-1	1.597917E-4	1.597917E-4	6.346277E-9	1.687510E+2
1.000000E-1	8.555946E-5	8.555946E-5	3.398074E-9	1.690186E+2
5.000000E-2	3.518744E-5	3.518744E-5	1.397502E-9	1.692871E+2
0.000000E+0	9.797455E-8	-9.797455E-8	-3.891151E-12	1.702617E+2
-5.000000E-2	3.286643E-5	-3.286643E-5	-1.305321E-9	1.710771E+2
-1.000000E-1	7.594916E-5	-7.594916E-5	-3.016392E-9	1.713457E+2
-1.500000E-1	1.378216E-4	-1.378216E-4	-5.473715E-9	1.716133E+2
-2.000000E-1	2.230484E-4	-2.230484E-4	-8.858577E-9	1.718818E+2
-2.500000E-1	3.465911E-4	-3.465911E-4	-1.376519E-8	1.726963E+2
-3.000000E-1	4.933166E-4	-4.933166E-4	-1.959253E-8	1.729639E+2
-3.500000E-1	6.752158E-4	-6.752158E-4	-2.681683E-8	1.732324E+2
-4.000000E-1	8.914246E-4	-8.914246E-4	-3.540376E-8	1.735000E+2
-4.500000E-1	1.120393E-3	-1.120393E-3	-4.449744E-8	1.737686E+2
-5.000000E-1	1.395669E-3	-1.395669E-3	-5.543029E-8	1.740361E+2
-5.000000E-1	1.385356E-3	-1.385356E-3	-5.502071E-8	1.743037E+2
-4.500000E-1	1.094725E-3	-1.094725E-3	-4.347804E-8	1.745723E+2
-4.000000E-1	8.549437E-4	-8.549437E-4	-3.395489E-8	1.748398E+2
-3.500000E-1	6.455965E-4	-6.455965E-4	-2.564047E-8	1.751084E+2
-3.000000E-1	4.795659E-4	-4.795659E-4	-1.904641E-8	1.753760E+2
-2.500000E-1	3.396191E-4	-3.396191E-4	-1.348829E-8	1.756436E+2
-2.000000E-1	2.269625E-4	-2.269625E-4	-9.014028E-9	1.761855E+2
-1.500000E-1	1.410339E-4	-1.410339E-4	-5.601295E-9	1.764531E+2
-1.000000E-1	7.973905E-5	-7.973905E-5	-3.166911E-9	1.767217E+2
-5.000000E-2	3.359394E-5	-3.359394E-5	-1.334215E-9	1.769893E+2
0.000000E+0	9.547930E-8	-9.547930E-8	-3.792050E-12	1.779639E+2
0.000000E+0	9.199378E-8	-9.199378E-8	-3.653619E-12	1.785674E+2
5.000000E-2	3.508441E-5	3.508441E-5	1.393410E-9	1.793828E+2
1.000000E-1	8.434677E-5	8.434677E-5	3.349911E-9	1.796514E+2
1.500000E-1	1.642820E-4	1.642820E-4	6.524615E-9	1.799189E+2
2.000000E-1	2.617015E-4	2.617015E-4	1.039372E-8	1.807334E+2
2.500000E-1	4.093178E-4	4.093178E-4	1.625644E-8	1.810020E+2
3.000000E-1	6.135290E-4	6.135290E-4	2.436688E-8	1.812695E+2
3.500000E-1	8.549311E-4	8.549311E-4	3.395439E-8	1.815381E+2
4.000000E-1	1.132425E-3	1.132425E-3	4.497531E-8	1.818057E+2
4.500000E-1	1.474030E-3	1.474030E-3	5.854247E-8	1.820732E+2
5.000000E-1	1.914256E-3	1.914256E-3	7.602645E-8	1.823418E+2
5.000000E-1	1.917756E-3	1.917756E-3	7.616549E-8	1.826094E+2
4.500000E-1	1.474633E-3	1.474633E-3	5.856644E-8	1.828779E+2
4.000000E-1	1.143981E-3	1.143981E-3	4.543428E-8	1.831455E+2
3.500000E-1	8.446685E-4	8.446685E-4	3.354680E-8	1.834131E+2
3.000000E-1	5.981815E-4	5.981815E-4	2.375734E-8	1.836816E+2
2.500000E-1	4.102749E-4	4.102749E-4	1.629445E-8	1.839492E+2
2.000000E-1	2.638100E-4	2.638100E-4	1.047746E-8	1.842178E+2
1.500000E-1	1.522799E-4	1.522799E-4	6.047940E-9	1.847588E+2
1.000000E-1	7.966329E-5	7.966329E-5	3.163902E-9	1.850264E+2
5.000000E-2	3.279618E-5	3.279618E-5	1.302531E-9	1.852949E+2
0.000000E+0	9.664813E-8	-9.664813E-8	-3.838471E-12	1.862695E+2
-5.000000E-2	3.240349E-5	-3.240349E-5	-1.286935E-9	1.870850E+2
-1.000000E-1	7.561053E-5	-7.561053E-5	-3.002943E-9	1.873535E+2
-1.500000E-1	1.398373E-4	-1.398373E-4	-5.553768E-9	1.876211E+2
-2.000000E-1	2.281838E-4	-2.281838E-4	-9.062535E-9	1.878896E+2
-2.500000E-1	3.466963E-4	-3.466963E-4	-1.376937E-8	1.887041E+2
-3.000000E-1	4.897417E-4	-4.897417E-4	-1.945055E-8	1.889717E+2
-3.500000E-1	6.873475E-4	-6.873475E-4	-2.729865E-8	1.892402E+2
-4.000000E-1	8.752466E-4	-8.752466E-4	-3.476124E-8	1.895078E+2
-4.500000E-1	1.121221E-3	-1.121221E-3	-4.453034E-8	1.897754E+2
-5.000000E-1	1.385149E-3	-1.385149E-3	-5.501249E-8	1.900439E+2
-5.000000E-1	1.387202E-3	-1.387202E-3	-5.509401E-8	1.903115E+2
-4.500000E-1	1.087190E-3	-1.087190E-3	-4.317876E-8	1.905801E+2
-4.000000E-1	8.526401E-4	-8.526401E-4	-3.386340E-8	1.908477E+2
-3.500000E-1	6.460976E-4	-6.460976E-4	-2.566037E-8	1.911152E+2
-3.000000E-1	4.698867E-4	-4.698867E-4	-1.866199E-8	1.913838E+2
-2.500000E-1	3.280832E-4	-3.280832E-4	-1.303013E-8	1.916514E+2
-2.000000E-1	2.201136E-4	-2.201136E-4	-8.742016E-9	1.921934E+2
-1.500000E-1	1.351135E-4	-1.351135E-4	-5.366158E-9	1.924609E+2
-1.000000E-1	7.516620E-5	-7.516620E-5	-2.985296E-9	1.927285E+2
-5.000000E-2	3.144936E-5	-3.144936E-5	-1.249041E-9	1.929971E+2
0.000000E+0	8.686561E-8	-8.686561E-8	-3.449949E-12	1.939717E+2
0.000000E+0	8.944961E-8	-8.944961E-8	-3.552575E-12	1.945752E+2
5.000000E-2	3.378966E-5	3.378966E-5	1.341988E-9	1.953906E+2
1.000000E-1	8.223203E-5	8.223203E-5	3.265922E-9	1.956592E+2
1.500000E-1	1.551223E-4	1.551223E-4	6.160826E-9	1.959268E+2
2.000000E-1	2.568594E-4	2.568594E-4	1.020141E-8	1.961943E+2
2.500000E-1	4.159673E-4	4.159673E-4	1.652053E-8	1.970098E+2
3.000000E-1	6.183437E-4	6.183437E-4	2.455810E-8	1.972773E+2
3.500000E-1	8.478115E-4	8.478115E-4	3.367163E-8	1.975449E+2
4.000000E-1	1.129245E-3	1.129245E-3	4.484902E-8	1.978135E+2
4.500000E-1	1.487351E-3	1.487351E-3	5.907152E-8	1.980811E+2
5.000000E-1	1.919931E-3	1.919931E-3	7.625186E-8	1.983496E+2
5.000000E-1	1.898443E-3	1.898443E-3	7.539845E-8	1.986172E+2
4.500000E-1	1.484737E-3	1.484737E-3	5.896774E-8	1.988848E+2
4.000000E-1	1.129969E-3	1.129969E-3	4.487779E-8	1.991533E+2
3.500000E-1	8.371692E-4	8.371692E-4	3.324896E-8	1.994209E+2
3.000000E-1	6.014530E-4	6.014530E-4	2.388727E-8	1.996895E+2
2.500000E-1	4.098861E-4	4.098861E-4	1.627901E-8	1.999570E+2
2.000000E-1	2.670852E-4	2.670852E-4	1.060754E-8	2.002246E+2
1.500000E-1	1.552839E-4	1.552839E-4	6.167244E-9	2.007666E+2
1.000000E-1	8.147319E-5	8.147319E-5	3.235784E-9	2.010342E+2
5.000000E-2	3.333289E-5	3.333289E-5	1.323847E-9	2.013027E+2
0.000000E+0	1.030877E-7	-1.030877E-7	-4.094225E-12	2.022773E+2
-5.000000E-2	3.222719E-5	-3.222719E-5	-1.279933E-9	2.030928E+2
-1.000000E-1	7.655934E-5	-7.655934E-5	-3.040626E-9	2.033613E+2
-1.500000E-1	1.433330E-4	-1.433330E-4	-5.692606E-9	2.036289E+2
-2.000000E-1	2.295780E-4	-2.295780E-4	-9.117904E-9	2.038975E+2
-2.500000E-1	3.422820E-4	-3.422820E-4	-1.359405E-8	2.047119E+2
-3.000000E-1	4.806290E-4	-4.806290E-4	-1.908863E-8	2.049795E+2
-3.500000E-1	6.618907E-4	-6.618907E-4	-2.628761E-8	2.052480E+2
-4.000000E-1	8.536381E-4	-8.536381E-4	-3.390304E-8	2.055156E+2
-4.500000E-1	1.090812E-3	-1.090812E-3	-4.332260E-8	2.057842E+2
-5.000000E-1	1.332706E-3	-1.332706E-3	-5.292966E-8	2.060518E+2
-5.000000E-1	1.310278E-3	-1.310278E-3	-5.203891E-8	2.063193E+2
-4.500000E-1	1.051651E-3	-1.051651E-3	-4.176732E-8	2.065879E+2
-4.000000E-1	8.121644E-4	-8.121644E-4	-3.225587E-8	2.068555E+2
-3.500000E-1	6.181715E-4	-6.181715E-4	-2.455126E-8	2.071240E+2
-3.000000E-1	4.630451E-4	-4.630451E-4	-1.839027E-8	2.073916E+2
-2.500000E-1	3.319826E-4	-3.319826E-4	-1.318500E-8	2.076592E+2
-2.000000E-1	2.162584E-4	-2.162584E-4	-8.588905E-9	2.082012E+2
-1.500000E-1	1.313810E-4	-1.313810E-4	-5.217921E-9	2.084687E+2
-1.000000E-1	7.387886E-5	-7.387886E-5	-2.934168E-9	2.087373E+2
-5.000000E-2	3.226171E-5	-3.226171E-5	-1.281304E-9	2.090049E+2
0.000000E+0	9.095110E-8	-9.095110E-8	-3.612208E-12	2.099795E+2
0.000000E+0	8.993672E-8	-8.993672E-8	-3.571921E-12	2.105830E+2
5.000000E-2	3.275537E-5	3.275537E-5	1.300910E-9	2.113994E+2
1.000000E-1	8.036580E-5	8.036580E-5	3.191803E-9	2.116670E+2
1.500000E-1	1.538495E-4	1.538495E-4	6.110278E-9	2.119346E+2
2.000000E-1	2.541300E-4	2.541300E-4	1.009301E-8	2.122031E+2
2.500000E-1	3.971373E-4	3.971373E-4	1.577268E-8	2.130176E+2
3.000000E-1	5.926173E-4	5.926173E-4	2.353635E-8	2.132852E+2
3.500000E-1	8.467185E-4	8.467185E-4	3.362822E-8	2.135537E+2
4.000000E-1	1.132544E-3	1.132544E-3	4.498005E-8	2.138213E+2
4.500000E-1	1.468781E-3	1.468781E-3	5.833402E-8	2.140898E+2
5.000000E-1	1.915050E-3	1.915050E-3	7.605799E-8	2.143574E+2
5.000000E-1	1.930828E-3	1.930828E-3	7.668466E-8	2.146250E+2
4.500000E-1	1.487009E-3	1.487009E-3	5.905797E-8	2.148936E+2
4.000000E-1	1.149104E-3	1.149104E-3	4.563773E-8	2.151611E+2
3.500000E-1	8.344029E-4	8.344029E-4	3.313909E-8	2.154297E+2
3.000000E-1	5.931906E-4	5.931906E-4	2.355912E-8	2.156973E+2
2.500000E-1	4.038787E-4	4.038787E-4	1.604042E-8	2.159648E+2
2.000000E-1	2.611544E-4	2.611544E-4	1.037199E-8	2.162334E+2
1.500000E-1	1.531922E-4	1.531922E-4	6.084173E-9	2.167744E+2
1.000000E-1	8.088574E-5	8.088574E-5	3.212453E-9	2.170430E+2
5.000000E-2	3.337252E-5	3.337252E-5	1.325421E-9	2.173105E+2
0.000000E+0	1.017938E-7	-1.017938E-7	-4.042836E-12	2.182852E+2
-5.000000E-2	3.217945E-5	-3.217945E-5	-1.278037E-9	2.191016E+2
-1.000000E-1	7.478071E-5	-7.478071E-5	-2.969986E-9	2.193691E+2
-1.500000E-1	1.387482E-4	-1.387482E-4	-5.510514E-9	2.196367E+2
-2.000000E-1	2.245513E-4	-2.245513E-4	-8.918266E-9	2.199053E+2
-2.500000E-1	3.293907E-4	-3.293907E-4	-1.308206E-8	2.207197E+2
-3.000000E-1	4.699441E-4	-4.699441E-4	-1.866427E-8	2.209883E+2
-3.500000E-1	6.507652E-4	-6.507652E-4	-2.584575E-8	2.212559E+2
-4.000000E-1	8.668389E-4	-8.668389E-4	-3.442732E-8	2.215234E+2
-4.500000E-1	1.091978E-3	-1.091978E-3	-4.336893E-8	2.217920E+2
-5.000000E-1	1.356314E-3	-1.356314E-3	-5.386727E-8	2.220596E+2
-5.000000E-1	1.332865E-3	-1.332865E-3	-5.293599E-8	2.223281E+2
-4.500000E-1	1.058163E-3	-1.058163E-3	-4.202592E-8	2.225957E+2
-4.000000E-1	8.225655E-4	-8.225655E-4	-3.266896E-8	2.228633E+2
-3.500000E-1	6.386353E-4	-6.386353E-4	-2.536400E-8	2.231318E+2
-3.000000E-1	4.634339E-4	-4.634339E-4	-1.840571E-8	2.233994E+2
-2.500000E-1	3.253555E-4	-3.253555E-4	-1.292180E-8	2.236680E+2
-2.000000E-1	2.175205E-4	-2.175205E-4	-8.639032E-9	2.242090E+2
-1.500000E-1	1.351573E-4	-1.351573E-4	-5.367899E-9	2.244766E+2
-1.000000E-1	7.360149E-5	-7.360149E-5	-2.923152E-9	2.247451E+2
-5.000000E-2	3.234100E-5	-3.234100E-5	-1.284453E-9	2.250127E+2
0.000000E+0	9.216849E-8	-9.216849E-8	-3.660558E-12	2.259873E+2
0.000000E+0	8.836604E-8	-8.836604E-8	-3.509540E-12	2.265918E+2
5.000000E-2	3.221450E-5	3.221450E-5	1.279429E-9	2.274072E+2
1.000000E-1	7.761569E-5	7.761569E-5	3.082580E-9	2.276748E+2
1.500000E-1	1.494146E-4	1.494146E-4	5.934139E-9	2.279424E+2
2.000000E-1	2.530599E-4	2.530599E-4	1.005051E-8	2.282109E+2
2.500000E-1	3.885425E-4	3.885425E-4	1.543133E-8	2.290254E+2
3.000000E-1	5.704360E-4	5.704360E-4	2.265540E-8	2.292930E+2
3.500000E-1	8.001403E-4	8.001403E-4	3.177832E-8	2.295615E+2
4.000000E-1	1.082498E-3	1.082498E-3	4.299241E-8	2.298291E+2
4.500000E-1	1.458643E-3	1.458643E-3	5.793139E-8	2.300977E+2
5.000000E-1	1.842126E-3	1.842126E-3	7.316174E-8	2.303652E+2
5.000000E-1	1.829440E-3	1.829440E-3	7.265791E-8	2.306328E+2
4.500000E-1	1.439088E-3	1.439088E-3	5.715474E-8	2.309014E+2
4.000000E-1	1.104114E-3	1.104114E-3	4.385093E-8	2.311689E+2
3.500000E-1	8.141215E-4	8.141215E-4	3.233360E-8	2.314375E+2
3.000000E-1	5.727051E-4	5.727051E-4	2.274552E-8	2.317051E+2
2.500000E-1	3.849563E-4	3.849563E-4	1.528890E-8	2.319727E+2
2.000000E-1	2.512539E-4	2.512539E-4	9.978782E-9	2.325146E+2
1.500000E-1	1.452346E-4	1.452346E-4	5.768130E-9	2.327822E+2
1.000000E-1	7.544206E-5	7.544206E-5	2.996252E-9	2.330508E+2
5.000000E-2	3.133752E-5	3.133752E-5	1.244599E-9	2.333184E+2
0.000000E+0	9.142003E-8	-9.142003E-8	-3.630832E-12	2.342930E+2
-5.000000E-2	3.020427E-5	-3.020427E-5	-1.199591E-9	2.351094E+2
-1.000000E-1	7.037814E-5	-7.037814E-5	-2.795134E-9	2.353770E+2
-1.500000E-1	1.303412E-4	-1.303412E-4	-5.176623E-9	2.356445E+2
-2.000000E-1	2.145936E-4	-2.145936E-4	-8.522785E-9	2.359131E+2
-2.500000E-1	3.212824E-4	-3.212824E-4	-1.276003E-8	2.367275E+2
-3.000000E-1	4.679242E-4	-4.679242E-4	-1.858405E-8	2.369951E+2
-3.500000E-1	6.445085E-4	-6.445085E-4	-2.559726E-8	2.372637E+2
-4.000000E-1	8.476088E-4	-8.476088E-4	-3.366358E-8	2.375313E+2
-4.500000E-1	1.100483E-3	-1.100483E-3	-4.370672E-8	2.377998E+2
-5.000000E-1	1.330133E-3	-1.330133E-3	-5.282749E-8	2.380674E+2
-5.000000E-1	1.299703E-3	-1.299703E-3	-5.161893E-8	2.383350E+2
-4.500000E-1	1.037488E-3	-1.037488E-3	-4.120479E-8	2.386035E+2
-4.000000E-1	8.204520E-4	-8.204520E-4	-3.258502E-8	2.388711E+2
-3.500000E-1	6.246009E-4	-6.246009E-4	-2.480661E-8	2.391396E+2
-3.000000E-1	4.608447E-4	-4.608447E-4	-1.830288E-8	2.394072E+2
-2.500000E-1	3.255466E-4	-3.255466E-4	-1.292939E-8	2.396748E+2
-2.000000E-1	2.190858E-4	-2.190858E-4	-8.701199E-9	2.402168E+2
-1.500000E-1	1.332157E-4	-1.332157E-4	-5.290787E-9	2.404844E+2
-1.000000E-1	7.372194E-5	-7.372194E-5	-2.927936E-9	2.407529E+2
-5.000000E-2	3.257851E-5	-3.257851E-5	-1.293886E-9	2.410205E+2
0.000000E+0	8.655042E-8	-8.655042E-8	-3.437431E-12	2.419951E+2
0.000000E+0	8.546020E-8	-8.546020E-8	-3.394132E-12	2.425986E+2
5.000000E-2	3.319408E-5	3.319408E-5	1.318334E-9	2.434150E+2
1.000000E-1	7.908531E-5	7.908531E-5	3.140947E-9	2.436826E+2
1.500000E-1	1.454974E-4	1.454974E-4	5.778567E-9	2.439502E+2
2.000000E-1	2.439195E-4	2.439195E-4	9.687493E-9	2.442188E+2
2.500000E-1	3.879214E-4	3.879214E-4	1.540666E-8	2.450332E+2
3.000000E-1	5.668158E-4	5.668158E-4	2.251162E-8	2.453008E+2
3.500000E-1	8.078855E-4	8.078855E-4	3.208593E-8	2.455693E+2
4.000000E-1	1.093357E-3	1.093357E-3	4.342369E-8	2.458369E+2
4.500000E-1	1.430841E-3	1.430841E-3	5.682720E-8	2.461055E+2
5.000000E-1	1.811279E-3	1.811279E-3	7.193663E-8	2.463730E+2
5.000000E-1	1.793290E-3	1.793290E-3	7.122220E-8	2.466406E+2
4.500000E-1	1.403490E-3	1.403490E-3	5.574093E-8	2.469092E+2
4.000000E-1	1.079575E-3	1.079575E-3	4.287632E-8	2.471768E+2
3.500000E-1	7.878631E-4	7.878631E-4	3.129072E-8	2.474453E+2
3.000000E-1	5.534360E-4	5.534360E-4	2.198023E-8	2.477129E+2
2.500000E-1	3.841979E-4	3.841979E-4	1.525878E-8	2.479805E+2
2.000000E-1	2.359810E-4	2.359810E-4	9.372207E-9	2.485225E+2
1.500000E-1	1.376178E-4	1.376178E-4	5.465619E-9	2.487900E+2
1.000000E-1	7.344973E-5	7.344973E-5	2.917125E-9	2.490586E+2
5.000000E-2	3.026654E-5	3.026654E-5	1.202064E-9	2.493262E+2
0.000000E+0	9.459071E-8	-9.459071E-8	-3.756759E-12	2.503008E+2
-5.000000E-2	3.002850E-5	-3.002850E-5	-1.192610E-9	2.511172E+2
-1.000000E-1	7.067500E-5	-7.067500E-5	-2.806924E-9	2.513848E+2
-1.500000E-1	1.315751E-4	-1.315751E-4	-5.225629E-9	2.516523E+2
-2.000000E-1	2.158674E-4	-2.158674E-4	-8.573378E-9	2.519209E+2
-2.500000E-1	3.179187E-4	-3.179187E-4	-1.262644E-8	2.527354E+2
-3.000000E-1	4.597736E-4	-4.597736E-4	-1.826034E-8	2.530029E+2
-3.500000E-1	6.132228E-4	-6.132228E-4	-2.435472E-8	2.532715E+2
-4.000000E-1	7.994416E-4	-7.994416E-4	-3.175057E-8	2.535391E+2
-4.500000E-1	1.010908E-3	-1.010908E-3	-4.014915E-8	2.538076E+2
-5.000000E-1	1.252020E-3	-1.252020E-3	-4.972516E-8	2.540752E+2
-5.000000E-1	1.224110E-3	-1.224110E-3	-4.861666E-8	2.543428E+2
-4.500000E-1	9.872470E-4	-9.872470E-4	-3.920944E-8	2.546113E+2
-4.000000E-1	7.844737E-4	-7.844737E-4	-3.115611E-8	2.548789E+2
-3.500000E-1	5.961944E-4	-5.961944E-4	-2.367842E-8	2.551475E+2
-3.000000E-1	4.364885E-4	-4.364885E-4	-1.733555E-8	2.554150E+2
-2.500000E-1	3.069153E-4	-3.069153E-4	-1.218943E-8	2.556826E+2
-2.000000E-1	2.026259E-4	-2.026259E-4	-8.047476E-9	2.562246E+2
-1.500000E-1	1.243465E-4	-1.243465E-4	-4.938536E-9	2.564922E+2
-1.000000E-1	6.837560E-5	-6.837560E-5	-2.715601E-9	2.567607E+2
-5.000000E-2	3.011091E-5	-3.011091E-5	-1.195883E-9	2.570283E+2
0.000000E+0	8.019401E-8	-8.019401E-8	-3.184980E-12	2.580029E+2
0.000000E+0	8.150295E-8	-8.150295E-8	-3.236966E-12	2.586064E+2
5.000000E-2	3.068139E-5	3.068139E-5	1.218540E-9	2.594229E+2
1.000000E-1	7.187742E-5	7.187742E-5	2.854679E-9	2.596904E+2
1.500000E-1	1.359524E-4	1.359524E-4	5.399476E-9	2.599580E+2
2.000000E-1	2.298227E-4	2.298227E-4	9.127625E-9	2.602266E+2
2.500000E-1	3.631333E-4	3.631333E-4	1.442218E-8	2.610410E+2
3.000000E-1	5.295962E-4	5.295962E-4	2.103341E-8	2.613086E+2
3.500000E-1	7.564699E-4	7.564699E-4	3.004391E-8	2.615771E+2
4.000000E-1	1.046311E-3	1.046311E-3	4.155524E-8	2.618447E+2
4.500000E-1	1.348541E-3	1.348541E-3	5.355857E-8	2.621133E+2
5.000000E-1	1.763787E-3	1.763787E-3	7.005044E-8	2.623809E+2
5.000000E-1	1.757301E-3	1.757301E-3	6.979287E-8	2.626484E+2
4.500000E-1	1.353054E-3	1.353054E-3	5.373780E-8	2.629170E+2
4.000000E-1	1.028014E-3	1.028014E-3	4.082852E-8	2.631846E+2
3.500000E-1	7.660572E-4	7.660572E-4	3.042468E-8	2.634531E+2
3.000000E-1	5.525281E-4	5.525281E-4	2.194417E-8	2.637207E+2
2.500000E-1	3.748664E-4	3.748664E-4	1.488817E-8	2.639883E+2
2.000000E-1	2.412399E-4	2.412399E-4	9.581069E-9	2.645303E+2
1.500000E-1	1.388608E-4	1.388608E-4	5.514985E-9	2.647979E+2
1.000000E-1	7.330664E-5	7.330664E-5	2.911442E-9	2.650664E+2
5.000000E-2	3.014672E-5	3.014672E-5	1.197305E-9	2.653340E+2
0.000000E+0	8.955513E-8	-8.955513E-8	-3.556766E-12	2.663086E+2
-5.000000E-2	2.818664E-5	-2.818664E-5	-1.119459E-9	2.671250E+2
-1.000000E-1	6.592673E-5	-6.592673E-5	-2.618342E-9	2.673926E+2
-1.500000E-1	1.211994E-4	-1.211994E-4	-4.813548E-9	2.676602E+2
-2.000000E-1	1.977438E-4	-1.977438E-4	-7.853582E-9	2.679287E+2
-2.500000E-1	2.951737E-4	-2.951737E-4	-1.172310E-8	2.687432E+2
-3.000000E-1	4.287881E-4	-4.287881E-4	-1.702972E-8	2.690107E+2
-3.500000E-1	5.799359E-4	-5.799359E-4	-2.303270E-8	2.692793E+2
-4.000000E-1	7.873623E-4	-7.873623E-4	-3.127083E-8	2.695469E+2
-4.500000E-1	9.956008E-4	-9.956008E-4	-3.954122E-8	2.698154E+2
-5.000000E-1	1.239987E-3	-1.239987E-3	-4.924726E-8	2.700830E+2
-5.000000E-1	1.204559E-3	-1.204559E-3	-4.784019E-8	2.703506E+2
-4.500000E-1	9.486197E-4	-9.486197E-4	-3.767532E-8	2.706191E+2
-4.000000E-1	7.387360E-4	-7.387360E-4	-2.933959E-8	2.708867E+2
-3.500000E-1	5.707878E-4	-5.707878E-4	-2.266937E-8	2.711553E+2
-3.000000E-1	4.260348E-4	-4.260348E-4	-1.692037E-8	2.714229E+2
-2.500000E-1	2.980491E-4	-2.980491E-4	-1.183730E-8	2.716914E+2
-2.000000E-1	1.998516E-4	-1.998516E-4	-7.937293E-9	2.722324E+2
-1.500000E-1	1.242479E-4	-1.242479E-4	-4.934621E-9	2.725000E+2
-1.000000E-1	6.686898E-5	-6.686898E-5	-2.655764E-9	2.727686E+2
-5.000000E-2	2.865623E-5	-2.865623E-5	-1.138109E-9	2.730361E+2
0.000000E+0	8.437872E-8	-8.437872E-8	-3.351180E-12	2.740107E+2
0.000000E+0	7.757297E-8	-7.757297E-8	-3.080883E-12	2.746152E+2
5.000000E-2	2.793554E-5	2.793554E-5	1.109486E-9	2.754307E+2
1.000000E-1	6.916815E-5	6.916815E-5	2.747078E-9	2.756982E+2
1.500000E-1	1.336306E-4	1.336306E-4	5.307266E-9	2.759658E+2
2.000000E-1	2.265627E-4	2.265627E-4	8.998150E-9	2.762344E+2
2.500000E-1	3.658307E-4	3.658307E-4	1.452931E-8	2.770488E+2
3.000000E-1	5.319494E-4	5.319494E-4	2.112687E-8	2.773164E+2
3.500000E-1	7.585683E-4	7.585683E-4	3.012725E-8	2.775850E+2
4.000000E-1	1.004732E-3	1.004732E-3	3.990389E-8	2.778525E+2
4.500000E-1	1.329351E-3	1.329351E-3	5.279642E-8	2.781211E+2
5.000000E-1	1.730129E-3	1.730129E-3	6.871370E-8	2.783887E+2
5.000000E-1	1.734889E-3	1.734889E-3	6.890274E-8	2.786563E+2
4.500000E-1	1.350623E-3	1.350623E-3	5.364124E-8	2.789248E+2
4.000000E-1	1.017051E-3	1.017051E-3	4.039315E-8	2.791924E+2
3.500000E-1	7.535841E-4	7.535841E-4	2.992930E-8	2.794609E+2
3.000000E-1	5.369051E-4	5.369051E-4	2.132369E-8	2.797285E+2
2.500000E-1	3.647662E-4	3.647662E-4	1.448703E-8	2.799961E+2
2.000000E-1	2.347210E-4	2.347210E-4	9.322164E-9	2.805381E+2
1.500000E-1	1.369749E-4	1.369749E-4	5.440087E-9	2.808057E+2
1.000000E-1	7.348319E-5	7.348319E-5	2.918454E-9	2.810742E+2
5.000000E-2	3.061426E-5	3.061426E-5	1.215874E-9	2.813418E+2
0.000000E+0	9.336353E-8	-9.336353E-8	-3.708020E-12	2.823164E+2
-5.000000E-2	3.044403E-5	-3.044403E-5	-1.209113E-9	2.831328E+2
-1.000000E-1	6.993674E-5	-6.993674E-5	-2.777603E-9	2.834004E+2
-1.500000E-1	1.288163E-4	-1.288163E-4	-5.116060E-9	2.836680E+2
-2.000000E-1	2.083115E-4	-2.083115E-4	-8.273287E-9	2.839365E+2
-2.500000E-1	3.086690E-4	-3.086690E-4	-1.225908E-8	2.847510E+2
-3.000000E-1	4.264031E-4	-4.264031E-4	-1.693500E-8	2.850186E+2
-3.500000E-1	5.764235E-4	-5.764235E-4	-2.289320E-8	2.852871E+2
-4.000000E-1	7.664792E-4	-7.664792E-4	-3.044144E-8	2.855547E+2
-4.500000E-1	9.789403E-4	-9.789403E-4	-3.887953E-8	2.858232E+2
-5.000000E-1	1.234604E-3	-1.234604E-3	-4.903346E-8	2.860908E+2
-5.000000E-1	1.208723E-3	-1.208723E-3	-4.800555E-8	2.863584E+2
-4.500000E-1	9.694479E-4	-9.694479E-4	-3.850253E-8	2.866270E+2
-4.000000E-1	7.590636E-4	-7.590636E-4	-3.014692E-8	2.868945E+2
-3.500000E-1	5.721885E-4	-5.721885E-4	-2.272500E-8	2.871631E+2
-3.000000E-1	4.169087E-4	-4.169087E-4	-1.655792E-8	2.874307E+2
-2.500000E-1	2.919166E-4	-2.919166E-4	-1.159374E-8	2.876982E+2
-2.000000E-1	1.929552E-4	-1.929552E-4	-7.663398E-9	2.882402E+2
-1.500000E-1	1.189802E-4	-1.189802E-4	-4.725412E-9	2.885078E+2
-1.000000E-1	6.537265E-5	-6.537265E-5	-2.596336E-9	2.887764E+2
-5.000000E-2	2.844974E-5	-2.844974E-5	-1.129908E-9	2.890439E+2
0.000000E+0	8.436719E-8	-8.436719E-8	-3.350722E-12	2.900186E+2
0.000000E+0	7.824630E-8	-7.824630E-8	-3.107625E-12	2.906221E+2
5.000000E-2	2.956962E-5	2.956962E-5	1.174385E-9	2.914385E+2
1.000000E-1	7.304886E-5	7.304886E-5	2.901204E-9	2.917061E+2
1.500000E-1	1.410096E-4	1.410096E-4	5.600329E-9	2.919736E+2
2.000000E-1	2.412814E-4	2.412814E-4	9.582715E-9	2.922422E+2
2.500000E-1	3.750157E-4	3.750157E-4	1.489410E-8	2.930566E+2
3.000000E-1	5.535999E-4	5.535999E-4	2.198674E-8	2.933242E+2
3.500000E-1	7.968887E-4	7.968887E-4	3.164918E-8	2.935928E+2
4.000000E-1	1.069068E-3	1.069068E-3	4.245904E-8	2.938604E+2
4.500000E-1	1.405826E-3	1.405826E-3	5.583369E-8	2.941289E+2
5.000000E-1	1.807805E-3	1.807805E-3	7.179867E-8	2.943965E+2
5.000000E-1	1.796512E-3	1.796512E-3	7.135016E-8	2.946641E+2
4.500000E-1	1.413430E-3	1.413430E-3	5.613569E-8	2.949326E+2
4.000000E-1	1.051888E-3	1.051888E-3	4.177670E-8	2.952002E+2
3.500000E-1	7.871709E-4	7.871709E-4	3.126323E-8	2.954687E+2
3.000000E-1	5.559783E-4	5.559783E-4	2.208120E-8	2.957363E+2
2.500000E-1	3.904841E-4	3.904841E-4	1.550844E-8	2.960039E+2
2.000000E-1	2.423298E-4	2.423298E-4	9.624356E-9	2.965459E+2
1.500000E-1	1.400872E-4	1.400872E-4	5.563694E-9	2.968135E+2
1.000000E-1	7.312336E-5	7.312336E-5	2.904163E-9	2.970820E+2
5.000000E-2	3.035346E-5	3.035346E-5	1.205516E-9	2.973496E+2
0.000000E+0	8.750366E-8	-8.750366E-8	-3.475290E-12	2.983242E+2
-5.000000E-2	2.938720E-5	-2.938720E-5	-1.167140E-9	2.991406E+2
-1.000000E-1	6.899006E-5	-6.899006E-5	-2.740005E-9	2.994082E+2
-1.500000E-1	1.284195E-4	-1.284195E-4	-5.100300E-9	2.996758E+2
-2.000000E-1	2.085099E-4	-2.085099E-4	-8.281167E-9	2.999443E+2
-2.500000E-1	2.959281E-4	-2.959281E-4	-1.175306E-8	3.007588E+2
-3.000000E-1	4.210861E-4	-4.210861E-4	-1.672383E-8	3.010264E+2
-3.500000E-1	5.789497E-4	-5.789497E-4	-2.299353E-8	3.012949E+2
-4.000000E-1	7.683359E-4	-7.683359E-4	-3.051518E-8	3.015625E+2
-4.500000E-1	9.835837E-4	-9.835837E-4	-3.906395E-8	3.018311E+2
-5.000000E-1	1.231101E-3	-1.231101E-3	-4.889432E-8	3.020986E+2
-5.000000E-1	1.201714E-3	-1.201714E-3	-4.772718E-8	3.023662E+2
-4.500000E-1	9.492252E-4	-9.492252E-4	-3.769937E-8	3.026348E+2
-4.000000E-1	7.336153E-4	-7.336153E-4	-2.913622E-8	3.029023E+2
-3.500000E-1	5.535856E-4	-5.535856E-4	-2.198617E-8	3.031709E+2
-3.000000E-1	4.132865E-4	-4.132865E-4	-1.641406E-8	3.034385E+2
-2.500000E-1	2.931697E-4	-2.931697E-4	-1.164351E-8	3.037061E+2
-2.000000E-1	1.933272E-4	-1.933272E-4	-7.678170E-9	3.042480E+2
-1.500000E-1	1.187655E-4	-1.187655E-4	-4.716884E-9	3.045156E+2
-1.000000E-1	6.462081E-5	-6.462081E-5	-2.566476E-9	3.047842E+2
-5.000000E-2	2.793808E-5	-2.793808E-5	-1.109587E-9	3.050518E+2
0.000000E+0	7.228788E-8	-7.228788E-8	-2.870981E-12	3.060264E+2
0.000000E+0	7.728293E-8	-7.728293E-8	-3.069364E-12	3.066299E+2
5.000000E-2	2.831161E-5	2.831161E-5	1.124422E-9	3.074463E+2
1.000000E-1	7.145864E-5	7.145864E-5	2.838047E-9	3.077139E+2
1.500000E-1	1.365580E-4	1.365580E-4	5.423529E-9	3.079814E+2
2.000000E-1	2.317018E-4	2.317018E-4	9.202254E-9	3.082500E+2
2.500000E-1	3.552403E-4	3.552403E-4	1.410870E-8	3.090645E+2
3.000000E-1	5.247969E-4	5.247969E-4	2.084280E-8	3.093320E+2
3.500000E-1	7.284053E-4	7.284053E-4	2.892930E-8	3.096006E+2
4.000000E-1	1.007606E-3	1.007606E-3	4.001800E-8	3.098682E+2
4.500000E-1	1.323163E-3	1.323163E-3	5.255067E-8	3.101367E+2
5.000000E-1	1.686640E-3	1.686640E-3	6.698647E-8	3.104043E+2
5.000000E-1	1.697040E-3	1.697040E-3	6.739953E-8	3.106719E+2
4.500000E-1	1.329677E-3	1.329677E-3	5.280938E-8	3.109404E+2
4.000000E-1	1.030258E-3	1.030258E-3	4.091766E-8	3.112080E+2
3.500000E-1	7.601274E-4	7.601274E-4	3.018917E-8	3.114766E+2
3.000000E-1	5.350608E-4	5.350608E-4	2.125044E-8	3.117441E+2
2.500000E-1	3.596841E-4	3.596841E-4	1.428519E-8	3.120117E+2
2.000000E-1	2.251683E-4	2.251683E-4	8.942771E-9	3.125537E+2
1.500000E-1	1.389518E-4	1.389518E-4	5.518602E-9	3.128213E+2
1.000000E-1	7.222504E-5	7.222504E-5	2.868485E-9	3.130898E+2
5.000000E-2	2.951045E-5	2.951045E-5	1.172035E-9	3.133574E+2
0.000000E+0	8.978610E-8	-8.978610E-8	-3.565939E-12	3.143320E+2
-5.000000E-2	2.960260E-5	-2.960260E-5	-1.175695E-9	3.151484E+2
-1.000000E-1	6.884191E-5	-6.884191E-5	-2.734121E-9	3.154160E+2
-1.500000E-1	1.237699E-4	-1.237699E-4	-4.915639E-9	3.156836E+2
-2.000000E-1	2.020901E-4	-2.020901E-4	-8.026196E-9	3.159521E+2
-2.500000E-1	2.958510E-4	-2.958510E-4	-1.175000E-8	3.167666E+2
-3.000000E-1	4.225495E-4	-4.225495E-4	-1.678195E-8	3.170342E+2
-3.500000E-1	5.839069E-4	-5.839069E-4	-2.319041E-8	3.173027E+2
-4.000000E-1	7.572852E-4	-7.572852E-4	-3.007629E-8	3.175703E+2
-4.500000E-1	9.826834E-4	-9.826834E-4	-3.902819E-8	3.178389E+2
-5.000000E-1	1.172909E-3	-1.172909E-3	-4.658317E-8	3.181064E+2
-5.000000E-1	1.185397E-3	-1.185397E-3	-4.707917E-8	3.183740E+2
-4.500000E-1	9.276352E-4	-9.276352E-4	-3.684190E-8	3.186426E+2
-4.000000E-1	7.352162E-4	-7.352162E-4	-2.919980E-8	3.189102E+2
-3.500000E-1	5.531812E-4	-5.531812E-4	-2.197011E-8	3.191787E+2
-3.000000E-1	4.209867E-4	-4.209867E-4	-1.671988E-8	3.194463E+2
-2.500000E-1	2.965512E-4	-2.965512E-4	-1.177781E-8	3.197139E+2
-2.000000E-1	1.995224E-4	-1.995224E-4	-7.924219E-9	3.202559E+2
-1.500000E-1	1.200748E-4	-1.200748E-4	-4.768885E-9	3.205234E+2
-1.000000E-1	6.463269E-5	-6.463269E-5	-2.566948E-9	3.207920E+2
-5.000000E-2	2.725528E-5	-2.725528E-5	-1.082469E-9	3.210596E+2
0.000000E+0	8.165007E-8	-8.165007E-8	-3.242809E-12	3.220342E+2
