voltage_13_2_20_500mV_500ms	absJ_13_2_20_500mV_500ms	J_13_2_20_500mV_500ms	current_13_2_20_500mV_500ms	time_13_2_20_500mV_500ms	
0.000000E+0	2.466669E-8	2.466669E-8	6.122880E-14	0.000000E+0
5.000000E-2	1.299658E-6	1.299658E-6	3.226072E-12	7.031250E-1
1.000000E-1	3.177022E-6	3.177022E-6	7.886150E-12	1.406250E+0
1.500000E-1	7.721680E-6	7.721680E-6	1.916711E-11	2.109375E+0
2.000000E-1	1.052924E-5	1.052924E-5	2.613616E-11	2.812500E+0
2.500000E-1	1.710522E-5	1.710522E-5	4.245937E-11	3.515625E+0
3.000000E-1	2.793031E-5	2.793031E-5	6.932991E-11	4.218750E+0
3.500000E-1	6.488942E-5	6.488942E-5	1.610715E-10	5.333984E+0
4.000000E-1	8.215132E-5	8.215132E-5	2.039198E-10	5.702148E+0
4.500000E-1	1.045487E-4	1.045487E-4	2.595157E-10	6.070313E+0
5.000000E-1	1.540404E-4	1.540404E-4	3.823661E-10	6.439453E+0
5.000000E-1	1.465370E-4	1.465370E-4	3.637408E-10	6.807617E+0
4.500000E-1	1.148011E-4	1.148011E-4	2.849646E-10	7.175781E+0
4.000000E-1	7.700055E-5	7.700055E-5	1.911343E-10	7.543945E+0
3.500000E-1	3.684638E-5	3.684638E-5	9.146177E-11	8.719727E+0
3.000000E-1	2.822827E-5	2.822827E-5	7.006951E-11	9.421875E+0
2.500000E-1	1.595612E-5	1.595612E-5	3.960702E-11	1.012500E+1
2.000000E-1	1.002052E-5	1.002052E-5	2.487339E-11	1.082812E+1
1.500000E-1	5.579229E-6	5.579229E-6	1.384902E-11	1.153125E+1
1.000000E-1	3.274364E-6	3.274364E-6	8.127776E-12	1.223437E+1
5.000000E-2	1.116923E-6	1.116923E-6	2.772477E-12	1.293750E+1
0.000000E+0	6.790048E-8	-6.790048E-8	-1.685457E-13	1.364062E+1
-5.000000E-2	1.158250E-6	-1.158250E-6	-2.875061E-12	1.434473E+1
-1.000000E-1	2.725373E-6	-2.725373E-6	-6.765047E-12	1.504785E+1
-1.500000E-1	4.931381E-6	-4.931381E-6	-1.224090E-11	1.575098E+1
-2.000000E-1	8.437495E-6	-8.437495E-6	-2.094394E-11	1.645410E+1
-2.500000E-1	1.249080E-5	-1.249080E-5	-3.100525E-11	1.715723E+1
-3.000000E-1	1.773861E-5	-1.773861E-5	-4.403160E-11	1.786035E+1
-3.500000E-1	2.991592E-5	-2.991592E-5	-7.425867E-11	1.856348E+1
-4.000000E-1	4.037847E-5	-4.037847E-5	-1.002293E-10	1.926660E+1
-4.500000E-1	4.195124E-5	-4.195124E-5	-1.041333E-10	1.996973E+1
-5.000000E-1	6.431514E-5	-6.431514E-5	-1.596460E-10	2.108496E+1
-5.000000E-1	5.989378E-5	-5.989378E-5	-1.486711E-10	2.145313E+1
-4.500000E-1	4.854140E-5	-4.854140E-5	-1.204917E-10	2.182227E+1
-4.000000E-1	2.949529E-5	-2.949529E-5	-7.321457E-11	2.299609E+1
-3.500000E-1	2.507494E-5	-2.507494E-5	-6.224216E-11	2.369922E+1
-3.000000E-1	1.797350E-5	-1.797350E-5	-4.461465E-11	2.440332E+1
-2.500000E-1	1.214349E-5	-1.214349E-5	-3.014314E-11	2.510645E+1
-2.000000E-1	8.824435E-6	-8.824435E-6	-2.190442E-11	2.580957E+1
-1.500000E-1	5.133770E-6	-5.133770E-6	-1.274328E-11	2.651270E+1
-1.000000E-1	2.604606E-6	-2.604606E-6	-6.465273E-12	2.721582E+1
-5.000000E-2	7.300827E-7	-7.300827E-7	-1.812245E-12	2.791895E+1
0.000000E+0	1.220364E-7	-1.220364E-7	-3.029244E-13	2.862207E+1
0.000000E+0	2.491828E-8	2.491828E-8	6.185330E-14	2.932617E+1
5.000000E-2	1.264889E-6	1.264889E-6	3.139766E-12	3.002930E+1
1.000000E-1	3.037648E-6	3.037648E-6	7.540191E-12	3.073242E+1
1.500000E-1	5.650959E-6	5.650959E-6	1.402707E-11	3.143555E+1
2.000000E-1	9.779542E-6	9.779542E-6	2.427523E-11	3.213867E+1
2.500000E-1	1.563733E-5	1.563733E-5	3.881571E-11	3.284180E+1
3.000000E-1	2.526313E-5	2.526313E-5	6.270930E-11	3.354492E+1
3.500000E-1	4.216649E-5	4.216649E-5	1.046676E-10	3.482715E+1
4.000000E-1	5.735857E-5	5.735857E-5	1.423781E-10	3.519531E+1
4.500000E-1	7.951194E-5	7.951194E-5	1.973682E-10	3.556445E+1
5.000000E-1	1.055763E-4	1.055763E-4	2.620663E-10	3.593262E+1
5.000000E-1	1.124646E-4	1.124646E-4	2.791648E-10	3.630078E+1
4.500000E-1	7.898415E-5	7.898415E-5	1.960581E-10	3.666895E+1
4.000000E-1	5.761931E-5	5.761931E-5	1.430253E-10	3.703809E+1
3.500000E-1	4.032364E-5	4.032364E-5	1.000932E-10	3.740625E+1
3.000000E-1	2.611583E-5	2.611583E-5	6.482591E-11	3.858105E+1
2.500000E-1	1.908821E-5	1.908821E-5	4.738164E-11	3.928418E+1
2.000000E-1	1.290574E-5	1.290574E-5	3.203521E-11	3.998730E+1
1.500000E-1	6.288289E-6	6.288289E-6	1.560908E-11	4.069043E+1
1.000000E-1	3.354939E-6	3.354939E-6	8.327783E-12	4.139355E+1
5.000000E-2	1.712580E-6	1.712580E-6	4.251044E-12	4.209668E+1
0.000000E+0	2.588493E-7	-2.588493E-7	-6.425277E-13	4.279980E+1
-5.000000E-2	1.366793E-6	-1.366793E-6	-3.392717E-12	4.350391E+1
-1.000000E-1	3.197395E-6	-3.197395E-6	-7.936721E-12	4.420703E+1
-1.500000E-1	6.105466E-6	-6.105466E-6	-1.515527E-11	4.491016E+1
-2.000000E-1	9.596756E-6	-9.596756E-6	-2.382151E-11	4.561328E+1
-2.500000E-1	1.488113E-5	-1.488113E-5	-3.693863E-11	4.631641E+1
-3.000000E-1	2.041651E-5	-2.041651E-5	-5.067879E-11	4.701953E+1
-3.500000E-1	2.980146E-5	-2.980146E-5	-7.397456E-11	4.772266E+1
-4.000000E-1	3.822421E-5	-3.822421E-5	-9.488189E-11	4.842578E+1
-4.500000E-1	4.215336E-5	-4.215336E-5	-1.046350E-10	4.912891E+1
-5.000000E-1	7.667390E-5	-7.667390E-5	-1.903235E-10	5.024414E+1
-5.000000E-1	7.514750E-5	-7.514750E-5	-1.865346E-10	5.061230E+1
-4.500000E-1	5.903516E-5	-5.903516E-5	-1.465398E-10	5.098047E+1
-4.000000E-1	4.428638E-5	-4.428638E-5	-1.099297E-10	5.134961E+1
-3.500000E-1	3.085717E-5	-3.085717E-5	-7.659509E-11	5.252441E+1
-3.000000E-1	2.271757E-5	-2.271757E-5	-5.639059E-11	5.322754E+1
-2.500000E-1	1.297256E-5	-1.297256E-5	-3.220108E-11	5.393066E+1
-2.000000E-1	8.377715E-6	-8.377715E-6	-2.079555E-11	5.463379E+1
-1.500000E-1	5.292670E-6	-5.292670E-6	-1.313771E-11	5.533691E+1
-1.000000E-1	2.911743E-6	-2.911743E-6	-7.227663E-12	5.604004E+1
-5.000000E-2	1.257627E-6	-1.257627E-6	-3.121739E-12	5.674316E+1
0.000000E+0	1.101838E-7	1.101838E-7	2.735034E-13	5.744629E+1
0.000000E+0	4.525208E-8	4.525208E-8	1.123268E-13	5.815039E+1
5.000000E-2	1.471475E-6	1.471475E-6	3.652564E-12	5.885352E+1
1.000000E-1	3.294278E-6	3.294278E-6	8.177209E-12	5.955664E+1
1.500000E-1	5.329846E-6	5.329846E-6	1.322999E-11	6.025977E+1
2.000000E-1	9.415179E-6	9.415179E-6	2.337079E-11	6.096289E+1
2.500000E-1	1.538256E-5	1.538256E-5	3.818331E-11	6.166602E+1
3.000000E-1	2.401897E-5	2.401897E-5	5.962098E-11	6.236914E+1
3.500000E-1	3.530654E-5	3.530654E-5	8.763953E-11	6.307227E+1
4.000000E-1	5.417730E-5	5.417730E-5	1.344814E-10	6.435449E+1
4.500000E-1	7.377718E-5	7.377718E-5	1.831331E-10	6.472266E+1
5.000000E-1	9.914230E-5	9.914230E-5	2.460956E-10	6.509180E+1
5.000000E-1	9.743764E-5	9.743764E-5	2.418642E-10	6.545996E+1
4.500000E-1	7.375691E-5	7.375691E-5	1.830828E-10	6.582813E+1
4.000000E-1	5.498234E-5	5.498234E-5	1.364797E-10	6.619629E+1
3.500000E-1	4.078423E-5	4.078423E-5	1.012365E-10	6.737109E+1
3.000000E-1	2.956412E-5	2.956412E-5	7.338542E-11	6.807422E+1
2.500000E-1	1.807661E-5	1.807661E-5	4.487059E-11	6.877734E+1
2.000000E-1	1.130536E-5	1.130536E-5	2.806268E-11	6.948047E+1
1.500000E-1	6.928334E-6	6.928334E-6	1.719783E-11	7.018359E+1
1.000000E-1	3.575983E-6	3.575983E-6	8.876469E-12	7.088672E+1
5.000000E-2	1.504562E-6	1.504562E-6	3.734693E-12	7.158984E+1
0.000000E+0	4.524648E-8	-4.524648E-8	-1.123129E-13	7.229297E+1
-5.000000E-2	1.484837E-6	-1.484837E-6	-3.685732E-12	7.299707E+1
-1.000000E-1	2.971319E-6	-2.971319E-6	-7.375545E-12	7.370020E+1
-1.500000E-1	5.651430E-6	-5.651430E-6	-1.402824E-11	7.440332E+1
-2.000000E-1	9.123882E-6	-9.123882E-6	-2.264772E-11	7.510645E+1
-2.500000E-1	1.437449E-5	-1.437449E-5	-3.568103E-11	7.580957E+1
-3.000000E-1	2.358591E-5	-2.358591E-5	-5.854604E-11	7.651270E+1
-3.500000E-1	3.334933E-5	-3.334933E-5	-8.278125E-11	7.721582E+1
-4.000000E-1	4.662157E-5	-4.662157E-5	-1.157262E-10	7.849805E+1
-4.500000E-1	6.183001E-5	-6.183001E-5	-1.534773E-10	7.886719E+1
-5.000000E-1	7.958849E-5	-7.958849E-5	-1.975582E-10	7.923535E+1
-5.000000E-1	7.811179E-5	-7.811179E-5	-1.938927E-10	7.960352E+1
-4.500000E-1	6.373389E-5	-6.373389E-5	-1.582032E-10	7.997168E+1
-4.000000E-1	4.598811E-5	-4.598811E-5	-1.141538E-10	8.033984E+1
-3.500000E-1	3.177048E-5	-3.177048E-5	-7.886214E-11	8.151563E+1
-3.000000E-1	2.315749E-5	-2.315749E-5	-5.748260E-11	8.221875E+1
-2.500000E-1	1.638719E-5	-1.638719E-5	-4.067705E-11	8.292188E+1
-2.000000E-1	1.095415E-5	-1.095415E-5	-2.719089E-11	8.362500E+1
-1.500000E-1	6.932113E-6	-6.932113E-6	-1.720721E-11	8.432813E+1
-1.000000E-1	3.774602E-6	-3.774602E-6	-9.369491E-12	8.503125E+1
-5.000000E-2	1.573514E-6	-1.573514E-6	-3.905848E-12	8.573437E+1
0.000000E+0	9.512220E-8	9.512220E-8	2.361167E-13	8.643750E+1
0.000000E+0	3.560233E-8	3.560233E-8	8.837375E-14	8.714160E+1
5.000000E-2	1.760376E-6	1.760376E-6	4.369685E-12	8.784473E+1
1.000000E-1	4.589307E-6	4.589307E-6	1.139179E-11	8.854785E+1
1.500000E-1	8.628222E-6	8.628222E-6	2.141737E-11	8.925098E+1
2.000000E-1	1.310357E-5	1.310357E-5	3.252628E-11	8.995410E+1
2.500000E-1	2.115694E-5	2.115694E-5	5.251673E-11	9.065723E+1
3.000000E-1	3.681877E-5	3.681877E-5	9.139324E-11	9.136035E+1
3.500000E-1	5.309313E-5	5.309313E-5	1.317902E-10	9.247461E+1
4.000000E-1	7.304638E-5	7.304638E-5	1.813191E-10	9.284375E+1
4.500000E-1	9.583373E-5	9.583373E-5	2.378829E-10	9.321191E+1
5.000000E-1	1.224240E-4	1.224240E-4	3.038865E-10	9.358008E+1
5.000000E-1	1.210953E-4	1.210953E-4	3.005883E-10	9.394824E+1
4.500000E-1	9.734241E-5	9.734241E-5	2.416278E-10	9.431738E+1
4.000000E-1	6.833787E-5	6.833787E-5	1.696314E-10	9.468555E+1
3.500000E-1	4.990227E-5	4.990227E-5	1.238697E-10	9.505371E+1
3.000000E-1	3.582867E-5	3.582867E-5	8.893557E-11	9.622852E+1
2.500000E-1	2.192640E-5	2.192640E-5	5.442673E-11	9.693164E+1
2.000000E-1	1.244216E-5	1.244216E-5	3.088451E-11	9.763477E+1
1.500000E-1	7.546500E-6	7.546500E-6	1.873227E-11	9.833789E+1
1.000000E-1	3.702503E-6	3.702503E-6	9.190523E-12	9.904102E+1
5.000000E-2	1.613795E-6	1.613795E-6	4.005837E-12	9.974414E+1
0.000000E+0	4.558754E-8	-4.558754E-8	-1.131595E-13	1.004473E+2
-5.000000E-2	1.671946E-6	-1.671946E-6	-4.150180E-12	1.011514E+2
-1.000000E-1	3.839707E-6	-3.839707E-6	-9.531098E-12	1.018545E+2
-1.500000E-1	7.854116E-6	-7.854116E-6	-1.949585E-11	1.025576E+2
-2.000000E-1	1.318614E-5	-1.318614E-5	-3.273125E-11	1.032607E+2
-2.500000E-1	1.835673E-5	-1.835673E-5	-4.556591E-11	1.039639E+2
-3.000000E-1	2.752646E-5	-2.752646E-5	-6.832744E-11	1.046670E+2
-3.500000E-1	4.442553E-5	-4.442553E-5	-1.102751E-10	1.061162E+2
-4.000000E-1	6.253332E-5	-6.253332E-5	-1.552231E-10	1.064854E+2
-4.500000E-1	8.078857E-5	-8.078857E-5	-2.005371E-10	1.068535E+2
-5.000000E-1	1.044438E-4	-1.044438E-4	-2.592551E-10	1.072217E+2
-5.000000E-1	9.981565E-5	-9.981565E-5	-2.477670E-10	1.075898E+2
-4.500000E-1	7.672156E-5	-7.672156E-5	-1.904418E-10	1.079590E+2
-4.000000E-1	5.939198E-5	-5.939198E-5	-1.474255E-10	1.083271E+2
-3.500000E-1	4.570373E-5	-4.570373E-5	-1.134479E-10	1.086953E+2
-3.000000E-1	3.004995E-5	-3.004995E-5	-7.459137E-11	1.098701E+2
-2.500000E-1	2.194609E-5	-2.194609E-5	-5.447559E-11	1.105732E+2
-2.000000E-1	1.445601E-5	-1.445601E-5	-3.588338E-11	1.112764E+2
-1.500000E-1	8.652499E-6	-8.652499E-6	-2.147763E-11	1.119795E+2
-1.000000E-1	4.387518E-6	-4.387518E-6	-1.089090E-11	1.126826E+2
-5.000000E-2	1.916141E-6	-1.916141E-6	-4.756334E-12	1.133857E+2
0.000000E+0	6.640776E-8	6.640776E-8	1.648404E-13	1.140889E+2
0.000000E+0	2.704279E-8	2.704279E-8	6.712686E-14	1.147930E+2
5.000000E-2	1.709762E-6	1.709762E-6	4.244050E-12	1.154961E+2
1.000000E-1	5.445854E-6	5.445854E-6	1.351795E-11	1.161992E+2
1.500000E-1	9.693080E-6	9.693080E-6	2.406061E-11	1.169023E+2
2.000000E-1	2.054787E-5	2.054787E-5	5.100487E-11	1.176055E+2
2.500000E-1	3.899632E-5	3.899632E-5	9.679847E-11	1.183086E+2
3.000000E-1	5.872456E-5	5.872456E-5	1.457688E-10	1.194238E+2
3.500000E-1	7.486047E-5	7.486047E-5	1.858221E-10	1.197920E+2
4.000000E-1	1.086534E-4	1.086534E-4	2.697046E-10	1.201602E+2
4.500000E-1	1.405223E-4	1.405223E-4	3.488109E-10	1.205293E+2
5.000000E-1	2.258110E-4	2.258110E-4	5.605184E-10	1.208975E+2
5.000000E-1	2.196553E-4	2.196553E-4	5.452385E-10	1.212656E+2
4.500000E-1	1.646008E-4	1.646008E-4	4.085798E-10	1.216338E+2
4.000000E-1	1.182988E-4	1.182988E-4	2.936468E-10	1.220029E+2
3.500000E-1	8.998254E-5	8.998254E-5	2.233588E-10	1.223711E+2
3.000000E-1	7.056545E-5	7.056545E-5	1.751608E-10	1.227393E+2
2.500000E-1	4.081437E-5	4.081437E-5	1.013113E-10	1.231074E+2
2.000000E-1	3.685627E-5	3.685627E-5	9.148632E-11	1.242832E+2
1.500000E-1	1.055970E-5	1.055970E-5	2.621178E-11	1.249863E+2
1.000000E-1	5.284835E-6	5.284835E-6	1.311826E-11	1.256895E+2
5.000000E-2	2.415776E-6	2.415776E-6	5.996550E-12	1.263926E+2
0.000000E+0	2.426974E-8	-2.426974E-8	-6.024348E-14	1.270957E+2
-5.000000E-2	2.260083E-6	-2.260083E-6	-5.610082E-12	1.277988E+2
-1.000000E-1	5.970512E-6	-5.970512E-6	-1.482028E-11	1.285020E+2
-1.500000E-1	1.057617E-5	-1.057617E-5	-2.625265E-11	1.292051E+2
-2.000000E-1	1.574921E-5	-1.574921E-5	-3.909341E-11	1.299082E+2
-2.500000E-1	2.284516E-5	-2.284516E-5	-5.670732E-11	1.306113E+2
-3.000000E-1	3.646875E-5	-3.646875E-5	-9.052441E-11	1.313145E+2
-3.500000E-1	5.063374E-5	-5.063374E-5	-1.256854E-10	1.324297E+2
-4.000000E-1	7.582113E-5	-7.582113E-5	-1.882067E-10	1.327979E+2
-4.500000E-1	7.713599E-5	-7.713599E-5	-1.914705E-10	1.331670E+2
-5.000000E-1	9.719669E-5	-9.719669E-5	-2.412661E-10	1.335352E+2
-5.000000E-1	9.676624E-5	-9.676624E-5	-2.401976E-10	1.339033E+2
-4.500000E-1	8.237217E-5	-8.237217E-5	-2.044680E-10	1.342715E+2
-4.000000E-1	5.948065E-5	-5.948065E-5	-1.476456E-10	1.346406E+2
-3.500000E-1	4.946311E-5	-4.946311E-5	-1.227796E-10	1.350088E+2
-3.000000E-1	3.185753E-5	-3.185753E-5	-7.907824E-11	1.361836E+2
-2.500000E-1	2.023406E-5	-2.023406E-5	-5.022592E-11	1.368867E+2
-2.000000E-1	1.340865E-5	-1.340865E-5	-3.328358E-11	1.375898E+2
-1.500000E-1	8.136337E-6	-8.136337E-6	-2.019639E-11	1.382930E+2
-1.000000E-1	4.212979E-6	-4.212979E-6	-1.045765E-11	1.389961E+2
-5.000000E-2	1.865058E-6	-1.865058E-6	-4.629533E-12	1.396992E+2
0.000000E+0	7.529157E-8	7.529157E-8	1.868922E-13	1.404023E+2
0.000000E+0	2.981584E-8	2.981584E-8	7.401024E-14	1.411064E+2
5.000000E-2	1.975298E-6	1.975298E-6	4.903175E-12	1.418096E+2
1.000000E-1	4.507804E-6	4.507804E-6	1.118948E-11	1.425127E+2
1.500000E-1	8.692225E-6	8.692225E-6	2.157624E-11	1.432158E+2
2.000000E-1	1.653831E-5	1.653831E-5	4.105215E-11	1.439189E+2
2.500000E-1	2.633397E-5	2.633397E-5	6.536739E-11	1.446221E+2
3.000000E-1	3.840364E-5	3.840364E-5	9.532729E-11	1.453252E+2
3.500000E-1	6.060394E-5	6.060394E-5	1.504339E-10	1.464404E+2
4.000000E-1	9.470061E-5	9.470061E-5	2.350702E-10	1.468086E+2
4.500000E-1	1.264964E-4	1.264964E-4	3.139953E-10	1.471768E+2
5.000000E-1	1.472035E-4	1.472035E-4	3.653954E-10	1.475459E+2
5.000000E-1	1.314033E-4	1.314033E-4	3.261753E-10	1.479141E+2
4.500000E-1	9.886316E-5	9.886316E-5	2.454027E-10	1.482822E+2
4.000000E-1	7.381637E-5	7.381637E-5	1.832304E-10	1.486504E+2
3.500000E-1	5.456381E-5	5.456381E-5	1.354408E-10	1.490195E+2
3.000000E-1	3.611527E-5	3.611527E-5	8.964699E-11	1.501943E+2
2.500000E-1	2.693688E-5	2.693688E-5	6.686395E-11	1.508975E+2
2.000000E-1	1.359504E-5	1.359504E-5	3.374623E-11	1.516006E+2
1.500000E-1	7.704720E-6	7.704720E-6	1.912501E-11	1.523037E+2
1.000000E-1	4.105689E-6	4.105689E-6	1.019133E-11	1.530068E+2
5.000000E-2	1.651153E-6	1.651153E-6	4.098569E-12	1.537100E+2
0.000000E+0	3.189562E-8	-3.189562E-8	-7.917278E-14	1.544131E+2
-5.000000E-2	1.725545E-6	-1.725545E-6	-4.283227E-12	1.551162E+2
-1.000000E-1	3.876981E-6	-3.876981E-6	-9.623621E-12	1.558193E+2
-1.500000E-1	7.080861E-6	-7.080861E-6	-1.757644E-11	1.565225E+2
-2.000000E-1	1.095449E-5	-1.095449E-5	-2.719175E-11	1.572256E+2
-2.500000E-1	1.690784E-5	-1.690784E-5	-4.196943E-11	1.579287E+2
-3.000000E-1	2.442038E-5	-2.442038E-5	-6.061740E-11	1.586318E+2
-3.500000E-1	3.420144E-5	-3.420144E-5	-8.489638E-11	1.593350E+2
-4.000000E-1	4.166642E-5	-4.166642E-5	-1.034263E-10	1.600381E+2
-4.500000E-1	6.088019E-5	-6.088019E-5	-1.511196E-10	1.611533E+2
-5.000000E-1	7.947689E-5	-7.947689E-5	-1.972812E-10	1.615225E+2
-5.000000E-1	8.244654E-5	-8.244654E-5	-2.046526E-10	1.618906E+2
-4.500000E-1	6.294275E-5	-6.294275E-5	-1.562394E-10	1.622588E+2
-4.000000E-1	4.770284E-5	-4.770284E-5	-1.184102E-10	1.626270E+2
-3.500000E-1	3.520536E-5	-3.520536E-5	-8.738837E-11	1.638027E+2
-3.000000E-1	2.357449E-5	-2.357449E-5	-5.851769E-11	1.645059E+2
-2.500000E-1	1.583837E-5	-1.583837E-5	-3.931472E-11	1.652090E+2
-2.000000E-1	1.015550E-5	-1.015550E-5	-2.520845E-11	1.659121E+2
-1.500000E-1	6.264540E-6	-6.264540E-6	-1.555013E-11	1.666152E+2
-1.000000E-1	3.506103E-6	-3.506103E-6	-8.703011E-12	1.673184E+2
-5.000000E-2	1.473667E-6	-1.473667E-6	-3.658004E-12	1.680215E+2
0.000000E+0	9.262309E-8	9.262309E-8	2.299133E-13	1.687246E+2
0.000000E+0	3.978986E-8	3.978986E-8	9.876822E-14	1.694287E+2
5.000000E-2	1.733266E-6	1.733266E-6	4.302392E-12	1.701318E+2
1.000000E-1	3.919449E-6	3.919449E-6	9.729037E-12	1.708350E+2
1.500000E-1	6.981483E-6	6.981483E-6	1.732976E-11	1.715381E+2
2.000000E-1	1.181393E-5	1.181393E-5	2.932508E-11	1.722412E+2
2.500000E-1	1.966233E-5	1.966233E-5	4.880673E-11	1.729443E+2
3.000000E-1	2.970246E-5	2.970246E-5	7.372881E-11	1.736475E+2
3.500000E-1	4.382201E-5	4.382201E-5	1.087770E-10	1.749297E+2
4.000000E-1	6.041137E-5	6.041137E-5	1.499559E-10	1.752979E+2
4.500000E-1	8.445170E-5	8.445170E-5	2.096299E-10	1.756660E+2
5.000000E-1	1.080519E-4	1.080519E-4	2.682115E-10	1.760342E+2
5.000000E-1	1.098133E-4	1.098133E-4	2.725835E-10	1.764033E+2
4.500000E-1	8.303484E-5	8.303484E-5	2.061129E-10	1.767715E+2
4.000000E-1	6.049960E-5	6.049960E-5	1.501749E-10	1.771396E+2
3.500000E-1	4.342398E-5	4.342398E-5	1.077890E-10	1.775078E+2
3.000000E-1	2.853314E-5	2.853314E-5	7.082628E-11	1.786826E+2
2.500000E-1	1.957311E-5	1.957311E-5	4.858527E-11	1.793857E+2
2.000000E-1	1.223436E-5	1.223436E-5	3.036868E-11	1.800889E+2
1.500000E-1	7.353904E-6	7.353904E-6	1.825420E-11	1.807920E+2
1.000000E-1	3.837421E-6	3.837421E-6	9.525422E-12	1.814951E+2
5.000000E-2	1.554013E-6	1.554013E-6	3.857442E-12	1.821982E+2
0.000000E+0	5.498569E-8	-5.498569E-8	-1.364880E-13	1.829014E+2
-5.000000E-2	1.626872E-6	-1.626872E-6	-4.038297E-12	1.836055E+2
-1.000000E-1	3.575748E-6	-3.575748E-6	-8.875886E-12	1.843086E+2
-1.500000E-1	6.480832E-6	-6.480832E-6	-1.608702E-11	1.850117E+2
-2.000000E-1	1.074515E-5	-1.074515E-5	-2.667211E-11	1.857148E+2
-2.500000E-1	1.701273E-5	-1.701273E-5	-4.222979E-11	1.864180E+2
-3.000000E-1	2.422775E-5	-2.422775E-5	-6.013925E-11	1.871211E+2
-3.500000E-1	3.447756E-5	-3.447756E-5	-8.558179E-11	1.878242E+2
-4.000000E-1	4.792978E-5	-4.792978E-5	-1.189735E-10	1.889385E+2
-4.500000E-1	6.161476E-5	-6.161476E-5	-1.529430E-10	1.893076E+2
-5.000000E-1	8.545100E-5	-8.545100E-5	-2.121104E-10	1.896758E+2
-5.000000E-1	8.132373E-5	-8.132373E-5	-2.018655E-10	1.900439E+2
-4.500000E-1	6.390837E-5	-6.390837E-5	-1.586363E-10	1.904121E+2
-4.000000E-1	4.757607E-5	-4.757607E-5	-1.180955E-10	1.907812E+2
-3.500000E-1	3.513759E-5	-3.513759E-5	-8.722015E-11	1.919561E+2
-3.000000E-1	2.516992E-5	-2.516992E-5	-6.247794E-11	1.926592E+2
-2.500000E-1	1.694077E-5	-1.694077E-5	-4.205117E-11	1.933623E+2
-2.000000E-1	1.143577E-5	-1.143577E-5	-2.838640E-11	1.940654E+2
-1.500000E-1	7.004636E-6	-7.004636E-6	-1.738723E-11	1.947686E+2
-1.000000E-1	3.821107E-6	-3.821107E-6	-9.484927E-12	1.954717E+2
-5.000000E-2	1.582727E-6	-1.582727E-6	-3.928718E-12	1.961748E+2
0.000000E+0	9.239946E-8	9.239946E-8	2.293582E-13	1.968779E+2
0.000000E+0	3.660309E-8	3.660309E-8	9.085788E-14	1.975811E+2
5.000000E-2	1.808222E-6	1.808222E-6	4.488451E-12	1.982842E+2
1.000000E-1	4.361075E-6	4.361075E-6	1.082526E-11	1.989873E+2
1.500000E-1	7.470194E-6	7.470194E-6	1.854286E-11	1.996904E+2
2.000000E-1	1.240530E-5	1.240530E-5	3.079300E-11	2.003936E+2
2.500000E-1	2.080069E-5	2.080069E-5	5.163244E-11	2.010967E+2
3.000000E-1	3.191704E-5	3.191704E-5	7.922595E-11	2.017998E+2
3.500000E-1	4.437872E-5	4.437872E-5	1.101589E-10	2.029150E+2
4.000000E-1	6.453446E-5	6.453446E-5	1.601904E-10	2.032832E+2
4.500000E-1	8.574315E-5	8.574315E-5	2.128356E-10	2.036514E+2
5.000000E-1	1.167947E-4	1.167947E-4	2.899133E-10	2.040195E+2
5.000000E-1	1.156535E-4	1.156535E-4	2.870805E-10	2.043887E+2
4.500000E-1	8.684458E-5	8.684458E-5	2.155696E-10	2.047568E+2
4.000000E-1	6.568829E-5	6.568829E-5	1.630545E-10	2.051250E+2
3.500000E-1	4.515495E-5	4.515495E-5	1.120857E-10	2.054932E+2
3.000000E-1	3.029131E-5	3.029131E-5	7.519049E-11	2.066680E+2
2.500000E-1	2.054649E-5	2.054649E-5	5.100144E-11	2.073711E+2
2.000000E-1	1.315850E-5	1.315850E-5	3.266264E-11	2.080742E+2
1.500000E-1	7.806744E-6	7.806744E-6	1.937826E-11	2.087773E+2
1.000000E-1	4.376214E-6	4.376214E-6	1.086284E-11	2.094805E+2
5.000000E-2	1.679337E-6	1.679337E-6	4.168527E-12	2.101836E+2
0.000000E+0	4.661065E-8	-4.661065E-8	-1.156991E-13	2.108867E+2
-5.000000E-2	1.736564E-6	-1.736564E-6	-4.310580E-12	2.115898E+2
-1.000000E-1	3.994562E-6	-3.994562E-6	-9.915485E-12	2.122930E+2
-1.500000E-1	7.164423E-6	-7.164423E-6	-1.778386E-11	2.129961E+2
-2.000000E-1	1.153536E-5	-1.153536E-5	-2.863360E-11	2.136992E+2
-2.500000E-1	1.804190E-5	-1.804190E-5	-4.478443E-11	2.144023E+2
-3.000000E-1	2.561755E-5	-2.561755E-5	-6.358905E-11	2.151055E+2
-3.500000E-1	3.465185E-5	-3.465185E-5	-8.601442E-11	2.158086E+2
-4.000000E-1	4.793199E-5	-4.793199E-5	-1.189790E-10	2.169238E+2
-4.500000E-1	6.182159E-5	-6.182159E-5	-1.534564E-10	2.172920E+2
-5.000000E-1	8.018412E-5	-8.018412E-5	-1.990367E-10	2.176602E+2
-5.000000E-1	8.372305E-5	-8.372305E-5	-2.078212E-10	2.180293E+2
-4.500000E-1	6.801195E-5	-6.801195E-5	-1.688224E-10	2.183975E+2
-4.000000E-1	5.162671E-5	-5.162671E-5	-1.281502E-10	2.187656E+2
-3.500000E-1	3.683532E-5	-3.683532E-5	-9.143432E-11	2.199404E+2
-3.000000E-1	2.599319E-5	-2.599319E-5	-6.452150E-11	2.206436E+2
-2.500000E-1	1.772801E-5	-1.772801E-5	-4.400527E-11	2.213467E+2
-2.000000E-1	1.154780E-5	-1.154780E-5	-2.866449E-11	2.220498E+2
-1.500000E-1	7.253918E-6	-7.253918E-6	-1.800601E-11	2.227529E+2
-1.000000E-1	3.939297E-6	-3.939297E-6	-9.778303E-12	2.234561E+2
-5.000000E-2	1.617653E-6	-1.617653E-6	-4.015413E-12	2.241592E+2
0.000000E+0	8.787090E-8	8.787090E-8	2.181172E-13	2.248623E+2
0.000000E+0	3.507121E-8	3.507121E-8	8.705536E-14	2.255664E+2
5.000000E-2	1.851467E-6	1.851467E-6	4.595796E-12	2.262695E+2
1.000000E-1	4.161030E-6	4.161030E-6	1.032870E-11	2.269727E+2
1.500000E-1	8.074063E-6	8.074063E-6	2.004181E-11	2.276758E+2
2.000000E-1	1.327623E-5	1.327623E-5	3.295487E-11	2.283789E+2
2.500000E-1	2.095597E-5	2.095597E-5	5.201788E-11	2.290820E+2
3.000000E-1	3.212862E-5	3.212862E-5	7.975113E-11	2.297852E+2
3.500000E-1	4.376762E-5	4.376762E-5	1.086420E-10	2.308994E+2
4.000000E-1	6.148778E-5	6.148778E-5	1.526278E-10	2.312686E+2
4.500000E-1	8.455693E-5	8.455693E-5	2.098911E-10	2.316367E+2
5.000000E-1	1.134712E-4	1.134712E-4	2.816635E-10	2.320049E+2
5.000000E-1	1.147910E-4	1.147910E-4	2.849395E-10	2.323730E+2
4.500000E-1	8.559087E-5	8.559087E-5	2.124576E-10	2.327412E+2
4.000000E-1	6.358398E-5	6.358398E-5	1.578311E-10	2.331104E+2
3.500000E-1	4.867483E-5	4.867483E-5	1.208229E-10	2.334785E+2
3.000000E-1	3.195651E-5	3.195651E-5	7.932391E-11	2.346533E+2
2.500000E-1	2.047472E-5	2.047472E-5	5.082330E-11	2.353564E+2
2.000000E-1	1.303455E-5	1.303455E-5	3.235495E-11	2.360596E+2
1.500000E-1	8.055410E-6	8.055410E-6	1.999551E-11	2.367627E+2
1.000000E-1	4.155120E-6	4.155120E-6	1.031403E-11	2.374658E+2
5.000000E-2	1.671644E-6	1.671644E-6	4.149431E-12	2.381689E+2
0.000000E+0	4.785743E-8	-4.785743E-8	-1.187939E-13	2.388721E+2
-5.000000E-2	1.710623E-6	-1.710623E-6	-4.246187E-12	2.395752E+2
-1.000000E-1	3.971298E-6	-3.971298E-6	-9.857740E-12	2.402783E+2
-1.500000E-1	6.952244E-6	-6.952244E-6	-1.725718E-11	2.409814E+2
-2.000000E-1	1.178623E-5	-1.178623E-5	-2.925633E-11	2.416846E+2
-2.500000E-1	1.773971E-5	-1.773971E-5	-4.403433E-11	2.423877E+2
-3.000000E-1	2.639682E-5	-2.639682E-5	-6.552341E-11	2.430908E+2
-3.500000E-1	3.718068E-5	-3.718068E-5	-9.229160E-11	2.437939E+2
-4.000000E-1	4.201280E-5	-4.201280E-5	-1.042861E-10	2.444971E+2
-4.500000E-1	6.813748E-5	-6.813748E-5	-1.691340E-10	2.456123E+2
-5.000000E-1	8.728055E-5	-8.728055E-5	-2.166518E-10	2.459805E+2
-5.000000E-1	8.418666E-5	-8.418666E-5	-2.089720E-10	2.463496E+2
-4.500000E-1	6.731488E-5	-6.731488E-5	-1.670921E-10	2.467178E+2
-4.000000E-1	5.221541E-5	-5.221541E-5	-1.296115E-10	2.470859E+2
-3.500000E-1	3.761886E-5	-3.761886E-5	-9.337928E-11	2.482607E+2
-3.000000E-1	2.535619E-5	-2.535619E-5	-6.294029E-11	2.489639E+2
-2.500000E-1	1.692557E-5	-1.692557E-5	-4.201342E-11	2.496670E+2
-2.000000E-1	1.194067E-5	-1.194067E-5	-2.963969E-11	2.503701E+2
-1.500000E-1	7.317264E-6	-7.317264E-6	-1.816325E-11	2.510732E+2
-1.000000E-1	3.896532E-6	-3.896532E-6	-9.672152E-12	2.517764E+2
-5.000000E-2	1.617899E-6	-1.617899E-6	-4.016024E-12	2.524795E+2
0.000000E+0	8.627191E-8	8.627191E-8	2.141481E-13	2.531826E+2
0.000000E+0	3.423817E-8	3.423817E-8	8.498757E-14	2.538857E+2
5.000000E-2	1.772832E-6	1.772832E-6	4.400605E-12	2.545889E+2
1.000000E-1	4.247246E-6	4.247246E-6	1.054271E-11	2.552920E+2
1.500000E-1	7.927268E-6	7.927268E-6	1.967743E-11	2.559951E+2
2.000000E-1	1.351292E-5	1.351292E-5	3.354240E-11	2.566982E+2
2.500000E-1	2.144418E-5	2.144418E-5	5.322972E-11	2.574014E+2
3.000000E-1	3.235558E-5	3.235558E-5	8.031452E-11	2.581045E+2
3.500000E-1	4.183651E-5	4.183651E-5	1.038485E-10	2.588076E+2
4.000000E-1	6.819965E-5	6.819965E-5	1.692883E-10	2.599229E+2
4.500000E-1	9.282658E-5	9.282658E-5	2.304184E-10	2.602910E+2
5.000000E-1	1.256441E-4	1.256441E-4	3.118795E-10	2.606592E+2
5.000000E-1	1.287876E-4	1.287876E-4	3.196825E-10	2.610283E+2
4.500000E-1	9.521953E-5	9.521953E-5	2.363583E-10	2.613965E+2
4.000000E-1	7.114597E-5	7.114597E-5	1.766018E-10	2.617646E+2
3.500000E-1	5.053903E-5	5.053903E-5	1.254503E-10	2.621328E+2
3.000000E-1	3.277938E-5	3.277938E-5	8.136650E-11	2.633076E+2
2.500000E-1	2.050882E-5	2.050882E-5	5.090794E-11	2.640107E+2
2.000000E-1	1.258922E-5	1.258922E-5	3.124954E-11	2.647139E+2
1.500000E-1	7.258833E-6	7.258833E-6	1.801821E-11	2.654170E+2
1.000000E-1	4.024210E-6	4.024210E-6	9.989079E-12	2.661201E+2
5.000000E-2	1.678017E-6	1.678017E-6	4.165251E-12	2.668232E+2
0.000000E+0	4.579997E-8	-4.579997E-8	-1.136868E-13	2.675264E+2
-5.000000E-2	1.656515E-6	-1.656515E-6	-4.111878E-12	2.682295E+2
-1.000000E-1	3.899686E-6	-3.899686E-6	-9.679979E-12	2.689326E+2
-1.500000E-1	6.780971E-6	-6.780971E-6	-1.683204E-11	2.696357E+2
-2.000000E-1	1.151695E-5	-1.151695E-5	-2.858791E-11	2.703389E+2
-2.500000E-1	1.708752E-5	-1.708752E-5	-4.241543E-11	2.710420E+2
-3.000000E-1	2.520095E-5	-2.520095E-5	-6.255495E-11	2.717451E+2
-3.500000E-1	3.569220E-5	-3.569220E-5	-8.859682E-11	2.724482E+2
-4.000000E-1	4.186358E-5	-4.186358E-5	-1.039157E-10	2.731514E+2
-4.500000E-1	6.743969E-5	-6.743969E-5	-1.674019E-10	2.742666E+2
-5.000000E-1	8.751340E-5	-8.751340E-5	-2.172298E-10	2.746348E+2
-5.000000E-1	8.847096E-5	-8.847096E-5	-2.196067E-10	2.750029E+2
-4.500000E-1	6.832981E-5	-6.832981E-5	-1.696114E-10	2.753721E+2
-4.000000E-1	4.997196E-5	-4.997196E-5	-1.240427E-10	2.757402E+2
-3.500000E-1	3.690941E-5	-3.690941E-5	-9.161824E-11	2.769150E+2
-3.000000E-1	2.762578E-5	-2.762578E-5	-6.857399E-11	2.776182E+2
-2.500000E-1	1.922905E-5	-1.922905E-5	-4.773124E-11	2.783213E+2
-2.000000E-1	1.289897E-5	-1.289897E-5	-3.201842E-11	2.790244E+2
-1.500000E-1	7.135054E-6	-7.135054E-6	-1.771096E-11	2.797275E+2
-1.000000E-1	4.009579E-6	-4.009579E-6	-9.952761E-12	2.804307E+2
-5.000000E-2	1.636589E-6	-1.636589E-6	-4.062417E-12	2.811338E+2
0.000000E+0	8.262670E-8	8.262670E-8	2.050998E-13	2.818369E+2
0.000000E+0	3.134772E-8	3.134772E-8	7.781276E-14	2.825410E+2
5.000000E-2	1.820287E-6	1.820287E-6	4.518400E-12	2.832441E+2
1.000000E-1	4.228368E-6	4.228368E-6	1.049585E-11	2.839473E+2
1.500000E-1	7.915698E-6	7.915698E-6	1.964871E-11	2.846504E+2
2.000000E-1	1.289898E-5	1.289898E-5	3.201844E-11	2.853535E+2
2.500000E-1	1.982850E-5	1.982850E-5	4.921921E-11	2.860566E+2
3.000000E-1	3.000821E-5	3.000821E-5	7.448776E-11	2.867598E+2
3.500000E-1	4.742302E-5	4.742302E-5	1.177156E-10	2.878740E+2
4.000000E-1	6.389080E-5	6.389080E-5	1.585927E-10	2.882432E+2
4.500000E-1	8.714745E-5	8.714745E-5	2.163214E-10	2.886113E+2
5.000000E-1	1.152466E-4	1.152466E-4	2.860703E-10	2.889795E+2
5.000000E-1	1.188177E-4	1.188177E-4	2.949347E-10	2.893477E+2
4.500000E-1	9.549444E-5	9.549444E-5	2.370407E-10	2.897158E+2
4.000000E-1	6.741547E-5	6.741547E-5	1.673418E-10	2.900850E+2
3.500000E-1	4.910379E-5	4.910379E-5	1.218877E-10	2.904531E+2
3.000000E-1	3.463705E-5	3.463705E-5	8.597768E-11	2.916279E+2
2.500000E-1	2.203814E-5	2.203814E-5	5.470408E-11	2.923311E+2
2.000000E-1	1.357086E-5	1.357086E-5	3.368622E-11	2.930342E+2
1.500000E-1	7.919561E-6	7.919561E-6	1.965830E-11	2.937373E+2
1.000000E-1	4.148054E-6	4.148054E-6	1.029649E-11	2.944404E+2
5.000000E-2	1.594367E-6	1.594367E-6	3.957612E-12	2.951436E+2
0.000000E+0	4.256850E-8	-4.256850E-8	-1.056655E-13	2.958467E+2
-5.000000E-2	1.816485E-6	-1.816485E-6	-4.508963E-12	2.965498E+2
-1.000000E-1	4.230233E-6	-4.230233E-6	-1.050048E-11	2.972529E+2
-1.500000E-1	7.053048E-6	-7.053048E-6	-1.750740E-11	2.979561E+2
-2.000000E-1	1.310304E-5	-1.310304E-5	-3.252498E-11	2.986592E+2
-2.500000E-1	2.018918E-5	-2.018918E-5	-5.011452E-11	2.993623E+2
-3.000000E-1	3.017402E-5	-3.017402E-5	-7.489935E-11	3.000654E+2
-3.500000E-1	4.093829E-5	-4.093829E-5	-1.016189E-10	3.015146E+2
-4.000000E-1	5.521213E-5	-5.521213E-5	-1.370501E-10	3.018838E+2
-4.500000E-1	7.534700E-5	-7.534700E-5	-1.870298E-10	3.022520E+2
-5.000000E-1	1.010356E-4	-1.010356E-4	-2.507952E-10	3.026201E+2
-5.000000E-1	9.989695E-5	-9.989695E-5	-2.479688E-10	3.029883E+2
-4.500000E-1	7.701408E-5	-7.701408E-5	-1.911679E-10	3.033564E+2
-4.000000E-1	5.683474E-5	-5.683474E-5	-1.410778E-10	3.037256E+2
-3.500000E-1	4.076896E-5	-4.076896E-5	-1.011986E-10	3.049004E+2
-3.000000E-1	3.096151E-5	-3.096151E-5	-7.685409E-11	3.056035E+2
-2.500000E-1	2.137355E-5	-2.137355E-5	-5.305441E-11	3.063066E+2
-2.000000E-1	1.220431E-5	-1.220431E-5	-3.029409E-11	3.070098E+2
-1.500000E-1	7.270319E-6	-7.270319E-6	-1.804672E-11	3.077129E+2
-1.000000E-1	3.786002E-6	-3.786002E-6	-9.397788E-12	3.084160E+2
-5.000000E-2	1.526668E-6	-1.526668E-6	-3.789566E-12	3.091191E+2
0.000000E+0	8.199493E-8	8.199493E-8	2.035316E-13	3.098223E+2
0.000000E+0	2.673530E-8	2.673530E-8	6.636358E-14	3.105254E+2
5.000000E-2	1.765055E-6	1.765055E-6	4.381301E-12	3.112285E+2
1.000000E-1	4.011491E-6	4.011491E-6	9.957507E-12	3.119316E+2
1.500000E-1	7.590493E-6	7.590493E-6	1.884147E-11	3.126348E+2
2.000000E-1	1.361232E-5	1.361232E-5	3.378913E-11	3.133379E+2
2.500000E-1	2.225212E-5	2.225212E-5	5.523523E-11	3.140410E+2
3.000000E-1	3.423793E-5	3.423793E-5	8.498696E-11	3.147441E+2
3.500000E-1	5.215901E-5	5.215901E-5	1.294715E-10	3.158594E+2
4.000000E-1	7.472792E-5	7.472792E-5	1.854931E-10	3.162275E+2
4.500000E-1	1.025829E-4	1.025829E-4	2.546361E-10	3.165957E+2
5.000000E-1	1.388100E-4	1.388100E-4	3.445605E-10	3.169639E+2
5.000000E-1	1.355455E-4	1.355455E-4	3.364572E-10	3.173330E+2
4.500000E-1	1.023767E-4	1.023767E-4	2.541241E-10	3.177012E+2
4.000000E-1	7.848924E-5	7.848924E-5	1.948296E-10	3.180693E+2
3.500000E-1	5.733380E-5	5.733380E-5	1.423166E-10	3.184375E+2
3.000000E-1	3.565216E-5	3.565216E-5	8.849743E-11	3.196123E+2
2.500000E-1	2.419934E-5	2.419934E-5	6.006872E-11	3.203154E+2
2.000000E-1	1.432317E-5	1.432317E-5	3.555363E-11	3.210186E+2
1.500000E-1	7.773959E-6	7.773959E-6	1.929688E-11	3.217217E+2
1.000000E-1	4.051581E-6	4.051581E-6	1.005702E-11	3.224248E+2
5.000000E-2	1.628645E-6	1.628645E-6	4.042697E-12	3.231279E+2
0.000000E+0	4.125465E-8	-4.125465E-8	-1.024042E-13	3.238311E+2
-5.000000E-2	1.649442E-6	-1.649442E-6	-4.094322E-12	3.245342E+2
-1.000000E-1	3.721691E-6	-3.721691E-6	-9.238152E-12	3.252373E+2
-1.500000E-1	7.049950E-6	-7.049950E-6	-1.749971E-11	3.259404E+2
-2.000000E-1	1.125854E-5	-1.125854E-5	-2.794646E-11	3.266436E+2
-2.500000E-1	1.742887E-5	-1.742887E-5	-4.326275E-11	3.273467E+2
-3.000000E-1	2.826465E-5	-2.826465E-5	-7.015982E-11	3.280498E+2
-3.500000E-1	3.923194E-5	-3.923194E-5	-9.738332E-11	3.287529E+2
-4.000000E-1	5.440259E-5	-5.440259E-5	-1.350406E-10	3.298682E+2
-4.500000E-1	7.217798E-5	-7.217798E-5	-1.791635E-10	3.302363E+2
-5.000000E-1	9.815606E-5	-9.815606E-5	-2.436475E-10	3.306045E+2
-5.000000E-1	9.973492E-5	-9.973492E-5	-2.475666E-10	3.309736E+2
-4.500000E-1	8.164972E-5	-8.164972E-5	-2.026747E-10	3.313418E+2
-4.000000E-1	6.087467E-5	-6.087467E-5	-1.511059E-10	3.317100E+2
-3.500000E-1	4.469533E-5	-4.469533E-5	-1.109448E-10	3.320781E+2
-3.000000E-1	2.879385E-5	-2.879385E-5	-7.147341E-11	3.332529E+2
-2.500000E-1	2.072508E-5	-2.072508E-5	-5.144474E-11	3.339561E+2
-2.000000E-1	1.241256E-5	-1.241256E-5	-3.081103E-11	3.346592E+2
-1.500000E-1	7.491650E-6	-7.491650E-6	-1.859612E-11	3.353623E+2
-1.000000E-1	4.074806E-6	-4.074806E-6	-1.011467E-11	3.360654E+2
-5.000000E-2	1.719965E-6	-1.719965E-6	-4.269377E-12	3.367686E+2
0.000000E+0	8.500281E-8	8.500281E-8	2.109979E-13	3.374717E+2
0.000000E+0	2.647812E-8	2.647812E-8	6.572520E-14	3.381758E+2
5.000000E-2	1.938957E-6	1.938957E-6	4.812969E-12	3.388779E+2
1.000000E-1	4.320841E-6	4.320841E-6	1.072539E-11	3.395820E+2
1.500000E-1	7.959118E-6	7.959118E-6	1.975649E-11	3.402842E+2
2.000000E-1	1.346620E-5	1.346620E-5	3.342642E-11	3.409873E+2
2.500000E-1	2.089596E-5	2.089596E-5	5.186892E-11	3.416904E+2
3.000000E-1	3.379953E-5	3.379953E-5	8.389874E-11	3.423936E+2
3.500000E-1	4.621456E-5	4.621456E-5	1.147159E-10	3.435088E+2
4.000000E-1	6.921062E-5	6.921062E-5	1.717978E-10	3.438770E+2
4.500000E-1	9.313150E-5	9.313150E-5	2.311753E-10	3.442451E+2
5.000000E-1	1.240511E-4	1.240511E-4	3.079254E-10	3.446143E+2
5.000000E-1	1.329048E-4	1.329048E-4	3.299024E-10	3.449824E+2
4.500000E-1	1.023632E-4	1.023632E-4	2.540907E-10	3.453506E+2
4.000000E-1	7.383051E-5	7.383051E-5	1.832655E-10	3.457187E+2
3.500000E-1	5.392314E-5	5.392314E-5	1.338505E-10	3.460879E+2
3.000000E-1	3.423554E-5	3.423554E-5	8.498103E-11	3.472617E+2
2.500000E-1	2.250592E-5	2.250592E-5	5.586522E-11	3.479648E+2
2.000000E-1	1.405922E-5	1.405922E-5	3.489843E-11	3.486680E+2
1.500000E-1	7.838989E-6	7.838989E-6	1.945830E-11	3.493711E+2
1.000000E-1	4.136262E-6	4.136262E-6	1.026722E-11	3.500742E+2
5.000000E-2	1.693364E-6	1.693364E-6	4.203346E-12	3.507773E+2
0.000000E+0	4.559314E-8	-4.559314E-8	-1.131734E-13	3.514805E+2
-5.000000E-2	1.858701E-6	-1.858701E-6	-4.613754E-12	3.521836E+2
-1.000000E-1	4.224070E-6	-4.224070E-6	-1.048518E-11	3.528877E+2
-1.500000E-1	7.693141E-6	-7.693141E-6	-1.909627E-11	3.535908E+2
-2.000000E-1	1.235617E-5	-1.235617E-5	-3.067105E-11	3.542939E+2
-2.500000E-1	1.955031E-5	-1.955031E-5	-4.852869E-11	3.549971E+2
-3.000000E-1	2.834277E-5	-2.834277E-5	-7.035374E-11	3.557002E+2
-3.500000E-1	3.985996E-5	-3.985996E-5	-9.894223E-11	3.564033E+2
-4.000000E-1	4.216766E-5	-4.216766E-5	-1.046705E-10	3.571064E+2
-4.500000E-1	7.568150E-5	-7.568150E-5	-1.878601E-10	3.582207E+2
-5.000000E-1	1.027369E-4	-1.027369E-4	-2.550182E-10	3.585898E+2
-5.000000E-1	1.027218E-4	-1.027218E-4	-2.549808E-10	3.589580E+2
-4.500000E-1	7.893073E-5	-7.893073E-5	-1.959255E-10	3.593262E+2
-4.000000E-1	5.602998E-5	-5.602998E-5	-1.390802E-10	3.596943E+2
-3.500000E-1	4.051049E-5	-4.051049E-5	-1.005570E-10	3.600635E+2
-3.000000E-1	2.683129E-5	-2.683129E-5	-6.660186E-11	3.612383E+2
-2.500000E-1	1.856112E-5	-1.856112E-5	-4.607327E-11	3.619414E+2
-2.000000E-1	1.224081E-5	-1.224081E-5	-3.038471E-11	3.626445E+2
-1.500000E-1	7.378660E-6	-7.378660E-6	-1.831565E-11	3.633477E+2
-1.000000E-1	4.125191E-6	-4.125191E-6	-1.023974E-11	3.640508E+2
-5.000000E-2	1.738767E-6	-1.738767E-6	-4.316048E-12	3.647539E+2
0.000000E+0	8.396851E-8	8.396851E-8	2.084305E-13	3.654570E+2
0.000000E+0	2.956984E-8	2.956984E-8	7.339962E-14	3.661602E+2
5.000000E-2	1.957709E-6	1.957709E-6	4.859516E-12	3.668633E+2
1.000000E-1	4.665484E-6	4.665484E-6	1.158088E-11	3.675664E+2
1.500000E-1	8.507267E-6	8.507267E-6	2.111713E-11	3.682695E+2
2.000000E-1	1.486997E-5	1.486997E-5	3.691093E-11	3.689727E+2
2.500000E-1	2.376962E-5	2.376962E-5	5.900205E-11	3.696758E+2
3.000000E-1	3.818592E-5	3.818592E-5	9.478685E-11	3.703789E+2
3.500000E-1	5.529230E-5	5.529230E-5	1.372491E-10	3.718281E+2
4.000000E-1	8.659303E-5	8.659303E-5	2.149452E-10	3.721963E+2
4.500000E-1	1.126207E-4	1.126207E-4	2.795523E-10	3.725654E+2
5.000000E-1	1.444942E-4	1.444942E-4	3.586702E-10	3.729336E+2
5.000000E-1	1.449658E-4	1.449658E-4	3.598407E-10	3.733018E+2
4.500000E-1	1.108576E-4	1.108576E-4	2.751758E-10	3.736699E+2
4.000000E-1	8.630184E-5	8.630184E-5	2.142224E-10	3.740381E+2
3.500000E-1	5.731918E-5	5.731918E-5	1.422803E-10	3.744072E+2
3.000000E-1	4.233936E-5	4.233936E-5	1.050967E-10	3.747754E+2
2.500000E-1	2.534836E-5	2.534836E-5	6.292087E-11	3.759502E+2
2.000000E-1	1.788643E-5	1.788643E-5	4.439853E-11	3.766533E+2
1.500000E-1	9.218800E-6	9.218800E-6	2.288333E-11	3.773564E+2
1.000000E-1	4.792663E-6	4.792663E-6	1.189657E-11	3.780596E+2
5.000000E-2	1.861759E-6	1.861759E-6	4.621345E-12	3.787627E+2
0.000000E+0	4.412274E-8	-4.412274E-8	-1.095235E-13	3.794658E+2
-5.000000E-2	2.010498E-6	-2.010498E-6	-4.990550E-12	3.801689E+2
-1.000000E-1	4.495143E-6	-4.495143E-6	-1.115805E-11	3.808721E+2
-1.500000E-1	8.814509E-6	-8.814509E-6	-2.187978E-11	3.815752E+2
-2.000000E-1	1.638117E-5	-1.638117E-5	-4.066210E-11	3.822783E+2
-2.500000E-1	2.141699E-5	-2.141699E-5	-5.316224E-11	3.829814E+2
-3.000000E-1	2.908021E-5	-2.908021E-5	-7.218423E-11	3.836846E+2
-3.500000E-1	4.088857E-5	-4.088857E-5	-1.014955E-10	3.843877E+2
-4.000000E-1	6.028314E-5	-6.028314E-5	-1.496376E-10	3.855029E+2
-4.500000E-1	8.436005E-5	-8.436005E-5	-2.094024E-10	3.858711E+2
-5.000000E-1	9.895739E-5	-9.895739E-5	-2.456366E-10	3.862402E+2
-5.000000E-1	9.672015E-5	-9.672015E-5	-2.400832E-10	3.866084E+2
-4.500000E-1	7.468430E-5	-7.468430E-5	-1.853848E-10	3.869766E+2
-4.000000E-1	6.097748E-5	-6.097748E-5	-1.513611E-10	3.873447E+2
-3.500000E-1	4.959951E-5	-4.959951E-5	-1.231182E-10	3.877129E+2
-3.000000E-1	3.119072E-5	-3.119072E-5	-7.742304E-11	3.888877E+2
-2.500000E-1	2.093375E-5	-2.093375E-5	-5.196271E-11	3.895908E+2
-2.000000E-1	1.471247E-5	-1.471247E-5	-3.651997E-11	3.902949E+2
-1.500000E-1	8.720296E-6	-8.720296E-6	-2.164592E-11	3.909971E+2
-1.000000E-1	4.628252E-6	-4.628252E-6	-1.148846E-11	3.917002E+2
-5.000000E-2	2.036070E-6	-2.036070E-6	-5.054027E-12	3.924033E+2
0.000000E+0	7.034927E-8	7.034927E-8	1.746242E-13	3.931064E+2
0.000000E+0	2.513632E-8	2.513632E-8	6.239453E-14	3.938105E+2
5.000000E-2	2.093214E-6	2.093214E-6	5.195872E-12	3.945137E+2
1.000000E-1	4.638501E-6	4.638501E-6	1.151390E-11	3.952168E+2
1.500000E-1	9.250993E-6	9.250993E-6	2.296324E-11	3.959199E+2
2.000000E-1	1.582646E-5	1.582646E-5	3.928518E-11	3.966230E+2
2.500000E-1	2.491143E-5	2.491143E-5	6.183631E-11	3.973262E+2
3.000000E-1	3.957511E-5	3.957511E-5	9.823517E-11	3.980293E+2
3.500000E-1	5.135994E-5	5.135994E-5	1.274880E-10	3.991445E+2
4.000000E-1	7.279049E-5	7.279049E-5	1.806839E-10	3.995127E+2
4.500000E-1	9.834464E-5	9.834464E-5	2.441156E-10	3.998809E+2
5.000000E-1	1.303664E-4	1.303664E-4	3.236014E-10	4.002490E+2
5.000000E-1	1.283731E-4	1.283731E-4	3.186537E-10	4.006172E+2
4.500000E-1	9.610699E-5	9.610699E-5	2.385612E-10	4.009863E+2
4.000000E-1	7.320499E-5	7.320499E-5	1.817128E-10	4.013545E+2
3.500000E-1	5.443614E-5	5.443614E-5	1.351239E-10	4.017227E+2
3.000000E-1	3.540037E-5	3.540037E-5	8.787243E-11	4.028975E+2
2.500000E-1	2.404931E-5	2.404931E-5	5.969631E-11	4.036006E+2
2.000000E-1	1.541056E-5	1.541056E-5	3.825280E-11	4.043037E+2
1.500000E-1	9.207596E-6	9.207596E-6	2.285552E-11	4.050068E+2
1.000000E-1	4.748683E-6	4.748683E-6	1.178740E-11	4.057100E+2
5.000000E-2	1.889322E-6	1.889322E-6	4.689762E-12	4.064131E+2
0.000000E+0	3.386359E-8	-3.386359E-8	-8.405776E-14	4.071162E+2
-5.000000E-2	1.821416E-6	-1.821416E-6	-4.521203E-12	4.078193E+2
-1.000000E-1	4.340996E-6	-4.340996E-6	-1.077542E-11	4.085225E+2
-1.500000E-1	7.815059E-6	-7.815059E-6	-1.939890E-11	4.092256E+2
-2.000000E-1	1.332681E-5	-1.332681E-5	-3.308043E-11	4.099287E+2
-2.500000E-1	1.982552E-5	-1.982552E-5	-4.921182E-11	4.106318E+2
-3.000000E-1	2.860688E-5	-2.860688E-5	-7.100930E-11	4.113350E+2
-3.500000E-1	3.764330E-5	-3.764330E-5	-9.343992E-11	4.120381E+2
-4.000000E-1	4.921853E-5	-4.921853E-5	-1.221725E-10	4.131533E+2
-4.500000E-1	7.188973E-5	-7.188973E-5	-1.784480E-10	4.135215E+2
-5.000000E-1	9.721397E-5	-9.721397E-5	-2.413090E-10	4.138896E+2
-5.000000E-1	1.008930E-4	-1.008930E-4	-2.504412E-10	4.142588E+2
-4.500000E-1	7.970048E-5	-7.970048E-5	-1.978362E-10	4.146270E+2
-4.000000E-1	5.701192E-5	-5.701192E-5	-1.415176E-10	4.149951E+2
-3.500000E-1	4.484084E-5	-4.484084E-5	-1.113060E-10	4.153633E+2
-3.000000E-1	3.273235E-5	-3.273235E-5	-8.124976E-11	4.165381E+2
-2.500000E-1	1.939789E-5	-1.939789E-5	-4.815034E-11	4.172412E+2
-2.000000E-1	1.307657E-5	-1.307657E-5	-3.245927E-11	4.179443E+2
-1.500000E-1	8.174750E-6	-8.174750E-6	-2.029174E-11	4.186475E+2
-1.000000E-1	4.334965E-6	-4.334965E-6	-1.076045E-11	4.193506E+2
-5.000000E-2	1.910796E-6	-1.910796E-6	-4.743067E-12	4.200537E+2
0.000000E+0	7.736014E-8	7.736014E-8	1.920269E-13	4.207568E+2
0.000000E+0	2.440392E-8	2.440392E-8	6.057654E-14	4.214609E+2
5.000000E-2	2.104261E-6	2.104261E-6	5.223294E-12	4.221641E+2
1.000000E-1	5.083110E-6	5.083110E-6	1.261753E-11	4.228672E+2
1.500000E-1	9.908490E-6	9.908490E-6	2.459531E-11	4.235703E+2
2.000000E-1	1.580635E-5	1.580635E-5	3.923526E-11	4.242734E+2
2.500000E-1	2.621116E-5	2.621116E-5	6.506255E-11	4.249766E+2
3.000000E-1	3.896389E-5	3.896389E-5	9.671797E-11	4.256797E+2
3.500000E-1	5.805706E-5	5.805706E-5	1.441119E-10	4.267939E+2
4.000000E-1	7.925250E-5	7.925250E-5	1.967242E-10	4.271631E+2
4.500000E-1	1.085924E-4	1.085924E-4	2.695530E-10	4.275313E+2
5.000000E-1	1.402577E-4	1.402577E-4	3.481540E-10	4.278994E+2
5.000000E-1	1.407161E-4	1.407161E-4	3.492920E-10	4.282676E+2
4.500000E-1	1.094321E-4	1.094321E-4	2.716374E-10	4.286367E+2
4.000000E-1	7.510021E-5	7.510021E-5	1.864172E-10	4.290049E+2
3.500000E-1	5.358167E-5	5.358167E-5	1.330029E-10	4.293730E+2
3.000000E-1	3.672147E-5	3.672147E-5	9.115172E-11	4.305479E+2
2.500000E-1	2.442201E-5	2.442201E-5	6.062143E-11	4.312510E+2
2.000000E-1	1.484401E-5	1.484401E-5	3.684648E-11	4.319541E+2
1.500000E-1	8.452744E-6	8.452744E-6	2.098179E-11	4.326572E+2
1.000000E-1	4.437791E-6	4.437791E-6	1.101569E-11	4.333604E+2
5.000000E-2	1.821858E-6	1.821858E-6	4.522299E-12	4.340635E+2
0.000000E+0	3.918046E-8	-3.918046E-8	-9.725554E-14	4.347666E+2
-5.000000E-2	1.749261E-6	-1.749261E-6	-4.342096E-12	4.354697E+2
-1.000000E-1	4.028642E-6	-4.028642E-6	-1.000008E-11	4.361729E+2
-1.500000E-1	7.561140E-6	-7.561140E-6	-1.876861E-11	4.368760E+2
-2.000000E-1	1.324960E-5	-1.324960E-5	-3.288876E-11	4.375791E+2
-2.500000E-1	1.982553E-5	-1.982553E-5	-4.921184E-11	4.382822E+2
-3.000000E-1	2.779494E-5	-2.779494E-5	-6.899387E-11	4.389854E+2
-3.500000E-1	3.738248E-5	-3.738248E-5	-9.279250E-11	4.396885E+2
-4.000000E-1	5.275968E-5	-5.275968E-5	-1.309625E-10	4.408037E+2
-4.500000E-1	6.902277E-5	-6.902277E-5	-1.713315E-10	4.411719E+2
-5.000000E-1	8.685747E-5	-8.685747E-5	-2.156016E-10	4.415400E+2
-5.000000E-1	9.357332E-5	-9.357332E-5	-2.322720E-10	4.419092E+2
-4.500000E-1	7.425231E-5	-7.425231E-5	-1.843125E-10	4.422773E+2
-4.000000E-1	5.988564E-5	-5.988564E-5	-1.486509E-10	4.426455E+2
-3.500000E-1	4.125985E-5	-4.125985E-5	-1.024171E-10	4.430137E+2
-3.000000E-1	2.931100E-5	-2.931100E-5	-7.275711E-11	4.441885E+2
-2.500000E-1	1.958971E-5	-1.958971E-5	-4.862649E-11	4.448916E+2
-2.000000E-1	1.297447E-5	-1.297447E-5	-3.220584E-11	4.455947E+2
-1.500000E-1	7.351145E-6	-7.351145E-6	-1.824735E-11	4.462979E+2
-1.000000E-1	4.206638E-6	-4.206638E-6	-1.044191E-11	4.470010E+2
-5.000000E-2	1.722380E-6	-1.722380E-6	-4.275372E-12	4.477041E+2
0.000000E+0	8.686456E-8	8.686456E-8	2.156192E-13	4.484072E+2
0.000000E+0	3.041406E-8	3.041406E-8	7.549517E-14	4.491113E+2
5.000000E-2	1.920390E-6	1.920390E-6	4.766881E-12	4.498145E+2
1.000000E-1	4.526304E-6	4.526304E-6	1.123540E-11	4.505176E+2
1.500000E-1	8.861591E-6	8.861591E-6	2.199665E-11	4.512207E+2
2.000000E-1	1.396505E-5	1.396505E-5	3.466469E-11	4.519238E+2
2.500000E-1	2.446474E-5	2.446474E-5	6.072751E-11	4.526270E+2
3.000000E-1	3.429822E-5	3.429822E-5	8.513663E-11	4.533301E+2
3.500000E-1	4.193762E-5	4.193762E-5	1.040995E-10	4.540332E+2
4.000000E-1	7.066040E-5	7.066040E-5	1.753965E-10	4.551475E+2
4.500000E-1	9.385661E-5	9.385661E-5	2.329752E-10	4.555166E+2
5.000000E-1	1.242497E-4	1.242497E-4	3.084184E-10	4.558848E+2
5.000000E-1	1.220730E-4	1.220730E-4	3.030153E-10	4.562529E+2
4.500000E-1	9.357348E-5	9.357348E-5	2.322724E-10	4.566211E+2
4.000000E-1	7.073787E-5	7.073787E-5	1.755888E-10	4.569902E+2
3.500000E-1	5.267274E-5	5.267274E-5	1.307467E-10	4.573584E+2
3.000000E-1	3.556323E-5	3.556323E-5	8.827668E-11	4.585332E+2
2.500000E-1	2.255323E-5	2.255323E-5	5.598267E-11	4.592363E+2
2.000000E-1	1.538451E-5	1.538451E-5	3.818815E-11	4.599395E+2
1.500000E-1	8.294850E-6	8.294850E-6	2.058986E-11	4.606426E+2
1.000000E-1	4.465271E-6	4.465271E-6	1.108390E-11	4.613457E+2
5.000000E-2	1.819247E-6	1.819247E-6	4.515818E-12	4.620488E+2
0.000000E+0	3.696091E-8	-3.696091E-8	-9.174606E-14	4.627520E+2
-5.000000E-2	1.778523E-6	-1.778523E-6	-4.414732E-12	4.634551E+2
-1.000000E-1	4.160337E-6	-4.160337E-6	-1.032698E-11	4.641582E+2
-1.500000E-1	8.188652E-6	-8.188652E-6	-2.032625E-11	4.648613E+2
-2.000000E-1	1.283647E-5	-1.283647E-5	-3.186328E-11	4.655645E+2
-2.500000E-1	1.916968E-5	-1.916968E-5	-4.758385E-11	4.662676E+2
-3.000000E-1	2.802281E-5	-2.802281E-5	-6.955952E-11	4.669707E+2
-3.500000E-1	3.879805E-5	-3.879805E-5	-9.630632E-11	4.676738E+2
-4.000000E-1	5.164633E-5	-5.164633E-5	-1.281989E-10	4.687891E+2
-4.500000E-1	7.104134E-5	-7.104134E-5	-1.763421E-10	4.691572E+2
-5.000000E-1	8.734992E-5	-8.734992E-5	-2.168240E-10	4.695254E+2
-5.000000E-1	8.780673E-5	-8.780673E-5	-2.179579E-10	4.698945E+2
-4.500000E-1	6.953335E-5	-6.953335E-5	-1.725989E-10	4.702627E+2
-4.000000E-1	5.310465E-5	-5.310465E-5	-1.318188E-10	4.706309E+2
-3.500000E-1	3.762969E-5	-3.762969E-5	-9.340614E-11	4.718057E+2
-3.000000E-1	2.816570E-5	-2.816570E-5	-6.991420E-11	4.725088E+2
-2.500000E-1	1.850629E-5	-1.850629E-5	-4.593717E-11	4.732119E+2
-2.000000E-1	1.277748E-5	-1.277748E-5	-3.171684E-11	4.739150E+2
-1.500000E-1	7.938069E-6	-7.938069E-6	-1.970424E-11	4.746182E+2
-1.000000E-1	4.096918E-6	-4.096918E-6	-1.016956E-11	4.753213E+2
-5.000000E-2	1.736911E-6	-1.736911E-6	-4.311440E-12	4.760244E+2
0.000000E+0	7.434110E-8	7.434110E-8	1.845329E-13	4.767275E+2
0.000000E+0	2.469465E-8	2.469465E-8	6.129819E-14	4.774316E+2
5.000000E-2	2.025358E-6	2.025358E-6	5.027437E-12	4.781348E+2
1.000000E-1	4.484999E-6	4.484999E-6	1.113287E-11	4.788379E+2
1.500000E-1	8.760373E-6	8.760373E-6	2.174540E-11	4.795410E+2
2.000000E-1	1.487711E-5	1.487711E-5	3.692864E-11	4.802441E+2
2.500000E-1	2.437981E-5	2.437981E-5	6.051669E-11	4.809473E+2
3.000000E-1	3.785409E-5	3.785409E-5	9.396318E-11	4.816504E+2
3.500000E-1	5.326128E-5	5.326128E-5	1.322076E-10	4.827646E+2
4.000000E-1	7.287638E-5	7.287638E-5	1.808971E-10	4.831338E+2
4.500000E-1	9.644604E-5	9.644604E-5	2.394028E-10	4.835020E+2
5.000000E-1	1.284614E-4	1.284614E-4	3.188727E-10	4.838701E+2
5.000000E-1	1.263707E-4	1.263707E-4	3.136832E-10	4.842383E+2
4.500000E-1	9.479914E-5	9.479914E-5	2.353148E-10	4.846074E+2
4.000000E-1	7.116168E-5	7.116168E-5	1.766408E-10	4.849756E+2
3.500000E-1	5.050958E-5	5.050958E-5	1.253772E-10	4.853438E+2
3.000000E-1	3.481193E-5	3.481193E-5	8.641177E-11	4.865186E+2
2.500000E-1	2.281156E-5	2.281156E-5	5.662391E-11	4.872217E+2
2.000000E-1	1.401886E-5	1.401886E-5	3.479825E-11	4.879248E+2
1.500000E-1	8.199651E-6	8.199651E-6	2.035355E-11	4.886279E+2
1.000000E-1	4.155873E-6	4.155873E-6	1.031590E-11	4.893311E+2
5.000000E-2	1.737509E-6	1.737509E-6	4.312925E-12	4.900342E+2
0.000000E+0	4.578321E-8	-4.578321E-8	-1.136452E-13	4.907373E+2
-5.000000E-2	1.749412E-6	-1.749412E-6	-4.342471E-12	4.914414E+2
-1.000000E-1	4.111220E-6	-4.111220E-6	-1.020506E-11	4.921445E+2
-1.500000E-1	7.321446E-6	-7.321446E-6	-1.817363E-11	4.928467E+2
-2.000000E-1	1.219463E-5	-1.219463E-5	-3.027006E-11	4.935498E+2
-2.500000E-1	1.773280E-5	-1.773280E-5	-4.401716E-11	4.942529E+2
-3.000000E-1	2.645554E-5	-2.645554E-5	-6.566916E-11	4.949561E+2
-3.500000E-1	3.703903E-5	-3.703903E-5	-9.193998E-11	4.956592E+2
-4.000000E-1	4.203415E-5	-4.203415E-5	-1.043391E-10	4.963623E+2
-4.500000E-1	6.923621E-5	-6.923621E-5	-1.718613E-10	4.974775E+2
-5.000000E-1	8.707312E-5	-8.707312E-5	-2.161369E-10	4.978457E+2
-5.000000E-1	8.945503E-5	-8.945503E-5	-2.220494E-10	4.982139E+2
-4.500000E-1	7.037344E-5	-7.037344E-5	-1.746842E-10	4.985830E+2
-4.000000E-1	5.403267E-5	-5.403267E-5	-1.341224E-10	4.989512E+2
-3.500000E-1	4.060830E-5	-4.060830E-5	-1.007998E-10	4.993193E+2
-3.000000E-1	2.903146E-5	-2.903146E-5	-7.206324E-11	5.004941E+2
-2.500000E-1	2.065255E-5	-2.065255E-5	-5.126470E-11	5.011973E+2
-2.000000E-1	1.332246E-5	-1.332246E-5	-3.306963E-11	5.019004E+2
-1.500000E-1	8.171926E-6	-8.171926E-6	-2.028473E-11	5.026035E+2
-1.000000E-1	4.521603E-6	-4.521603E-6	-1.122373E-11	5.033066E+2
-5.000000E-2	1.889043E-6	-1.889043E-6	-4.689069E-12	5.040098E+2
0.000000E+0	7.216069E-8	7.216069E-8	1.791206E-13	5.047129E+2
0.000000E+0	2.519223E-8	2.519223E-8	6.253331E-14	5.054170E+2
5.000000E-2	1.944202E-6	1.944202E-6	4.825987E-12	5.061201E+2
1.000000E-1	4.647916E-6	4.647916E-6	1.153727E-11	5.068232E+2
1.500000E-1	8.753205E-6	8.753205E-6	2.172761E-11	5.075264E+2
2.000000E-1	1.489144E-5	1.489144E-5	3.696423E-11	5.082295E+2
2.500000E-1	2.343653E-5	2.343653E-5	5.817524E-11	5.089326E+2
3.000000E-1	3.408774E-5	3.408774E-5	8.461416E-11	5.096357E+2
3.500000E-1	4.203455E-5	4.203455E-5	1.043401E-10	5.103389E+2
4.000000E-1	6.781532E-5	6.781532E-5	1.683343E-10	5.114531E+2
4.500000E-1	9.179634E-5	9.179634E-5	2.278611E-10	5.118223E+2
5.000000E-1	1.214774E-4	1.214774E-4	3.015367E-10	5.121904E+2
5.000000E-1	1.224716E-4	1.224716E-4	3.040047E-10	5.125586E+2
4.500000E-1	9.370965E-5	9.370965E-5	2.326104E-10	5.129268E+2
4.000000E-1	7.095683E-5	7.095683E-5	1.761323E-10	5.132949E+2
3.500000E-1	5.148583E-5	5.148583E-5	1.278005E-10	5.136641E+2
3.000000E-1	3.411778E-5	3.411778E-5	8.468872E-11	5.148389E+2
2.500000E-1	2.259942E-5	2.259942E-5	5.609733E-11	5.155420E+2
2.000000E-1	1.458710E-5	1.458710E-5	3.620876E-11	5.162451E+2
1.500000E-1	8.567785E-6	8.567785E-6	2.126735E-11	5.169482E+2
1.000000E-1	4.251013E-6	4.251013E-6	1.055206E-11	5.176514E+2
5.000000E-2	1.724343E-6	1.724343E-6	4.280243E-12	5.183545E+2
0.000000E+0	4.190878E-8	-4.190878E-8	-1.040279E-13	5.190576E+2
-5.000000E-2	1.902673E-6	-1.902673E-6	-4.722903E-12	5.197607E+2
-1.000000E-1	4.594883E-6	-4.594883E-6	-1.140563E-11	5.204639E+2
-1.500000E-1	7.882438E-6	-7.882438E-6	-1.956615E-11	5.211670E+2
-2.000000E-1	1.336265E-5	-1.336265E-5	-3.316938E-11	5.218701E+2
-2.500000E-1	2.131726E-5	-2.131726E-5	-5.291469E-11	5.225732E+2
-3.000000E-1	3.026080E-5	-3.026080E-5	-7.511475E-11	5.232764E+2
-3.500000E-1	3.971100E-5	-3.971100E-5	-9.857248E-11	5.239795E+2
-4.000000E-1	5.796452E-5	-5.796452E-5	-1.438822E-10	5.250947E+2
-4.500000E-1	7.708946E-5	-7.708946E-5	-1.913550E-10	5.254629E+2
-5.000000E-1	1.011315E-4	-1.011315E-4	-2.510334E-10	5.258311E+2
-5.000000E-1	9.453068E-5	-9.453068E-5	-2.346484E-10	5.262002E+2
-4.500000E-1	7.541110E-5	-7.541110E-5	-1.871889E-10	5.265684E+2
-4.000000E-1	6.028447E-5	-6.028447E-5	-1.496409E-10	5.269365E+2
-3.500000E-1	4.198399E-5	-4.198399E-5	-1.042146E-10	5.273047E+2
-3.000000E-1	3.005685E-5	-3.005685E-5	-7.460849E-11	5.284795E+2
-2.500000E-1	1.966048E-5	-1.966048E-5	-4.880214E-11	5.291826E+2
-2.000000E-1	1.342525E-5	-1.342525E-5	-3.332477E-11	5.298857E+2
-1.500000E-1	8.669124E-6	-8.669124E-6	-2.151890E-11	5.305889E+2
-1.000000E-1	4.836684E-6	-4.836684E-6	-1.200584E-11	5.312920E+2
-5.000000E-2	1.970417E-6	-1.970417E-6	-4.891060E-12	5.319951E+2
0.000000E+0	7.575558E-8	7.575558E-8	1.880440E-13	5.326982E+2
0.000000E+0	2.802118E-8	2.802118E-8	6.955547E-14	5.334023E+2
5.000000E-2	1.969970E-6	1.969970E-6	4.889950E-12	5.341055E+2
1.000000E-1	4.546640E-6	4.546640E-6	1.128588E-11	5.348086E+2
1.500000E-1	8.478366E-6	8.478366E-6	2.104539E-11	5.355117E+2
2.000000E-1	1.441328E-5	1.441328E-5	3.577730E-11	5.362148E+2
2.500000E-1	2.366130E-5	2.366130E-5	5.873316E-11	5.369180E+2
3.000000E-1	3.483293E-5	3.483293E-5	8.646389E-11	5.376211E+2
3.500000E-1	5.528566E-5	5.528566E-5	1.372326E-10	5.387354E+2
4.000000E-1	7.388623E-5	7.388623E-5	1.834038E-10	5.391045E+2
4.500000E-1	9.822173E-5	9.822173E-5	2.438105E-10	5.394727E+2
5.000000E-1	1.309720E-4	1.309720E-4	3.251047E-10	5.398408E+2
5.000000E-1	1.352428E-4	1.352428E-4	3.357059E-10	5.402090E+2
4.500000E-1	1.068316E-4	1.068316E-4	2.651824E-10	5.405771E+2
4.000000E-1	7.958148E-5	7.958148E-5	1.975408E-10	5.409463E+2
3.500000E-1	5.726515E-5	5.726515E-5	1.421462E-10	5.413145E+2
3.000000E-1	4.012451E-5	4.012451E-5	9.959891E-11	5.424893E+2
2.500000E-1	2.488225E-5	2.488225E-5	6.176387E-11	5.431924E+2
2.000000E-1	1.535685E-5	1.535685E-5	3.811947E-11	5.438955E+2
1.500000E-1	8.862139E-6	8.862139E-6	2.199801E-11	5.445986E+2
1.000000E-1	4.741524E-6	4.741524E-6	1.176963E-11	5.453018E+2
5.000000E-2	1.961080E-6	1.961080E-6	4.867884E-12	5.460049E+2
0.000000E+0	3.008420E-8	-3.008420E-8	-7.467638E-14	5.467080E+2
-5.000000E-2	1.934300E-6	-1.934300E-6	-4.801409E-12	5.474111E+2
-1.000000E-1	4.250030E-6	-4.250030E-6	-1.054962E-11	5.481143E+2
-1.500000E-1	7.749502E-6	-7.749502E-6	-1.923617E-11	5.488174E+2
-2.000000E-1	1.314642E-5	-1.314642E-5	-3.263265E-11	5.495205E+2
-2.500000E-1	1.959773E-5	-1.959773E-5	-4.864639E-11	5.502236E+2
-3.000000E-1	2.901803E-5	-2.901803E-5	-7.202988E-11	5.509268E+2
-3.500000E-1	4.039990E-5	-4.039990E-5	-1.002825E-10	5.516299E+2
-4.000000E-1	5.634353E-5	-5.634353E-5	-1.398585E-10	5.527451E+2
-4.500000E-1	7.852074E-5	-7.852074E-5	-1.949078E-10	5.531133E+2
-5.000000E-1	9.486654E-5	-9.486654E-5	-2.354821E-10	5.534814E+2
-5.000000E-1	9.834444E-5	-9.834444E-5	-2.441151E-10	5.538506E+2
-4.500000E-1	7.362832E-5	-7.362832E-5	-1.827636E-10	5.542187E+2
-4.000000E-1	5.859492E-5	-5.859492E-5	-1.454470E-10	5.545869E+2
-3.500000E-1	4.391777E-5	-4.391777E-5	-1.090147E-10	5.549551E+2
-3.000000E-1	2.994641E-5	-2.994641E-5	-7.433436E-11	5.561299E+2
-2.500000E-1	2.096005E-5	-2.096005E-5	-5.202801E-11	5.568330E+2
-2.000000E-1	1.328373E-5	-1.328373E-5	-3.297349E-11	5.575361E+2
-1.500000E-1	8.231368E-6	-8.231368E-6	-2.043228E-11	5.582393E+2
-1.000000E-1	4.729551E-6	-4.729551E-6	-1.173991E-11	5.589424E+2
-5.000000E-2	2.122661E-6	-2.122661E-6	-5.268966E-12	5.596455E+2
0.000000E+0	7.472688E-8	7.472688E-8	1.854905E-13	5.603486E+2
