voltage_2_9_20	absJ_2_9_20	J_2_9_20	current_2_9_20	time_2_9_20	
0.000000E+0	2.907791E-6	2.907791E-6	2.701275E-11	0.000000E+0
5.000000E-2	8.227011E-4	8.227011E-4	7.642715E-9	6.728516E-1
1.000000E-1	1.488819E-3	1.488819E-3	1.383081E-8	1.037109E+0
1.500000E-1	2.253924E-3	2.253924E-3	2.093847E-8	1.155273E+0
2.000000E-1	3.136679E-3	3.136679E-3	2.913907E-8	1.273438E+0
2.500000E-1	4.177733E-3	4.177733E-3	3.881023E-8	1.391602E+0
3.000000E-1	5.295863E-3	5.295863E-3	4.919742E-8	1.509766E+0
3.500000E-1	6.257974E-3	6.257974E-3	5.813522E-8	1.626953E+0
4.000000E-1	7.749935E-3	7.749935E-3	7.199522E-8	1.745117E+0
4.500000E-1	9.360551E-3	9.360551E-3	8.695749E-8	1.863281E+0
5.000000E-1	1.080417E-2	1.080417E-2	1.003684E-7	2.227539E+0
5.000000E-1	1.065462E-2	1.065462E-2	9.897913E-8	2.468750E+0
4.500000E-1	9.090404E-3	9.090404E-3	8.444789E-8	2.586914E+0
4.000000E-1	7.396330E-3	7.396330E-3	6.871031E-8	2.705078E+0
3.500000E-1	6.102662E-3	6.102662E-3	5.669241E-8	2.822266E+0
3.000000E-1	4.966128E-3	4.966128E-3	4.613425E-8	2.940430E+0
2.500000E-1	3.862087E-3	3.862087E-3	3.587795E-8	3.058594E+0
2.000000E-1	2.904617E-3	2.904617E-3	2.698326E-8	3.176758E+0
1.500000E-1	2.069790E-3	2.069790E-3	1.922790E-8	3.294922E+0
1.000000E-1	1.336334E-3	1.336334E-3	1.241425E-8	3.412109E+0
5.000000E-2	6.399734E-4	6.399734E-4	5.945214E-9	3.654297E+0
0.000000E+0	4.398379E-6	4.398379E-6	4.085999E-11	4.335938E+0
-5.000000E-2	6.052074E-4	-6.052074E-4	-5.622246E-9	5.008789E+0
-1.000000E-1	1.102191E-3	-1.102191E-3	-1.023912E-8	5.126953E+0
-1.500000E-1	1.909605E-3	-1.909605E-3	-1.773982E-8	5.492188E+0
-2.000000E-1	2.640180E-3	-2.640180E-3	-2.452670E-8	5.609375E+0
-2.500000E-1	3.342986E-3	-3.342986E-3	-3.105562E-8	5.727539E+0
-3.000000E-1	4.024042E-3	-4.024042E-3	-3.738248E-8	5.845703E+0
-3.500000E-1	4.762342E-3	-4.762342E-3	-4.424113E-8	5.963867E+0
-4.000000E-1	5.559724E-3	-5.559724E-3	-5.164863E-8	6.082031E+0
-4.500000E-1	6.148939E-3	-6.148939E-3	-5.712231E-8	6.200195E+0
-5.000000E-1	7.265197E-3	-7.265197E-3	-6.749211E-8	6.317383E+0
-5.000000E-1	7.215276E-3	-7.215276E-3	-6.702835E-8	6.435547E+0
-4.500000E-1	6.327870E-3	-6.327870E-3	-5.878454E-8	6.553711E+0
-4.000000E-1	5.435482E-3	-5.435482E-3	-5.049445E-8	6.671875E+0
-3.500000E-1	4.707704E-3	-4.707704E-3	-4.373355E-8	6.790039E+0
-3.000000E-1	3.945227E-3	-3.945227E-3	-3.665031E-8	6.907227E+0
-2.500000E-1	3.230067E-3	-3.230067E-3	-3.000662E-8	7.025391E+0
-2.000000E-1	2.548227E-3	-2.548227E-3	-2.367248E-8	7.143555E+0
-1.500000E-1	1.898572E-3	-1.898572E-3	-1.763732E-8	7.261719E+0
-1.000000E-1	1.252075E-3	-1.252075E-3	-1.163151E-8	7.379883E+0
-5.000000E-2	6.332829E-4	-6.332829E-4	-5.883061E-9	7.621094E+0
0.000000E+0	3.964372E-6	3.964372E-6	3.682816E-11	8.302734E+0
0.000000E+0	3.144237E-6	3.144237E-6	2.920928E-11	8.916992E+0
5.000000E-2	6.360720E-4	6.360720E-4	5.908971E-9	9.589844E+0
1.000000E-1	1.367369E-3	1.367369E-3	1.270256E-8	9.955078E+0
1.500000E-1	2.084918E-3	2.084918E-3	1.936844E-8	1.007227E+1
2.000000E-1	2.913361E-3	2.913361E-3	2.706449E-8	1.019043E+1
2.500000E-1	3.793045E-3	3.793045E-3	3.523657E-8	1.030859E+1
3.000000E-1	4.798654E-3	4.798654E-3	4.457846E-8	1.042676E+1
3.500000E-1	5.937285E-3	5.937285E-3	5.515609E-8	1.054492E+1
4.000000E-1	7.255052E-3	7.255052E-3	6.739786E-8	1.066211E+1
4.500000E-1	8.753366E-3	8.753366E-3	8.131688E-8	1.078027E+1
5.000000E-1	1.042581E-2	1.042581E-2	9.685350E-8	1.089844E+1
5.000000E-1	1.057666E-2	1.057666E-2	9.825486E-8	1.101660E+1
4.500000E-1	8.825036E-3	8.825036E-3	8.198268E-8	1.113477E+1
4.000000E-1	7.375940E-3	7.375940E-3	6.852088E-8	1.125195E+1
3.500000E-1	6.022748E-3	6.022748E-3	5.595003E-8	1.137012E+1
3.000000E-1	4.875577E-3	4.875577E-3	4.529306E-8	1.148828E+1
2.500000E-1	3.834131E-3	3.834131E-3	3.561825E-8	1.160645E+1
2.000000E-1	2.901308E-3	2.901308E-3	2.695252E-8	1.172461E+1
1.500000E-1	2.075720E-3	2.075720E-3	1.928299E-8	1.184180E+1
1.000000E-1	1.336267E-3	1.336267E-3	1.241363E-8	1.195996E+1
5.000000E-2	6.379860E-4	6.379860E-4	5.926752E-9	1.220117E+1
0.000000E+0	4.523576E-6	4.523576E-6	4.202304E-11	1.288281E+1
-5.000000E-2	5.888118E-4	-5.888118E-4	-5.469934E-9	1.355664E+1
-1.000000E-1	1.090903E-3	-1.090903E-3	-1.013425E-8	1.367480E+1
-1.500000E-1	1.858815E-3	-1.858815E-3	-1.726799E-8	1.403906E+1
-2.000000E-1	2.490210E-3	-2.490210E-3	-2.313351E-8	1.415723E+1
-2.500000E-1	3.174579E-3	-3.174579E-3	-2.949115E-8	1.427539E+1
-3.000000E-1	3.846968E-3	-3.846968E-3	-3.573750E-8	1.439355E+1
-3.500000E-1	4.511841E-3	-4.511841E-3	-4.191403E-8	1.451172E+1
-4.000000E-1	5.184974E-3	-5.184974E-3	-4.816729E-8	1.462891E+1
-4.500000E-1	5.874770E-3	-5.874770E-3	-5.457534E-8	1.474707E+1
-5.000000E-1	6.626234E-3	-6.626234E-3	-6.155628E-8	1.486523E+1
-5.000000E-1	6.648368E-3	-6.648368E-3	-6.176190E-8	1.498340E+1
-4.500000E-1	5.851282E-3	-5.851282E-3	-5.435714E-8	1.510156E+1
-4.000000E-1	5.091915E-3	-5.091915E-3	-4.730279E-8	1.521875E+1
-3.500000E-1	4.391235E-3	-4.391235E-3	-4.079362E-8	1.533691E+1
-3.000000E-1	3.680055E-3	-3.680055E-3	-3.418691E-8	1.545508E+1
-2.500000E-1	3.025274E-3	-3.025274E-3	-2.810414E-8	1.557324E+1
-2.000000E-1	2.408599E-3	-2.408599E-3	-2.237536E-8	1.569141E+1
-1.500000E-1	1.792791E-3	-1.792791E-3	-1.665464E-8	1.580957E+1
-1.000000E-1	1.182369E-3	-1.182369E-3	-1.098395E-8	1.592676E+1
-5.000000E-2	5.960387E-4	-5.960387E-4	-5.537071E-9	1.616895E+1
0.000000E+0	3.927749E-6	3.927749E-6	3.648794E-11	1.685059E+1
0.000000E+0	3.236222E-6	3.236222E-6	3.006380E-11	1.746484E+1
5.000000E-2	6.184044E-4	6.184044E-4	5.744843E-9	1.813770E+1
1.000000E-1	1.111889E-3	1.111889E-3	1.032921E-8	1.825586E+1
1.500000E-1	2.068458E-3	2.068458E-3	1.921553E-8	1.862012E+1
2.000000E-1	2.823309E-3	2.823309E-3	2.622793E-8	1.873828E+1
2.500000E-1	3.715012E-3	3.715012E-3	3.451166E-8	1.885645E+1
3.000000E-1	4.681474E-3	4.681474E-3	4.348988E-8	1.897461E+1
3.500000E-1	5.729226E-3	5.729226E-3	5.322327E-8	1.909180E+1
4.000000E-1	7.004205E-3	7.004205E-3	6.506755E-8	1.920996E+1
4.500000E-1	8.352715E-3	8.352715E-3	7.759492E-8	1.932813E+1
5.000000E-1	1.013251E-2	1.013251E-2	9.412884E-8	1.944629E+1
5.000000E-1	1.021100E-2	1.021100E-2	9.485800E-8	1.956445E+1
4.500000E-1	8.476568E-3	8.476568E-3	7.874549E-8	1.968164E+1
4.000000E-1	7.049430E-3	7.049430E-3	6.548768E-8	1.979980E+1
3.500000E-1	5.761578E-3	5.761578E-3	5.352381E-8	1.991797E+1
3.000000E-1	4.647586E-3	4.647586E-3	4.317507E-8	2.003613E+1
2.500000E-1	3.672250E-3	3.672250E-3	3.411441E-8	2.015430E+1
2.000000E-1	2.810177E-3	2.810177E-3	2.610594E-8	2.027148E+1
1.500000E-1	2.005365E-3	2.005365E-3	1.862941E-8	2.038965E+1
1.000000E-1	1.264378E-3	1.264378E-3	1.174580E-8	2.050781E+1
5.000000E-2	6.038865E-4	6.038865E-4	5.609975E-9	2.074902E+1
0.000000E+0	3.710235E-6	3.710235E-6	3.446728E-11	2.143066E+1
-5.000000E-2	5.536291E-4	-5.536291E-4	-5.143095E-9	2.210449E+1
-1.000000E-1	1.160529E-3	-1.160529E-3	-1.078106E-8	2.246875E+1
-1.500000E-1	1.736018E-3	-1.736018E-3	-1.612723E-8	2.258691E+1
-2.000000E-1	2.327079E-3	-2.327079E-3	-2.161806E-8	2.270508E+1
-2.500000E-1	2.932086E-3	-2.932086E-3	-2.723844E-8	2.282324E+1
-3.000000E-1	3.572471E-3	-3.572471E-3	-3.318748E-8	2.294141E+1
-3.500000E-1	4.195279E-3	-4.195279E-3	-3.897323E-8	2.305859E+1
-4.000000E-1	4.833422E-3	-4.833422E-3	-4.490144E-8	2.317676E+1
-4.500000E-1	5.511885E-3	-5.511885E-3	-5.120422E-8	2.329492E+1
-5.000000E-1	6.225058E-3	-6.225058E-3	-5.782944E-8	2.341309E+1
-5.000000E-1	6.206501E-3	-6.206501E-3	-5.765705E-8	2.353125E+1
-4.500000E-1	5.480314E-3	-5.480314E-3	-5.091093E-8	2.364844E+1
-4.000000E-1	4.827217E-3	-4.827217E-3	-4.484380E-8	2.376660E+1
-3.500000E-1	4.139327E-3	-4.139327E-3	-3.845345E-8	2.388477E+1
-3.000000E-1	3.464159E-3	-3.464159E-3	-3.218129E-8	2.400293E+1
-2.500000E-1	2.871500E-3	-2.871500E-3	-2.667561E-8	2.412109E+1
-2.000000E-1	2.277010E-3	-2.277010E-3	-2.115293E-8	2.423828E+1
-1.500000E-1	1.691240E-3	-1.691240E-3	-1.571125E-8	2.435645E+1
-1.000000E-1	1.119200E-3	-1.119200E-3	-1.039713E-8	2.447461E+1
-5.000000E-2	5.603494E-4	-5.603494E-4	-5.205525E-9	2.471582E+1
0.000000E+0	3.267649E-6	3.267649E-6	3.035575E-11	2.539746E+1
0.000000E+0	2.013164E-6	2.013164E-6	1.870186E-11	2.601270E+1
5.000000E-2	5.950869E-4	5.950869E-4	5.528229E-9	2.668555E+1
1.000000E-1	1.101969E-3	1.101969E-3	1.023705E-8	2.680273E+1
1.500000E-1	1.970510E-3	1.970510E-3	1.830561E-8	2.716797E+1
2.000000E-1	2.712589E-3	2.712589E-3	2.519936E-8	2.728613E+1
2.500000E-1	3.547362E-3	3.547362E-3	3.295423E-8	2.740332E+1
3.000000E-1	4.483904E-3	4.483904E-3	4.165450E-8	2.752148E+1
3.500000E-1	5.458197E-3	5.458197E-3	5.070547E-8	2.763965E+1
4.000000E-1	6.664215E-3	6.664215E-3	6.190911E-8	2.775781E+1
4.500000E-1	7.997248E-3	7.997248E-3	7.429270E-8	2.787598E+1
5.000000E-1	9.700080E-3	9.700080E-3	9.011164E-8	2.799316E+1
5.000000E-1	9.614253E-3	9.614253E-3	8.931433E-8	2.811133E+1
4.500000E-1	8.164838E-3	8.164838E-3	7.584958E-8	2.822949E+1
4.000000E-1	6.741643E-3	6.741643E-3	6.262840E-8	2.834766E+1
3.500000E-1	5.516689E-3	5.516689E-3	5.124885E-8	2.846582E+1
3.000000E-1	4.436018E-3	4.436018E-3	4.120965E-8	2.858301E+1
2.500000E-1	3.488881E-3	3.488881E-3	3.241095E-8	2.870117E+1
2.000000E-1	2.619205E-3	2.619205E-3	2.433185E-8	2.881934E+1
1.500000E-1	1.878004E-3	1.878004E-3	1.744625E-8	2.893750E+1
1.000000E-1	1.191504E-3	1.191504E-3	1.106881E-8	2.905566E+1
5.000000E-2	5.767569E-4	5.767569E-4	5.357947E-9	2.929688E+1
0.000000E+0	3.064220E-6	3.064220E-6	2.846594E-11	2.997852E+1
-5.000000E-2	5.328087E-4	-5.328087E-4	-4.949678E-9	3.065234E+1
-1.000000E-1	1.099405E-3	-1.099405E-3	-1.021323E-8	3.101660E+1
-1.500000E-1	1.657977E-3	-1.657977E-3	-1.540225E-8	3.113477E+1
-2.000000E-1	2.227135E-3	-2.227135E-3	-2.068960E-8	3.125293E+1
-2.500000E-1	2.801110E-3	-2.801110E-3	-2.602171E-8	3.137109E+1
-3.000000E-1	3.395266E-3	-3.395266E-3	-3.154129E-8	3.148926E+1
-3.500000E-1	4.026194E-3	-4.026194E-3	-3.740247E-8	3.160645E+1
-4.000000E-1	4.689652E-3	-4.689652E-3	-4.356585E-8	3.172461E+1
-4.500000E-1	5.358255E-3	-5.358255E-3	-4.977703E-8	3.184277E+1
-5.000000E-1	6.027796E-3	-6.027796E-3	-5.599692E-8	3.196094E+1
-5.000000E-1	6.078466E-3	-6.078466E-3	-5.646763E-8	3.207910E+1
-4.500000E-1	5.354037E-3	-5.354037E-3	-4.973785E-8	3.219629E+1
-4.000000E-1	4.663532E-3	-4.663532E-3	-4.332320E-8	3.231445E+1
-3.500000E-1	4.008953E-3	-4.008953E-3	-3.724230E-8	3.243262E+1
-3.000000E-1	3.363468E-3	-3.363468E-3	-3.124589E-8	3.255078E+1
-2.500000E-1	2.777650E-3	-2.777650E-3	-2.580377E-8	3.266895E+1
-2.000000E-1	2.178774E-3	-2.178774E-3	-2.024034E-8	3.278613E+1
-1.500000E-1	1.629256E-3	-1.629256E-3	-1.513544E-8	3.290430E+1
-1.000000E-1	1.082139E-3	-1.082139E-3	-1.005284E-8	3.302246E+1
-5.000000E-2	5.383547E-4	-5.383547E-4	-5.001199E-9	3.326367E+1
0.000000E+0	3.722077E-6	3.722077E-6	3.457729E-11	3.394531E+1
0.000000E+0	2.270663E-6	2.270663E-6	2.109397E-11	3.456055E+1
5.000000E-2	5.700668E-4	5.700668E-4	5.295797E-9	3.523340E+1
1.000000E-1	1.080493E-3	1.080493E-3	1.003755E-8	3.535059E+1
1.500000E-1	1.911405E-3	1.911405E-3	1.775654E-8	3.571582E+1
2.000000E-1	2.621644E-3	2.621644E-3	2.435451E-8	3.583398E+1
2.500000E-1	3.429948E-3	3.429948E-3	3.186348E-8	3.595117E+1
3.000000E-1	4.281136E-3	4.281136E-3	3.977083E-8	3.606934E+1
3.500000E-1	5.240128E-3	5.240128E-3	4.867966E-8	3.618750E+1
4.000000E-1	6.551522E-3	6.551522E-3	6.086222E-8	3.630566E+1
4.500000E-1	7.908969E-3	7.908969E-3	7.347261E-8	3.642383E+1
5.000000E-1	9.501152E-3	9.501152E-3	8.826365E-8	3.654102E+1
5.000000E-1	9.427161E-3	9.427161E-3	8.757628E-8	3.665918E+1
4.500000E-1	7.853082E-3	7.853082E-3	7.295343E-8	3.677734E+1
4.000000E-1	6.535060E-3	6.535060E-3	6.070930E-8	3.689551E+1
3.500000E-1	5.384608E-3	5.384608E-3	5.002184E-8	3.701367E+1
3.000000E-1	4.305602E-3	4.305602E-3	3.999811E-8	3.713086E+1
2.500000E-1	3.345658E-3	3.345658E-3	3.108044E-8	3.724902E+1
2.000000E-1	2.550073E-3	2.550073E-3	2.368963E-8	3.736719E+1
1.500000E-1	1.812985E-3	1.812985E-3	1.684224E-8	3.748535E+1
1.000000E-1	1.158772E-3	1.158772E-3	1.076474E-8	3.760352E+1
5.000000E-2	5.617886E-4	5.617886E-4	5.218894E-9	3.784473E+1
0.000000E+0	3.153307E-6	3.153307E-6	2.929354E-11	3.852637E+1
-5.000000E-2	5.229741E-4	-5.229741E-4	-4.858316E-9	3.920020E+1
-1.000000E-1	1.020265E-3	-1.020265E-3	-9.478041E-9	3.931738E+1
-1.500000E-1	1.646760E-3	-1.646760E-3	-1.529804E-8	3.968262E+1
-2.000000E-1	2.203476E-3	-2.203476E-3	-2.046981E-8	3.980078E+1
-2.500000E-1	2.764865E-3	-2.764865E-3	-2.568500E-8	3.991895E+1
-3.000000E-1	3.372160E-3	-3.372160E-3	-3.132664E-8	4.003613E+1
-3.500000E-1	3.984366E-3	-3.984366E-3	-3.701390E-8	4.015430E+1
-4.000000E-1	4.607998E-3	-4.607998E-3	-4.280730E-8	4.027246E+1
-4.500000E-1	5.226392E-3	-5.226392E-3	-4.855205E-8	4.039063E+1
-5.000000E-1	5.895033E-3	-5.895033E-3	-5.476358E-8	4.050879E+1
-5.000000E-1	5.852767E-3	-5.852767E-3	-5.437094E-8	4.062598E+1
-4.500000E-1	5.192122E-3	-5.192122E-3	-4.823369E-8	4.074414E+1
-4.000000E-1	4.520523E-3	-4.520523E-3	-4.199468E-8	4.086230E+1
-3.500000E-1	3.883157E-3	-3.883157E-3	-3.607369E-8	4.098047E+1
-3.000000E-1	3.323877E-3	-3.323877E-3	-3.087810E-8	4.109863E+1
-2.500000E-1	2.739649E-3	-2.739649E-3	-2.545075E-8	4.121582E+1
-2.000000E-1	2.165113E-3	-2.165113E-3	-2.011343E-8	4.133398E+1
-1.500000E-1	1.595834E-3	-1.595834E-3	-1.482495E-8	4.145215E+1
-1.000000E-1	1.076497E-3	-1.076497E-3	-1.000042E-8	4.157031E+1
-5.000000E-2	5.645705E-4	-5.645705E-4	-5.244738E-9	4.181152E+1
0.000000E+0	2.474709E-6	2.474709E-6	2.298951E-11	4.249316E+1
0.000000E+0	8.570757E-7	8.570757E-7	7.962048E-12	4.310742E+1
5.000000E-2	1.000578E-3	1.000578E-3	9.295149E-9	4.378027E+1
1.000000E-1	1.344760E-3	1.344760E-3	1.249253E-8	4.414551E+1
1.500000E-1	2.046094E-3	2.046094E-3	1.900777E-8	4.426367E+1
2.000000E-1	2.840863E-3	2.840863E-3	2.639100E-8	4.438184E+1
2.500000E-1	3.786456E-3	3.786456E-3	3.517536E-8	4.449902E+1
3.000000E-1	4.726770E-3	4.726770E-3	4.391067E-8	4.461719E+1
3.500000E-1	5.915144E-3	5.915144E-3	5.495041E-8	4.473535E+1
4.000000E-1	7.183438E-3	7.183438E-3	6.673258E-8	4.485352E+1
4.500000E-1	8.726907E-3	8.726907E-3	8.107108E-8	4.497168E+1
5.000000E-1	1.047186E-2	1.047186E-2	9.728127E-8	4.508887E+1
5.000000E-1	1.081536E-2	1.081536E-2	1.004724E-7	4.520703E+1
4.500000E-1	9.105911E-3	9.105911E-3	8.459194E-8	4.532520E+1
4.000000E-1	7.990890E-3	7.990890E-3	7.423364E-8	4.544336E+1
3.500000E-1	6.677456E-3	6.677456E-3	6.203212E-8	4.556152E+1
3.000000E-1	5.297890E-3	5.297890E-3	4.921625E-8	4.567871E+1
2.500000E-1	4.163989E-3	4.163989E-3	3.868256E-8	4.579688E+1
2.000000E-1	3.223632E-3	3.223632E-3	2.994684E-8	4.591504E+1
1.500000E-1	2.317241E-3	2.317241E-3	2.152667E-8	4.603320E+1
1.000000E-1	1.497553E-3	1.497553E-3	1.391194E-8	4.615137E+1
5.000000E-2	7.226006E-4	7.226006E-4	6.712803E-9	4.639258E+1
0.000000E+0	4.363494E-6	4.363494E-6	4.053591E-11	4.707422E+1
-5.000000E-2	6.724129E-4	-6.724129E-4	-6.246571E-9	4.774805E+1
-1.000000E-1	1.123160E-3	-1.123160E-3	-1.043391E-8	4.786523E+1
-1.500000E-1	2.017488E-3	-2.017488E-3	-1.874203E-8	4.823047E+1
-2.000000E-1	2.696330E-3	-2.696330E-3	-2.504832E-8	4.834863E+1
-2.500000E-1	3.410288E-3	-3.410288E-3	-3.168084E-8	4.846582E+1
-3.000000E-1	4.172679E-3	-4.172679E-3	-3.876329E-8	4.858398E+1
-3.500000E-1	4.884509E-3	-4.884509E-3	-4.537603E-8	4.870215E+1
-4.000000E-1	5.686573E-3	-5.686573E-3	-5.282703E-8	4.882031E+1
-4.500000E-1	6.527660E-3	-6.527660E-3	-6.064055E-8	4.893848E+1
-5.000000E-1	7.375231E-3	-7.375231E-3	-6.851430E-8	4.905664E+1
-5.000000E-1	7.311468E-3	-7.311468E-3	-6.792195E-8	4.917383E+1
-4.500000E-1	6.530994E-3	-6.530994E-3	-6.067152E-8	4.929199E+1
-4.000000E-1	5.641802E-3	-5.641802E-3	-5.241112E-8	4.941016E+1
-3.500000E-1	4.853074E-3	-4.853074E-3	-4.508401E-8	4.952832E+1
-3.000000E-1	4.080439E-3	-4.080439E-3	-3.790640E-8	4.964648E+1
-2.500000E-1	3.301350E-3	-3.301350E-3	-3.066883E-8	4.976367E+1
-2.000000E-1	2.586821E-3	-2.586821E-3	-2.403101E-8	4.988184E+1
-1.500000E-1	1.955866E-3	-1.955866E-3	-1.816957E-8	5.000000E+1
-1.000000E-1	1.278679E-3	-1.278679E-3	-1.187865E-8	5.011816E+1
-5.000000E-2	6.390421E-4	-6.390421E-4	-5.936563E-9	5.035938E+1
0.000000E+0	3.938467E-6	3.938467E-6	3.658751E-11	5.104102E+1
0.000000E+0	2.886814E-6	2.886814E-6	2.681788E-11	5.165527E+1
5.000000E-2	6.683939E-4	6.683939E-4	6.209235E-9	5.232812E+1
1.000000E-1	1.447208E-3	1.447208E-3	1.344425E-8	5.269336E+1
1.500000E-1	2.202563E-3	2.202563E-3	2.046133E-8	5.281055E+1
2.000000E-1	3.070768E-3	3.070768E-3	2.852677E-8	5.292871E+1
2.500000E-1	3.999513E-3	3.999513E-3	3.715461E-8	5.304688E+1
3.000000E-1	5.026441E-3	5.026441E-3	4.669455E-8	5.316504E+1
3.500000E-1	6.235103E-3	6.235103E-3	5.792276E-8	5.328320E+1
4.000000E-1	7.550443E-3	7.550443E-3	7.014198E-8	5.340137E+1
4.500000E-1	9.023254E-3	9.023254E-3	8.382408E-8	5.351855E+1
5.000000E-1	1.076084E-2	1.076084E-2	9.996589E-8	5.363672E+1
5.000000E-1	1.098864E-2	1.098864E-2	1.020821E-7	5.375488E+1
4.500000E-1	9.403498E-3	9.403498E-3	8.735646E-8	5.387305E+1
4.000000E-1	7.514748E-3	7.514748E-3	6.981038E-8	5.399121E+1
3.500000E-1	6.160877E-3	6.160877E-3	5.723322E-8	5.410840E+1
3.000000E-1	4.925854E-3	4.925854E-3	4.576012E-8	5.422656E+1
2.500000E-1	3.894653E-3	3.894653E-3	3.618048E-8	5.434473E+1
2.000000E-1	2.909238E-3	2.909238E-3	2.702619E-8	5.446289E+1
1.500000E-1	2.086245E-3	2.086245E-3	1.938076E-8	5.458105E+1
1.000000E-1	1.332307E-3	1.332307E-3	1.237684E-8	5.469824E+1
5.000000E-2	6.462162E-4	6.462162E-4	6.003209E-9	5.494043E+1
0.000000E+0	4.462898E-6	4.462898E-6	4.145936E-11	5.562207E+1
-5.000000E-2	5.838835E-4	-5.838835E-4	-5.424152E-9	5.629492E+1
-1.000000E-1	1.087013E-3	-1.087013E-3	-1.009812E-8	5.641309E+1
-1.500000E-1	1.823333E-3	-1.823333E-3	-1.693837E-8	5.677832E+1
-2.000000E-1	2.467945E-3	-2.467945E-3	-2.292668E-8	5.689551E+1
-2.500000E-1	3.119774E-3	-3.119774E-3	-2.898203E-8	5.701367E+1
-3.000000E-1	3.756025E-3	-3.756025E-3	-3.489266E-8	5.713184E+1
-3.500000E-1	4.486577E-3	-4.486577E-3	-4.167933E-8	5.725000E+1
-4.000000E-1	5.242257E-3	-5.242257E-3	-4.869943E-8	5.736816E+1
-4.500000E-1	6.017471E-3	-6.017471E-3	-5.590101E-8	5.748535E+1
-5.000000E-1	6.843173E-3	-6.843173E-3	-6.357160E-8	5.760352E+1
-5.000000E-1	6.845501E-3	-6.845501E-3	-6.359322E-8	5.772168E+1
-4.500000E-1	5.983572E-3	-5.983572E-3	-5.558609E-8	5.783984E+1
-4.000000E-1	5.201067E-3	-5.201067E-3	-4.831679E-8	5.795801E+1
-3.500000E-1	4.460666E-3	-4.460666E-3	-4.143862E-8	5.807520E+1
-3.000000E-1	3.720747E-3	-3.720747E-3	-3.456493E-8	5.819336E+1
-2.500000E-1	3.038480E-3	-3.038480E-3	-2.822682E-8	5.831152E+1
-2.000000E-1	2.417096E-3	-2.417096E-3	-2.245430E-8	5.842969E+1
-1.500000E-1	1.755970E-3	-1.755970E-3	-1.631258E-8	5.854785E+1
-1.000000E-1	1.165279E-3	-1.165279E-3	-1.082519E-8	5.866504E+1
-5.000000E-2	5.846247E-4	-5.846247E-4	-5.431037E-9	5.890723E+1
0.000000E+0	3.797110E-6	3.797110E-6	3.527433E-11	5.958887E+1
0.000000E+0	2.875691E-6	2.875691E-6	2.671455E-11	6.020313E+1
5.000000E-2	6.260979E-4	6.260979E-4	5.816314E-9	6.087598E+1
1.000000E-1	1.112096E-3	1.112096E-3	1.033113E-8	6.099414E+1
1.500000E-1	2.074364E-3	2.074364E-3	1.927039E-8	6.135840E+1
2.000000E-1	2.868450E-3	2.868450E-3	2.664728E-8	6.147656E+1
2.500000E-1	3.747571E-3	3.747571E-3	3.481413E-8	6.159473E+1
3.000000E-1	4.754571E-3	4.754571E-3	4.416894E-8	6.171191E+1
3.500000E-1	5.826627E-3	5.826627E-3	5.412810E-8	6.183008E+1
4.000000E-1	7.145969E-3	7.145969E-3	6.638451E-8	6.194824E+1
4.500000E-1	8.512975E-3	8.512975E-3	7.908370E-8	6.206641E+1
5.000000E-1	1.034639E-2	1.034639E-2	9.611573E-8	6.218457E+1
5.000000E-1	1.028786E-2	1.028786E-2	9.557203E-8	6.230176E+1
4.500000E-1	8.735077E-3	8.735077E-3	8.114698E-8	6.241992E+1
4.000000E-1	7.243366E-3	7.243366E-3	6.728931E-8	6.253809E+1
3.500000E-1	5.873957E-3	5.873957E-3	5.456779E-8	6.265625E+1
3.000000E-1	4.651860E-3	4.651860E-3	4.321477E-8	6.277441E+1
2.500000E-1	3.713628E-3	3.713628E-3	3.449880E-8	6.289160E+1
2.000000E-1	2.819005E-3	2.819005E-3	2.618795E-8	6.300977E+1
1.500000E-1	2.008909E-3	2.008909E-3	1.866233E-8	6.312793E+1
1.000000E-1	1.270250E-3	1.270250E-3	1.180035E-8	6.324609E+1
5.000000E-2	6.123287E-4	6.123287E-4	5.688401E-9	6.348730E+1
0.000000E+0	3.424939E-6	3.424939E-6	3.181694E-11	6.416895E+1
-5.000000E-2	5.688281E-4	-5.688281E-4	-5.284290E-9	6.484277E+1
-1.000000E-1	1.151729E-3	-1.151729E-3	-1.069931E-8	6.520703E+1
-1.500000E-1	1.736136E-3	-1.736136E-3	-1.612833E-8	6.532520E+1
-2.000000E-1	2.352309E-3	-2.352309E-3	-2.185244E-8	6.544336E+1
-2.500000E-1	2.973306E-3	-2.973306E-3	-2.762137E-8	6.556055E+1
-3.000000E-1	3.632885E-3	-3.632885E-3	-3.374872E-8	6.567871E+1
-3.500000E-1	4.302716E-3	-4.302716E-3	-3.997130E-8	6.579688E+1
-4.000000E-1	5.009262E-3	-5.009262E-3	-4.653496E-8	6.591504E+1
-4.500000E-1	5.728934E-3	-5.728934E-3	-5.322056E-8	6.603320E+1
-5.000000E-1	6.560218E-3	-6.560218E-3	-6.094301E-8	6.615039E+1
-5.000000E-1	6.555413E-3	-6.555413E-3	-6.089837E-8	6.626855E+1
-4.500000E-1	5.738985E-3	-5.738985E-3	-5.331393E-8	6.638672E+1
-4.000000E-1	5.027429E-3	-5.027429E-3	-4.670373E-8	6.650488E+1
-3.500000E-1	4.290220E-3	-4.290220E-3	-3.985522E-8	6.662305E+1
-3.000000E-1	3.593417E-3	-3.593417E-3	-3.338207E-8	6.674023E+1
-2.500000E-1	2.946826E-3	-2.946826E-3	-2.737538E-8	6.685840E+1
-2.000000E-1	2.308816E-3	-2.308816E-3	-2.144840E-8	6.697656E+1
-1.500000E-1	1.691315E-3	-1.691315E-3	-1.571195E-8	6.709473E+1
-1.000000E-1	1.117703E-3	-1.117703E-3	-1.038322E-8	6.721289E+1
-5.000000E-2	5.567112E-4	-5.567112E-4	-5.171726E-9	6.745410E+1
0.000000E+0	3.005791E-6	3.005791E-6	2.792315E-11	6.813574E+1
0.000000E+0	1.586962E-6	1.586962E-6	1.474253E-11	6.875000E+1
5.000000E-2	5.932931E-4	5.932931E-4	5.511564E-9	6.942285E+1
1.000000E-1	1.251062E-3	1.251062E-3	1.162210E-8	6.978809E+1
1.500000E-1	1.951910E-3	1.951910E-3	1.813282E-8	6.990527E+1
2.000000E-1	2.720243E-3	2.720243E-3	2.527047E-8	7.002344E+1
2.500000E-1	3.538703E-3	3.538703E-3	3.287379E-8	7.014160E+1
3.000000E-1	4.465578E-3	4.465578E-3	4.148425E-8	7.025977E+1
3.500000E-1	5.598916E-3	5.598916E-3	5.201272E-8	7.037793E+1
4.000000E-1	6.642600E-3	6.642600E-3	6.170832E-8	7.049512E+1
4.500000E-1	8.081546E-3	8.081546E-3	7.507582E-8	7.061328E+1
5.000000E-1	9.816218E-3	9.816218E-3	9.119054E-8	7.073145E+1
5.000000E-1	9.909669E-3	9.909669E-3	9.205868E-8	7.084961E+1
4.500000E-1	8.307630E-3	8.307630E-3	7.717609E-8	7.096777E+1
4.000000E-1	6.986925E-3	6.986925E-3	6.490702E-8	7.108496E+1
3.500000E-1	5.674794E-3	5.674794E-3	5.271761E-8	7.120312E+1
3.000000E-1	4.488050E-3	4.488050E-3	4.169301E-8	7.132129E+1
2.500000E-1	3.493043E-3	3.493043E-3	3.244961E-8	7.143945E+1
2.000000E-1	2.687845E-3	2.687845E-3	2.496950E-8	7.155762E+1
1.500000E-1	1.916103E-3	1.916103E-3	1.780018E-8	7.167480E+1
1.000000E-1	1.215824E-3	1.215824E-3	1.129474E-8	7.179297E+1
5.000000E-2	5.891148E-4	5.891148E-4	5.472749E-9	7.203418E+1
0.000000E+0	3.634088E-6	3.634088E-6	3.375989E-11	7.271582E+1
-5.000000E-2	5.464328E-4	-5.464328E-4	-5.076242E-9	7.338965E+1
-1.000000E-1	1.047194E-3	-1.047194E-3	-9.728209E-9	7.350781E+1
-1.500000E-1	1.730369E-3	-1.730369E-3	-1.607475E-8	7.387207E+1
-2.000000E-1	2.317912E-3	-2.317912E-3	-2.153290E-8	7.399023E+1
-2.500000E-1	2.977578E-3	-2.977578E-3	-2.766106E-8	7.410840E+1
-3.000000E-1	3.612172E-3	-3.612172E-3	-3.355630E-8	7.422559E+1
-3.500000E-1	4.286623E-3	-4.286623E-3	-3.982180E-8	7.434375E+1
-4.000000E-1	4.981445E-3	-4.981445E-3	-4.627655E-8	7.446191E+1
-4.500000E-1	5.697113E-3	-5.697113E-3	-5.292495E-8	7.458008E+1
-5.000000E-1	6.448753E-3	-6.448753E-3	-5.990752E-8	7.469824E+1
-5.000000E-1	6.400730E-3	-6.400730E-3	-5.946140E-8	7.481543E+1
-4.500000E-1	5.725995E-3	-5.725995E-3	-5.319325E-8	7.493359E+1
-4.000000E-1	4.905940E-3	-4.905940E-3	-4.557512E-8	7.505176E+1
-3.500000E-1	4.239807E-3	-4.239807E-3	-3.938689E-8	7.516992E+1
-3.000000E-1	3.531767E-3	-3.531767E-3	-3.280935E-8	7.528809E+1
-2.500000E-1	2.879884E-3	-2.879884E-3	-2.675350E-8	7.540527E+1
-2.000000E-1	2.281436E-3	-2.281436E-3	-2.119405E-8	7.552344E+1
-1.500000E-1	1.686054E-3	-1.686054E-3	-1.566308E-8	7.564160E+1
-1.000000E-1	1.110588E-3	-1.110588E-3	-1.031712E-8	7.575977E+1
-5.000000E-2	5.486200E-4	-5.486200E-4	-5.096561E-9	7.600098E+1
0.000000E+0	3.514691E-6	3.514691E-6	3.265072E-11	7.668262E+1
0.000000E+0	1.969447E-6	1.969447E-6	1.829574E-11	7.729785E+1
5.000000E-2	5.913750E-4	5.913750E-4	5.493746E-9	7.796973E+1
1.000000E-1	1.219956E-3	1.219956E-3	1.133313E-8	7.833496E+1
1.500000E-1	1.900716E-3	1.900716E-3	1.765724E-8	7.845313E+1
2.000000E-1	2.616328E-3	2.616328E-3	2.430512E-8	7.857031E+1
2.500000E-1	3.425835E-3	3.425835E-3	3.182527E-8	7.868848E+1
3.000000E-1	4.289768E-3	4.289768E-3	3.985102E-8	7.880664E+1
3.500000E-1	5.285796E-3	5.285796E-3	4.910390E-8	7.892480E+1
4.000000E-1	6.470478E-3	6.470478E-3	6.010934E-8	7.904297E+1
4.500000E-1	7.791257E-3	7.791257E-3	7.237909E-8	7.916016E+1
5.000000E-1	9.327846E-3	9.327846E-3	8.665367E-8	7.927832E+1
5.000000E-1	9.395858E-3	9.395858E-3	8.728549E-8	7.939648E+1
4.500000E-1	7.906470E-3	7.906470E-3	7.344940E-8	7.951465E+1
4.000000E-1	6.555539E-3	6.555539E-3	6.089954E-8	7.963281E+1
3.500000E-1	5.364883E-3	5.364883E-3	4.983860E-8	7.975000E+1
3.000000E-1	4.350747E-3	4.350747E-3	4.041750E-8	7.986816E+1
2.500000E-1	3.401763E-3	3.401763E-3	3.160164E-8	7.998633E+1
2.000000E-1	2.557968E-3	2.557968E-3	2.376297E-8	8.010449E+1
1.500000E-1	1.831875E-3	1.831875E-3	1.701772E-8	8.022266E+1
1.000000E-1	1.174800E-3	1.174800E-3	1.091364E-8	8.033984E+1
5.000000E-2	5.861185E-4	5.861185E-4	5.444914E-9	8.058203E+1
0.000000E+0	1.068414E-6	1.068414E-6	9.925338E-12	8.126367E+1
-5.000000E-2	5.503024E-4	-5.503024E-4	-5.112190E-9	8.193652E+1
-1.000000E-1	1.055869E-3	-1.055869E-3	-9.808790E-9	8.205469E+1
-1.500000E-1	1.612019E-3	-1.612019E-3	-1.497531E-8	8.241992E+1
-2.000000E-1	2.200573E-3	-2.200573E-3	-2.044285E-8	8.253711E+1
-2.500000E-1	2.810622E-3	-2.810622E-3	-2.611007E-8	8.265527E+1
-3.000000E-1	3.466029E-3	-3.466029E-3	-3.219866E-8	8.277344E+1
-3.500000E-1	4.084953E-3	-4.084953E-3	-3.794833E-8	8.289160E+1
-4.000000E-1	4.794519E-3	-4.794519E-3	-4.454004E-8	8.300977E+1
-4.500000E-1	5.530432E-3	-5.530432E-3	-5.137652E-8	8.312695E+1
-5.000000E-1	6.197757E-3	-6.197757E-3	-5.757582E-8	8.324512E+1
-5.000000E-1	6.209546E-3	-6.209546E-3	-5.768534E-8	8.336328E+1
-4.500000E-1	5.400439E-3	-5.400439E-3	-5.016891E-8	8.348145E+1
-4.000000E-1	4.677827E-3	-4.677827E-3	-4.345600E-8	8.359961E+1
-3.500000E-1	3.968672E-3	-3.968672E-3	-3.686810E-8	8.371680E+1
-3.000000E-1	3.376449E-3	-3.376449E-3	-3.136648E-8	8.383496E+1
-2.500000E-1	2.764302E-3	-2.764302E-3	-2.567977E-8	8.395312E+1
-2.000000E-1	2.194869E-3	-2.194869E-3	-2.038986E-8	8.407129E+1
-1.500000E-1	1.616429E-3	-1.616429E-3	-1.501628E-8	8.418945E+1
-1.000000E-1	1.066549E-3	-1.066549E-3	-9.908007E-9	8.467773E+1
-5.000000E-2	5.311317E-4	-5.311317E-4	-4.934099E-9	8.491895E+1
0.000000E+0	3.826947E-6	3.826947E-6	3.555151E-11	8.560059E+1
0.000000E+0	2.470678E-6	2.470678E-6	2.295206E-11	8.621484E+1
5.000000E-2	5.527218E-4	5.527218E-4	5.134666E-9	8.688770E+1
1.000000E-1	1.197448E-3	1.197448E-3	1.112403E-8	8.725195E+1
1.500000E-1	1.842248E-3	1.842248E-3	1.711408E-8	8.737012E+1
2.000000E-1	2.545143E-3	2.545143E-3	2.364383E-8	8.748828E+1
2.500000E-1	3.338846E-3	3.338846E-3	3.101716E-8	8.760645E+1
3.000000E-1	4.272970E-3	4.272970E-3	3.969497E-8	8.772363E+1
3.500000E-1	5.282812E-3	5.282812E-3	4.907618E-8	8.784180E+1
4.000000E-1	6.368069E-3	6.368069E-3	5.915798E-8	8.795996E+1
4.500000E-1	7.623885E-3	7.623885E-3	7.082424E-8	8.807812E+1
5.000000E-1	9.279474E-3	9.279474E-3	8.620431E-8	8.819629E+1
5.000000E-1	9.343817E-3	9.343817E-3	8.680204E-8	8.831348E+1
4.500000E-1	7.872869E-3	7.872869E-3	7.313725E-8	8.843164E+1
4.000000E-1	6.500852E-3	6.500852E-3	6.039151E-8	8.854980E+1
3.500000E-1	5.306472E-3	5.306472E-3	4.929598E-8	8.866797E+1
3.000000E-1	4.237626E-3	4.237626E-3	3.936663E-8	8.878613E+1
2.500000E-1	3.317645E-3	3.317645E-3	3.082020E-8	8.890332E+1
2.000000E-1	2.475870E-3	2.475870E-3	2.300030E-8	8.902148E+1
1.500000E-1	1.769272E-3	1.769272E-3	1.643615E-8	8.913965E+1
1.000000E-1	1.135133E-3	1.135133E-3	1.054514E-8	8.925781E+1
5.000000E-2	5.463244E-4	5.463244E-4	5.075236E-9	8.949902E+1
0.000000E+0	4.400817E-6	4.400817E-6	4.088264E-11	9.018066E+1
-5.000000E-2	4.963710E-4	-4.963710E-4	-4.611179E-9	9.085449E+1
-1.000000E-1	9.867473E-4	-9.867473E-4	-9.166669E-9	9.097168E+1
-1.500000E-1	1.572511E-3	-1.572511E-3	-1.460829E-8	9.133691E+1
-2.000000E-1	2.123656E-3	-2.123656E-3	-1.972830E-8	9.145508E+1
-2.500000E-1	2.684199E-3	-2.684199E-3	-2.493563E-8	9.157227E+1
-3.000000E-1	3.262938E-3	-3.262938E-3	-3.031199E-8	9.169043E+1
-3.500000E-1	3.872383E-3	-3.872383E-3	-3.597360E-8	9.180859E+1
-4.000000E-1	4.521239E-3	-4.521239E-3	-4.200133E-8	9.192676E+1
-4.500000E-1	5.221078E-3	-5.221078E-3	-4.850268E-8	9.204492E+1
-5.000000E-1	5.858299E-3	-5.858299E-3	-5.442233E-8	9.216211E+1
-5.000000E-1	5.843838E-3	-5.843838E-3	-5.428799E-8	9.228027E+1
-4.500000E-1	5.181272E-3	-5.181272E-3	-4.813290E-8	9.239844E+1
-4.000000E-1	4.503093E-3	-4.503093E-3	-4.183276E-8	9.251660E+1
-3.500000E-1	3.850618E-3	-3.850618E-3	-3.577141E-8	9.263477E+1
-3.000000E-1	3.253560E-3	-3.253560E-3	-3.022487E-8	9.275195E+1
-2.500000E-1	2.666592E-3	-2.666592E-3	-2.477206E-8	9.287012E+1
-2.000000E-1	2.089360E-3	-2.089360E-3	-1.940970E-8	9.298828E+1
-1.500000E-1	1.548854E-3	-1.548854E-3	-1.438852E-8	9.310645E+1
-1.000000E-1	9.986637E-4	-9.986637E-4	-9.277370E-9	9.334766E+1
-5.000000E-2	5.228799E-4	-5.228799E-4	-4.857441E-9	9.346582E+1
0.000000E+0	3.591927E-6	3.591927E-6	3.336822E-11	9.414746E+1
0.000000E+0	2.794374E-6	2.794374E-6	2.595913E-11	9.476172E+1
5.000000E-2	5.441228E-4	5.441228E-4	5.054783E-9	9.543457E+1
1.000000E-1	1.053773E-3	1.053773E-3	9.789322E-9	9.555273E+1
1.500000E-1	1.818990E-3	1.818990E-3	1.689802E-8	9.591699E+1
2.000000E-1	2.524517E-3	2.524517E-3	2.345222E-8	9.603516E+1
2.500000E-1	3.282253E-3	3.282253E-3	3.049142E-8	9.615332E+1
3.000000E-1	4.094944E-3	4.094944E-3	3.804114E-8	9.627148E+1
3.500000E-1	5.128255E-3	5.128255E-3	4.764038E-8	9.638965E+1
4.000000E-1	6.275883E-3	6.275883E-3	5.830159E-8	9.650684E+1
4.500000E-1	7.537484E-3	7.537484E-3	7.002159E-8	9.662500E+1
5.000000E-1	9.224910E-3	9.224910E-3	8.569742E-8	9.674316E+1
5.000000E-1	9.379751E-3	9.379751E-3	8.713586E-8	9.686133E+1
4.500000E-1	7.811436E-3	7.811436E-3	7.256655E-8	9.697949E+1
4.000000E-1	6.480758E-3	6.480758E-3	6.020484E-8	9.709668E+1
3.500000E-1	5.318925E-3	5.318925E-3	4.941166E-8	9.721484E+1
3.000000E-1	4.264862E-3	4.264862E-3	3.961965E-8	9.733301E+1
2.500000E-1	3.350272E-3	3.350272E-3	3.112330E-8	9.745117E+1
2.000000E-1	2.558750E-3	2.558750E-3	2.377023E-8	9.756934E+1
1.500000E-1	1.810249E-3	1.810249E-3	1.681682E-8	9.768652E+1
1.000000E-1	1.143937E-3	1.143937E-3	1.062693E-8	9.780469E+1
5.000000E-2	5.579283E-4	5.579283E-4	5.183033E-9	9.804590E+1
0.000000E+0	3.892283E-6	3.892283E-6	3.615847E-11	9.872754E+1
-5.000000E-2	5.197746E-4	-5.197746E-4	-4.828594E-9	9.940137E+1
-1.000000E-1	1.019927E-3	-1.019927E-3	-9.474901E-9	9.951855E+1
-1.500000E-1	1.606877E-3	-1.606877E-3	-1.492754E-8	9.988379E+1
-2.000000E-1	2.172439E-3	-2.172439E-3	-2.018149E-8	1.000020E+2
-2.500000E-1	2.741463E-3	-2.741463E-3	-2.546760E-8	1.001201E+2
-3.000000E-1	3.389980E-3	-3.389980E-3	-3.149218E-8	1.002373E+2
-3.500000E-1	4.025408E-3	-4.025408E-3	-3.739517E-8	1.003555E+2
-4.000000E-1	4.723314E-3	-4.723314E-3	-4.387857E-8	1.004736E+2
-4.500000E-1	5.349311E-3	-5.349311E-3	-4.969394E-8	1.005918E+2
-5.000000E-1	6.103736E-3	-6.103736E-3	-5.670239E-8	1.007100E+2
-5.000000E-1	6.103257E-3	-6.103257E-3	-5.669794E-8	1.008271E+2
-4.500000E-1	5.330199E-3	-5.330199E-3	-4.951639E-8	1.009453E+2
-4.000000E-1	4.655747E-3	-4.655747E-3	-4.325088E-8	1.010635E+2
-3.500000E-1	3.993700E-3	-3.993700E-3	-3.710061E-8	1.011816E+2
-3.000000E-1	3.352679E-3	-3.352679E-3	-3.114566E-8	1.012998E+2
-2.500000E-1	2.733954E-3	-2.733954E-3	-2.539784E-8	1.014170E+2
-2.000000E-1	2.149665E-3	-2.149665E-3	-1.996992E-8	1.015352E+2
-1.500000E-1	1.599328E-3	-1.599328E-3	-1.485741E-8	1.016533E+2
-1.000000E-1	1.008761E-3	-1.008761E-3	-9.371172E-9	1.018945E+2
-5.000000E-2	5.246097E-4	-5.246097E-4	-4.873511E-9	1.020127E+2
0.000000E+0	3.983624E-6	3.983624E-6	3.700701E-11	1.026943E+2
