voltage_3_5_9	absJ_3_5_9	J_3_5_9	current_3_5_9	time_3_5_9	
0.000000E+0	5.718558E-9	-5.718558E-9	-5.312417E-14	0.000000E+0
5.000000E-2	3.650213E-5	3.650213E-5	3.390969E-10	1.014648E+0
1.000000E-1	7.316168E-5	7.316168E-5	6.796562E-10	1.286133E+0
1.500000E-1	8.865836E-5	8.865836E-5	8.236170E-10	1.558594E+0
2.000000E-1	1.773329E-4	1.773329E-4	1.647384E-9	2.230469E+0
2.500000E-1	2.233065E-4	2.233065E-4	2.074469E-9	2.348633E+0
3.000000E-1	2.793265E-4	2.793265E-4	2.594883E-9	2.466797E+0
3.500000E-1	3.321296E-4	3.321296E-4	3.085412E-9	2.584961E+0
4.000000E-1	4.242826E-4	4.242826E-4	3.941494E-9	2.703125E+0
4.500000E-1	5.034004E-4	5.034004E-4	4.676481E-9	2.821289E+0
5.000000E-1	6.135066E-4	6.135066E-4	5.699343E-9	2.938477E+0
5.000000E-1	6.173001E-4	6.173001E-4	5.734585E-9	3.056641E+0
4.500000E-1	5.195633E-4	5.195633E-4	4.826630E-9	3.174805E+0
4.000000E-1	4.272827E-4	4.272827E-4	3.969364E-9	3.292969E+0
3.500000E-1	3.470392E-4	3.470392E-4	3.223919E-9	3.411133E+0
3.000000E-1	2.769799E-4	2.769799E-4	2.573083E-9	3.528320E+0
2.500000E-1	2.124627E-4	2.124627E-4	1.973732E-9	3.646484E+0
2.000000E-1	1.643216E-4	1.643216E-4	1.526512E-9	3.764648E+0
1.500000E-1	1.167957E-4	1.167957E-4	1.085007E-9	3.882813E+0
1.000000E-1	7.257563E-5	7.257563E-5	6.742119E-10	4.124023E+0
5.000000E-2	3.460929E-5	3.460929E-5	3.215128E-10	4.396484E+0
0.000000E+0	1.527250E-7	1.527250E-7	1.418782E-12	5.385742E+0
-5.000000E-2	8.831936E-6	-8.831936E-6	-8.204677E-11	6.000000E+0
-1.000000E-1	9.493351E-6	-9.493351E-6	-8.819118E-11	6.614258E+0
-1.500000E-1	1.008778E-4	-1.008778E-4	-9.371330E-10	7.687500E+0
-2.000000E-1	1.361849E-4	-1.361849E-4	-1.265128E-9	7.805664E+0
-2.500000E-1	1.745593E-4	-1.745593E-4	-1.621618E-9	7.923828E+0
-3.000000E-1	2.158515E-4	-2.158515E-4	-2.005214E-9	8.041992E+0
-3.500000E-1	2.634856E-4	-2.634856E-4	-2.447724E-9	8.159180E+0
-4.000000E-1	3.074320E-4	-3.074320E-4	-2.855977E-9	8.277344E+0
-4.500000E-1	3.477618E-4	-3.477618E-4	-3.230632E-9	8.395508E+0
-5.000000E-1	3.939885E-4	-3.939885E-4	-3.660068E-9	8.513672E+0
-5.000000E-1	3.939401E-4	-3.939401E-4	-3.659618E-9	8.631836E+0
-4.500000E-1	3.402388E-4	-3.402388E-4	-3.160745E-9	8.749023E+0
-4.000000E-1	2.948201E-4	-2.948201E-4	-2.738815E-9	8.867188E+0
-3.500000E-1	2.591660E-4	-2.591660E-4	-2.407596E-9	8.985352E+0
-3.000000E-1	2.264341E-4	-2.264341E-4	-2.103524E-9	9.103516E+0
-2.500000E-1	1.858463E-4	-1.858463E-4	-1.726472E-9	9.221680E+0
-2.000000E-1	1.483976E-4	-1.483976E-4	-1.378582E-9	9.339844E+0
-1.500000E-1	1.111755E-4	-1.111755E-4	-1.032796E-9	9.457031E+0
-1.000000E-1	6.961523E-5	-6.961523E-5	-6.467104E-10	9.699219E+0
-5.000000E-2	3.425964E-5	-3.425964E-5	-3.182646E-10	9.970703E+0
0.000000E+0	2.015777E-7	2.015777E-7	1.872613E-12	1.096094E+1
0.000000E+0	2.312042E-7	-2.312042E-7	-2.147837E-12	1.157520E+1
5.000000E-2	8.824904E-6	8.824904E-6	8.198145E-11	1.218945E+1
1.000000E-1	7.670598E-5	7.670598E-5	7.125820E-10	1.286230E+1
1.500000E-1	8.705854E-5	8.705854E-5	8.087550E-10	1.313379E+1
2.000000E-1	1.600690E-4	1.600690E-4	1.487006E-9	1.380664E+1
2.500000E-1	2.253809E-4	2.253809E-4	2.093740E-9	1.392480E+1
3.000000E-1	2.760121E-4	2.760121E-4	2.564093E-9	1.404199E+1
3.500000E-1	3.488164E-4	3.488164E-4	3.240429E-9	1.416016E+1
4.000000E-1	4.031982E-4	4.031982E-4	3.745624E-9	1.427832E+1
4.500000E-1	4.991861E-4	4.991861E-4	4.637331E-9	1.439648E+1
5.000000E-1	5.813799E-4	5.813799E-4	5.400894E-9	1.451465E+1
5.000000E-1	6.304014E-4	6.304014E-4	5.856293E-9	1.463184E+1
4.500000E-1	4.865038E-4	4.865038E-4	4.519515E-9	1.475000E+1
4.000000E-1	3.971253E-4	3.971253E-4	3.689208E-9	1.486816E+1
3.500000E-1	3.163721E-4	3.163721E-4	2.939028E-9	1.498633E+1
3.000000E-1	2.688834E-4	2.688834E-4	2.497869E-9	1.510449E+1
2.500000E-1	2.045280E-4	2.045280E-4	1.900021E-9	1.522168E+1
2.000000E-1	1.528304E-4	1.528304E-4	1.419761E-9	1.533984E+1
1.500000E-1	8.582538E-5	8.582538E-5	7.972992E-10	1.558105E+1
1.000000E-1	6.482841E-5	6.482841E-5	6.022419E-10	1.585352E+1
5.000000E-2	3.208476E-5	3.208476E-5	2.980605E-10	1.612598E+1
0.000000E+0	1.193114E-7	1.193114E-7	1.108377E-12	1.711523E+1
-5.000000E-2	8.782566E-6	-8.782566E-6	-8.158814E-11	1.772949E+1
-1.000000E-1	9.378061E-6	-9.378061E-6	-8.712016E-11	1.834473E+1
-1.500000E-1	9.094327E-5	-9.094327E-5	-8.448433E-10	1.941797E+1
-2.000000E-1	1.262255E-4	-1.262255E-4	-1.172608E-9	1.953516E+1
-2.500000E-1	1.634305E-4	-1.634305E-4	-1.518234E-9	1.965332E+1
-3.000000E-1	1.957796E-4	-1.957796E-4	-1.818750E-9	1.977148E+1
-3.500000E-1	2.338916E-4	-2.338916E-4	-2.172802E-9	1.988965E+1
-4.000000E-1	2.694712E-4	-2.694712E-4	-2.503329E-9	2.000781E+1
-4.500000E-1	3.033641E-4	-3.033641E-4	-2.818187E-9	2.012500E+1
-5.000000E-1	3.499335E-4	-3.499335E-4	-3.250806E-9	2.024316E+1
-5.000000E-1	3.433906E-4	-3.433906E-4	-3.190024E-9	2.036133E+1
-4.500000E-1	3.029583E-4	-3.029583E-4	-2.814417E-9	2.047949E+1
-4.000000E-1	2.646099E-4	-2.646099E-4	-2.458169E-9	2.059766E+1
-3.500000E-1	2.294177E-4	-2.294177E-4	-2.131241E-9	2.071582E+1
-3.000000E-1	1.977986E-4	-1.977986E-4	-1.837506E-9	2.083301E+1
-2.500000E-1	1.635769E-4	-1.635769E-4	-1.519594E-9	2.095117E+1
-2.000000E-1	1.299256E-4	-1.299256E-4	-1.206981E-9	2.106934E+1
-1.500000E-1	8.413496E-5	-8.413496E-5	-7.815956E-10	2.131055E+1
-1.000000E-1	6.198049E-5	-6.198049E-5	-5.757853E-10	2.158301E+1
-5.000000E-2	3.031126E-5	-3.031126E-5	-2.815851E-10	2.185547E+1
0.000000E+0	2.051077E-7	2.051077E-7	1.905406E-12	2.284473E+1
0.000000E+0	4.620604E-7	4.620604E-7	4.292441E-12	2.345898E+1
5.000000E-2	3.006437E-5	3.006437E-5	2.792915E-10	2.447363E+1
1.000000E-1	6.267980E-5	6.267980E-5	5.822818E-10	2.474609E+1
1.500000E-1	8.493184E-5	8.493184E-5	7.889984E-10	2.501758E+1
2.000000E-1	1.436342E-4	1.436342E-4	1.334331E-9	2.569043E+1
2.500000E-1	1.913756E-4	1.913756E-4	1.777838E-9	2.580859E+1
3.000000E-1	2.396535E-4	2.396535E-4	2.226329E-9	2.592578E+1
3.500000E-1	3.089382E-4	3.089382E-4	2.869969E-9	2.604395E+1
4.000000E-1	3.775151E-4	3.775151E-4	3.507034E-9	2.616211E+1
4.500000E-1	4.746910E-4	4.746910E-4	4.409777E-9	2.628027E+1
5.000000E-1	5.419244E-4	5.419244E-4	5.034360E-9	2.639844E+1
5.000000E-1	5.641737E-4	5.641737E-4	5.241052E-9	2.651562E+1
4.500000E-1	4.637329E-4	4.637329E-4	4.307978E-9	2.663379E+1
4.000000E-1	4.016752E-4	4.016752E-4	3.731476E-9	2.675195E+1
3.500000E-1	3.125392E-4	3.125392E-4	2.903422E-9	2.687012E+1
3.000000E-1	2.512991E-4	2.512991E-4	2.334514E-9	2.698828E+1
2.500000E-1	1.949324E-4	1.949324E-4	1.810880E-9	2.710547E+1
2.000000E-1	1.483384E-4	1.483384E-4	1.378032E-9	2.722363E+1
1.500000E-1	8.594181E-5	8.594181E-5	7.983808E-10	2.746484E+1
1.000000E-1	6.564986E-5	6.564986E-5	6.098730E-10	2.773730E+1
5.000000E-2	3.116259E-5	3.116259E-5	2.894937E-10	2.800977E+1
0.000000E+0	1.672753E-7	1.672753E-7	1.553951E-12	2.899902E+1
-5.000000E-2	2.691615E-5	-2.691615E-5	-2.500452E-10	3.001367E+1
-1.000000E-1	5.980921E-5	-5.980921E-5	-5.556146E-10	3.028613E+1
-1.500000E-1	8.391515E-5	-8.391515E-5	-7.795536E-10	3.055859E+1
-2.000000E-1	9.060060E-5	-9.060060E-5	-8.416600E-10	3.083008E+1
-2.500000E-1	9.669841E-5	-9.669841E-5	-8.983073E-10	3.110254E+1
-3.000000E-1	2.006820E-4	-2.006820E-4	-1.864292E-9	3.177539E+1
-3.500000E-1	2.372722E-4	-2.372722E-4	-2.204207E-9	3.189355E+1
-4.000000E-1	2.826881E-4	-2.826881E-4	-2.626111E-9	3.201172E+1
-4.500000E-1	3.305234E-4	-3.305234E-4	-3.070491E-9	3.212891E+1
-5.000000E-1	3.796736E-4	-3.796736E-4	-3.527086E-9	3.224707E+1
-5.000000E-1	3.791503E-4	-3.791503E-4	-3.522224E-9	3.236523E+1
-4.500000E-1	3.367584E-4	-3.367584E-4	-3.128413E-9	3.248340E+1
-4.000000E-1	2.976170E-4	-2.976170E-4	-2.764798E-9	3.260156E+1
-3.500000E-1	2.470350E-4	-2.470350E-4	-2.294902E-9	3.271875E+1
-3.000000E-1	2.019015E-4	-2.019015E-4	-1.875621E-9	3.283691E+1
-2.500000E-1	1.646508E-4	-1.646508E-4	-1.529570E-9	3.295508E+1
-2.000000E-1	1.289537E-4	-1.289537E-4	-1.197952E-9	3.307324E+1
-1.500000E-1	8.485843E-5	-8.485843E-5	-7.883164E-10	3.331445E+1
-1.000000E-1	6.484674E-5	-6.484674E-5	-6.024122E-10	3.358691E+1
-5.000000E-2	3.493398E-5	-3.493398E-5	-3.245291E-10	3.385937E+1
0.000000E+0	2.476697E-7	2.476697E-7	2.300798E-12	3.484863E+1
0.000000E+0	1.402152E-8	-1.402152E-8	-1.302569E-13	3.546289E+1
5.000000E-2	5.120742E-5	5.120742E-5	4.757058E-10	3.613574E+1
1.000000E-1	8.872029E-5	8.872029E-5	8.241923E-10	3.640820E+1
1.500000E-1	1.002743E-4	1.002743E-4	9.315265E-10	3.667969E+1
2.000000E-1	2.861622E-4	2.861622E-4	2.658385E-9	3.735254E+1
2.500000E-1	3.560181E-4	3.560181E-4	3.307331E-9	3.747070E+1
3.000000E-1	4.708386E-4	4.708386E-4	4.373989E-9	3.758789E+1
3.500000E-1	6.149555E-4	6.149555E-4	5.712804E-9	3.770605E+1
4.000000E-1	7.462938E-4	7.462938E-4	6.932908E-9	3.782422E+1
4.500000E-1	9.546379E-4	9.546379E-4	8.868380E-9	3.794238E+1
5.000000E-1	1.051048E-3	1.051048E-3	9.764009E-9	3.806055E+1
5.000000E-1	1.097290E-3	1.097290E-3	1.019359E-8	3.817773E+1
4.500000E-1	1.014687E-3	1.014687E-3	9.426223E-9	3.829590E+1
4.000000E-1	9.275574E-4	9.275574E-4	8.616808E-9	3.841406E+1
3.500000E-1	7.974369E-4	7.974369E-4	7.408016E-9	3.853223E+1
3.000000E-1	6.280015E-4	6.280015E-4	5.833998E-9	3.865039E+1
2.500000E-1	4.905027E-4	4.905027E-4	4.556664E-9	3.876758E+1
2.000000E-1	3.718550E-4	3.718550E-4	3.454452E-9	3.888574E+1
1.500000E-1	2.637971E-4	2.637971E-4	2.450618E-9	3.900391E+1
1.000000E-1	1.706565E-4	1.706565E-4	1.585362E-9	3.912207E+1
5.000000E-2	7.803967E-5	7.803967E-5	7.249717E-10	3.936328E+1
0.000000E+0	3.803334E-7	3.803334E-7	3.533215E-12	4.035254E+1
-5.000000E-2	7.078046E-5	-7.078046E-5	-6.575352E-10	4.102637E+1
-1.000000E-1	9.429872E-5	-9.429872E-5	-8.760147E-10	4.129785E+1
-1.500000E-1	1.046515E-4	-1.046515E-4	-9.721900E-10	4.157031E+1
-2.000000E-1	3.033299E-4	-3.033299E-4	-2.817869E-9	4.224316E+1
-2.500000E-1	3.898403E-4	-3.898403E-4	-3.621532E-9	4.236133E+1
-3.000000E-1	4.725852E-4	-4.725852E-4	-4.390214E-9	4.247852E+1
-3.500000E-1	5.635787E-4	-5.635787E-4	-5.235524E-9	4.259668E+1
-4.000000E-1	6.738922E-4	-6.738922E-4	-6.260313E-9	4.271484E+1
-4.500000E-1	7.887753E-4	-7.887753E-4	-7.327552E-9	4.283301E+1
-5.000000E-1	9.086056E-4	-9.086056E-4	-8.440749E-9	4.295117E+1
-5.000000E-1	8.879442E-4	-8.879442E-4	-8.248810E-9	4.306836E+1
-4.500000E-1	7.809561E-4	-7.809561E-4	-7.254913E-9	4.318652E+1
-4.000000E-1	6.814753E-4	-6.814753E-4	-6.330758E-9	4.330469E+1
-3.500000E-1	5.729444E-4	-5.729444E-4	-5.322530E-9	4.342285E+1
-3.000000E-1	4.800981E-4	-4.800981E-4	-4.460007E-9	4.354102E+1
-2.500000E-1	3.917864E-4	-3.917864E-4	-3.639611E-9	4.365820E+1
-2.000000E-1	3.043418E-4	-3.043418E-4	-2.827269E-9	4.377637E+1
-1.500000E-1	2.212044E-4	-2.212044E-4	-2.054941E-9	4.389453E+1
-1.000000E-1	1.487909E-4	-1.487909E-4	-1.382235E-9	4.401270E+1
-5.000000E-2	7.275408E-5	-7.275408E-5	-6.758697E-10	4.425391E+1
0.000000E+0	6.330645E-7	6.330645E-7	5.881032E-12	4.524316E+1
0.000000E+0	8.742792E-7	8.742792E-7	8.121864E-12	4.585742E+1
5.000000E-2	7.456400E-5	7.456400E-5	6.926834E-10	4.670117E+1
1.000000E-1	9.611575E-5	9.611575E-5	8.928945E-10	4.697266E+1
1.500000E-1	1.060689E-4	1.060689E-4	9.853574E-10	4.724512E+1
2.000000E-1	3.765816E-4	3.765816E-4	3.498362E-9	4.791699E+1
2.500000E-1	4.857341E-4	4.857341E-4	4.512365E-9	4.803516E+1
3.000000E-1	5.966941E-4	5.966941E-4	5.543159E-9	4.815332E+1
3.500000E-1	7.490889E-4	7.490889E-4	6.958874E-9	4.827148E+1
4.000000E-1	9.353096E-4	9.353096E-4	8.688824E-9	4.838965E+1
4.500000E-1	1.050742E-3	1.050742E-3	9.761163E-9	4.850684E+1
5.000000E-1	2.159622E-3	2.159622E-3	2.006242E-8	4.887207E+1
5.000000E-1	1.881962E-3	1.881962E-3	1.748302E-8	4.899023E+1
4.500000E-1	1.683403E-3	1.683403E-3	1.563845E-8	4.910742E+1
4.000000E-1	1.537732E-3	1.537732E-3	1.428520E-8	4.922559E+1
3.500000E-1	1.114351E-3	1.114351E-3	1.035208E-8	4.934375E+1
3.000000E-1	8.945324E-4	8.945324E-4	8.310012E-9	4.958496E+1
2.500000E-1	6.927734E-4	6.927734E-4	6.435715E-9	4.970313E+1
2.000000E-1	6.369641E-4	6.369641E-4	5.917259E-9	4.982129E+1
1.500000E-1	3.668855E-4	3.668855E-4	3.408287E-9	4.993945E+1
1.000000E-1	2.337315E-4	2.337315E-4	2.171315E-9	5.005664E+1
5.000000E-2	1.106200E-4	1.106200E-4	1.027636E-9	5.017480E+1
0.000000E+0	2.895132E-9	2.895132E-9	2.689515E-14	5.085645E+1
-5.000000E-2	9.943767E-6	-9.943767E-6	-9.237545E-11	5.147168E+1
-1.000000E-1	1.506122E-4	-1.506122E-4	-1.399155E-9	5.214453E+1
-1.500000E-1	2.445014E-4	-2.445014E-4	-2.271365E-9	5.226270E+1
-2.000000E-1	3.248553E-4	-3.248553E-4	-3.017835E-9	5.238086E+1
-2.500000E-1	4.181993E-4	-4.181993E-4	-3.884981E-9	5.249805E+1
-3.000000E-1	5.913859E-4	-5.913859E-4	-5.493847E-9	5.261621E+1
-3.500000E-1	7.673133E-4	-7.673133E-4	-7.128175E-9	5.273438E+1
-4.000000E-1	7.800073E-4	-7.800073E-4	-7.246099E-9	5.285254E+1
-4.500000E-1	8.235820E-4	-8.235820E-4	-7.650899E-9	5.297070E+1
-5.000000E-1	9.343790E-4	-9.343790E-4	-8.680178E-9	5.308789E+1
-5.000000E-1	9.418689E-4	-9.418689E-4	-8.749758E-9	5.320605E+1
-4.500000E-1	8.427466E-4	-8.427466E-4	-7.828934E-9	5.332422E+1
-4.000000E-1	7.050607E-4	-7.050607E-4	-6.549861E-9	5.344238E+1
-3.500000E-1	6.059737E-4	-6.059737E-4	-5.629365E-9	5.356055E+1
-3.000000E-1	5.164146E-4	-5.164146E-4	-4.797380E-9	5.367773E+1
-2.500000E-1	4.049941E-4	-4.049941E-4	-3.762308E-9	5.379590E+1
-2.000000E-1	3.092133E-4	-3.092133E-4	-2.872525E-9	5.391406E+1
-1.500000E-1	2.338933E-4	-2.338933E-4	-2.172818E-9	5.403223E+1
-1.000000E-1	1.505128E-4	-1.505128E-4	-1.398231E-9	5.415039E+1
-5.000000E-2	7.157096E-5	-7.157096E-5	-6.648787E-10	5.439160E+1
0.000000E+0	1.248326E-6	1.248326E-6	1.159668E-11	5.538086E+1
