voltage_spot_10_scan_2_21	absJ_spot_10_scan_2_21	J_spot_10_scan_2_21	current_spot_10_scan_2_21	time_spot_10_scan_2_21	
0.000000E+0	8.797951E-7	-8.797951E-7	-1.672024E-12	0.000000E+0
5.000000E-2	7.587530E-6	7.587530E-6	1.441987E-11	7.031250E-1
1.000000E-1	2.005331E-5	2.005331E-5	3.811071E-11	1.406250E+0
1.500000E-1	3.680952E-5	3.680952E-5	6.995537E-11	2.109375E+0
2.000000E-1	7.088111E-5	7.088111E-5	1.347074E-10	3.391602E+0
2.500000E-1	1.268154E-4	1.268154E-4	2.410089E-10	3.760742E+0
3.000000E-1	2.035671E-4	2.035671E-4	3.868731E-10	4.128906E+0
3.500000E-1	2.969315E-4	2.969315E-4	5.643092E-10	4.497070E+0
4.000000E-1	4.274154E-4	4.274154E-4	8.122899E-10	4.865234E+0
4.500000E-1	6.079666E-4	6.079666E-4	1.155422E-9	5.980469E+0
5.000000E-1	8.648783E-4	8.648783E-4	1.643675E-9	6.348633E+0
5.000000E-1	8.771932E-4	8.771932E-4	1.667079E-9	6.715820E+0
4.500000E-1	6.159425E-4	6.159425E-4	1.170580E-9	7.083984E+0
4.000000E-1	4.960806E-4	4.960806E-4	9.427861E-10	7.825195E+0
3.500000E-1	3.474215E-4	3.474215E-4	6.602640E-10	8.193359E+0
3.000000E-1	2.374655E-4	2.374655E-4	4.512960E-10	8.561523E+0
2.500000E-1	1.468162E-4	1.468162E-4	2.790198E-10	8.930664E+0
2.000000E-1	8.654713E-5	8.654713E-5	1.644802E-10	9.298828E+0
1.500000E-1	5.301648E-5	5.301648E-5	1.007562E-10	9.666992E+0
1.000000E-1	2.883290E-5	2.883290E-5	5.479605E-11	1.084180E+1
5.000000E-2	1.118589E-5	1.118589E-5	2.125844E-11	1.154492E+1
0.000000E+0	2.408808E-7	2.408808E-7	4.577866E-13	1.224805E+1
-5.000000E-2	9.607783E-6	-9.607783E-6	-1.825930E-11	1.295215E+1
-1.000000E-1	2.462942E-5	-2.462942E-5	-4.680747E-11	1.365527E+1
-1.500000E-1	5.131507E-5	-5.131507E-5	-9.752274E-11	1.435840E+1
-2.000000E-1	5.493426E-5	-5.493426E-5	-1.044009E-10	1.506152E+1
-2.500000E-1	1.408212E-4	-1.408212E-4	-2.676265E-10	1.617676E+1
-3.000000E-1	2.081700E-4	-2.081700E-4	-3.956208E-10	1.654492E+1
-3.500000E-1	3.139433E-4	-3.139433E-4	-5.966397E-10	1.691309E+1
-4.000000E-1	4.385825E-4	-4.385825E-4	-8.335127E-10	1.728223E+1
-4.500000E-1	5.987699E-4	-5.987699E-4	-1.137944E-9	1.839648E+1
-5.000000E-1	8.045964E-4	-8.045964E-4	-1.529111E-9	1.876465E+1
-5.000000E-1	8.383160E-4	-8.383160E-4	-1.593194E-9	1.913184E+1
-4.500000E-1	6.406522E-4	-6.406522E-4	-1.217540E-9	1.950000E+1
-4.000000E-1	4.553189E-4	-4.553189E-4	-8.653197E-10	2.024121E+1
-3.500000E-1	3.125348E-4	-3.125348E-4	-5.939628E-10	2.060938E+1
-3.000000E-1	2.229058E-4	-2.229058E-4	-4.236257E-10	2.097852E+1
-2.500000E-1	1.485260E-4	-1.485260E-4	-2.822692E-10	2.134668E+1
-2.000000E-1	1.003134E-4	-1.003134E-4	-1.906426E-10	2.171484E+1
-1.500000E-1	5.621642E-5	-5.621642E-5	-1.068376E-10	2.208398E+1
-1.000000E-1	2.923088E-5	-2.923088E-5	-5.555240E-11	2.325879E+1
-5.000000E-2	1.192874E-5	-1.192874E-5	-2.267021E-11	2.396191E+1
0.000000E+0	2.498115E-7	-2.498115E-7	-4.747591E-13	2.466504E+1
0.000000E+0	1.310250E-7	-1.310250E-7	-2.490091E-13	2.536816E+1
5.000000E-2	1.035048E-5	1.035048E-5	1.967078E-11	2.607129E+1
1.000000E-1	2.769413E-5	2.769413E-5	5.263185E-11	2.677441E+1
1.500000E-1	5.584872E-5	5.584872E-5	1.061388E-10	2.805664E+1
2.000000E-1	1.078638E-4	1.078638E-4	2.049918E-10	2.842578E+1
2.500000E-1	1.692991E-4	1.692991E-4	3.217477E-10	2.879395E+1
3.000000E-1	2.781802E-4	2.781802E-4	5.286730E-10	2.916211E+1
3.500000E-1	4.129518E-4	4.129518E-4	7.848023E-10	2.953027E+1
4.000000E-1	5.419760E-4	5.419760E-4	1.030009E-9	2.989941E+1
4.500000E-1	7.430153E-4	7.430153E-4	1.412078E-9	3.101367E+1
5.000000E-1	1.025935E-3	1.025935E-3	1.949758E-9	3.138184E+1
5.000000E-1	1.024526E-3	1.024526E-3	1.947081E-9	3.174902E+1
4.500000E-1	7.707742E-4	7.707742E-4	1.464833E-9	3.211719E+1
4.000000E-1	5.634208E-4	5.634208E-4	1.070764E-9	3.248535E+1
3.500000E-1	4.036050E-4	4.036050E-4	7.670391E-10	3.322656E+1
3.000000E-1	2.767562E-4	2.767562E-4	5.259668E-10	3.359473E+1
2.500000E-1	1.758870E-4	1.758870E-4	3.342679E-10	3.396289E+1
2.000000E-1	1.117510E-4	1.117510E-4	2.123793E-10	3.433105E+1
1.500000E-1	6.211286E-5	6.211286E-5	1.180436E-10	3.470020E+1
1.000000E-1	3.296809E-5	3.296809E-5	6.265485E-11	3.587500E+1
5.000000E-2	1.391149E-5	1.391149E-5	2.643836E-11	3.657812E+1
0.000000E+0	1.143101E-7	1.143101E-7	2.172429E-13	3.728125E+1
-5.000000E-2	1.294851E-5	-1.294851E-5	-2.460825E-11	3.798437E+1
-1.000000E-1	3.137802E-5	-3.137802E-5	-5.963298E-11	3.868750E+1
-1.500000E-1	5.397519E-5	-5.397519E-5	-1.025782E-10	3.939062E+1
-2.000000E-1	1.004802E-4	-1.004802E-4	-1.909596E-10	4.084082E+1
-2.500000E-1	1.552918E-4	-1.552918E-4	-2.951274E-10	4.120898E+1
-3.000000E-1	2.420452E-4	-2.420452E-4	-4.599995E-10	4.157715E+1
-3.500000E-1	3.546082E-4	-3.546082E-4	-6.739221E-10	4.194531E+1
-4.000000E-1	4.814942E-4	-4.814942E-4	-9.150652E-10	4.231445E+1
-4.500000E-1	6.987257E-4	-6.987257E-4	-1.327907E-9	4.342871E+1
-5.000000E-1	8.960338E-4	-8.960338E-4	-1.702885E-9	4.379688E+1
-5.000000E-1	8.975839E-4	-8.975839E-4	-1.705831E-9	4.416406E+1
-4.500000E-1	6.871996E-4	-6.871996E-4	-1.306002E-9	4.453223E+1
-4.000000E-1	4.949285E-4	-4.949285E-4	-9.405966E-10	4.527344E+1
-3.500000E-1	3.624661E-4	-3.624661E-4	-6.888558E-10	4.564160E+1
-3.000000E-1	2.592754E-4	-2.592754E-4	-4.927450E-10	4.600977E+1
-2.500000E-1	1.763658E-4	-1.763658E-4	-3.351779E-10	4.637891E+1
-2.000000E-1	1.114562E-4	-1.114562E-4	-2.118192E-10	4.674707E+1
-1.500000E-1	6.203099E-5	-6.203099E-5	-1.178880E-10	4.711621E+1
-1.000000E-1	3.290423E-5	-3.290423E-5	-6.253349E-11	4.829102E+1
-5.000000E-2	1.409322E-5	-1.409322E-5	-2.678374E-11	4.899414E+1
0.000000E+0	1.924812E-7	-1.924812E-7	-3.658046E-13	4.969727E+1
0.000000E+0	1.584014E-7	-1.584014E-7	-3.010370E-13	5.040039E+1
5.000000E-2	1.386306E-5	1.386306E-5	2.634633E-11	5.110352E+1
1.000000E-1	3.231072E-5	3.231072E-5	6.140554E-11	5.180664E+1
1.500000E-1	6.328152E-5	6.328152E-5	1.202646E-10	5.292187E+1
2.000000E-1	1.191061E-4	1.191061E-4	2.263576E-10	5.329004E+1
2.500000E-1	1.933424E-4	1.933424E-4	3.674414E-10	5.365918E+1
3.000000E-1	3.016619E-4	3.016619E-4	5.732993E-10	5.402734E+1
3.500000E-1	4.400674E-4	4.400674E-4	8.363348E-10	5.439551E+1
4.000000E-1	5.492795E-4	5.492795E-4	1.043889E-9	5.476367E+1
4.500000E-1	8.963669E-4	8.963669E-4	1.703518E-9	5.587891E+1
5.000000E-1	1.221651E-3	1.221651E-3	2.321710E-9	5.624707E+1
5.000000E-1	1.243633E-3	1.243633E-3	2.363486E-9	5.661426E+1
4.500000E-1	9.548114E-4	9.548114E-4	1.814590E-9	5.698242E+1
4.000000E-1	6.807680E-4	6.807680E-4	1.293779E-9	5.735059E+1
3.500000E-1	4.866071E-4	4.866071E-4	9.247820E-10	5.809082E+1
3.000000E-1	3.223080E-4	3.223080E-4	6.125366E-10	5.845996E+1
2.500000E-1	2.177414E-4	2.177414E-4	4.138109E-10	5.882813E+1
2.000000E-1	1.286996E-4	1.286996E-4	2.445896E-10	5.919629E+1
1.500000E-1	7.414188E-5	7.414188E-5	1.409044E-10	5.956445E+1
1.000000E-1	3.867003E-5	3.867003E-5	7.349121E-11	6.074023E+1
5.000000E-2	1.549442E-5	1.549442E-5	2.944668E-11	6.144336E+1
0.000000E+0	1.339241E-7	1.339241E-7	2.545186E-13	6.214648E+1
-5.000000E-2	1.548578E-5	-1.548578E-5	-2.943026E-11	6.284961E+1
-1.000000E-1	3.651900E-5	-3.651900E-5	-6.940325E-11	6.355273E+1
-1.500000E-1	5.441392E-5	-5.441392E-5	-1.034120E-10	6.425586E+1
-2.000000E-1	1.181904E-4	-1.181904E-4	-2.246172E-10	6.537109E+1
-2.500000E-1	1.904904E-4	-1.904904E-4	-3.620212E-10	6.573926E+1
-3.000000E-1	2.943400E-4	-2.943400E-4	-5.593842E-10	6.610742E+1
-3.500000E-1	4.314981E-4	-4.314981E-4	-8.200490E-10	6.647656E+1
-4.000000E-1	6.252923E-4	-6.252923E-4	-1.188349E-9	6.759082E+1
-4.500000E-1	8.272466E-4	-8.272466E-4	-1.572157E-9	6.795898E+1
-5.000000E-1	1.083430E-3	-1.083430E-3	-2.059025E-9	6.832715E+1
-5.000000E-1	1.059272E-3	-1.059272E-3	-2.013115E-9	6.869434E+1
-4.500000E-1	8.282721E-4	-8.282721E-4	-1.574106E-9	6.906250E+1
-4.000000E-1	6.100176E-4	-6.100176E-4	-1.159320E-9	6.943066E+1
-3.500000E-1	4.447352E-4	-4.447352E-4	-8.452058E-10	7.017187E+1
-3.000000E-1	3.079461E-4	-3.079461E-4	-5.852422E-10	7.054004E+1
-2.500000E-1	2.004384E-4	-2.004384E-4	-3.809271E-10	7.090820E+1
-2.000000E-1	1.325125E-4	-1.325125E-4	-2.518360E-10	7.127637E+1
-1.500000E-1	8.139831E-5	-8.139831E-5	-1.546950E-10	7.164551E+1
-1.000000E-1	4.032601E-5	-4.032601E-5	-7.663836E-11	7.282031E+1
-5.000000E-2	1.735740E-5	-1.735740E-5	-3.298722E-11	7.352344E+1
0.000000E+0	2.220554E-7	-2.220554E-7	-4.220096E-13	7.422656E+1
0.000000E+0	1.654043E-7	-1.654043E-7	-3.143458E-13	7.493066E+1
5.000000E-2	1.622301E-5	1.622301E-5	3.083134E-11	7.563379E+1
1.000000E-1	3.941102E-5	3.941102E-5	7.489944E-11	7.633691E+1
1.500000E-1	8.024437E-5	8.024437E-5	1.525020E-10	7.745215E+1
2.000000E-1	1.426886E-4	1.426886E-4	2.711753E-10	7.782031E+1
2.500000E-1	2.208643E-4	2.208643E-4	4.197460E-10	7.818848E+1
3.000000E-1	3.240626E-4	3.240626E-4	6.158711E-10	7.855664E+1
3.500000E-1	4.931413E-4	4.931413E-4	9.372000E-10	7.892480E+1
4.000000E-1	7.487065E-4	7.487065E-4	1.422894E-9	8.004004E+1
4.500000E-1	1.004308E-3	1.004308E-3	1.908657E-9	8.040820E+1
5.000000E-1	1.347779E-3	1.347779E-3	2.561414E-9	8.077539E+1
5.000000E-1	1.331757E-3	1.331757E-3	2.530963E-9	8.114355E+1
4.500000E-1	1.000352E-3	1.000352E-3	1.901138E-9	8.151172E+1
4.000000E-1	7.354882E-4	7.354882E-4	1.397773E-9	8.187891E+1
3.500000E-1	5.451752E-4	5.451752E-4	1.036089E-9	8.224707E+1
3.000000E-1	3.724192E-4	3.724192E-4	7.077713E-10	8.298828E+1
2.500000E-1	2.522355E-4	2.522355E-4	4.793658E-10	8.335645E+1
2.000000E-1	1.471969E-4	1.471969E-4	2.797433E-10	8.372461E+1
1.500000E-1	8.353788E-5	8.353788E-5	1.587612E-10	8.409277E+1
1.000000E-1	3.996601E-5	3.996601E-5	7.595419E-11	8.526758E+1
5.000000E-2	1.731896E-5	1.731896E-5	3.291415E-11	8.597070E+1
0.000000E+0	1.964317E-8	1.964317E-8	3.733125E-14	8.667383E+1
-5.000000E-2	1.668123E-5	-1.668123E-5	-3.170217E-11	8.737793E+1
-1.000000E-1	4.107890E-5	-4.107890E-5	-7.806920E-11	8.808105E+1
-1.500000E-1	5.469580E-5	-5.469580E-5	-1.039477E-10	8.878418E+1
-2.000000E-1	1.360293E-4	-1.360293E-4	-2.585195E-10	8.989941E+1
-2.500000E-1	2.162916E-4	-2.162916E-4	-4.110557E-10	9.026758E+1
-3.000000E-1	3.345880E-4	-3.345880E-4	-6.358744E-10	9.063574E+1
-3.500000E-1	4.884443E-4	-4.884443E-4	-9.282736E-10	9.100391E+1
-4.000000E-1	6.759919E-4	-6.759919E-4	-1.284702E-9	9.211914E+1
-4.500000E-1	9.219695E-4	-9.219695E-4	-1.752175E-9	9.248730E+1
-5.000000E-1	1.215526E-3	-1.215526E-3	-2.310070E-9	9.285449E+1
-5.000000E-1	1.202090E-3	-1.202090E-3	-2.284535E-9	9.322266E+1
-4.500000E-1	9.130080E-4	-9.130080E-4	-1.735144E-9	9.359082E+1
-4.000000E-1	6.717860E-4	-6.717860E-4	-1.276709E-9	9.395801E+1
-3.500000E-1	4.969483E-4	-4.969483E-4	-9.444351E-10	9.469922E+1
-3.000000E-1	3.445376E-4	-3.445376E-4	-6.547832E-10	9.506738E+1
-2.500000E-1	2.325649E-4	-2.325649E-4	-4.419825E-10	9.543652E+1
-2.000000E-1	1.458070E-4	-1.458070E-4	-2.771017E-10	9.580469E+1
-1.500000E-1	8.136642E-5	-8.136642E-5	-1.546344E-10	9.617285E+1
-1.000000E-1	4.384586E-5	-4.384586E-5	-8.332773E-11	9.734766E+1
-5.000000E-2	1.831270E-5	-1.831270E-5	-3.480273E-11	9.805078E+1
0.000000E+0	2.279484E-7	-2.279484E-7	-4.332090E-13	9.875391E+1
0.000000E+0	1.879391E-7	-1.879391E-7	-3.571726E-13	9.945801E+1
5.000000E-2	1.727688E-5	1.727688E-5	3.283419E-11	1.001611E+2
1.000000E-1	4.206386E-5	4.206386E-5	7.994109E-11	1.008643E+2
1.500000E-1	8.274134E-5	8.274134E-5	1.572474E-10	1.019795E+2
2.000000E-1	1.447671E-4	1.447671E-4	2.751255E-10	1.023477E+2
2.500000E-1	2.377459E-4	2.377459E-4	4.518288E-10	1.027158E+2
3.000000E-1	3.745860E-4	3.745860E-4	7.118893E-10	1.030850E+2
3.500000E-1	5.484434E-4	5.484434E-4	1.042300E-9	1.041992E+2
4.000000E-1	8.190554E-4	8.190554E-4	1.556590E-9	1.045674E+2
4.500000E-1	1.101682E-3	1.101682E-3	2.093713E-9	1.049346E+2
5.000000E-1	1.478303E-3	1.478303E-3	2.809469E-9	1.053027E+2
5.000000E-1	1.446229E-3	1.446229E-3	2.748515E-9	1.056709E+2
4.500000E-1	1.092129E-3	1.092129E-3	2.075557E-9	1.060381E+2
4.000000E-1	8.022149E-4	8.022149E-4	1.524585E-9	1.064062E+2
3.500000E-1	5.640495E-4	5.640495E-4	1.071959E-9	1.067744E+2
3.000000E-1	3.758291E-4	3.758291E-4	7.142518E-10	1.075146E+2
2.500000E-1	2.575497E-4	2.575497E-4	4.894654E-10	1.078838E+2
2.000000E-1	1.583296E-4	1.583296E-4	3.009006E-10	1.082520E+2
1.500000E-1	9.783755E-5	9.783755E-5	1.859373E-10	1.086201E+2
1.000000E-1	4.941659E-5	4.941659E-5	9.391472E-11	1.097949E+2
5.000000E-2	1.869239E-5	1.869239E-5	3.552432E-11	1.104980E+2
0.000000E+0	6.475673E-8	6.475673E-8	1.230682E-13	1.112012E+2
-5.000000E-2	1.870483E-5	-1.870483E-5	-3.554797E-11	1.119053E+2
-1.000000E-1	4.450824E-5	-4.450824E-5	-8.458657E-11	1.126084E+2
-1.500000E-1	8.935323E-5	-8.935323E-5	-1.698131E-10	1.137236E+2
-2.000000E-1	1.487512E-4	-1.487512E-4	-2.826971E-10	1.140918E+2
-2.500000E-1	2.468655E-4	-2.468655E-4	-4.691604E-10	1.144600E+2
-3.000000E-1	3.567978E-4	-3.567978E-4	-6.780833E-10	1.148291E+2
-3.500000E-1	5.165453E-4	-5.165453E-4	-9.816786E-10	1.151973E+2
-4.000000E-1	7.481146E-4	-7.481146E-4	-1.421769E-9	1.163115E+2
-4.500000E-1	1.015675E-3	-1.015675E-3	-1.930259E-9	1.166797E+2
-5.000000E-1	1.304001E-3	-1.304001E-3	-2.478215E-9	1.170479E+2
-5.000000E-1	1.344991E-3	-1.344991E-3	-2.556114E-9	1.174150E+2
-4.500000E-1	1.008102E-3	-1.008102E-3	-1.915868E-9	1.177832E+2
-4.000000E-1	7.524466E-4	-7.524466E-4	-1.430002E-9	1.181514E+2
-3.500000E-1	5.497099E-4	-5.497099E-4	-1.044707E-9	1.185186E+2
-3.000000E-1	3.728413E-4	-3.728413E-4	-7.085735E-10	1.192598E+2
-2.500000E-1	2.453221E-4	-2.453221E-4	-4.662271E-10	1.196279E+2
-2.000000E-1	1.523616E-4	-1.523616E-4	-2.895586E-10	1.199961E+2
-1.500000E-1	8.652124E-5	-8.652124E-5	-1.644310E-10	1.203652E+2
-1.000000E-1	4.321362E-5	-4.321362E-5	-8.212617E-11	1.215400E+2
-5.000000E-2	1.795504E-5	-1.795504E-5	-3.412301E-11	1.222432E+2
0.000000E+0	1.123166E-7	-1.123166E-7	-2.134543E-13	1.229463E+2
0.000000E+0	1.648566E-7	-1.648566E-7	-3.133049E-13	1.236494E+2
5.000000E-2	1.922536E-5	1.922536E-5	3.653722E-11	1.243525E+2
1.000000E-1	4.788729E-5	4.788729E-5	9.100835E-11	1.250557E+2
1.500000E-1	5.487270E-5	5.487270E-5	1.042839E-10	1.257588E+2
2.000000E-1	1.754073E-4	1.754073E-4	3.333562E-10	1.268740E+2
2.500000E-1	2.738267E-4	2.738267E-4	5.203993E-10	1.272422E+2
3.000000E-1	4.278930E-4	4.278930E-4	8.131977E-10	1.276113E+2
3.500000E-1	6.446128E-4	6.446128E-4	1.225067E-9	1.287256E+2
4.000000E-1	9.208529E-4	9.208529E-4	1.750053E-9	1.290938E+2
4.500000E-1	1.256624E-3	1.256624E-3	2.388175E-9	1.294609E+2
5.000000E-1	1.660094E-3	1.660094E-3	3.154959E-9	1.298291E+2
5.000000E-1	1.659522E-3	1.659522E-3	3.153872E-9	1.301973E+2
4.500000E-1	1.270797E-3	1.270797E-3	2.415111E-9	1.305645E+2
4.000000E-1	9.243136E-4	9.243136E-4	1.756630E-9	1.309326E+2
3.500000E-1	6.569187E-4	6.569187E-4	1.248454E-9	1.313008E+2
3.000000E-1	4.404768E-4	4.404768E-4	8.371128E-10	1.320410E+2
2.500000E-1	2.817085E-4	2.817085E-4	5.353785E-10	1.324102E+2
2.000000E-1	1.688032E-4	1.688032E-4	3.208054E-10	1.327783E+2
1.500000E-1	9.888893E-5	9.888893E-5	1.879354E-10	1.331465E+2
1.000000E-1	5.139946E-5	5.139946E-5	9.768312E-11	1.343213E+2
5.000000E-2	2.113423E-5	2.113423E-5	4.016497E-11	1.350244E+2
0.000000E+0	8.212891E-8	8.212891E-8	1.560835E-13	1.357275E+2
-5.000000E-2	1.969115E-5	-1.969115E-5	-3.742244E-11	1.364316E+2
-1.000000E-1	4.877679E-5	-4.877679E-5	-9.269881E-11	1.371348E+2
-1.500000E-1	9.658960E-5	-9.658960E-5	-1.835656E-10	1.382500E+2
-2.000000E-1	1.663889E-4	-1.663889E-4	-3.162171E-10	1.386182E+2
-2.500000E-1	2.700657E-4	-2.700657E-4	-5.132517E-10	1.389863E+2
-3.000000E-1	4.006963E-4	-4.006963E-4	-7.615112E-10	1.393555E+2
-3.500000E-1	5.984995E-4	-5.984995E-4	-1.137430E-9	1.404697E+2
-4.000000E-1	8.267046E-4	-8.267046E-4	-1.571127E-9	1.408379E+2
-4.500000E-1	1.121776E-3	-1.121776E-3	-2.131902E-9	1.412051E+2
-5.000000E-1	1.431666E-3	-1.431666E-3	-2.720837E-9	1.415732E+2
-5.000000E-1	1.403744E-3	-1.403744E-3	-2.667772E-9	1.419414E+2
-4.500000E-1	1.048476E-3	-1.048476E-3	-1.992596E-9	1.423086E+2
-4.000000E-1	7.757541E-4	-7.757541E-4	-1.474297E-9	1.426768E+2
-3.500000E-1	5.641727E-4	-5.641727E-4	-1.072193E-9	1.430449E+2
-3.000000E-1	3.803351E-4	-3.803351E-4	-7.228153E-10	1.437861E+2
-2.500000E-1	2.562712E-4	-2.562712E-4	-4.870356E-10	1.441543E+2
-2.000000E-1	1.569486E-4	-1.569486E-4	-2.982760E-10	1.445225E+2
-1.500000E-1	9.358492E-5	-9.358492E-5	-1.778553E-10	1.448916E+2
-1.000000E-1	4.819875E-5	-4.819875E-5	-9.160026E-11	1.460664E+2
-5.000000E-2	2.005783E-5	-2.005783E-5	-3.811930E-11	1.467695E+2
0.000000E+0	1.728307E-7	-1.728307E-7	-3.284595E-13	1.474727E+2
0.000000E+0	2.076334E-7	-2.076334E-7	-3.946010E-13	1.481758E+2
5.000000E-2	1.985137E-5	1.985137E-5	3.772692E-11	1.488789E+2
1.000000E-1	4.743472E-5	4.743472E-5	9.014824E-11	1.495820E+2
1.500000E-1	9.756247E-5	9.756247E-5	1.854145E-10	1.506973E+2
2.000000E-1	1.738563E-4	1.738563E-4	3.304086E-10	1.510654E+2
2.500000E-1	2.791838E-4	2.791838E-4	5.305804E-10	1.514346E+2
3.000000E-1	4.450613E-4	4.450613E-4	8.458255E-10	1.518027E+2
3.500000E-1	5.503429E-4	5.503429E-4	1.045910E-9	1.521709E+2
4.000000E-1	8.957754E-4	8.957754E-4	1.702394E-9	1.532861E+2
4.500000E-1	1.242055E-3	1.242055E-3	2.360488E-9	1.536533E+2
5.000000E-1	1.617594E-3	1.617594E-3	3.074188E-9	1.540215E+2
5.000000E-1	1.626630E-3	1.626630E-3	3.091361E-9	1.543896E+2
4.500000E-1	1.237086E-3	1.237086E-3	2.351045E-9	1.547568E+2
4.000000E-1	9.088317E-4	9.088317E-4	1.727207E-9	1.551250E+2
3.500000E-1	6.213322E-4	6.213322E-4	1.180823E-9	1.554932E+2
3.000000E-1	4.215795E-4	4.215795E-4	8.011990E-10	1.562334E+2
2.500000E-1	2.811417E-4	2.811417E-4	5.343012E-10	1.566025E+2
2.000000E-1	1.846063E-4	1.846063E-4	3.508386E-10	1.569707E+2
1.500000E-1	1.074032E-4	1.074032E-4	2.041166E-10	1.573389E+2
1.000000E-1	5.623905E-5	5.623905E-5	1.068806E-10	1.577070E+2
5.000000E-2	2.270981E-5	2.270981E-5	4.315931E-11	1.588818E+2
0.000000E+0	1.498504E-7	-1.498504E-7	-2.847861E-13	1.595850E+2
-5.000000E-2	2.231933E-5	-2.231933E-5	-4.241721E-11	1.602891E+2
-1.000000E-1	5.541993E-5	-5.541993E-5	-1.053239E-10	1.614043E+2
-1.500000E-1	1.086416E-4	-1.086416E-4	-2.064700E-10	1.617725E+2
-2.000000E-1	1.835592E-4	-1.835592E-4	-3.488487E-10	1.621406E+2
-2.500000E-1	2.938803E-4	-2.938803E-4	-5.585105E-10	1.625098E+2
-3.000000E-1	4.345710E-4	-4.345710E-4	-8.258890E-10	1.628779E+2
-3.500000E-1	5.499120E-4	-5.499120E-4	-1.045091E-9	1.632461E+2
-4.000000E-1	9.069863E-4	-9.069863E-4	-1.723700E-9	1.643613E+2
-4.500000E-1	1.191707E-3	-1.191707E-3	-2.264803E-9	1.647285E+2
-5.000000E-1	1.529917E-3	-1.529917E-3	-2.907560E-9	1.650967E+2
-5.000000E-1	1.516676E-3	-1.516676E-3	-2.882397E-9	1.654648E+2
-4.500000E-1	1.157777E-3	-1.157777E-3	-2.200320E-9	1.658320E+2
-4.000000E-1	8.798857E-4	-8.798857E-4	-1.672196E-9	1.662002E+2
-3.500000E-1	6.365085E-4	-6.365085E-4	-1.209665E-9	1.665684E+2
-3.000000E-1	4.542832E-4	-4.542832E-4	-8.633515E-10	1.673096E+2
-2.500000E-1	3.033266E-4	-3.033266E-4	-5.764630E-10	1.676777E+2
-2.000000E-1	1.879634E-4	-1.879634E-4	-3.572187E-10	1.680459E+2
-1.500000E-1	1.123839E-4	-1.123839E-4	-2.135822E-10	1.684141E+2
-1.000000E-1	5.889649E-5	-5.889649E-5	-1.119310E-10	1.687832E+2
-5.000000E-2	2.364936E-5	-2.364936E-5	-4.494490E-11	1.699580E+2
0.000000E+0	9.368842E-9	-9.368842E-9	-1.780520E-14	1.706611E+2
0.000000E+0	1.479591E-7	-1.479591E-7	-2.811917E-13	1.713652E+2
5.000000E-2	2.573065E-5	2.573065E-5	4.890031E-11	1.720684E+2
1.000000E-1	5.380860E-5	5.380860E-5	1.022616E-10	1.727715E+2
1.500000E-1	5.506160E-5	5.506160E-5	1.046429E-10	1.734746E+2
2.000000E-1	2.113107E-4	2.113107E-4	4.015896E-10	1.745889E+2
2.500000E-1	3.190784E-4	3.190784E-4	6.063989E-10	1.749580E+2
3.000000E-1	4.888132E-4	4.888132E-4	9.289747E-10	1.753262E+2
3.500000E-1	7.038002E-4	7.038002E-4	1.337551E-9	1.764404E+2
4.000000E-1	9.977360E-4	9.977360E-4	1.896167E-9	1.768086E+2
4.500000E-1	1.343576E-3	1.343576E-3	2.553426E-9	1.771768E+2
5.000000E-1	1.825771E-3	1.825771E-3	3.469823E-9	1.775439E+2
5.000000E-1	1.821110E-3	1.821110E-3	3.460965E-9	1.779121E+2
4.500000E-1	1.380919E-3	1.380919E-3	2.624394E-9	1.782793E+2
4.000000E-1	1.018526E-3	1.018526E-3	1.935678E-9	1.786475E+2
3.500000E-1	7.158988E-4	7.158988E-4	1.360544E-9	1.790156E+2
3.000000E-1	4.880768E-4	4.880768E-4	9.275752E-10	1.797559E+2
2.500000E-1	3.267752E-4	3.267752E-4	6.210263E-10	1.801250E+2
2.000000E-1	1.907430E-4	1.907430E-4	3.625013E-10	1.804932E+2
1.500000E-1	1.138985E-4	1.138985E-4	2.164607E-10	1.808613E+2
1.000000E-1	6.088963E-5	6.088963E-5	1.157189E-10	1.812295E+2
5.000000E-2	2.522965E-5	2.522965E-5	4.794819E-11	1.824043E+2
0.000000E+0	1.010126E-7	-1.010126E-7	-1.919714E-13	1.831074E+2
-5.000000E-2	2.363962E-5	-2.363962E-5	-4.492638E-11	1.838115E+2
-1.000000E-1	5.389863E-5	-5.389863E-5	-1.024327E-10	1.845146E+2
-1.500000E-1	1.124614E-4	-1.124614E-4	-2.137294E-10	1.859639E+2
-2.000000E-1	1.955707E-4	-1.955707E-4	-3.716762E-10	1.863320E+2
-2.500000E-1	3.054064E-4	-3.054064E-4	-5.804156E-10	1.867012E+2
-3.000000E-1	4.384267E-4	-4.384267E-4	-8.332167E-10	1.870693E+2
-3.500000E-1	6.270992E-4	-6.270992E-4	-1.191783E-9	1.881836E+2
-4.000000E-1	8.748006E-4	-8.748006E-4	-1.662532E-9	1.885518E+2
-4.500000E-1	1.182134E-3	-1.182134E-3	-2.246610E-9	1.889189E+2
-5.000000E-1	1.548845E-3	-1.548845E-3	-2.943532E-9	1.892871E+2
-5.000000E-1	1.574031E-3	-1.574031E-3	-2.991399E-9	1.896553E+2
-4.500000E-1	1.204521E-3	-1.204521E-3	-2.289156E-9	1.900225E+2
-4.000000E-1	9.036087E-4	-9.036087E-4	-1.717281E-9	1.903906E+2
-3.500000E-1	6.320638E-4	-6.320638E-4	-1.201218E-9	1.907578E+2
-3.000000E-1	4.547355E-4	-4.547355E-4	-8.642110E-10	1.914990E+2
-2.500000E-1	3.068243E-4	-3.068243E-4	-5.831103E-10	1.918672E+2
-2.000000E-1	2.035294E-4	-2.035294E-4	-3.868014E-10	1.922363E+2
-1.500000E-1	1.219690E-4	-1.219690E-4	-2.317984E-10	1.926045E+2
-1.000000E-1	6.410568E-5	-6.410568E-5	-1.218309E-10	1.929727E+2
-5.000000E-2	2.570847E-5	-2.570847E-5	-4.885817E-11	1.941475E+2
0.000000E+0	1.089721E-7	-1.089721E-7	-2.070982E-13	1.948506E+2
0.000000E+0	1.915684E-7	-1.915684E-7	-3.640699E-13	1.955547E+2
5.000000E-2	2.350319E-5	2.350319E-5	4.466710E-11	1.962578E+2
1.000000E-1	5.374424E-5	5.374424E-5	1.021393E-10	1.969609E+2
1.500000E-1	1.136502E-4	1.136502E-4	2.159888E-10	1.980762E+2
2.000000E-1	2.103249E-4	2.103249E-4	3.997161E-10	1.984443E+2
2.500000E-1	3.313193E-4	3.313193E-4	6.296622E-10	1.988125E+2
3.000000E-1	4.898639E-4	4.898639E-4	9.309714E-10	1.991807E+2
3.500000E-1	6.861662E-4	6.861662E-4	1.304038E-9	2.002959E+2
4.000000E-1	9.653251E-4	9.653251E-4	1.834571E-9	2.006631E+2
4.500000E-1	1.293460E-3	1.293460E-3	2.458182E-9	2.010312E+2
5.000000E-1	1.741983E-3	1.741983E-3	3.310586E-9	2.013994E+2
5.000000E-1	1.780092E-3	1.780092E-3	3.383010E-9	2.017666E+2
4.500000E-1	1.396245E-3	1.396245E-3	2.653522E-9	2.021348E+2
4.000000E-1	1.010474E-3	1.010474E-3	1.920375E-9	2.025020E+2
3.500000E-1	7.219342E-4	7.219342E-4	1.372014E-9	2.028701E+2
3.000000E-1	5.145228E-4	5.145228E-4	9.778350E-10	2.036113E+2
2.500000E-1	3.277538E-4	3.277538E-4	6.228861E-10	2.039795E+2
2.000000E-1	2.046132E-4	2.046132E-4	3.888612E-10	2.043477E+2
1.500000E-1	1.213658E-4	1.213658E-4	2.306521E-10	2.047158E+2
1.000000E-1	6.018818E-5	6.018818E-5	1.143858E-10	2.050850E+2
5.000000E-2	2.490268E-5	2.490268E-5	4.732678E-11	2.062598E+2
0.000000E+0	1.180781E-7	-1.180781E-7	-2.244038E-13	2.069629E+2
-5.000000E-2	2.481104E-5	-2.481104E-5	-4.715263E-11	2.076660E+2
-1.000000E-1	5.406669E-5	-5.406669E-5	-1.027521E-10	2.083691E+2
-1.500000E-1	1.088129E-4	-1.088129E-4	-2.067957E-10	2.094844E+2
-2.000000E-1	1.920912E-4	-1.920912E-4	-3.650635E-10	2.098525E+2
-2.500000E-1	2.925879E-4	-2.925879E-4	-5.560544E-10	2.102207E+2
-3.000000E-1	4.416277E-4	-4.416277E-4	-8.393001E-10	2.105898E+2
-3.500000E-1	5.496315E-4	-5.496315E-4	-1.044558E-9	2.109580E+2
-4.000000E-1	9.063228E-4	-9.063228E-4	-1.722439E-9	2.120723E+2
-4.500000E-1	1.217606E-3	-1.217606E-3	-2.314023E-9	2.124404E+2
-5.000000E-1	1.558721E-3	-1.558721E-3	-2.962301E-9	2.128086E+2
-5.000000E-1	1.553549E-3	-1.553549E-3	-2.952472E-9	2.131758E+2
-4.500000E-1	1.172524E-3	-1.172524E-3	-2.228346E-9	2.135439E+2
-4.000000E-1	8.769317E-4	-8.769317E-4	-1.666582E-9	2.139111E+2
-3.500000E-1	6.583494E-4	-6.583494E-4	-1.251173E-9	2.142793E+2
-3.000000E-1	4.424043E-4	-4.424043E-4	-8.407760E-10	2.150205E+2
-2.500000E-1	2.926684E-4	-2.926684E-4	-5.562074E-10	2.153887E+2
-2.000000E-1	1.856829E-4	-1.856829E-4	-3.528848E-10	2.157568E+2
-1.500000E-1	1.060655E-4	-1.060655E-4	-2.015742E-10	2.161250E+2
-1.000000E-1	5.703774E-5	-5.703774E-5	-1.083985E-10	2.164941E+2
-5.000000E-2	2.295550E-5	-2.295550E-5	-4.362623E-11	2.176689E+2
0.000000E+0	2.157098E-8	-2.157098E-8	-4.099499E-14	2.183721E+2
0.000000E+0	1.217146E-7	-1.217146E-7	-2.313150E-13	2.190752E+2
5.000000E-2	2.197094E-5	2.197094E-5	4.175511E-11	2.197783E+2
1.000000E-1	5.575785E-5	5.575785E-5	1.059661E-10	2.208936E+2
1.500000E-1	1.087047E-4	1.087047E-4	2.065900E-10	2.212617E+2
2.000000E-1	1.868533E-4	1.868533E-4	3.551091E-10	2.216299E+2
2.500000E-1	3.014758E-4	3.014758E-4	5.729455E-10	2.219990E+2
3.000000E-1	4.705625E-4	4.705625E-4	8.942898E-10	2.223672E+2
3.500000E-1	6.928661E-4	6.928661E-4	1.316771E-9	2.234814E+2
4.000000E-1	9.859473E-4	9.859473E-4	1.873763E-9	2.238496E+2
4.500000E-1	1.316434E-3	1.316434E-3	2.501843E-9	2.242178E+2
5.000000E-1	1.768002E-3	1.768002E-3	3.360035E-9	2.245850E+2
5.000000E-1	1.802798E-3	1.802798E-3	3.426162E-9	2.249531E+2
4.500000E-1	1.386219E-3	1.386219E-3	2.634468E-9	2.253203E+2
4.000000E-1	9.935391E-4	9.935391E-4	1.888191E-9	2.256885E+2
3.500000E-1	7.006147E-4	7.006147E-4	1.331497E-9	2.260566E+2
3.000000E-1	4.930279E-4	4.930279E-4	9.369846E-10	2.267969E+2
2.500000E-1	3.260146E-4	3.260146E-4	6.195809E-10	2.271660E+2
2.000000E-1	1.952568E-4	1.952568E-4	3.710797E-10	2.275342E+2
1.500000E-1	1.123174E-4	1.123174E-4	2.134558E-10	2.279023E+2
1.000000E-1	5.786001E-5	5.786001E-5	1.099612E-10	2.282705E+2
5.000000E-2	2.352492E-5	2.352492E-5	4.470839E-11	2.294453E+2
0.000000E+0	1.445416E-7	-1.445416E-7	-2.746969E-13	2.301484E+2
-5.000000E-2	2.228530E-5	-2.228530E-5	-4.235254E-11	2.308525E+2
-1.000000E-1	5.631729E-5	-5.631729E-5	-1.070293E-10	2.321348E+2
-1.500000E-1	1.062845E-4	-1.062845E-4	-2.019904E-10	2.325029E+2
-2.000000E-1	1.896328E-4	-1.896328E-4	-3.603913E-10	2.328711E+2
-2.500000E-1	3.133444E-4	-3.133444E-4	-5.955015E-10	2.332393E+2
-3.000000E-1	4.608886E-4	-4.608886E-4	-8.759048E-10	2.336084E+2
-3.500000E-1	5.520677E-4	-5.520677E-4	-1.049188E-9	2.339766E+2
-4.000000E-1	8.747590E-4	-8.747590E-4	-1.662453E-9	2.350908E+2
-4.500000E-1	1.194051E-3	-1.194051E-3	-2.269257E-9	2.354590E+2
-5.000000E-1	1.588187E-3	-1.588187E-3	-3.018302E-9	2.358262E+2
-5.000000E-1	1.591417E-3	-1.591417E-3	-3.024439E-9	2.361943E+2
-4.500000E-1	1.218055E-3	-1.218055E-3	-2.314877E-9	2.365625E+2
-4.000000E-1	9.037040E-4	-9.037040E-4	-1.717462E-9	2.369297E+2
-3.500000E-1	6.496615E-4	-6.496615E-4	-1.234662E-9	2.372979E+2
-3.000000E-1	4.448342E-4	-4.448342E-4	-8.453939E-10	2.380391E+2
-2.500000E-1	2.890716E-4	-2.890716E-4	-5.493718E-10	2.384072E+2
-2.000000E-1	1.807291E-4	-1.807291E-4	-3.434701E-10	2.387754E+2
-1.500000E-1	1.066205E-4	-1.066205E-4	-2.026290E-10	2.391436E+2
-1.000000E-1	5.397618E-5	-5.397618E-5	-1.025801E-10	2.395127E+2
-5.000000E-2	2.391467E-5	-2.391467E-5	-4.544910E-11	2.406875E+2
0.000000E+0	4.498213E-9	4.498213E-9	8.548717E-15	2.413906E+2
0.000000E+0	1.516321E-7	-1.516321E-7	-2.881723E-13	2.420937E+2
5.000000E-2	2.508503E-5	2.508503E-5	4.767334E-11	2.427969E+2
1.000000E-1	6.459603E-5	6.459603E-5	1.227628E-10	2.439121E+2
1.500000E-1	1.236129E-4	1.236129E-4	2.349225E-10	2.442803E+2
2.000000E-1	2.091197E-4	2.091197E-4	3.974257E-10	2.446484E+2
2.500000E-1	3.295384E-4	3.295384E-4	6.262777E-10	2.450166E+2
3.000000E-1	5.036769E-4	5.036769E-4	9.572227E-10	2.453857E+2
3.500000E-1	7.551339E-4	7.551339E-4	1.435109E-9	2.465000E+2
4.000000E-1	1.071888E-3	1.071888E-3	2.037090E-9	2.468682E+2
4.500000E-1	1.476798E-3	1.476798E-3	2.806610E-9	2.472354E+2
5.000000E-1	1.932518E-3	1.932518E-3	3.672691E-9	2.476035E+2
5.000000E-1	1.968302E-3	1.968302E-3	3.740698E-9	2.479707E+2
4.500000E-1	1.489267E-3	1.489267E-3	2.830307E-9	2.483389E+2
4.000000E-1	1.101376E-3	1.101376E-3	2.093132E-9	2.487070E+2
3.500000E-1	7.947214E-4	7.947214E-4	1.510344E-9	2.490742E+2
3.000000E-1	5.381064E-4	5.381064E-4	1.022655E-9	2.494424E+2
2.500000E-1	3.544087E-4	3.544087E-4	6.735430E-10	2.501836E+2
2.000000E-1	2.253079E-4	2.253079E-4	4.281909E-10	2.505518E+2
1.500000E-1	1.333451E-4	1.333451E-4	2.534184E-10	2.509199E+2
1.000000E-1	7.267309E-5	7.267309E-5	1.381130E-10	2.512881E+2
5.000000E-2	2.546324E-5	2.546324E-5	4.839211E-11	2.524629E+2
0.000000E+0	1.731374E-7	-1.731374E-7	-3.290423E-13	2.531660E+2
-5.000000E-2	2.498823E-5	-2.498823E-5	-4.748937E-11	2.538701E+2
-1.000000E-1	5.631776E-5	-5.631776E-5	-1.070302E-10	2.549854E+2
-1.500000E-1	1.082682E-4	-1.082682E-4	-2.057605E-10	2.553535E+2
-2.000000E-1	1.864373E-4	-1.864373E-4	-3.543184E-10	2.557217E+2
-2.500000E-1	3.193896E-4	-3.193896E-4	-6.069903E-10	2.560898E+2
-3.000000E-1	4.664854E-4	-4.664854E-4	-8.865414E-10	2.564590E+2
-3.500000E-1	5.521688E-4	-5.521688E-4	-1.049380E-9	2.568271E+2
-4.000000E-1	9.269798E-4	-9.269798E-4	-1.761697E-9	2.579414E+2
-4.500000E-1	1.248021E-3	-1.248021E-3	-2.371827E-9	2.583096E+2
-5.000000E-1	1.663452E-3	-1.663452E-3	-3.161340E-9	2.586777E+2
-5.000000E-1	1.637861E-3	-1.637861E-3	-3.112705E-9	2.590449E+2
-4.500000E-1	1.257675E-3	-1.257675E-3	-2.390173E-9	2.594131E+2
-4.000000E-1	9.213933E-4	-9.213933E-4	-1.751080E-9	2.597803E+2
-3.500000E-1	6.627199E-4	-6.627199E-4	-1.259479E-9	2.601484E+2
-3.000000E-1	4.835123E-4	-4.835123E-4	-9.189004E-10	2.608896E+2
-2.500000E-1	3.223890E-4	-3.223890E-4	-6.126905E-10	2.612578E+2
-2.000000E-1	1.866832E-4	-1.866832E-4	-3.547858E-10	2.616260E+2
-1.500000E-1	1.090748E-4	-1.090748E-4	-2.072933E-10	2.619941E+2
-1.000000E-1	5.707126E-5	-5.707126E-5	-1.084622E-10	2.623633E+2
-5.000000E-2	2.538837E-5	-2.538837E-5	-4.824983E-11	2.635381E+2
0.000000E+0	1.903708E-8	1.903708E-8	3.617939E-14	2.642412E+2
0.000000E+0	1.638635E-7	-1.638635E-7	-3.114176E-13	2.649443E+2
5.000000E-2	2.500058E-5	2.500058E-5	4.751285E-11	2.656475E+2
1.000000E-1	6.055156E-5	6.055156E-5	1.150764E-10	2.667627E+2
1.500000E-1	1.162867E-4	1.162867E-4	2.209994E-10	2.671309E+2
2.000000E-1	2.068095E-4	2.068095E-4	3.930352E-10	2.674990E+2
2.500000E-1	3.284944E-4	3.284944E-4	6.242937E-10	2.678682E+2
3.000000E-1	4.941487E-4	4.941487E-4	9.391147E-10	2.682363E+2
3.500000E-1	7.174111E-4	7.174111E-4	1.363418E-9	2.693506E+2
4.000000E-1	1.025527E-3	1.025527E-3	1.948983E-9	2.697188E+2
4.500000E-1	1.400639E-3	1.400639E-3	2.661872E-9	2.700859E+2
5.000000E-1	1.925724E-3	1.925724E-3	3.659781E-9	2.704541E+2
5.000000E-1	1.921411E-3	1.921411E-3	3.651584E-9	2.708223E+2
4.500000E-1	1.449207E-3	1.449207E-3	2.754174E-9	2.711895E+2
4.000000E-1	1.039260E-3	1.039260E-3	1.975083E-9	2.715576E+2
3.500000E-1	7.434273E-4	7.434273E-4	1.412861E-9	2.719248E+2
3.000000E-1	5.099126E-4	5.099126E-4	9.690735E-10	2.726660E+2
2.500000E-1	3.467805E-4	3.467805E-4	6.590458E-10	2.730342E+2
2.000000E-1	2.074490E-4	2.074490E-4	3.942506E-10	2.734033E+2
1.500000E-1	1.186094E-4	1.186094E-4	2.254135E-10	2.737715E+2
1.000000E-1	6.140630E-5	6.140630E-5	1.167008E-10	2.741396E+2
5.000000E-2	2.620035E-5	2.620035E-5	4.979297E-11	2.753145E+2
0.000000E+0	1.714725E-7	-1.714725E-7	-3.258782E-13	2.760176E+2
-5.000000E-2	2.466394E-5	-2.466394E-5	-4.687306E-11	2.767207E+2
-1.000000E-1	6.104007E-5	-6.104007E-5	-1.160048E-10	2.781709E+2
-1.500000E-1	1.153944E-4	-1.153944E-4	-2.193035E-10	2.785391E+2
-2.000000E-1	1.952230E-4	-1.952230E-4	-3.710154E-10	2.789072E+2
-2.500000E-1	3.045513E-4	-3.045513E-4	-5.787905E-10	2.792754E+2
-3.000000E-1	4.872648E-4	-4.872648E-4	-9.260320E-10	2.796445E+2
-3.500000E-1	6.536158E-4	-6.536158E-4	-1.242177E-9	2.807588E+2
-4.000000E-1	9.236280E-4	-9.236280E-4	-1.755327E-9	2.811270E+2
-4.500000E-1	1.261379E-3	-1.261379E-3	-2.397213E-9	2.814941E+2
-5.000000E-1	1.631253E-3	-1.631253E-3	-3.100146E-9	2.818623E+2
-5.000000E-1	1.670859E-3	-1.670859E-3	-3.175417E-9	2.822295E+2
-4.500000E-1	1.272279E-3	-1.272279E-3	-2.417927E-9	2.825977E+2
-4.000000E-1	9.422787E-4	-9.422787E-4	-1.790772E-9	2.829658E+2
-3.500000E-1	6.815763E-4	-6.815763E-4	-1.295315E-9	2.833330E+2
-3.000000E-1	4.574250E-4	-4.574250E-4	-8.693223E-10	2.840742E+2
-2.500000E-1	2.944127E-4	-2.944127E-4	-5.595223E-10	2.844424E+2
-2.000000E-1	1.986971E-4	-1.986971E-4	-3.776178E-10	2.848115E+2
-1.500000E-1	1.193861E-4	-1.193861E-4	-2.268896E-10	2.851797E+2
-1.000000E-1	6.297517E-5	-6.297517E-5	-1.196824E-10	2.855479E+2
-5.000000E-2	2.629485E-5	-2.629485E-5	-4.997257E-11	2.867227E+2
0.000000E+0	1.442933E-8	-1.442933E-8	-2.742251E-14	2.874258E+2
0.000000E+0	1.613223E-7	-1.613223E-7	-3.065881E-13	2.881299E+2
5.000000E-2	2.699100E-5	2.699100E-5	5.129557E-11	2.888330E+2
1.000000E-1	6.823666E-5	6.823666E-5	1.296817E-10	2.899473E+2
1.500000E-1	1.375394E-4	1.375394E-4	2.613894E-10	2.903164E+2
2.000000E-1	2.316395E-4	2.316395E-4	4.402238E-10	2.906846E+2
2.500000E-1	3.722881E-4	3.722881E-4	7.075222E-10	2.910527E+2
3.000000E-1	5.391067E-4	5.391067E-4	1.024556E-9	2.914209E+2
3.500000E-1	7.838084E-4	7.838084E-4	1.489604E-9	2.925361E+2
4.000000E-1	1.053678E-3	1.053678E-3	2.002484E-9	2.929033E+2
4.500000E-1	1.484426E-3	1.484426E-3	2.821107E-9	2.932715E+2
5.000000E-1	2.005322E-3	2.005322E-3	3.811054E-9	2.936396E+2
5.000000E-1	1.951097E-3	1.951097E-3	3.708001E-9	2.940068E+2
4.500000E-1	1.524820E-3	1.524820E-3	2.897875E-9	2.943750E+2
4.000000E-1	1.111000E-3	1.111000E-3	2.111421E-9	2.947422E+2
3.500000E-1	7.941669E-4	7.941669E-4	1.509290E-9	2.951104E+2
3.000000E-1	5.709442E-4	5.709442E-4	1.085062E-9	2.954785E+2
2.500000E-1	3.646344E-4	3.646344E-4	6.929767E-10	2.962188E+2
2.000000E-1	2.237038E-4	2.237038E-4	4.251422E-10	2.965879E+2
1.500000E-1	1.328696E-4	1.328696E-4	2.525147E-10	2.969561E+2
1.000000E-1	7.224441E-5	7.224441E-5	1.372983E-10	2.973242E+2
5.000000E-2	3.081096E-5	3.081096E-5	5.855529E-11	2.984990E+2
0.000000E+0	2.128108E-7	-2.128108E-7	-4.044404E-13	2.992021E+2
-5.000000E-2	2.640282E-5	-2.640282E-5	-5.017775E-11	2.999053E+2
-1.000000E-1	6.348352E-5	-6.348352E-5	-1.206485E-10	3.011875E+2
-1.500000E-1	1.191310E-4	-1.191310E-4	-2.264048E-10	3.015566E+2
-2.000000E-1	1.988114E-4	-1.988114E-4	-3.778350E-10	3.019248E+2
-2.500000E-1	3.127306E-4	-3.127306E-4	-5.943349E-10	3.022930E+2
-3.000000E-1	4.720230E-4	-4.720230E-4	-8.970654E-10	3.026611E+2
-3.500000E-1	6.687100E-4	-6.687100E-4	-1.270863E-9	3.037764E+2
-4.000000E-1	9.242068E-4	-9.242068E-4	-1.756427E-9	3.041445E+2
-4.500000E-1	1.241941E-3	-1.241941E-3	-2.360272E-9	3.045117E+2
-5.000000E-1	1.636488E-3	-1.636488E-3	-3.110095E-9	3.048799E+2
-5.000000E-1	1.630488E-3	-1.630488E-3	-3.098693E-9	3.052471E+2
-4.500000E-1	1.308659E-3	-1.308659E-3	-2.487067E-9	3.056152E+2
-4.000000E-1	9.582936E-4	-9.582936E-4	-1.821208E-9	3.059834E+2
-3.500000E-1	7.131637E-4	-7.131637E-4	-1.355346E-9	3.063506E+2
-3.000000E-1	5.009341E-4	-5.009341E-4	-9.520101E-10	3.070918E+2
-2.500000E-1	3.239146E-4	-3.239146E-4	-6.155899E-10	3.074600E+2
-2.000000E-1	2.139185E-4	-2.139185E-4	-4.065456E-10	3.078281E+2
-1.500000E-1	1.270948E-4	-1.270948E-4	-2.415398E-10	3.081973E+2
-1.000000E-1	6.356950E-5	-6.356950E-5	-1.208119E-10	3.085654E+2
-5.000000E-2	2.522143E-5	-2.522143E-5	-4.793257E-11	3.097402E+2
0.000000E+0	3.564250E-8	-3.564250E-8	-6.773748E-14	3.104434E+2
0.000000E+0	1.836673E-7	-1.836673E-7	-3.490541E-13	3.111475E+2
5.000000E-2	2.417198E-5	2.417198E-5	4.593811E-11	3.118506E+2
1.000000E-1	6.570802E-5	6.570802E-5	1.248761E-10	3.129648E+2
1.500000E-1	1.236659E-4	1.236659E-4	2.350233E-10	3.133340E+2
2.000000E-1	2.036452E-4	2.036452E-4	3.870215E-10	3.137021E+2
2.500000E-1	3.398561E-4	3.398561E-4	6.458863E-10	3.140703E+2
3.000000E-1	5.303263E-4	5.303263E-4	1.007869E-9	3.144385E+2
3.500000E-1	7.547945E-4	7.547945E-4	1.434464E-9	3.155537E+2
4.000000E-1	1.062831E-3	1.062831E-3	2.019878E-9	3.159209E+2
4.500000E-1	1.462766E-3	1.462766E-3	2.779943E-9	3.162891E+2
5.000000E-1	1.986148E-3	1.986148E-3	3.774613E-9	3.166562E+2
5.000000E-1	1.920026E-3	1.920026E-3	3.648951E-9	3.170244E+2
4.500000E-1	1.489350E-3	1.489350E-3	2.830464E-9	3.173926E+2
4.000000E-1	1.075887E-3	1.075887E-3	2.044691E-9	3.177598E+2
3.500000E-1	7.649656E-4	7.649656E-4	1.453794E-9	3.181279E+2
3.000000E-1	5.286441E-4	5.286441E-4	1.004672E-9	3.188691E+2
2.500000E-1	3.448007E-4	3.448007E-4	6.552833E-10	3.192373E+2
2.000000E-1	2.154287E-4	2.154287E-4	4.094156E-10	3.196055E+2
1.500000E-1	1.311880E-4	1.311880E-4	2.493189E-10	3.199736E+2
1.000000E-1	6.943605E-5	6.943605E-5	1.319611E-10	3.203418E+2
5.000000E-2	2.671475E-5	2.671475E-5	5.077058E-11	3.215166E+2
0.000000E+0	2.561206E-7	-2.561206E-7	-4.867495E-13	3.222197E+2
-5.000000E-2	2.647011E-5	-2.647011E-5	-5.030563E-11	3.229238E+2
-1.000000E-1	6.953071E-5	-6.953071E-5	-1.321410E-10	3.240391E+2
-1.500000E-1	1.218195E-4	-1.218195E-4	-2.315143E-10	3.244072E+2
-2.000000E-1	2.142151E-4	-2.142151E-4	-4.071093E-10	3.247754E+2
-2.500000E-1	3.241566E-4	-3.241566E-4	-6.160498E-10	3.251436E+2
-3.000000E-1	5.019357E-4	-5.019357E-4	-9.539135E-10	3.255127E+2
-3.500000E-1	7.184877E-4	-7.184877E-4	-1.365464E-9	3.266270E+2
-4.000000E-1	9.728748E-4	-9.728748E-4	-1.848919E-9	3.269951E+2
-4.500000E-1	1.326292E-3	-1.326292E-3	-2.520578E-9	3.273623E+2
-5.000000E-1	1.722786E-3	-1.722786E-3	-3.274103E-9	3.277305E+2
-5.000000E-1	1.734253E-3	-1.734253E-3	-3.295895E-9	3.280986E+2
-4.500000E-1	1.333203E-3	-1.333203E-3	-2.533712E-9	3.284658E+2
-4.000000E-1	1.005294E-3	-1.005294E-3	-1.910530E-9	3.288340E+2
-3.500000E-1	7.053988E-4	-7.053988E-4	-1.340589E-9	3.292012E+2
-3.000000E-1	4.946587E-4	-4.946587E-4	-9.400839E-10	3.299424E+2
-2.500000E-1	3.386709E-4	-3.386709E-4	-6.436337E-10	3.303105E+2
-2.000000E-1	2.159687E-4	-2.159687E-4	-4.104420E-10	3.306797E+2
-1.500000E-1	1.267851E-4	-1.267851E-4	-2.409513E-10	3.310479E+2
-1.000000E-1	6.599453E-5	-6.599453E-5	-1.254206E-10	3.314160E+2
-5.000000E-2	2.632373E-5	-2.632373E-5	-5.002745E-11	3.325908E+2
0.000000E+0	1.431980E-8	-1.431980E-8	-2.721434E-14	3.332939E+2
0.000000E+0	1.946207E-7	-1.946207E-7	-3.698708E-13	3.339980E+2
5.000000E-2	2.778892E-5	2.778892E-5	5.281200E-11	3.347012E+2
1.000000E-1	6.510486E-5	6.510486E-5	1.237298E-10	3.358154E+2
1.500000E-1	1.192659E-4	1.192659E-4	2.266612E-10	3.361846E+2
2.000000E-1	2.085011E-4	2.085011E-4	3.962500E-10	3.365527E+2
2.500000E-1	3.519841E-4	3.519841E-4	6.689352E-10	3.369209E+2
3.000000E-1	5.323389E-4	5.323389E-4	1.011694E-9	3.372891E+2
3.500000E-1	8.326931E-4	8.326931E-4	1.582508E-9	3.384043E+2
4.000000E-1	1.116368E-3	1.116368E-3	2.121623E-9	3.387715E+2
4.500000E-1	1.515310E-3	1.515310E-3	2.879800E-9	3.391396E+2
5.000000E-1	1.993558E-3	1.993558E-3	3.788696E-9	3.395078E+2
5.000000E-1	2.005390E-3	2.005390E-3	3.811183E-9	3.398750E+2
4.500000E-1	1.566400E-3	1.566400E-3	2.976896E-9	3.402432E+2
4.000000E-1	1.100855E-3	1.100855E-3	2.092142E-9	3.406104E+2
3.500000E-1	7.755646E-4	7.755646E-4	1.473937E-9	3.409785E+2
3.000000E-1	5.436298E-4	5.436298E-4	1.033152E-9	3.413467E+2
2.500000E-1	3.509445E-4	3.509445E-4	6.669593E-10	3.420869E+2
2.000000E-1	2.191080E-4	2.191080E-4	4.164081E-10	3.424561E+2
1.500000E-1	1.289646E-4	1.289646E-4	2.450934E-10	3.428242E+2
1.000000E-1	6.851001E-5	6.851001E-5	1.302012E-10	3.431924E+2
5.000000E-2	2.721673E-5	2.721673E-5	5.172457E-11	3.443672E+2
0.000000E+0	2.363168E-7	-2.363168E-7	-4.491130E-13	3.450703E+2
-5.000000E-2	2.563986E-5	-2.563986E-5	-4.872777E-11	3.457734E+2
-1.000000E-1	6.234369E-5	-6.234369E-5	-1.184823E-10	3.468887E+2
-1.500000E-1	1.242025E-4	-1.242025E-4	-2.360430E-10	3.472578E+2
-2.000000E-1	2.117523E-4	-2.117523E-4	-4.024288E-10	3.476260E+2
-2.500000E-1	3.355392E-4	-3.355392E-4	-6.376820E-10	3.479941E+2
-3.000000E-1	4.985497E-4	-4.985497E-4	-9.474787E-10	3.483623E+2
-3.500000E-1	7.237385E-4	-7.237385E-4	-1.375443E-9	3.494775E+2
-4.000000E-1	1.015002E-3	-1.015002E-3	-1.928981E-9	3.498447E+2
-4.500000E-1	1.345909E-3	-1.345909E-3	-2.557860E-9	3.502129E+2
-5.000000E-1	1.754345E-3	-1.754345E-3	-3.334080E-9	3.505811E+2
-5.000000E-1	1.764837E-3	-1.764837E-3	-3.354019E-9	3.509482E+2
-4.500000E-1	1.357430E-3	-1.357430E-3	-2.579755E-9	3.513164E+2
-4.000000E-1	1.005333E-3	-1.005333E-3	-1.910605E-9	3.516836E+2
-3.500000E-1	7.244714E-4	-7.244714E-4	-1.376836E-9	3.520518E+2
-3.000000E-1	5.145510E-4	-5.145510E-4	-9.778885E-10	3.527930E+2
-2.500000E-1	3.428603E-4	-3.428603E-4	-6.515956E-10	3.531611E+2
-2.000000E-1	2.261907E-4	-2.261907E-4	-4.298686E-10	3.535293E+2
-1.500000E-1	1.237736E-4	-1.237736E-4	-2.352279E-10	3.538984E+2
-1.000000E-1	7.112258E-5	-7.112258E-5	-1.351663E-10	3.542666E+2
-5.000000E-2	2.895237E-5	-2.895237E-5	-5.502310E-11	3.554414E+2
0.000000E+0	2.220627E-8	2.220627E-8	4.220235E-14	3.561445E+2
0.000000E+0	1.366186E-7	-1.366186E-7	-2.596395E-13	3.568477E+2
5.000000E-2	3.583084E-5	3.583084E-5	6.809542E-11	3.575508E+2
1.000000E-1	5.464091E-5	5.464091E-5	1.038434E-10	3.582539E+2
1.500000E-1	1.322777E-4	1.322777E-4	2.513898E-10	3.593691E+2
2.000000E-1	2.296667E-4	2.296667E-4	4.364746E-10	3.597373E+2
2.500000E-1	3.626726E-4	3.626726E-4	6.892482E-10	3.601055E+2
3.000000E-1	6.012319E-4	6.012319E-4	1.142623E-9	3.612207E+2
3.500000E-1	8.295339E-4	8.295339E-4	1.576504E-9	3.615879E+2
4.000000E-1	1.149785E-3	1.149785E-3	2.185131E-9	3.619561E+2
4.500000E-1	1.512081E-3	1.512081E-3	2.873664E-9	3.623242E+2
5.000000E-1	2.009283E-3	2.009283E-3	3.818582E-9	3.626914E+2
5.000000E-1	2.053140E-3	2.053140E-3	3.901931E-9	3.630596E+2
4.500000E-1	1.561723E-3	1.561723E-3	2.968008E-9	3.634268E+2
4.000000E-1	1.159167E-3	1.159167E-3	2.202961E-9	3.637949E+2
3.500000E-1	8.233491E-4	8.233491E-4	1.564750E-9	3.641631E+2
3.000000E-1	5.878468E-4	5.878468E-4	1.117185E-9	3.645303E+2
2.500000E-1	3.854895E-4	3.854895E-4	7.326111E-10	3.652715E+2
2.000000E-1	2.464105E-4	2.464105E-4	4.682957E-10	3.656396E+2
1.500000E-1	1.526320E-4	1.526320E-4	2.900725E-10	3.660078E+2
1.000000E-1	7.773710E-5	7.773710E-5	1.477370E-10	3.663770E+2
5.000000E-2	2.870494E-5	2.870494E-5	5.455286E-11	3.675518E+2
0.000000E+0	1.515518E-7	-1.515518E-7	-2.880196E-13	3.682549E+2
-5.000000E-2	2.832403E-5	-2.832403E-5	-5.382896E-11	3.689580E+2
-1.000000E-1	5.429532E-5	-5.429532E-5	-1.031866E-10	3.696611E+2
-1.500000E-1	1.343913E-4	-1.343913E-4	-2.554065E-10	3.707764E+2
-2.000000E-1	2.239754E-4	-2.239754E-4	-4.256585E-10	3.711445E+2
-2.500000E-1	3.562693E-4	-3.562693E-4	-6.770789E-10	3.715127E+2
-3.000000E-1	5.374145E-4	-5.374145E-4	-1.021340E-9	3.718818E+2
-3.500000E-1	7.357823E-4	-7.357823E-4	-1.398332E-9	3.729961E+2
-4.000000E-1	1.014359E-3	-1.014359E-3	-1.927758E-9	3.733643E+2
-4.500000E-1	1.346123E-3	-1.346123E-3	-2.558266E-9	3.737314E+2
-5.000000E-1	1.719873E-3	-1.719873E-3	-3.268566E-9	3.740996E+2
-5.000000E-1	1.702672E-3	-1.702672E-3	-3.235876E-9	3.744678E+2
-4.500000E-1	1.313955E-3	-1.313955E-3	-2.497131E-9	3.748350E+2
-4.000000E-1	9.831344E-4	-9.831344E-4	-1.868417E-9	3.752031E+2
-3.500000E-1	7.302842E-4	-7.302842E-4	-1.387883E-9	3.755703E+2
-3.000000E-1	5.280342E-4	-5.280342E-4	-1.003513E-9	3.759385E+2
-2.500000E-1	3.404488E-4	-3.404488E-4	-6.470126E-10	3.766797E+2
-2.000000E-1	2.345022E-4	-2.345022E-4	-4.456644E-10	3.770479E+2
-1.500000E-1	1.356579E-4	-1.356579E-4	-2.578137E-10	3.774160E+2
-1.000000E-1	6.906967E-5	-6.906967E-5	-1.312648E-10	3.777842E+2
-5.000000E-2	2.916613E-5	-2.916613E-5	-5.542934E-11	3.789590E+2
0.000000E+0	8.253055E-8	-8.253055E-8	-1.568468E-13	3.796621E+2
0.000000E+0	2.012950E-7	-2.012950E-7	-3.825551E-13	3.803662E+2
5.000000E-2	2.946149E-5	2.946149E-5	5.599066E-11	3.810693E+2
1.000000E-1	5.429079E-5	5.429079E-5	1.031780E-10	3.817725E+2
1.500000E-1	1.262685E-4	1.262685E-4	2.399695E-10	3.828877E+2
2.000000E-1	2.196941E-4	2.196941E-4	4.175220E-10	3.832559E+2
2.500000E-1	3.552370E-4	3.552370E-4	6.751172E-10	3.836240E+2
3.000000E-1	5.352508E-4	5.352508E-4	1.017228E-9	3.839922E+2
3.500000E-1	7.916901E-4	7.916901E-4	1.504583E-9	3.851074E+2
4.000000E-1	1.098684E-3	1.098684E-3	2.088015E-9	3.854746E+2
4.500000E-1	1.527328E-3	1.527328E-3	2.902641E-9	3.858428E+2
5.000000E-1	2.001764E-3	2.001764E-3	3.804291E-9	3.862109E+2
5.000000E-1	2.046506E-3	2.046506E-3	3.889322E-9	3.865781E+2
4.500000E-1	1.526796E-3	1.526796E-3	2.901629E-9	3.869463E+2
4.000000E-1	1.118223E-3	1.118223E-3	2.125149E-9	3.873135E+2
3.500000E-1	8.212580E-4	8.212580E-4	1.560776E-9	3.876816E+2
3.000000E-1	5.581289E-4	5.581289E-4	1.060707E-9	3.880498E+2
2.500000E-1	3.712647E-4	3.712647E-4	7.055774E-10	3.887900E+2
2.000000E-1	2.306819E-4	2.306819E-4	4.384039E-10	3.891592E+2
1.500000E-1	1.436823E-4	1.436823E-4	2.730639E-10	3.895273E+2
1.000000E-1	7.680233E-5	7.680233E-5	1.459605E-10	3.898955E+2
5.000000E-2	2.906259E-5	2.906259E-5	5.523256E-11	3.910703E+2
0.000000E+0	2.291825E-7	-2.291825E-7	-4.355544E-13	3.917734E+2
-5.000000E-2	2.912288E-5	-2.912288E-5	-5.534714E-11	3.924766E+2
-1.000000E-1	6.670004E-5	-6.670004E-5	-1.267614E-10	3.939268E+2
-1.500000E-1	1.240837E-4	-1.240837E-4	-2.358174E-10	3.942949E+2
-2.000000E-1	2.105394E-4	-2.105394E-4	-4.001238E-10	3.946631E+2
-2.500000E-1	3.372177E-4	-3.372177E-4	-6.408719E-10	3.950312E+2
-3.000000E-1	5.125804E-4	-5.125804E-4	-9.741435E-10	3.954004E+2
-3.500000E-1	7.764565E-4	-7.764565E-4	-1.475632E-9	3.965146E+2
-4.000000E-1	1.018012E-3	-1.018012E-3	-1.934701E-9	3.968828E+2
-4.500000E-1	1.383118E-3	-1.383118E-3	-2.628573E-9	3.972500E+2
-5.000000E-1	1.810226E-3	-1.810226E-3	-3.440279E-9	3.976182E+2
-5.000000E-1	1.812241E-3	-1.812241E-3	-3.444109E-9	3.979863E+2
-4.500000E-1	1.416973E-3	-1.416973E-3	-2.692914E-9	3.983535E+2
-4.000000E-1	1.053536E-3	-1.053536E-3	-2.002214E-9	3.987217E+2
-3.500000E-1	7.497168E-4	-7.497168E-4	-1.424814E-9	3.990889E+2
-3.000000E-1	5.414846E-4	-5.414846E-4	-1.029075E-9	3.994570E+2
-2.500000E-1	3.850413E-4	-3.850413E-4	-7.317592E-10	4.001982E+2
-2.000000E-1	2.316672E-4	-2.316672E-4	-4.402765E-10	4.005664E+2
-1.500000E-1	1.417278E-4	-1.417278E-4	-2.693493E-10	4.009346E+2
-1.000000E-1	7.589408E-5	-7.589408E-5	-1.442344E-10	4.013027E+2
-5.000000E-2	3.092502E-5	-3.092502E-5	-5.877206E-11	4.024775E+2
0.000000E+0	1.035465E-8	1.035465E-8	1.967870E-14	4.031807E+2
0.000000E+0	2.023685E-7	-2.023685E-7	-3.845951E-13	4.038848E+2
5.000000E-2	2.906895E-5	2.906895E-5	5.524466E-11	4.045879E+2
1.000000E-1	6.832237E-5	6.832237E-5	1.298446E-10	4.057031E+2
1.500000E-1	1.303669E-4	1.303669E-4	2.477584E-10	4.060713E+2
2.000000E-1	2.343477E-4	2.343477E-4	4.453707E-10	4.064395E+2
2.500000E-1	3.771596E-4	3.771596E-4	7.167804E-10	4.068076E+2
3.000000E-1	5.425759E-4	5.425759E-4	1.031149E-9	4.071758E+2
3.500000E-1	8.121519E-4	8.121519E-4	1.543470E-9	4.082910E+2
4.000000E-1	1.157086E-3	1.157086E-3	2.199007E-9	4.086592E+2
4.500000E-1	1.573691E-3	1.573691E-3	2.990752E-9	4.090264E+2
5.000000E-1	2.079323E-3	2.079323E-3	3.951691E-9	4.093945E+2
5.000000E-1	2.045036E-3	2.045036E-3	3.886528E-9	4.097617E+2
4.500000E-1	1.581970E-3	1.581970E-3	3.006485E-9	4.101299E+2
4.000000E-1	1.150877E-3	1.150877E-3	2.187207E-9	4.104980E+2
3.500000E-1	8.287299E-4	8.287299E-4	1.574976E-9	4.108652E+2
3.000000E-1	5.908608E-4	5.908608E-4	1.122913E-9	4.112334E+2
2.500000E-1	3.674374E-4	3.674374E-4	6.983037E-10	4.119746E+2
2.000000E-1	2.373157E-4	2.373157E-4	4.510113E-10	4.123428E+2
1.500000E-1	1.438854E-4	1.438854E-4	2.734498E-10	4.127109E+2
1.000000E-1	7.469522E-5	7.469522E-5	1.419560E-10	4.130791E+2
5.000000E-2	3.065263E-5	3.065263E-5	5.825440E-11	4.142539E+2
0.000000E+0	3.051848E-7	-3.051848E-7	-5.799944E-13	4.149570E+2
-5.000000E-2	2.789114E-5	-2.789114E-5	-5.300627E-11	4.156602E+2
-1.000000E-1	7.338291E-5	-7.338291E-5	-1.394620E-10	4.167754E+2
-1.500000E-1	1.386915E-4	-1.386915E-4	-2.635790E-10	4.171445E+2
-2.000000E-1	2.374910E-4	-2.374910E-4	-4.513445E-10	4.175127E+2
-2.500000E-1	3.678665E-4	-3.678665E-4	-6.991191E-10	4.178809E+2
-3.000000E-1	5.358649E-4	-5.358649E-4	-1.018395E-9	4.182490E+2
-3.500000E-1	7.297775E-4	-7.297775E-4	-1.386920E-9	4.193643E+2
-4.000000E-1	1.030116E-3	-1.030116E-3	-1.957705E-9	4.197314E+2
-4.500000E-1	1.394552E-3	-1.394552E-3	-2.650303E-9	4.200996E+2
-5.000000E-1	1.807396E-3	-1.807396E-3	-3.434902E-9	4.204678E+2
-5.000000E-1	1.818341E-3	-1.818341E-3	-3.455702E-9	4.208350E+2
-4.500000E-1	1.391315E-3	-1.391315E-3	-2.644152E-9	4.212031E+2
-4.000000E-1	1.028296E-3	-1.028296E-3	-1.954245E-9	4.215703E+2
-3.500000E-1	7.674845E-4	-7.674845E-4	-1.458581E-9	4.219385E+2
-3.000000E-1	5.295517E-4	-5.295517E-4	-1.006397E-9	4.223066E+2
-2.500000E-1	3.576023E-4	-3.576023E-4	-6.796123E-10	4.230469E+2
-2.000000E-1	2.261016E-4	-2.261016E-4	-4.296993E-10	4.234160E+2
-1.500000E-1	1.357878E-4	-1.357878E-4	-2.580606E-10	4.237842E+2
-1.000000E-1	7.319012E-5	-7.319012E-5	-1.390956E-10	4.241523E+2
-5.000000E-2	2.953220E-5	-2.953220E-5	-5.612505E-11	4.253271E+2
0.000000E+0	4.729696E-8	4.729696E-8	8.988643E-14	4.260303E+2
0.000000E+0	1.996667E-7	-1.996667E-7	-3.794604E-13	4.267344E+2
5.000000E-2	2.874772E-5	2.874772E-5	5.463417E-11	4.274375E+2
1.000000E-1	5.432026E-5	5.432026E-5	1.032340E-10	4.281406E+2
1.500000E-1	1.401448E-4	1.401448E-4	2.663409E-10	4.295898E+2
2.000000E-1	2.241308E-4	2.241308E-4	4.259538E-10	4.299580E+2
2.500000E-1	3.641333E-4	3.641333E-4	6.920243E-10	4.303262E+2
3.000000E-1	5.363285E-4	5.363285E-4	1.019276E-9	4.306953E+2
3.500000E-1	8.331794E-4	8.331794E-4	1.583432E-9	4.318096E+2
4.000000E-1	1.110636E-3	1.110636E-3	2.110731E-9	4.321777E+2
4.500000E-1	1.525588E-3	1.525588E-3	2.899333E-9	4.325449E+2
5.000000E-1	2.036915E-3	2.036915E-3	3.871096E-9	4.329131E+2
5.000000E-1	2.075092E-3	2.075092E-3	3.943649E-9	4.332813E+2
4.500000E-1	1.544106E-3	1.544106E-3	2.934526E-9	4.336484E+2
4.000000E-1	1.123166E-3	1.123166E-3	2.134542E-9	4.340166E+2
3.500000E-1	8.420655E-4	8.420655E-4	1.600320E-9	4.343838E+2
3.000000E-1	5.842556E-4	5.842556E-4	1.110360E-9	4.347520E+2
2.500000E-1	3.743477E-4	3.743477E-4	7.114364E-10	4.354932E+2
2.000000E-1	2.448118E-4	2.448118E-4	4.652573E-10	4.358613E+2
1.500000E-1	1.510306E-4	1.510306E-4	2.870291E-10	4.362295E+2
1.000000E-1	7.789059E-5	7.789059E-5	1.480287E-10	4.365977E+2
5.000000E-2	3.154668E-5	3.154668E-5	5.995351E-11	4.377725E+2
0.000000E+0	2.513669E-7	-2.513669E-7	-4.777151E-13	4.384756E+2
-5.000000E-2	3.133937E-5	-3.133937E-5	-5.955952E-11	4.391797E+2
-1.000000E-1	5.437493E-5	-5.437493E-5	-1.033379E-10	4.398828E+2
-1.500000E-1	1.349820E-4	-1.349820E-4	-2.565291E-10	4.413320E+2
-2.000000E-1	2.228122E-4	-2.228122E-4	-4.234478E-10	4.417002E+2
-2.500000E-1	3.433454E-4	-3.433454E-4	-6.525175E-10	4.420693E+2
-3.000000E-1	5.260822E-4	-5.260822E-4	-9.998032E-10	4.424375E+2
-3.500000E-1	7.899995E-4	-7.899995E-4	-1.501370E-9	4.435518E+2
-4.000000E-1	1.083973E-3	-1.083973E-3	-2.060057E-9	4.439199E+2
-4.500000E-1	1.385986E-3	-1.385986E-3	-2.634025E-9	4.442871E+2
-5.000000E-1	1.743541E-3	-1.743541E-3	-3.313547E-9	4.446553E+2
-5.000000E-1	1.745853E-3	-1.745853E-3	-3.317940E-9	4.450234E+2
-4.500000E-1	1.321797E-3	-1.321797E-3	-2.512035E-9	4.453906E+2
-4.000000E-1	1.019376E-3	-1.019376E-3	-1.937293E-9	4.457588E+2
-3.500000E-1	7.302069E-4	-7.302069E-4	-1.387736E-9	4.461260E+2
-3.000000E-1	5.164265E-4	-5.164265E-4	-9.814528E-10	4.468672E+2
-2.500000E-1	3.578161E-4	-3.578161E-4	-6.800186E-10	4.472354E+2
-2.000000E-1	2.366842E-4	-2.366842E-4	-4.498112E-10	4.476045E+2
-1.500000E-1	1.365791E-4	-1.365791E-4	-2.595644E-10	4.479727E+2
-1.000000E-1	7.282305E-5	-7.282305E-5	-1.383980E-10	4.483408E+2
-5.000000E-2	2.988058E-5	-2.988058E-5	-5.678713E-11	4.495156E+2
0.000000E+0	5.397855E-8	-5.397855E-8	-1.025846E-13	4.502187E+2
0.000000E+0	2.225666E-7	-2.225666E-7	-4.229811E-13	4.509229E+2
5.000000E-2	2.814705E-5	2.814705E-5	5.349262E-11	4.516260E+2
1.000000E-1	5.430879E-5	5.430879E-5	1.032122E-10	4.523291E+2
1.500000E-1	1.337147E-4	1.337147E-4	2.541207E-10	4.534443E+2
2.000000E-1	2.368717E-4	2.368717E-4	4.501675E-10	4.538125E+2
2.500000E-1	3.958462E-4	3.958462E-4	7.522936E-10	4.541807E+2
3.000000E-1	5.989204E-4	5.989204E-4	1.138230E-9	4.552949E+2
3.500000E-1	8.530554E-4	8.530554E-4	1.621206E-9	4.556631E+2
4.000000E-1	1.208374E-3	1.208374E-3	2.296479E-9	4.560313E+2
4.500000E-1	1.608887E-3	1.608887E-3	3.057641E-9	4.563984E+2
5.000000E-1	2.206757E-3	2.206757E-3	4.193874E-9	4.567666E+2
5.000000E-1	2.337416E-3	2.337416E-3	4.442189E-9	4.571338E+2
4.500000E-1	1.759613E-3	1.759613E-3	3.344091E-9	4.575020E+2
4.000000E-1	1.325295E-3	1.325295E-3	2.518683E-9	4.578701E+2
3.500000E-1	9.099946E-4	9.099946E-4	1.729417E-9	4.582373E+2
3.000000E-1	6.212696E-4	6.212696E-4	1.180704E-9	4.586055E+2
2.500000E-1	3.990099E-4	3.990099E-4	7.583062E-10	4.593467E+2
2.000000E-1	2.868893E-4	2.868893E-4	5.452244E-10	4.597148E+2
1.500000E-1	1.672661E-4	1.672661E-4	3.178842E-10	4.600830E+2
1.000000E-1	8.241168E-5	8.241168E-5	1.566209E-10	4.604512E+2
5.000000E-2	3.292628E-5	3.292628E-5	6.257539E-11	4.616260E+2
0.000000E+0	2.421076E-7	-2.421076E-7	-4.601181E-13	4.623291E+2
-5.000000E-2	2.886901E-5	-2.886901E-5	-5.486468E-11	4.630332E+2
-1.000000E-1	5.443997E-5	-5.443997E-5	-1.034615E-10	4.637363E+2
-1.500000E-1	1.256393E-4	-1.256393E-4	-2.387736E-10	4.648506E+2
-2.000000E-1	2.182722E-4	-2.182722E-4	-4.148196E-10	4.652197E+2
-2.500000E-1	3.520816E-4	-3.520816E-4	-6.691204E-10	4.655879E+2
-3.000000E-1	5.189792E-4	-5.189792E-4	-9.863043E-10	4.659561E+2
-3.500000E-1	7.790317E-4	-7.790317E-4	-1.480526E-9	4.670713E+2
-4.000000E-1	1.023908E-3	-1.023908E-3	-1.945907E-9	4.674385E+2
-4.500000E-1	1.351989E-3	-1.351989E-3	-2.569415E-9	4.678066E+2
-5.000000E-1	1.776114E-3	-1.776114E-3	-3.375451E-9	4.681738E+2
-5.000000E-1	1.817396E-3	-1.817396E-3	-3.453906E-9	4.685420E+2
-4.500000E-1	1.358390E-3	-1.358390E-3	-2.581579E-9	4.689102E+2
-4.000000E-1	1.067674E-3	-1.067674E-3	-2.029083E-9	4.692773E+2
-3.500000E-1	7.581289E-4	-7.581289E-4	-1.440801E-9	4.696455E+2
-3.000000E-1	5.331198E-4	-5.331198E-4	-1.013178E-9	4.700127E+2
-2.500000E-1	3.498134E-4	-3.498134E-4	-6.648097E-10	4.707539E+2
-2.000000E-1	2.397135E-4	-2.397135E-4	-4.555682E-10	4.711221E+2
-1.500000E-1	1.472270E-4	-1.472270E-4	-2.798005E-10	4.714912E+2
-1.000000E-1	7.536558E-5	-7.536558E-5	-1.432300E-10	4.718594E+2
-5.000000E-2	2.858396E-5	-2.858396E-5	-5.432295E-11	4.730342E+2
0.000000E+0	1.535673E-8	-1.535673E-8	-2.918499E-14	4.737373E+2
