voltage_2_2_21_500mv_500ms	absJ_2_2_21_500mv_500ms	J_2_2_21_500mv_500ms	current_2_2_21_500mv_500ms	time_2_2_21_500mv_500ms	
0.000000E+0	9.987664E-7	-9.987664E-7	-2.479184E-12	0.000000E+0
5.000000E-2	3.622124E-4	3.622124E-4	8.991004E-10	2.013672E+0
1.000000E-1	8.395691E-4	8.395691E-4	2.084017E-9	4.026367E+0
1.500000E-1	1.457511E-3	1.457511E-3	3.617901E-9	4.694336E+0
2.000000E-1	2.171113E-3	2.171113E-3	5.389236E-9	5.361328E+0
2.500000E-1	3.014505E-3	3.014505E-3	7.482743E-9	6.028320E+0
3.000000E-1	3.937750E-3	3.937750E-3	9.774464E-9	6.696289E+0
3.500000E-1	5.161817E-3	5.161817E-3	1.281290E-8	8.708008E+0
4.000000E-1	6.067771E-3	6.067771E-3	1.506170E-8	9.375977E+0
4.500000E-1	7.187446E-3	7.187446E-3	1.784101E-8	1.004297E+1
5.000000E-1	9.772952E-3	9.772952E-3	2.425887E-8	1.070996E+1
5.000000E-1	9.468147E-3	9.468147E-3	2.350227E-8	1.137793E+1
4.500000E-1	8.733252E-3	8.733252E-3	2.167808E-8	1.204492E+1
4.000000E-1	6.818397E-3	6.818397E-3	1.692494E-8	1.271191E+1
3.500000E-1	5.692288E-3	5.692288E-3	1.412966E-8	1.337988E+1
3.000000E-1	4.057253E-3	4.057253E-3	1.007110E-8	1.404688E+1
2.500000E-1	3.099936E-3	3.099936E-3	7.694805E-9	1.538672E+1
2.000000E-1	2.218768E-3	2.218768E-3	5.507527E-9	1.605371E+1
1.500000E-1	1.519484E-3	1.519484E-3	3.771734E-9	1.672070E+1
1.000000E-1	8.863401E-4	8.863401E-4	2.200114E-9	1.738867E+1
5.000000E-2	4.037352E-4	4.037352E-4	1.002170E-9	1.872852E+1
0.000000E+0	8.956046E-7	-8.956046E-7	-2.223111E-12	2.050195E+1
-5.000000E-2	3.578549E-4	-3.578549E-4	-8.882839E-10	2.251660E+1
-1.000000E-1	7.446574E-4	-7.446574E-4	-1.848423E-9	2.452930E+1
-1.500000E-1	1.139701E-3	-1.139701E-3	-2.829018E-9	2.519629E+1
-2.000000E-1	1.943954E-3	-1.943954E-3	-4.825371E-9	2.586426E+1
-2.500000E-1	2.584047E-3	-2.584047E-3	-6.414241E-9	2.653125E+1
-3.000000E-1	3.420749E-3	-3.420749E-3	-8.491141E-9	2.719824E+1
-3.500000E-1	4.161610E-3	-4.161610E-3	-1.033014E-8	2.786523E+1
-4.000000E-1	5.249842E-3	-5.249842E-3	-1.303140E-8	2.987793E+1
-4.500000E-1	6.456378E-3	-6.456378E-3	-1.602632E-8	3.054492E+1
-5.000000E-1	7.748189E-3	-7.748189E-3	-1.923291E-8	3.121289E+1
-5.000000E-1	7.747645E-3	-7.747645E-3	-1.923156E-8	3.187988E+1
-4.500000E-1	6.356042E-3	-6.356042E-3	-1.577726E-8	3.254688E+1
-4.000000E-1	5.126780E-3	-5.126780E-3	-1.272593E-8	3.321484E+1
-3.500000E-1	4.190068E-3	-4.190068E-3	-1.040078E-8	3.388184E+1
-3.000000E-1	3.240246E-3	-3.240246E-3	-8.043087E-9	3.522168E+1
-2.500000E-1	2.484047E-3	-2.484047E-3	-6.166016E-9	3.588867E+1
-2.000000E-1	1.847660E-3	-1.847660E-3	-4.586346E-9	3.655566E+1
-1.500000E-1	1.213297E-3	-1.213297E-3	-3.011702E-9	3.722363E+1
-1.000000E-1	7.287589E-4	-7.287589E-4	-1.808959E-9	3.789063E+1
-5.000000E-2	3.077850E-4	-3.077850E-4	-7.639982E-10	3.923047E+1
0.000000E+0	1.050414E-6	-1.050414E-6	-2.607387E-12	4.100391E+1
0.000000E+0	9.465870E-7	-9.465870E-7	-2.349662E-12	4.200781E+1
5.000000E-2	3.647242E-4	3.647242E-4	9.053353E-10	4.402051E+1
1.000000E-1	8.150051E-4	8.150051E-4	2.023043E-9	4.603418E+1
1.500000E-1	1.439695E-3	1.439695E-3	3.573676E-9	4.670117E+1
2.000000E-1	2.308586E-3	2.308586E-3	5.730479E-9	4.736816E+1
2.500000E-1	3.247370E-3	3.247370E-3	8.060772E-9	4.803613E+1
3.000000E-1	4.042045E-3	4.042045E-3	1.003335E-8	4.870312E+1
3.500000E-1	5.550989E-3	5.550989E-3	1.377892E-8	5.071484E+1
4.000000E-1	6.631857E-3	6.631857E-3	1.646190E-8	5.138281E+1
4.500000E-1	7.892461E-3	7.892461E-3	1.959103E-8	5.204980E+1
5.000000E-1	9.630701E-3	9.630701E-3	2.390577E-8	5.271680E+1
5.000000E-1	6.494300E-3	6.494300E-3	1.612045E-8	5.338477E+1
4.500000E-1	6.080368E-3	6.080368E-3	1.509297E-8	5.405176E+1
4.000000E-1	5.107117E-3	5.107117E-3	1.267712E-8	5.471875E+1
3.500000E-1	3.936048E-3	3.936048E-3	9.770241E-9	5.605859E+1
3.000000E-1	2.947618E-3	2.947618E-3	7.316713E-9	5.672656E+1
2.500000E-1	2.329021E-3	2.329021E-3	5.781204E-9	5.739355E+1
2.000000E-1	1.699354E-3	1.699354E-3	4.218215E-9	5.806055E+1
1.500000E-1	1.134625E-3	1.134625E-3	2.816418E-9	5.872754E+1
1.000000E-1	6.867289E-4	6.867289E-4	1.704630E-9	5.939551E+1
5.000000E-2	3.202171E-4	3.202171E-4	7.948576E-10	6.073535E+1
0.000000E+0	6.569043E-7	-6.569043E-7	-1.630598E-12	6.250879E+1
-5.000000E-2	3.049780E-4	-3.049780E-4	-7.570304E-10	6.452246E+1
-1.000000E-1	6.923278E-4	-6.923278E-4	-1.718528E-9	6.653613E+1
-1.500000E-1	1.127395E-3	-1.127395E-3	-2.798472E-9	6.720312E+1
-2.000000E-1	1.689900E-3	-1.689900E-3	-4.194747E-9	6.787012E+1
-2.500000E-1	2.457665E-3	-2.457665E-3	-6.100529E-9	6.853809E+1
-3.000000E-1	3.028264E-3	-3.028264E-3	-7.516896E-9	6.920508E+1
-3.500000E-1	3.870832E-3	-3.870832E-3	-9.608358E-9	6.987207E+1
-4.000000E-1	4.826447E-3	-4.826447E-3	-1.198043E-8	7.188477E+1
-4.500000E-1	5.917931E-3	-5.917931E-3	-1.468976E-8	7.255176E+1
-5.000000E-1	6.973954E-3	-6.973954E-3	-1.731107E-8	7.321973E+1
-5.000000E-1	7.182596E-3	-7.182596E-3	-1.782897E-8	7.388672E+1
-4.500000E-1	5.553019E-3	-5.553019E-3	-1.378396E-8	7.455371E+1
-4.000000E-1	4.940187E-3	-4.940187E-3	-1.226276E-8	7.522070E+1
-3.500000E-1	3.760928E-3	-3.760928E-3	-9.335548E-9	7.656055E+1
-3.000000E-1	2.935971E-3	-2.935971E-3	-7.287803E-9	7.722852E+1
-2.500000E-1	2.188917E-3	-2.188917E-3	-5.433431E-9	7.789551E+1
-2.000000E-1	1.637993E-3	-1.637993E-3	-4.065901E-9	7.856250E+1
-1.500000E-1	1.139033E-3	-1.139033E-3	-2.827361E-9	7.923047E+1
-1.000000E-1	6.619110E-4	-6.619110E-4	-1.643026E-9	7.989746E+1
-5.000000E-2	3.216087E-4	-3.216087E-4	-7.983119E-10	8.123730E+1
0.000000E+0	8.707308E-7	-8.707308E-7	-2.161368E-12	8.301074E+1
0.000000E+0	7.476209E-7	-7.476209E-7	-1.855779E-12	8.401367E+1
5.000000E-2	3.056429E-4	3.056429E-4	7.586809E-10	8.602734E+1
1.000000E-1	7.163971E-4	7.163971E-4	1.778274E-9	8.804004E+1
1.500000E-1	1.118874E-3	1.118874E-3	2.777320E-9	8.870801E+1
2.000000E-1	1.641583E-3	1.641583E-3	4.074812E-9	8.937500E+1
2.500000E-1	2.467538E-3	2.467538E-3	6.125036E-9	9.004199E+1
3.000000E-1	3.286948E-3	3.286948E-3	8.159013E-9	9.070996E+1
3.500000E-1	4.228421E-3	4.228421E-3	1.049598E-8	9.137695E+1
4.000000E-1	5.670445E-3	5.670445E-3	1.407544E-8	9.338965E+1
4.500000E-1	6.754987E-3	6.754987E-3	1.676754E-8	9.405664E+1
5.000000E-1	7.824321E-3	7.824321E-3	1.942189E-8	9.472363E+1
5.000000E-1	7.586911E-3	7.586911E-3	1.883258E-8	9.539160E+1
4.500000E-1	6.308174E-3	6.308174E-3	1.565844E-8	9.605859E+1
4.000000E-1	5.408380E-3	5.408380E-3	1.342493E-8	9.672559E+1
3.500000E-1	4.325300E-3	4.325300E-3	1.073646E-8	9.739258E+1
3.000000E-1	3.490352E-3	3.490352E-3	8.663913E-9	9.873340E+1
2.500000E-1	2.553264E-3	2.553264E-3	6.337829E-9	9.940039E+1
2.000000E-1	1.826100E-3	1.826100E-3	4.532830E-9	1.000674E+2
1.500000E-1	1.208021E-3	1.208021E-3	2.998605E-9	1.007344E+2
1.000000E-1	7.418604E-4	7.418604E-4	1.841480E-9	1.014023E+2
5.000000E-2	3.003393E-4	3.003393E-4	7.455159E-10	1.027422E+2
0.000000E+0	6.571504E-7	-6.571504E-7	-1.631209E-12	1.045156E+2
-5.000000E-2	3.232916E-4	-3.232916E-4	-8.024894E-10	1.065293E+2
-1.000000E-1	6.952155E-4	-6.952155E-4	-1.725696E-9	1.085430E+2
-1.500000E-1	1.105427E-3	-1.105427E-3	-2.743941E-9	1.092100E+2
-2.000000E-1	1.723933E-3	-1.723933E-3	-4.279225E-9	1.098770E+2
-2.500000E-1	2.405531E-3	-2.405531E-3	-5.971121E-9	1.105449E+2
-3.000000E-1	3.386408E-3	-3.386408E-3	-8.405897E-9	1.112119E+2
-3.500000E-1	4.205248E-3	-4.205248E-3	-1.043846E-8	1.118789E+2
-4.000000E-1	5.641202E-3	-5.641202E-3	-1.400285E-8	1.138916E+2
-4.500000E-1	6.861278E-3	-6.861278E-3	-1.703138E-8	1.145586E+2
-5.000000E-1	7.932735E-3	-7.932735E-3	-1.969100E-8	1.152266E+2
-5.000000E-1	8.564151E-3	-8.564151E-3	-2.125833E-8	1.158936E+2
-4.500000E-1	6.726203E-3	-6.726203E-3	-1.669609E-8	1.165605E+2
-4.000000E-1	5.596782E-3	-5.596782E-3	-1.389259E-8	1.172285E+2
-3.500000E-1	4.065882E-3	-4.065882E-3	-1.009252E-8	1.178955E+2
-3.000000E-1	3.529956E-3	-3.529956E-3	-8.762220E-9	1.192354E+2
-2.500000E-1	2.613013E-3	-2.613013E-3	-6.486141E-9	1.199023E+2
-2.000000E-1	1.791782E-3	-1.791782E-3	-4.447645E-9	1.205693E+2
-1.500000E-1	1.124657E-3	-1.124657E-3	-2.791675E-9	1.212373E+2
-1.000000E-1	6.842368E-4	-6.842368E-4	-1.698444E-9	1.219043E+2
-5.000000E-2	3.121072E-4	-3.121072E-4	-7.747269E-10	1.232441E+2
0.000000E+0	8.749407E-7	-8.749407E-7	-2.171818E-12	1.250176E+2
0.000000E+0	7.924984E-7	-7.924984E-7	-1.967176E-12	1.260215E+2
5.000000E-2	3.163400E-4	3.163400E-4	7.852337E-10	1.280342E+2
1.000000E-1	6.734075E-4	6.734075E-4	1.671563E-9	1.300479E+2
1.500000E-1	1.163794E-3	1.163794E-3	2.888822E-9	1.307148E+2
2.000000E-1	1.767727E-3	1.767727E-3	4.387933E-9	1.313818E+2
2.500000E-1	2.501212E-3	2.501212E-3	6.208623E-9	1.320498E+2
3.000000E-1	3.506087E-3	3.506087E-3	8.702972E-9	1.327168E+2
3.500000E-1	4.642876E-3	4.642876E-3	1.152476E-8	1.347295E+2
4.000000E-1	5.649702E-3	5.649702E-3	1.402395E-8	1.353965E+2
4.500000E-1	6.777161E-3	6.777161E-3	1.682258E-8	1.360635E+2
5.000000E-1	7.623193E-3	7.623193E-3	1.892264E-8	1.367305E+2
5.000000E-1	7.711169E-3	7.711169E-3	1.914102E-8	1.373984E+2
4.500000E-1	6.496862E-3	6.496862E-3	1.612681E-8	1.380654E+2
4.000000E-1	5.674671E-3	5.674671E-3	1.408593E-8	1.387324E+2
3.500000E-1	4.484213E-3	4.484213E-3	1.113092E-8	1.394004E+2
3.000000E-1	3.434892E-3	3.434892E-3	8.526246E-9	1.407402E+2
2.500000E-1	2.537178E-3	2.537178E-3	6.297901E-9	1.414072E+2
2.000000E-1	1.843671E-3	1.843671E-3	4.576446E-9	1.420742E+2
1.500000E-1	1.160623E-3	1.160623E-3	2.880952E-9	1.427422E+2
1.000000E-1	7.319770E-4	7.319770E-4	1.816947E-9	1.434092E+2
5.000000E-2	3.098877E-4	3.098877E-4	7.692174E-10	1.447490E+2
0.000000E+0	6.040042E-7	-6.040042E-7	-1.499287E-12	1.465225E+2
-5.000000E-2	2.743177E-4	-2.743177E-4	-6.809240E-10	1.485361E+2
-1.000000E-1	6.589041E-4	-6.589041E-4	-1.635562E-9	1.505498E+2
-1.500000E-1	1.110752E-3	-1.110752E-3	-2.757159E-9	1.512168E+2
-2.000000E-1	1.725405E-3	-1.725405E-3	-4.282879E-9	1.518838E+2
-2.500000E-1	2.377838E-3	-2.377838E-3	-5.902380E-9	1.525518E+2
-3.000000E-1	3.218395E-3	-3.218395E-3	-7.988848E-9	1.532188E+2
-3.500000E-1	3.936310E-3	-3.936310E-3	-9.770891E-9	1.538857E+2
-4.000000E-1	5.125556E-3	-5.125556E-3	-1.272289E-8	1.558984E+2
-4.500000E-1	6.310962E-3	-6.310962E-3	-1.566536E-8	1.565654E+2
-5.000000E-1	7.568520E-3	-7.568520E-3	-1.878693E-8	1.572324E+2
-5.000000E-1	7.976925E-3	-7.976925E-3	-1.980069E-8	1.579004E+2
-4.500000E-1	6.656399E-3	-6.656399E-3	-1.652282E-8	1.585674E+2
-4.000000E-1	5.222234E-3	-5.222234E-3	-1.296287E-8	1.592344E+2
-3.500000E-1	4.447919E-3	-4.447919E-3	-1.104083E-8	1.599014E+2
-3.000000E-1	3.341766E-3	-3.341766E-3	-8.295085E-9	1.612412E+2
-2.500000E-1	2.552789E-3	-2.552789E-3	-6.336651E-9	1.619092E+2
-2.000000E-1	1.869095E-3	-1.869095E-3	-4.639554E-9	1.625762E+2
-1.500000E-1	1.278524E-3	-1.278524E-3	-3.173612E-9	1.632432E+2
-1.000000E-1	7.086014E-4	-7.086014E-4	-1.758923E-9	1.639111E+2
-5.000000E-2	3.670469E-4	-3.670469E-4	-9.111008E-10	1.652510E+2
0.000000E+0	1.126952E-6	-1.126952E-6	-2.797373E-12	1.670244E+2
0.000000E+0	1.037069E-6	-1.037069E-6	-2.574260E-12	1.680273E+2
5.000000E-2	3.779763E-4	3.779763E-4	9.382302E-10	1.700410E+2
1.000000E-1	7.797426E-4	7.797426E-4	1.935513E-9	1.720547E+2
1.500000E-1	1.249215E-3	1.249215E-3	3.100858E-9	1.727217E+2
2.000000E-1	1.919732E-3	1.919732E-3	4.765247E-9	1.733887E+2
2.500000E-1	2.703523E-3	2.703523E-3	6.710810E-9	1.740557E+2
3.000000E-1	3.687144E-3	3.687144E-3	9.152398E-9	1.747236E+2
3.500000E-1	4.612383E-3	4.612383E-3	1.144907E-8	1.767354E+2
4.000000E-1	5.836549E-3	5.836549E-3	1.448775E-8	1.774033E+2
4.500000E-1	6.827776E-3	6.827776E-3	1.694822E-8	1.780703E+2
5.000000E-1	8.710390E-3	8.710390E-3	2.162133E-8	1.787373E+2
5.000000E-1	8.496664E-3	8.496664E-3	2.109081E-8	1.794053E+2
4.500000E-1	7.128395E-3	7.128395E-3	1.769443E-8	1.800723E+2
4.000000E-1	5.855129E-3	5.855129E-3	1.453387E-8	1.807393E+2
3.500000E-1	4.740300E-3	4.740300E-3	1.176659E-8	1.814072E+2
3.000000E-1	3.725399E-3	3.725399E-3	9.247356E-9	1.827471E+2
2.500000E-1	2.409745E-3	2.409745E-3	5.981581E-9	1.834141E+2
2.000000E-1	1.851743E-3	1.851743E-3	4.596481E-9	1.840811E+2
1.500000E-1	1.314145E-3	1.314145E-3	3.262031E-9	1.847490E+2
1.000000E-1	8.311791E-4	8.311791E-4	2.063191E-9	1.854160E+2
5.000000E-2	3.657604E-4	3.657604E-4	9.079074E-10	1.867559E+2
0.000000E+0	7.946791E-7	-7.946791E-7	-1.972589E-12	1.885293E+2
-5.000000E-2	3.419666E-4	-3.419666E-4	-8.488452E-10	1.905439E+2
-1.000000E-1	7.717926E-4	-7.717926E-4	-1.915779E-9	1.925566E+2
-1.500000E-1	1.261344E-3	-1.261344E-3	-3.130967E-9	1.932236E+2
-2.000000E-1	1.852554E-3	-1.852554E-3	-4.598495E-9	1.938906E+2
-2.500000E-1	2.640746E-3	-2.640746E-3	-6.554980E-9	1.945586E+2
-3.000000E-1	3.490495E-3	-3.490495E-3	-8.664267E-9	1.952256E+2
-3.500000E-1	4.472006E-3	-4.472006E-3	-1.110062E-8	1.972383E+2
-4.000000E-1	5.703963E-3	-5.703963E-3	-1.415864E-8	1.979053E+2
-4.500000E-1	6.248498E-3	-6.248498E-3	-1.551031E-8	1.985732E+2
-5.000000E-1	7.615449E-3	-7.615449E-3	-1.890342E-8	1.992402E+2
-5.000000E-1	7.791383E-3	-7.791383E-3	-1.934013E-8	1.999072E+2
-4.500000E-1	6.539259E-3	-6.539259E-3	-1.623205E-8	2.005742E+2
-4.000000E-1	5.171401E-3	-5.171401E-3	-1.283669E-8	2.012422E+2
-3.500000E-1	4.481502E-3	-4.481502E-3	-1.112419E-8	2.019092E+2
-3.000000E-1	3.473613E-3	-3.473613E-3	-8.622362E-9	2.032490E+2
-2.500000E-1	2.772676E-3	-2.772676E-3	-6.882465E-9	2.039160E+2
-2.000000E-1	2.068288E-3	-2.068288E-3	-5.134001E-9	2.045830E+2
-1.500000E-1	1.225908E-3	-1.225908E-3	-3.043005E-9	2.052510E+2
-1.000000E-1	8.041121E-4	-8.041121E-4	-1.996004E-9	2.059180E+2
-5.000000E-2	3.522275E-4	-3.522275E-4	-8.743153E-10	2.072578E+2
0.000000E+0	9.056234E-7	-9.056234E-7	-2.247980E-12	2.090313E+2
0.000000E+0	8.926806E-7	-8.926806E-7	-2.215853E-12	2.100352E+2
5.000000E-2	3.220431E-4	3.220431E-4	7.993903E-10	2.120479E+2
1.000000E-1	7.871693E-4	7.871693E-4	1.953948E-9	2.140615E+2
1.500000E-1	1.272691E-3	1.272691E-3	3.159133E-9	2.147285E+2
2.000000E-1	1.626415E-3	1.626415E-3	4.037163E-9	2.153955E+2
2.500000E-1	2.396293E-3	2.396293E-3	5.948189E-9	2.160635E+2
3.000000E-1	3.263017E-3	3.263017E-3	8.099610E-9	2.167305E+2
3.500000E-1	4.075647E-3	4.075647E-3	1.011676E-8	2.173975E+2
4.000000E-1	5.591774E-3	5.591774E-3	1.388016E-8	2.194102E+2
4.500000E-1	6.708529E-3	6.708529E-3	1.665222E-8	2.200771E+2
5.000000E-1	7.850265E-3	7.850265E-3	1.948629E-8	2.207441E+2
5.000000E-1	8.000556E-3	8.000556E-3	1.985935E-8	2.214121E+2
4.500000E-1	6.656709E-3	6.656709E-3	1.652359E-8	2.220791E+2
4.000000E-1	5.517511E-3	5.517511E-3	1.369582E-8	2.227461E+2
3.500000E-1	4.267248E-3	4.267248E-3	1.059236E-8	2.234141E+2
3.000000E-1	3.337033E-3	3.337033E-3	8.283337E-9	2.247539E+2
2.500000E-1	2.573581E-3	2.573581E-3	6.388262E-9	2.254209E+2
2.000000E-1	1.804311E-3	1.804311E-3	4.478744E-9	2.260879E+2
1.500000E-1	1.170066E-3	1.170066E-3	2.904391E-9	2.267559E+2
1.000000E-1	7.045941E-4	7.045941E-4	1.748976E-9	2.274229E+2
5.000000E-2	3.363932E-4	3.363932E-4	8.350107E-10	2.287627E+2
0.000000E+0	8.023943E-7	-8.023943E-7	-1.991740E-12	2.305361E+2
-5.000000E-2	3.214726E-4	-3.214726E-4	-7.979741E-10	2.325498E+2
-1.000000E-1	7.116426E-4	-7.116426E-4	-1.766472E-9	2.345635E+2
-1.500000E-1	1.179850E-3	-1.179850E-3	-2.928679E-9	2.352305E+2
-2.000000E-1	1.775575E-3	-1.775575E-3	-4.407414E-9	2.358975E+2
-2.500000E-1	2.461721E-3	-2.461721E-3	-6.110597E-9	2.365654E+2
-3.000000E-1	3.292436E-3	-3.292436E-3	-8.172637E-9	2.372324E+2
-3.500000E-1	4.078053E-3	-4.078053E-3	-1.012273E-8	2.378994E+2
-4.000000E-1	4.756225E-3	-4.756225E-3	-1.180612E-8	2.399121E+2
-4.500000E-1	5.856869E-3	-5.856869E-3	-1.453819E-8	2.405791E+2
-5.000000E-1	7.139131E-3	-7.139131E-3	-1.772108E-8	2.412471E+2
-5.000000E-1	7.255606E-3	-7.255606E-3	-1.801020E-8	2.419141E+2
-4.500000E-1	5.933267E-3	-5.933267E-3	-1.472783E-8	2.425811E+2
-4.000000E-1	4.897657E-3	-4.897657E-3	-1.215719E-8	2.432480E+2
-3.500000E-1	4.098184E-3	-4.098184E-3	-1.017270E-8	2.439160E+2
-3.000000E-1	3.071033E-3	-3.071033E-3	-7.623060E-9	2.452559E+2
-2.500000E-1	2.324341E-3	-2.324341E-3	-5.769587E-9	2.459229E+2
-2.000000E-1	1.871932E-3	-1.871932E-3	-4.646595E-9	2.465898E+2
-1.500000E-1	1.240460E-3	-1.240460E-3	-3.079127E-9	2.472578E+2
-1.000000E-1	7.659148E-4	-7.659148E-4	-1.901189E-9	2.479248E+2
-5.000000E-2	3.270959E-4	-3.270959E-4	-8.119325E-10	2.492646E+2
0.000000E+0	9.924431E-7	-9.924431E-7	-2.463488E-12	2.510381E+2
0.000000E+0	9.995883E-7	-9.995883E-7	-2.481224E-12	2.520420E+2
5.000000E-2	3.319185E-4	3.319185E-4	8.239033E-10	2.540547E+2
1.000000E-1	7.600806E-4	7.600806E-4	1.886707E-9	2.560674E+2
1.500000E-1	1.240013E-3	1.240013E-3	3.078017E-9	2.567354E+2
2.000000E-1	1.847275E-3	1.847275E-3	4.585391E-9	2.574023E+2
2.500000E-1	2.693820E-3	2.693820E-3	6.686725E-9	2.580693E+2
3.000000E-1	3.755167E-3	3.755167E-3	9.321249E-9	2.587363E+2
3.500000E-1	4.661081E-3	4.661081E-3	1.156995E-8	2.607490E+2
4.000000E-1	5.776426E-3	5.776426E-3	1.433851E-8	2.614160E+2
4.500000E-1	7.264175E-3	7.264175E-3	1.803147E-8	2.620840E+2
5.000000E-1	8.381856E-3	8.381856E-3	2.080583E-8	2.627510E+2
5.000000E-1	8.553411E-3	8.553411E-3	2.123167E-8	2.634180E+2
4.500000E-1	7.329052E-3	7.329052E-3	1.819251E-8	2.640859E+2
4.000000E-1	6.121041E-3	6.121041E-3	1.519393E-8	2.647529E+2
3.500000E-1	4.696633E-3	4.696633E-3	1.165820E-8	2.654199E+2
3.000000E-1	3.744270E-3	3.744270E-3	9.294200E-9	2.667598E+2
2.500000E-1	2.790062E-3	2.790062E-3	6.925619E-9	2.674277E+2
2.000000E-1	2.070681E-3	2.070681E-3	5.139941E-9	2.680947E+2
1.500000E-1	1.441754E-3	1.441754E-3	3.578787E-9	2.687617E+2
1.000000E-1	7.654285E-4	7.654285E-4	1.899982E-9	2.694287E+2
5.000000E-2	3.624889E-4	3.624889E-4	8.997865E-10	2.707695E+2
0.000000E+0	7.518755E-7	-7.518755E-7	-1.866340E-12	2.725430E+2
-5.000000E-2	3.430426E-4	-3.430426E-4	-8.515160E-10	2.745566E+2
-1.000000E-1	7.283262E-4	-7.283262E-4	-1.807885E-9	2.765703E+2
-1.500000E-1	1.248831E-3	-1.248831E-3	-3.099905E-9	2.772373E+2
-2.000000E-1	1.897727E-3	-1.897727E-3	-4.710626E-9	2.779043E+2
-2.500000E-1	2.601184E-3	-2.601184E-3	-6.456779E-9	2.785723E+2
-3.000000E-1	3.541952E-3	-3.541952E-3	-8.791997E-9	2.792393E+2
-3.500000E-1	4.348719E-3	-4.348719E-3	-1.079459E-8	2.812520E+2
-4.000000E-1	5.262270E-3	-5.262270E-3	-1.306225E-8	2.819189E+2
-4.500000E-1	7.109150E-3	-7.109150E-3	-1.764666E-8	2.825859E+2
-5.000000E-1	8.574714E-3	-8.574714E-3	-2.128455E-8	2.832539E+2
-5.000000E-1	7.947335E-3	-7.947335E-3	-1.972724E-8	2.839209E+2
-4.500000E-1	6.847807E-3	-6.847807E-3	-1.699794E-8	2.845879E+2
-4.000000E-1	5.754764E-3	-5.754764E-3	-1.428474E-8	2.852559E+2
-3.500000E-1	4.746246E-3	-4.746246E-3	-1.178135E-8	2.859229E+2
-3.000000E-1	3.526736E-3	-3.526736E-3	-8.754228E-9	2.872627E+2
-2.500000E-1	2.677159E-3	-2.677159E-3	-6.645368E-9	2.879297E+2
-2.000000E-1	1.904764E-3	-1.904764E-3	-4.728093E-9	2.885977E+2
-1.500000E-1	1.322360E-3	-1.322360E-3	-3.282424E-9	2.892646E+2
-1.000000E-1	8.025599E-4	-8.025599E-4	-1.992151E-9	2.899316E+2
-5.000000E-2	3.601688E-4	-3.601688E-4	-8.940277E-10	2.912715E+2
0.000000E+0	1.088454E-6	-1.088454E-6	-2.701811E-12	2.930459E+2
0.000000E+0	9.152952E-7	-9.152952E-7	-2.271988E-12	2.940488E+2
5.000000E-2	3.575226E-4	3.575226E-4	8.874591E-10	2.960625E+2
1.000000E-1	8.046225E-4	8.046225E-4	1.997271E-9	2.980752E+2
1.500000E-1	1.422669E-3	1.422669E-3	3.531415E-9	2.987422E+2
2.000000E-1	1.836738E-3	1.836738E-3	4.559236E-9	2.994102E+2
2.500000E-1	2.814216E-3	2.814216E-3	6.985576E-9	3.000771E+2
3.000000E-1	3.980217E-3	3.980217E-3	9.879878E-9	3.007441E+2
3.500000E-1	5.127823E-3	5.127823E-3	1.272852E-8	3.027568E+2
4.000000E-1	6.273669E-3	6.273669E-3	1.557279E-8	3.034238E+2
4.500000E-1	7.729012E-3	7.729012E-3	1.918531E-8	3.040918E+2
5.000000E-1	8.840502E-3	8.840502E-3	2.194430E-8	3.047588E+2
5.000000E-1	8.631944E-3	8.631944E-3	2.142661E-8	3.054258E+2
4.500000E-1	7.143643E-3	7.143643E-3	1.773228E-8	3.060938E+2
4.000000E-1	6.001142E-3	6.001142E-3	1.489631E-8	3.067607E+2
3.500000E-1	5.204835E-3	5.204835E-3	1.291968E-8	3.074277E+2
3.000000E-1	3.720083E-3	3.720083E-3	9.234161E-9	3.087676E+2
2.500000E-1	2.878139E-3	2.878139E-3	7.144249E-9	3.094346E+2
2.000000E-1	2.060927E-3	2.060927E-3	5.115727E-9	3.101025E+2
1.500000E-1	1.418761E-3	1.418761E-3	3.521713E-9	3.107695E+2
1.000000E-1	6.782945E-4	6.782945E-4	1.683694E-9	3.114365E+2
5.000000E-2	3.345006E-4	3.345006E-4	8.303128E-10	3.127764E+2
0.000000E+0	6.012200E-7	-6.012200E-7	-1.492376E-12	3.145498E+2
-5.000000E-2	3.328012E-4	-3.328012E-4	-8.260945E-10	3.165645E+2
-1.000000E-1	7.772812E-4	-7.772812E-4	-1.929403E-9	3.185771E+2
-1.500000E-1	1.319596E-3	-1.319596E-3	-3.275562E-9	3.192441E+2
-2.000000E-1	2.059362E-3	-2.059362E-3	-5.111844E-9	3.199121E+2
-2.500000E-1	2.947478E-3	-2.947478E-3	-7.316365E-9	3.205791E+2
-3.000000E-1	3.665694E-3	-3.665694E-3	-9.099154E-9	3.212461E+2
-3.500000E-1	5.157668E-3	-5.157668E-3	-1.280260E-8	3.232588E+2
-4.000000E-1	5.661606E-3	-5.661606E-3	-1.405350E-8	3.239258E+2
-4.500000E-1	7.510996E-3	-7.510996E-3	-1.864414E-8	3.245938E+2
-5.000000E-1	8.460825E-3	-8.460825E-3	-2.100185E-8	3.252607E+2
-5.000000E-1	8.812788E-3	-8.812788E-3	-2.187551E-8	3.259277E+2
-4.500000E-1	7.174349E-3	-7.174349E-3	-1.780850E-8	3.265947E+2
-4.000000E-1	6.016583E-3	-6.016583E-3	-1.493464E-8	3.272627E+2
-3.500000E-1	5.169169E-3	-5.169169E-3	-1.283115E-8	3.279297E+2
-3.000000E-1	4.158746E-3	-4.158746E-3	-1.032303E-8	3.285967E+2
-2.500000E-1	2.862195E-3	-2.862195E-3	-7.104672E-9	3.299365E+2
-2.000000E-1	2.006044E-3	-2.006044E-3	-4.979495E-9	3.306045E+2
-1.500000E-1	1.470218E-3	-1.470218E-3	-3.649443E-9	3.312715E+2
-1.000000E-1	8.287023E-4	-8.287023E-4	-2.057043E-9	3.319385E+2
-5.000000E-2	3.465156E-4	-3.465156E-4	-8.601369E-10	3.332783E+2
0.000000E+0	1.202317E-6	-1.202317E-6	-2.984446E-12	3.350518E+2
0.000000E+0	1.095571E-6	-1.095571E-6	-2.719477E-12	3.360557E+2
5.000000E-2	3.598261E-4	3.598261E-4	8.931768E-10	3.380684E+2
1.000000E-1	7.885217E-4	7.885217E-4	1.957305E-9	3.400820E+2
1.500000E-1	1.241886E-3	1.241886E-3	3.082667E-9	3.407490E+2
2.000000E-1	2.026539E-3	2.026539E-3	5.030368E-9	3.414160E+2
2.500000E-1	2.696140E-3	2.696140E-3	6.692482E-9	3.420840E+2
3.000000E-1	3.476554E-3	3.476554E-3	8.629661E-9	3.427510E+2
3.500000E-1	4.917236E-3	4.917236E-3	1.220579E-8	3.447637E+2
4.000000E-1	6.608447E-3	6.608447E-3	1.640379E-8	3.454307E+2
4.500000E-1	7.828926E-3	7.828926E-3	1.943332E-8	3.460977E+2
5.000000E-1	9.056286E-3	9.056286E-3	2.247993E-8	3.467656E+2
5.000000E-1	9.472236E-3	9.472236E-3	2.351242E-8	3.474326E+2
4.500000E-1	7.016875E-3	7.016875E-3	1.741761E-8	3.480996E+2
4.000000E-1	6.456371E-3	6.456371E-3	1.602630E-8	3.487676E+2
3.500000E-1	5.031588E-3	5.031588E-3	1.248964E-8	3.494346E+2
3.000000E-1	4.087544E-3	4.087544E-3	1.014629E-8	3.501016E+2
2.500000E-1	2.939251E-3	2.939251E-3	7.295945E-9	3.514414E+2
2.000000E-1	2.241363E-3	2.241363E-3	5.563614E-9	3.521084E+2
1.500000E-1	1.503813E-3	1.503813E-3	3.732835E-9	3.527764E+2
1.000000E-1	8.382404E-4	8.382404E-4	2.080719E-9	3.534434E+2
5.000000E-2	3.773901E-4	3.773901E-4	9.367750E-10	3.547832E+2
0.000000E+0	8.780045E-7	-8.780045E-7	-2.179423E-12	3.565566E+2
-5.000000E-2	4.070128E-4	-4.070128E-4	-1.010306E-9	3.585713E+2
-1.000000E-1	8.547432E-4	-8.547432E-4	-2.121683E-9	3.605840E+2
-1.500000E-1	1.422426E-3	-1.422426E-3	-3.530810E-9	3.612510E+2
-2.000000E-1	2.306645E-3	-2.306645E-3	-5.725661E-9	3.619180E+2
-2.500000E-1	3.004959E-3	-3.004959E-3	-7.459048E-9	3.625859E+2
-3.000000E-1	3.691442E-3	-3.691442E-3	-9.163068E-9	3.632529E+2
-3.500000E-1	4.973226E-3	-4.973226E-3	-1.234477E-8	3.652656E+2
-4.000000E-1	5.974948E-3	-5.974948E-3	-1.483129E-8	3.659326E+2
-4.500000E-1	6.726940E-3	-6.726940E-3	-1.669792E-8	3.665996E+2
-5.000000E-1	8.700664E-3	-8.700664E-3	-2.159719E-8	3.672676E+2
-5.000000E-1	9.299739E-3	-9.299739E-3	-2.308424E-8	3.679346E+2
-4.500000E-1	7.736203E-3	-7.736203E-3	-1.920316E-8	3.686016E+2
-4.000000E-1	6.036227E-3	-6.036227E-3	-1.498340E-8	3.692695E+2
-3.500000E-1	4.980034E-3	-4.980034E-3	-1.236167E-8	3.699365E+2
-3.000000E-1	3.702551E-3	-3.702551E-3	-9.190643E-9	3.726221E+2
-2.500000E-1	3.136100E-3	-3.136100E-3	-7.784572E-9	3.739619E+2
-2.000000E-1	2.138518E-3	-2.138518E-3	-5.308329E-9	3.746289E+2
-1.500000E-1	1.383297E-3	-1.383297E-3	-3.433683E-9	3.752959E+2
-1.000000E-1	8.228274E-4	-8.228274E-4	-2.042460E-9	3.759629E+2
-5.000000E-2	3.484080E-4	-3.484080E-4	-8.648344E-10	3.773027E+2
0.000000E+0	1.177683E-6	-1.177683E-6	-2.923300E-12	3.790771E+2
0.000000E+0	1.034408E-6	-1.034408E-6	-2.567654E-12	3.800801E+2
5.000000E-2	4.138667E-4	4.138667E-4	1.027319E-9	3.820937E+2
1.000000E-1	9.240470E-4	9.240470E-4	2.293712E-9	3.827607E+2
1.500000E-1	1.513355E-3	1.513355E-3	3.756520E-9	3.834277E+2
2.000000E-1	2.178742E-3	2.178742E-3	5.408173E-9	3.840957E+2
2.500000E-1	3.356260E-3	3.356260E-3	8.331064E-9	3.847627E+2
3.000000E-1	4.529076E-3	4.529076E-3	1.124228E-8	3.867754E+2
3.500000E-1	5.740394E-3	5.740394E-3	1.424907E-8	3.874424E+2
4.000000E-1	7.080841E-3	7.080841E-3	1.757639E-8	3.881094E+2
4.500000E-1	8.000931E-3	8.000931E-3	1.986028E-8	3.887773E+2
5.000000E-1	9.984985E-3	9.984985E-3	2.478519E-8	3.894443E+2
5.000000E-1	9.325953E-3	9.325953E-3	2.314931E-8	3.901113E+2
4.500000E-1	8.249444E-3	8.249444E-3	2.047715E-8	3.907783E+2
4.000000E-1	6.814775E-3	6.814775E-3	1.691595E-8	3.914463E+2
3.500000E-1	5.337726E-3	5.337726E-3	1.324955E-8	3.921133E+2
3.000000E-1	3.933318E-3	3.933318E-3	9.763463E-9	3.934531E+2
2.500000E-1	3.130912E-3	3.130912E-3	7.771694E-9	3.941201E+2
2.000000E-1	2.218135E-3	2.218135E-3	5.505956E-9	3.947881E+2
1.500000E-1	1.466014E-3	1.466014E-3	3.639008E-9	3.954551E+2
1.000000E-1	7.097483E-4	7.097483E-4	1.761770E-9	3.961221E+2
5.000000E-2	3.781935E-4	3.781935E-4	9.387693E-10	3.974619E+2
0.000000E+0	8.277488E-7	-8.277488E-7	-2.054676E-12	3.992363E+2
-5.000000E-2	3.381339E-4	-3.381339E-4	-8.393315E-10	4.012500E+2
-1.000000E-1	8.351996E-4	-8.351996E-4	-2.073171E-9	4.032627E+2
-1.500000E-1	1.342227E-3	-1.342227E-3	-3.331738E-9	4.039297E+2
-2.000000E-1	1.845478E-3	-1.845478E-3	-4.580930E-9	4.045977E+2
-2.500000E-1	2.844948E-3	-2.844948E-3	-7.061861E-9	4.052646E+2
-3.000000E-1	3.874183E-3	-3.874183E-3	-9.616676E-9	4.059316E+2
-3.500000E-1	4.789670E-3	-4.789670E-3	-1.188914E-8	4.079443E+2
-4.000000E-1	5.948887E-3	-5.948887E-3	-1.476660E-8	4.086113E+2
-4.500000E-1	7.469336E-3	-7.469336E-3	-1.854073E-8	4.092793E+2
-5.000000E-1	8.859585E-3	-8.859585E-3	-2.199167E-8	4.099463E+2
-5.000000E-1	8.623388E-3	-8.623388E-3	-2.140537E-8	4.106133E+2
-4.500000E-1	7.099913E-3	-7.099913E-3	-1.762373E-8	4.112813E+2
-4.000000E-1	5.957729E-3	-5.957729E-3	-1.478855E-8	4.119482E+2
-3.500000E-1	5.168247E-3	-5.168247E-3	-1.282886E-8	4.126152E+2
-3.000000E-1	3.661607E-3	-3.661607E-3	-9.089010E-9	4.139551E+2
-2.500000E-1	2.850851E-3	-2.850851E-3	-7.076514E-9	4.146230E+2
-2.000000E-1	2.019087E-3	-2.019087E-3	-5.011871E-9	4.152900E+2
-1.500000E-1	1.400450E-3	-1.400450E-3	-3.476262E-9	4.159570E+2
-1.000000E-1	8.319872E-4	-8.319872E-4	-2.065197E-9	4.166250E+2
-5.000000E-2	3.679504E-4	-3.679504E-4	-9.133434E-10	4.179648E+2
0.000000E+0	1.148198E-6	-1.148198E-6	-2.850109E-12	4.197383E+2
0.000000E+0	1.042939E-6	-1.042939E-6	-2.588832E-12	4.207422E+2
5.000000E-2	3.785827E-4	3.785827E-4	9.397354E-10	4.227549E+2
1.000000E-1	9.273207E-4	9.273207E-4	2.301838E-9	4.247686E+2
1.500000E-1	1.548732E-3	1.548732E-3	3.844335E-9	4.254355E+2
2.000000E-1	2.093047E-3	2.093047E-3	5.195457E-9	4.261025E+2
2.500000E-1	3.084452E-3	3.084452E-3	7.656370E-9	4.267705E+2
3.000000E-1	4.079676E-3	4.079676E-3	1.012676E-8	4.274375E+2
3.500000E-1	5.244818E-3	5.244818E-3	1.301893E-8	4.294502E+2
4.000000E-1	6.964668E-3	6.964668E-3	1.728802E-8	4.301172E+2
4.500000E-1	7.794973E-3	7.794973E-3	1.934904E-8	4.307852E+2
5.000000E-1	8.735508E-3	8.735508E-3	2.168368E-8	4.314521E+2
5.000000E-1	8.462626E-3	8.462626E-3	2.100632E-8	4.321191E+2
4.500000E-1	6.788360E-3	6.788360E-3	1.685038E-8	4.327861E+2
4.000000E-1	6.253401E-3	6.253401E-3	1.552248E-8	4.334531E+2
3.500000E-1	4.861593E-3	4.861593E-3	1.206767E-8	4.341211E+2
3.000000E-1	3.996585E-3	3.996585E-3	9.920507E-9	4.354600E+2
2.500000E-1	2.911918E-3	2.911918E-3	7.228097E-9	4.361279E+2
2.000000E-1	2.144612E-3	2.144612E-3	5.323456E-9	4.367949E+2
1.500000E-1	1.425416E-3	1.425416E-3	3.538233E-9	4.374619E+2
1.000000E-1	7.282622E-4	7.282622E-4	1.807726E-9	4.381289E+2
5.000000E-2	4.122307E-4	4.122307E-4	1.023258E-9	4.394687E+2
0.000000E+0	8.792682E-7	-8.792682E-7	-2.182560E-12	4.412422E+2
-5.000000E-2	3.842896E-4	-3.842896E-4	-9.539014E-10	4.432568E+2
-1.000000E-1	7.716362E-4	-7.716362E-4	-1.915391E-9	4.452695E+2
-1.500000E-1	1.317464E-3	-1.317464E-3	-3.270269E-9	4.459365E+2
-2.000000E-1	1.887088E-3	-1.887088E-3	-4.684218E-9	4.466035E+2
-2.500000E-1	2.814477E-3	-2.814477E-3	-6.986224E-9	4.472705E+2
-3.000000E-1	3.739956E-3	-3.739956E-3	-9.283490E-9	4.479385E+2
-3.500000E-1	4.619949E-3	-4.619949E-3	-1.146785E-8	4.499502E+2
-4.000000E-1	5.900459E-3	-5.900459E-3	-1.464639E-8	4.506172E+2
-4.500000E-1	7.289898E-3	-7.289898E-3	-1.809532E-8	4.512852E+2
-5.000000E-1	8.508194E-3	-8.508194E-3	-2.111943E-8	4.519521E+2
-5.000000E-1	8.589386E-3	-8.589386E-3	-2.132097E-8	4.526191E+2
-4.500000E-1	6.912332E-3	-6.912332E-3	-1.715811E-8	4.532861E+2
-4.000000E-1	6.014376E-3	-6.014376E-3	-1.492916E-8	4.539531E+2
-3.500000E-1	5.044536E-3	-5.044536E-3	-1.252178E-8	4.546211E+2
-3.000000E-1	3.558062E-3	-3.558062E-3	-8.831985E-9	4.559609E+2
-2.500000E-1	2.637927E-3	-2.637927E-3	-6.547984E-9	4.566279E+2
-2.000000E-1	1.920462E-3	-1.920462E-3	-4.767059E-9	4.572949E+2
-1.500000E-1	1.381549E-3	-1.381549E-3	-3.429345E-9	4.579619E+2
-1.000000E-1	7.271934E-4	-7.271934E-4	-1.805073E-9	4.586289E+2
-5.000000E-2	3.467467E-4	-3.467467E-4	-8.607106E-10	4.599687E+2
0.000000E+0	1.044706E-6	-1.044706E-6	-2.593217E-12	4.617422E+2
0.000000E+0	9.071884E-7	-9.071884E-7	-2.251865E-12	4.627461E+2
5.000000E-2	3.203100E-4	3.203100E-4	7.950883E-10	4.647588E+2
1.000000E-1	7.731522E-4	7.731522E-4	1.919154E-9	4.667715E+2
1.500000E-1	1.285808E-3	1.285808E-3	3.191692E-9	4.674395E+2
2.000000E-1	1.915933E-3	1.915933E-3	4.755818E-9	4.681064E+2
2.500000E-1	2.697189E-3	2.697189E-3	6.695087E-9	4.687734E+2
3.000000E-1	3.844472E-3	3.844472E-3	9.542925E-9	4.694404E+2
3.500000E-1	5.536748E-3	5.536748E-3	1.374357E-8	4.714531E+2
4.000000E-1	6.709238E-3	6.709238E-3	1.665398E-8	4.721201E+2
4.500000E-1	7.595302E-3	7.595302E-3	1.885341E-8	4.727871E+2
5.000000E-1	9.430552E-3	9.430552E-3	2.340895E-8	4.734541E+2
5.000000E-1	8.294270E-3	8.294270E-3	2.058842E-8	4.741221E+2
4.500000E-1	7.782814E-3	7.782814E-3	1.931886E-8	4.747891E+2
4.000000E-1	6.131125E-3	6.131125E-3	1.521896E-8	4.754561E+2
3.500000E-1	4.703414E-3	4.703414E-3	1.167503E-8	4.761230E+2
3.000000E-1	3.652692E-3	3.652692E-3	9.066880E-9	4.774629E+2
2.500000E-1	2.730079E-3	2.730079E-3	6.776729E-9	4.781299E+2
2.000000E-1	1.949542E-3	1.949542E-3	4.839244E-9	4.787969E+2
1.500000E-1	1.204798E-3	1.204798E-3	2.990606E-9	4.794648E+2
1.000000E-1	6.415045E-4	6.415045E-4	1.592372E-9	4.801318E+2
5.000000E-2	3.419867E-4	3.419867E-4	8.488951E-10	4.814717E+2
0.000000E+0	7.462234E-7	-7.462234E-7	-1.852310E-12	4.832451E+2
-5.000000E-2	3.333595E-4	-3.333595E-4	-8.274803E-10	4.852588E+2
-1.000000E-1	6.677166E-4	-6.677166E-4	-1.657437E-9	4.872715E+2
-1.500000E-1	1.152170E-3	-1.152170E-3	-2.859969E-9	4.879395E+2
-2.000000E-1	1.768690E-3	-1.768690E-3	-4.390325E-9	4.886064E+2
-2.500000E-1	2.400034E-3	-2.400034E-3	-5.957475E-9	4.892734E+2
-3.000000E-1	3.228334E-3	-3.228334E-3	-8.013520E-9	4.899404E+2
-3.500000E-1	4.065242E-3	-4.065242E-3	-1.009093E-8	4.919531E+2
-4.000000E-1	5.270074E-3	-5.270074E-3	-1.308162E-8	4.926201E+2
-4.500000E-1	6.175584E-3	-6.175584E-3	-1.532932E-8	4.932871E+2
-5.000000E-1	7.667652E-3	-7.667652E-3	-1.903300E-8	4.939541E+2
-5.000000E-1	7.764951E-3	-7.764951E-3	-1.927452E-8	4.946221E+2
-4.500000E-1	6.164042E-3	-6.164042E-3	-1.530067E-8	4.952891E+2
-4.000000E-1	5.089588E-3	-5.089588E-3	-1.263361E-8	4.959561E+2
-3.500000E-1	4.185262E-3	-4.185262E-3	-1.038885E-8	4.966230E+2
-3.000000E-1	3.218972E-3	-3.218972E-3	-7.990280E-9	4.979629E+2
-2.500000E-1	2.302940E-3	-2.302940E-3	-5.716463E-9	4.986299E+2
-2.000000E-1	1.684405E-3	-1.684405E-3	-4.181108E-9	4.992969E+2
-1.500000E-1	1.160848E-3	-1.160848E-3	-2.881511E-9	4.999648E+2
-1.000000E-1	6.977769E-4	-6.977769E-4	-1.732054E-9	5.006318E+2
-5.000000E-2	3.096298E-4	-3.096298E-4	-7.685774E-10	5.019717E+2
0.000000E+0	9.369990E-7	-9.369990E-7	-2.325862E-12	5.037451E+2
0.000000E+0	8.278381E-7	-8.278381E-7	-2.054898E-12	5.047480E+2
5.000000E-2	3.240614E-4	3.240614E-4	8.044002E-10	5.067617E+2
1.000000E-1	6.956224E-4	6.956224E-4	1.726706E-9	5.087744E+2
1.500000E-1	1.013330E-3	1.013330E-3	2.515335E-9	5.094414E+2
2.000000E-1	1.673304E-3	1.673304E-3	4.153553E-9	5.101084E+2
2.500000E-1	2.296444E-3	2.296444E-3	5.700340E-9	5.107764E+2
3.000000E-1	3.312635E-3	3.312635E-3	8.222776E-9	5.114434E+2
3.500000E-1	4.762179E-3	4.762179E-3	1.182090E-8	5.134551E+2
4.000000E-1	6.042479E-3	6.042479E-3	1.499892E-8	5.141230E+2
4.500000E-1	6.776057E-3	6.776057E-3	1.681984E-8	5.147900E+2
5.000000E-1	8.936648E-3	8.936648E-3	2.218296E-8	5.154570E+2
5.000000E-1	8.767491E-3	8.767491E-3	2.176307E-8	5.161240E+2
4.500000E-1	7.294813E-3	7.294813E-3	1.810752E-8	5.167910E+2
4.000000E-1	6.128647E-3	6.128647E-3	1.521281E-8	5.174590E+2
3.500000E-1	5.079537E-3	5.079537E-3	1.260866E-8	5.181260E+2
3.000000E-1	3.444339E-3	3.444339E-3	8.549698E-9	5.194658E+2
2.500000E-1	2.791009E-3	2.791009E-3	6.927970E-9	5.201328E+2
2.000000E-1	1.881560E-3	1.881560E-3	4.670495E-9	5.207998E+2
1.500000E-1	1.251837E-3	1.251837E-3	3.107367E-9	5.214668E+2
1.000000E-1	7.558119E-4	7.558119E-4	1.876111E-9	5.221348E+2
5.000000E-2	3.262295E-4	3.262295E-4	8.097819E-10	5.234746E+2
0.000000E+0	7.591157E-7	-7.591157E-7	-1.884312E-12	5.252480E+2
-5.000000E-2	3.315999E-4	-3.315999E-4	-8.231125E-10	5.272617E+2
-1.000000E-1	7.497847E-4	-7.497847E-4	-1.861150E-9	5.292744E+2
-1.500000E-1	1.311363E-3	-1.311363E-3	-3.255125E-9	5.299414E+2
-2.000000E-1	1.930223E-3	-1.930223E-3	-4.791288E-9	5.306084E+2
-2.500000E-1	2.458807E-3	-2.458807E-3	-6.103364E-9	5.312764E+2
-3.000000E-1	3.256714E-3	-3.256714E-3	-8.083966E-9	5.319434E+2
-3.500000E-1	4.213752E-3	-4.213752E-3	-1.045957E-8	5.326104E+2
-4.000000E-1	5.495132E-3	-5.495132E-3	-1.364027E-8	5.346230E+2
-4.500000E-1	6.520127E-3	-6.520127E-3	-1.618456E-8	5.352900E+2
-5.000000E-1	8.508508E-3	-8.508508E-3	-2.112021E-8	5.359570E+2
-5.000000E-1	8.200404E-3	-8.200404E-3	-2.035542E-8	5.366240E+2
-4.500000E-1	6.948373E-3	-6.948373E-3	-1.724757E-8	5.372920E+2
-4.000000E-1	6.176438E-3	-6.176438E-3	-1.533144E-8	5.379590E+2
-3.500000E-1	4.727166E-3	-4.727166E-3	-1.173399E-8	5.386260E+2
-3.000000E-1	3.530638E-3	-3.530638E-3	-8.763911E-9	5.399658E+2
-2.500000E-1	2.736740E-3	-2.736740E-3	-6.793262E-9	5.406328E+2
-2.000000E-1	2.008027E-3	-2.008027E-3	-4.984417E-9	5.412998E+2
-1.500000E-1	1.414590E-3	-1.414590E-3	-3.511361E-9	5.419668E+2
-1.000000E-1	8.689791E-4	-8.689791E-4	-2.157020E-9	5.426348E+2
-5.000000E-2	3.868044E-4	-3.868044E-4	-9.601437E-10	5.439746E+2
0.000000E+0	1.104466E-6	-1.104466E-6	-2.741557E-12	5.457480E+2
0.000000E+0	1.060673E-6	-1.060673E-6	-2.632852E-12	5.467510E+2
5.000000E-2	3.561252E-4	3.561252E-4	8.839903E-10	5.487637E+2
1.000000E-1	7.878651E-4	7.878651E-4	1.955675E-9	5.507773E+2
1.500000E-1	1.333247E-3	1.333247E-3	3.309447E-9	5.514443E+2
2.000000E-1	1.877506E-3	1.877506E-3	4.660432E-9	5.521113E+2
2.500000E-1	3.112385E-3	3.112385E-3	7.725705E-9	5.527783E+2
3.000000E-1	3.834175E-3	3.834175E-3	9.517365E-9	5.554580E+2
3.500000E-1	5.215474E-3	5.215474E-3	1.294609E-8	5.561250E+2
4.000000E-1	6.995789E-3	6.995789E-3	1.736527E-8	5.567920E+2
4.500000E-1	8.108294E-3	8.108294E-3	2.012678E-8	5.574590E+2
5.000000E-1	1.006667E-2	1.006667E-2	2.498795E-8	5.581270E+2
5.000000E-1	1.067435E-2	1.067435E-2	2.649637E-8	5.587939E+2
4.500000E-1	8.085702E-3	8.085702E-3	2.007070E-8	5.594609E+2
4.000000E-1	7.187781E-3	7.187781E-3	1.784184E-8	5.601279E+2
3.500000E-1	5.665619E-3	5.665619E-3	1.406346E-8	5.607949E+2
3.000000E-1	4.443113E-3	4.443113E-3	1.102890E-8	5.614629E+2
2.500000E-1	3.834711E-3	3.834711E-3	9.518696E-9	5.628018E+2
2.000000E-1	2.756511E-3	2.756511E-3	6.842338E-9	5.634697E+2
1.500000E-1	1.679572E-3	1.679572E-3	4.169111E-9	5.641367E+2
1.000000E-1	8.798950E-4	8.798950E-4	2.184116E-9	5.648037E+2
5.000000E-2	4.721268E-4	4.721268E-4	1.171935E-9	5.654707E+2
0.000000E+0	1.121926E-6	-1.121926E-6	-2.784897E-12	5.672441E+2
-5.000000E-2	3.504303E-4	-3.504303E-4	-8.698542E-10	5.699307E+2
-1.000000E-1	8.013320E-4	-8.013320E-4	-1.989103E-9	5.719434E+2
-1.500000E-1	1.255108E-3	-1.255108E-3	-3.115486E-9	5.726104E+2
-2.000000E-1	1.842127E-3	-1.842127E-3	-4.572612E-9	5.732773E+2
-2.500000E-1	2.760389E-3	-2.760389E-3	-6.851965E-9	5.739443E+2
-3.000000E-1	3.654253E-3	-3.654253E-3	-9.070756E-9	5.746123E+2
-3.500000E-1	4.399616E-3	-4.399616E-3	-1.092093E-8	5.766240E+2
-4.000000E-1	5.890097E-3	-5.890097E-3	-1.462067E-8	5.772910E+2
-4.500000E-1	7.569410E-3	-7.569410E-3	-1.878914E-8	5.779590E+2
-5.000000E-1	9.179412E-3	-9.179412E-3	-2.278556E-8	5.786260E+2
-5.000000E-1	9.032259E-3	-9.032259E-3	-2.242029E-8	5.792930E+2
-4.500000E-1	6.979638E-3	-6.979638E-3	-1.732518E-8	5.799600E+2
-4.000000E-1	5.889311E-3	-5.889311E-3	-1.461872E-8	5.806270E+2
-3.500000E-1	4.898777E-3	-4.898777E-3	-1.215997E-8	5.812949E+2
-3.000000E-1	3.887369E-3	-3.887369E-3	-9.649406E-9	5.826348E+2
-2.500000E-1	3.055403E-3	-3.055403E-3	-7.584261E-9	5.833018E+2
-2.000000E-1	2.196273E-3	-2.196273E-3	-5.451690E-9	5.839688E+2
-1.500000E-1	1.528199E-3	-1.528199E-3	-3.793367E-9	5.846357E+2
-1.000000E-1	8.233668E-4	-8.233668E-4	-2.043799E-9	5.853027E+2
-5.000000E-2	4.221092E-4	-4.221092E-4	-1.047779E-9	5.866426E+2
0.000000E+0	1.198755E-6	-1.198755E-6	-2.975606E-12	5.884160E+2
0.000000E+0	1.095426E-6	-1.095426E-6	-2.719117E-12	5.894199E+2
5.000000E-2	4.165433E-4	4.165433E-4	1.033963E-9	5.914326E+2
1.000000E-1	8.687064E-4	8.687064E-4	2.156343E-9	5.920996E+2
1.500000E-1	1.593317E-3	1.593317E-3	3.955005E-9	5.927676E+2
2.000000E-1	2.213894E-3	2.213894E-3	5.495430E-9	5.934346E+2
2.500000E-1	2.895281E-3	2.895281E-3	7.186800E-9	5.941016E+2
3.000000E-1	4.112489E-3	4.112489E-3	1.020821E-8	5.947686E+2
3.500000E-1	5.815560E-3	5.815560E-3	1.443565E-8	5.967813E+2
4.000000E-1	6.825536E-3	6.825536E-3	1.694266E-8	5.974482E+2
4.500000E-1	8.875277E-3	8.875277E-3	2.203062E-8	5.981152E+2
5.000000E-1	1.080875E-2	1.080875E-2	2.682997E-8	5.987822E+2
5.000000E-1	9.761768E-3	9.761768E-3	2.423111E-8	5.994502E+2
4.500000E-1	8.426461E-3	8.426461E-3	2.091655E-8	6.001172E+2
4.000000E-1	6.157561E-3	6.157561E-3	1.528458E-8	6.007842E+2
3.500000E-1	4.919166E-3	4.919166E-3	1.221058E-8	6.014512E+2
3.000000E-1	3.707192E-3	3.707192E-3	9.202163E-9	6.027910E+2
2.500000E-1	2.751438E-3	2.751438E-3	6.829745E-9	6.034580E+2
2.000000E-1	1.874452E-3	1.874452E-3	4.652851E-9	6.041250E+2
1.500000E-1	1.205963E-3	1.205963E-3	2.993496E-9	6.047930E+2
1.000000E-1	7.095574E-4	7.095574E-4	1.761296E-9	6.054600E+2
5.000000E-2	3.187737E-4	3.187737E-4	7.912749E-10	6.067998E+2
0.000000E+0	7.774257E-7	-7.774257E-7	-1.929762E-12	6.085732E+2
-5.000000E-2	3.344855E-4	-3.344855E-4	-8.302754E-10	6.105869E+2
-1.000000E-1	6.588465E-4	-6.588465E-4	-1.635419E-9	6.125996E+2
-1.500000E-1	1.060447E-3	-1.060447E-3	-2.632290E-9	6.132676E+2
-2.000000E-1	1.662148E-3	-1.662148E-3	-4.125861E-9	6.139346E+2
-2.500000E-1	2.300874E-3	-2.300874E-3	-5.711335E-9	6.146016E+2
-3.000000E-1	2.970168E-3	-2.970168E-3	-7.372688E-9	6.152686E+2
-3.500000E-1	3.794898E-3	-3.794898E-3	-9.419870E-9	6.159355E+2
-4.000000E-1	4.701327E-3	-4.701327E-3	-1.166985E-8	6.179482E+2
-4.500000E-1	5.536272E-3	-5.536272E-3	-1.374239E-8	6.186152E+2
-5.000000E-1	7.014841E-3	-7.014841E-3	-1.741256E-8	6.192822E+2
-5.000000E-1	7.153263E-3	-7.153263E-3	-1.775616E-8	6.199502E+2
-4.500000E-1	6.045742E-3	-6.045742E-3	-1.500702E-8	6.206172E+2
-4.000000E-1	4.817919E-3	-4.817919E-3	-1.195926E-8	6.212842E+2
-3.500000E-1	4.093740E-3	-4.093740E-3	-1.016167E-8	6.219512E+2
-3.000000E-1	3.146495E-3	-3.146495E-3	-7.810374E-9	6.232910E+2
-2.500000E-1	2.409017E-3	-2.409017E-3	-5.979774E-9	6.239580E+2
-2.000000E-1	1.657381E-3	-1.657381E-3	-4.114027E-9	6.246250E+2
-1.500000E-1	1.117463E-3	-1.117463E-3	-2.773818E-9	6.252930E+2
-1.000000E-1	6.604470E-4	-6.604470E-4	-1.639392E-9	6.259600E+2
-5.000000E-2	3.094524E-4	-3.094524E-4	-7.681369E-10	6.272998E+2
0.000000E+0	1.019855E-6	-1.019855E-6	-2.531531E-12	6.290732E+2
0.000000E+0	8.733027E-7	-8.733027E-7	-2.167752E-12	6.300762E+2
5.000000E-2	3.093949E-4	3.093949E-4	7.679944E-10	6.320898E+2
1.000000E-1	7.349859E-4	7.349859E-4	1.824416E-9	6.341025E+2
1.500000E-1	1.191767E-3	1.191767E-3	2.958259E-9	6.347695E+2
2.000000E-1	1.853609E-3	1.853609E-3	4.601113E-9	6.354365E+2
2.500000E-1	2.581444E-3	2.581444E-3	6.407779E-9	6.361045E+2
3.000000E-1	3.376308E-3	3.376308E-3	8.380827E-9	6.367715E+2
3.500000E-1	4.253555E-3	4.253555E-3	1.055837E-8	6.387842E+2
4.000000E-1	5.349631E-3	5.349631E-3	1.327910E-8	6.394512E+2
4.500000E-1	6.410638E-3	6.410638E-3	1.591278E-8	6.401182E+2
5.000000E-1	7.603891E-3	7.603891E-3	1.887473E-8	6.407852E+2
5.000000E-1	7.766857E-3	7.766857E-3	1.927925E-8	6.414521E+2
4.500000E-1	6.448978E-3	6.448978E-3	1.600795E-8	6.421201E+2
4.000000E-1	5.080785E-3	5.080785E-3	1.261176E-8	6.427871E+2
3.500000E-1	4.089522E-3	4.089522E-3	1.015120E-8	6.434541E+2
3.000000E-1	3.226012E-3	3.226012E-3	8.007756E-9	6.447939E+2
2.500000E-1	2.410722E-3	2.410722E-3	5.984006E-9	6.454609E+2
2.000000E-1	1.783339E-3	1.783339E-3	4.426687E-9	6.461279E+2
1.500000E-1	1.140509E-3	1.140509E-3	2.831023E-9	6.467959E+2
1.000000E-1	6.783135E-4	6.783135E-4	1.683741E-9	6.474629E+2
5.000000E-2	3.105919E-4	3.105919E-4	7.709655E-10	6.488027E+2
0.000000E+0	6.385386E-7	-6.385386E-7	-1.585010E-12	6.505762E+2
-5.000000E-2	3.052173E-4	-3.052173E-4	-7.576244E-10	6.525898E+2
-1.000000E-1	6.090267E-4	-6.090267E-4	-1.511754E-9	6.546025E+2
-1.500000E-1	1.081031E-3	-1.081031E-3	-2.683385E-9	6.552705E+2
-2.000000E-1	1.507838E-3	-1.507838E-3	-3.742824E-9	6.559375E+2
-2.500000E-1	2.154701E-3	-2.154701E-3	-5.348498E-9	6.566045E+2
-3.000000E-1	2.960683E-3	-2.960683E-3	-7.349143E-9	6.572715E+2
-3.500000E-1	3.839090E-3	-3.839090E-3	-9.529566E-9	6.579385E+2
-4.000000E-1	5.028909E-3	-5.028909E-3	-1.248299E-8	6.599512E+2
-4.500000E-1	6.031976E-3	-6.031976E-3	-1.497285E-8	6.606182E+2
-5.000000E-1	6.697133E-3	-6.697133E-3	-1.662393E-8	6.612852E+2
-5.000000E-1	6.698917E-3	-6.698917E-3	-1.662836E-8	6.619531E+2
-4.500000E-1	5.567196E-3	-5.567196E-3	-1.381915E-8	6.626201E+2
-4.000000E-1	4.613994E-3	-4.613994E-3	-1.145307E-8	6.632871E+2
-3.500000E-1	3.741909E-3	-3.741909E-3	-9.288340E-9	6.646270E+2
-3.000000E-1	2.869334E-3	-2.869334E-3	-7.122394E-9	6.652939E+2
-2.500000E-1	2.274816E-3	-2.274816E-3	-5.646654E-9	6.659609E+2
-2.000000E-1	1.513119E-3	-1.513119E-3	-3.755933E-9	6.666279E+2
-1.500000E-1	9.759617E-4	-9.759617E-4	-2.422577E-9	6.672959E+2
-1.000000E-1	5.953922E-4	-5.953922E-4	-1.477910E-9	6.679629E+2
-5.000000E-2	2.738374E-4	-2.738374E-4	-6.797318E-10	6.693027E+2
0.000000E+0	8.243046E-7	-8.243046E-7	-2.046127E-12	6.710762E+2
0.000000E+0	8.070960E-7	-8.070960E-7	-2.003411E-12	6.720791E+2
5.000000E-2	2.985283E-4	2.985283E-4	7.410207E-10	6.740928E+2
1.000000E-1	6.484402E-4	6.484402E-4	1.609588E-9	6.761055E+2
1.500000E-1	1.111854E-3	1.111854E-3	2.759894E-9	6.767725E+2
2.000000E-1	1.581403E-3	1.581403E-3	3.925431E-9	6.774395E+2
2.500000E-1	2.267115E-3	2.267115E-3	5.627538E-9	6.781074E+2
3.000000E-1	2.998959E-3	2.998959E-3	7.444155E-9	6.787744E+2
3.500000E-1	3.919556E-3	3.919556E-3	9.729302E-9	6.794414E+2
4.000000E-1	4.939438E-3	4.939438E-3	1.226090E-8	6.814541E+2
4.500000E-1	6.209828E-3	6.209828E-3	1.541432E-8	6.821211E+2
5.000000E-1	7.657331E-3	7.657331E-3	1.900738E-8	6.827881E+2
5.000000E-1	7.385166E-3	7.385166E-3	1.833180E-8	6.834551E+2
4.500000E-1	6.497885E-3	6.497885E-3	1.612935E-8	6.841221E+2
4.000000E-1	5.125358E-3	5.125358E-3	1.272240E-8	6.847900E+2
3.500000E-1	4.092419E-3	4.092419E-3	1.015839E-8	6.854570E+2
3.000000E-1	3.182623E-3	3.182623E-3	7.900053E-9	6.867969E+2
2.500000E-1	2.364580E-3	2.364580E-3	5.869470E-9	6.874639E+2
2.000000E-1	1.698041E-3	1.698041E-3	4.214955E-9	6.881309E+2
1.500000E-1	1.125557E-3	1.125557E-3	2.793909E-9	6.887979E+2
1.000000E-1	6.424355E-4	6.424355E-4	1.594683E-9	6.894658E+2
5.000000E-2	2.906214E-4	2.906214E-4	7.213939E-10	6.908057E+2
0.000000E+0	6.928870E-7	-6.928870E-7	-1.719916E-12	6.925791E+2
-5.000000E-2	2.779272E-4	-2.779272E-4	-6.898837E-10	6.945928E+2
-1.000000E-1	6.131346E-4	-6.131346E-4	-1.521951E-9	6.966055E+2
-1.500000E-1	1.044760E-3	-1.044760E-3	-2.593352E-9	6.972725E+2
-2.000000E-1	1.592426E-3	-1.592426E-3	-3.952793E-9	6.979395E+2
-2.500000E-1	2.144318E-3	-2.144318E-3	-5.322724E-9	6.986074E+2
-3.000000E-1	2.883120E-3	-2.883120E-3	-7.156614E-9	6.992744E+2
-3.500000E-1	3.745104E-3	-3.745104E-3	-9.296270E-9	6.999414E+2
-4.000000E-1	4.677772E-3	-4.677772E-3	-1.161138E-8	7.019541E+2
-4.500000E-1	5.563892E-3	-5.563892E-3	-1.381095E-8	7.026211E+2
-5.000000E-1	6.936271E-3	-6.936271E-3	-1.721753E-8	7.032881E+2
-5.000000E-1	6.976931E-3	-6.976931E-3	-1.731846E-8	7.039551E+2
-4.500000E-1	5.858501E-3	-5.858501E-3	-1.454224E-8	7.046221E+2
-4.000000E-1	4.848210E-3	-4.848210E-3	-1.203445E-8	7.052900E+2
-3.500000E-1	3.877798E-3	-3.877798E-3	-9.625650E-9	7.066299E+2
-3.000000E-1	2.977787E-3	-2.977787E-3	-7.391601E-9	7.072969E+2
-2.500000E-1	2.257064E-3	-2.257064E-3	-5.602588E-9	7.079639E+2
-2.000000E-1	1.669513E-3	-1.669513E-3	-4.144142E-9	7.086309E+2
-1.500000E-1	1.156791E-3	-1.156791E-3	-2.871439E-9	7.092979E+2
-1.000000E-1	7.026705E-4	-7.026705E-4	-1.744201E-9	7.099658E+2
-5.000000E-2	3.078336E-4	-3.078336E-4	-7.641188E-10	7.113057E+2
0.000000E+0	8.614783E-7	-8.614783E-7	-2.138401E-12	7.130791E+2
0.000000E+0	8.642959E-7	-8.642959E-7	-2.145395E-12	7.140820E+2
5.000000E-2	3.068830E-4	3.068830E-4	7.617592E-10	7.160947E+2
1.000000E-1	7.035886E-4	7.035886E-4	1.746480E-9	7.181084E+2
1.500000E-1	1.151790E-3	1.151790E-3	2.859025E-9	7.187754E+2
2.000000E-1	1.689679E-3	1.689679E-3	4.194199E-9	7.194424E+2
2.500000E-1	2.342691E-3	2.342691E-3	5.815135E-9	7.201094E+2
3.000000E-1	3.193668E-3	3.193668E-3	7.927469E-9	7.207773E+2
3.500000E-1	4.021634E-3	4.021634E-3	9.982685E-9	7.214443E+2
4.000000E-1	5.110364E-3	5.110364E-3	1.268518E-8	7.234561E+2
4.500000E-1	6.518045E-3	6.518045E-3	1.617939E-8	7.241240E+2
5.000000E-1	7.800919E-3	7.800919E-3	1.936380E-8	7.247910E+2
5.000000E-1	7.895333E-3	7.895333E-3	1.959816E-8	7.254580E+2
4.500000E-1	6.416773E-3	6.416773E-3	1.592801E-8	7.261250E+2
4.000000E-1	5.261308E-3	5.261308E-3	1.305986E-8	7.267920E+2
3.500000E-1	4.161920E-3	4.161920E-3	1.033091E-8	7.274600E+2
3.000000E-1	3.230492E-3	3.230492E-3	8.018877E-9	7.287998E+2
2.500000E-1	2.548662E-3	2.548662E-3	6.326406E-9	7.294668E+2
2.000000E-1	1.827436E-3	1.827436E-3	4.536146E-9	7.301338E+2
1.500000E-1	1.188199E-3	1.188199E-3	2.949403E-9	7.308008E+2
1.000000E-1	7.247976E-4	7.247976E-4	1.799126E-9	7.314678E+2
5.000000E-2	3.264959E-4	3.264959E-4	8.104432E-10	7.328076E+2
0.000000E+0	6.874246E-7	-6.874246E-7	-1.706357E-12	7.345820E+2
-5.000000E-2	3.185627E-4	-3.185627E-4	-7.907510E-10	7.365957E+2
-1.000000E-1	6.503122E-4	-6.503122E-4	-1.614235E-9	7.386084E+2
-1.500000E-1	1.156705E-3	-1.156705E-3	-2.871226E-9	7.392754E+2
-2.000000E-1	1.625436E-3	-1.625436E-3	-4.034733E-9	7.399424E+2
-2.500000E-1	2.294303E-3	-2.294303E-3	-5.695026E-9	7.406094E+2
-3.000000E-1	3.066696E-3	-3.066696E-3	-7.612294E-9	7.412773E+2
-3.500000E-1	3.954252E-3	-3.954252E-3	-9.815428E-9	7.419443E+2
-4.000000E-1	4.690619E-3	-4.690619E-3	-1.164327E-8	7.439570E+2
-4.500000E-1	5.835945E-3	-5.835945E-3	-1.448625E-8	7.446240E+2
-5.000000E-1	6.970288E-3	-6.970288E-3	-1.730197E-8	7.452910E+2
-5.000000E-1	6.742055E-3	-6.742055E-3	-1.673544E-8	7.459580E+2
-4.500000E-1	5.715811E-3	-5.715811E-3	-1.418805E-8	7.466250E+2
-4.000000E-1	4.772629E-3	-4.772629E-3	-1.184684E-8	7.472930E+2
-3.500000E-1	3.856346E-3	-3.856346E-3	-9.572399E-9	7.486328E+2
-3.000000E-1	2.955986E-3	-2.955986E-3	-7.337484E-9	7.492998E+2
-2.500000E-1	2.218807E-3	-2.218807E-3	-5.507624E-9	7.499668E+2
-2.000000E-1	1.571912E-3	-1.571912E-3	-3.901872E-9	7.506338E+2
-1.500000E-1	1.128057E-3	-1.128057E-3	-2.800115E-9	7.513008E+2
-1.000000E-1	6.373864E-4	-6.373864E-4	-1.582150E-9	7.519688E+2
-5.000000E-2	2.935964E-4	-2.935964E-4	-7.287786E-10	7.533086E+2
0.000000E+0	9.836039E-7	-9.836039E-7	-2.441547E-12	7.550820E+2
0.000000E+0	8.746893E-7	-8.746893E-7	-2.171194E-12	7.560850E+2
5.000000E-2	3.146772E-4	3.146772E-4	7.811062E-10	7.580977E+2
1.000000E-1	6.988646E-4	6.988646E-4	1.734754E-9	7.601113E+2
1.500000E-1	1.168132E-3	1.168132E-3	2.899591E-9	7.607783E+2
2.000000E-1	1.734127E-3	1.734127E-3	4.304529E-9	7.614453E+2
2.500000E-1	2.578335E-3	2.578335E-3	6.400062E-9	7.621123E+2
3.000000E-1	3.465394E-3	3.465394E-3	8.601960E-9	7.627793E+2
3.500000E-1	4.647919E-3	4.647919E-3	1.153728E-8	7.647920E+2
4.000000E-1	5.695378E-3	5.695378E-3	1.413733E-8	7.654590E+2
4.500000E-1	6.877099E-3	6.877099E-3	1.707065E-8	7.661260E+2
5.000000E-1	7.666710E-3	7.666710E-3	1.903066E-8	7.667939E+2
5.000000E-1	7.525386E-3	7.525386E-3	1.867986E-8	7.674609E+2
4.500000E-1	6.132225E-3	6.132225E-3	1.522169E-8	7.681279E+2
4.000000E-1	5.345006E-3	5.345006E-3	1.326762E-8	7.687949E+2
3.500000E-1	4.306688E-3	4.306688E-3	1.069026E-8	7.694619E+2
3.000000E-1	3.097571E-3	3.097571E-3	7.688933E-9	7.708018E+2
2.500000E-1	2.408949E-3	2.408949E-3	5.979605E-9	7.714697E+2
2.000000E-1	1.747469E-3	1.747469E-3	4.337649E-9	7.721367E+2
1.500000E-1	1.066713E-3	1.066713E-3	2.647845E-9	7.728037E+2
1.000000E-1	6.428613E-4	6.428613E-4	1.595740E-9	7.734707E+2
5.000000E-2	3.289516E-4	3.289516E-4	8.165388E-10	7.748105E+2
0.000000E+0	6.938430E-7	-6.938430E-7	-1.722289E-12	7.765840E+2
-5.000000E-2	3.122369E-4	-3.122369E-4	-7.750489E-10	7.785977E+2
-1.000000E-1	6.944493E-4	-6.944493E-4	-1.723794E-9	7.806113E+2
-1.500000E-1	1.151800E-3	-1.151800E-3	-2.859051E-9	7.812783E+2
-2.000000E-1	1.712814E-3	-1.712814E-3	-4.251626E-9	7.819453E+2
-2.500000E-1	2.425852E-3	-2.425852E-3	-6.021561E-9	7.826123E+2
-3.000000E-1	3.236396E-3	-3.236396E-3	-8.033532E-9	7.832803E+2
-3.500000E-1	4.178554E-3	-4.178554E-3	-1.037220E-8	7.839473E+2
-4.000000E-1	5.303185E-3	-5.303185E-3	-1.316381E-8	7.859590E+2
-4.500000E-1	6.261781E-3	-6.261781E-3	-1.554328E-8	7.866270E+2
-5.000000E-1	7.557043E-3	-7.557043E-3	-1.875844E-8	7.872939E+2
-5.000000E-1	7.364141E-3	-7.364141E-3	-1.827961E-8	7.879609E+2
-4.500000E-1	6.232779E-3	-6.232779E-3	-1.547129E-8	7.886279E+2
-4.000000E-1	5.286281E-3	-5.286281E-3	-1.312185E-8	7.892949E+2
-3.500000E-1	4.157263E-3	-4.157263E-3	-1.031935E-8	7.899629E+2
-3.000000E-1	3.258277E-3	-3.258277E-3	-8.087846E-9	7.913027E+2
-2.500000E-1	2.493752E-3	-2.493752E-3	-6.190107E-9	7.919697E+2
-2.000000E-1	1.770660E-3	-1.770660E-3	-4.395214E-9	7.926367E+2
-1.500000E-1	1.200082E-3	-1.200082E-3	-2.978900E-9	7.933037E+2
-1.000000E-1	6.970252E-4	-6.970252E-4	-1.730188E-9	7.939707E+2
-5.000000E-2	3.439953E-4	-3.439953E-4	-8.538810E-10	7.953105E+2
0.000000E+0	1.085810E-6	-1.085810E-6	-2.695247E-12	7.970840E+2
0.000000E+0	9.309665E-7	-9.309665E-7	-2.310888E-12	7.980879E+2
5.000000E-2	3.356722E-4	3.356722E-4	8.332211E-10	8.001006E+2
1.000000E-1	7.998877E-4	7.998877E-4	1.985518E-9	8.021133E+2
1.500000E-1	1.277306E-3	1.277306E-3	3.170588E-9	8.027812E+2
2.000000E-1	1.932919E-3	1.932919E-3	4.797981E-9	8.034482E+2
2.500000E-1	2.667238E-3	2.667238E-3	6.620740E-9	8.041152E+2
3.000000E-1	3.624405E-3	3.624405E-3	8.996665E-9	8.047822E+2
3.500000E-1	4.476764E-3	4.476764E-3	1.111243E-8	8.067949E+2
4.000000E-1	5.770407E-3	5.770407E-3	1.432357E-8	8.074619E+2
4.500000E-1	7.038481E-3	7.038481E-3	1.747124E-8	8.081289E+2
5.000000E-1	8.350493E-3	8.350493E-3	2.072798E-8	8.087959E+2
5.000000E-1	8.794068E-3	8.794068E-3	2.182904E-8	8.094639E+2
4.500000E-1	7.315737E-3	7.315737E-3	1.815946E-8	8.101309E+2
4.000000E-1	6.120485E-3	6.120485E-3	1.519255E-8	8.107979E+2
3.500000E-1	4.930531E-3	4.930531E-3	1.223879E-8	8.114648E+2
3.000000E-1	3.725723E-3	3.725723E-3	9.248162E-9	8.128047E+2
2.500000E-1	2.762467E-3	2.762467E-3	6.857123E-9	8.134717E+2
2.000000E-1	1.889500E-3	1.889500E-3	4.690203E-9	8.141396E+2
1.500000E-1	1.206353E-3	1.206353E-3	2.994464E-9	8.148066E+2
1.000000E-1	7.515963E-4	7.515963E-4	1.865647E-9	8.154736E+2
5.000000E-2	3.577753E-4	3.577753E-4	8.880864E-10	8.168135E+2
0.000000E+0	7.858846E-7	-7.858846E-7	-1.950759E-12	8.185869E+2
-5.000000E-2	3.380569E-4	-3.380569E-4	-8.391403E-10	8.206006E+2
-1.000000E-1	7.143071E-4	-7.143071E-4	-1.773086E-9	8.226133E+2
-1.500000E-1	1.187389E-3	-1.187389E-3	-2.947391E-9	8.232812E+2
-2.000000E-1	1.773308E-3	-1.773308E-3	-4.401786E-9	8.239482E+2
-2.500000E-1	2.397781E-3	-2.397781E-3	-5.951882E-9	8.246152E+2
-3.000000E-1	3.249736E-3	-3.249736E-3	-8.066645E-9	8.252822E+2
-3.500000E-1	4.131379E-3	-4.131379E-3	-1.025510E-8	8.259492E+2
-4.000000E-1	5.095518E-3	-5.095518E-3	-1.264833E-8	8.279619E+2
-4.500000E-1	6.072396E-3	-6.072396E-3	-1.507318E-8	8.286289E+2
-5.000000E-1	7.351564E-3	-7.351564E-3	-1.824839E-8	8.292959E+2
-5.000000E-1	7.448911E-3	-7.448911E-3	-1.849003E-8	8.299639E+2
-4.500000E-1	6.254376E-3	-6.254376E-3	-1.552490E-8	8.306309E+2
-4.000000E-1	5.066899E-3	-5.066899E-3	-1.257729E-8	8.312979E+2
-3.500000E-1	4.283834E-3	-4.283834E-3	-1.063353E-8	8.319648E+2
-3.000000E-1	3.335403E-3	-3.335403E-3	-8.279291E-9	8.333047E+2
-2.500000E-1	2.435233E-3	-2.435233E-3	-6.044847E-9	8.339717E+2
-2.000000E-1	1.799337E-3	-1.799337E-3	-4.466398E-9	8.346387E+2
-1.500000E-1	1.201092E-3	-1.201092E-3	-2.981406E-9	8.353066E+2
-1.000000E-1	7.666484E-4	-7.666484E-4	-1.903010E-9	8.359736E+2
-5.000000E-2	3.311859E-4	-3.311859E-4	-8.220848E-10	8.373135E+2
0.000000E+0	1.103421E-6	-1.103421E-6	-2.738962E-12	8.390869E+2
