voltage_4_2_21_500mv_500ms	absJ_4_2_21_500mv_500ms	J_4_2_21_500mv_500ms	current_4_2_21_500mv_500ms	time_4_2_21_500mv_500ms	
0.000000E+0	6.067693E-7	-6.067693E-7	-6.801212E-12	0.000000E+0
5.000000E-2	2.769961E-4	2.769961E-4	3.104820E-9	2.013672E+0
1.000000E-1	6.526087E-4	6.526087E-4	7.315020E-9	2.680664E+0
1.500000E-1	1.262135E-3	1.262135E-3	1.414713E-8	4.693359E+0
2.000000E-1	2.127679E-3	2.127679E-3	2.384892E-8	5.360352E+0
2.500000E-1	3.378290E-3	3.378290E-3	3.786689E-8	6.028320E+0
3.000000E-1	4.948558E-3	4.948558E-3	5.546785E-8	6.695313E+0
3.500000E-1	6.967692E-3	6.967692E-3	7.810011E-8	7.362305E+0
4.000000E-1	9.278821E-3	9.278821E-3	1.040053E-7	8.029297E+0
4.500000E-1	1.236639E-2	1.236639E-2	1.386135E-7	1.004785E+1
5.000000E-1	1.596623E-2	1.596623E-2	1.789637E-7	1.071484E+1
5.000000E-1	1.602036E-2	1.602036E-2	1.795705E-7	1.138184E+1
4.500000E-1	1.234750E-2	1.234750E-2	1.384018E-7	1.204980E+1
4.000000E-1	9.364163E-3	9.364163E-3	1.049619E-7	1.271680E+1
3.500000E-1	7.045329E-3	7.045329E-3	7.897034E-8	1.405664E+1
3.000000E-1	4.974180E-3	4.974180E-3	5.575505E-8	1.472363E+1
2.500000E-1	3.401357E-3	3.401357E-3	3.812545E-8	1.539063E+1
2.000000E-1	2.122395E-3	2.122395E-3	2.378970E-8	1.605859E+1
1.500000E-1	1.243053E-3	1.243053E-3	1.393325E-8	1.672559E+1
1.000000E-1	6.550032E-4	6.550032E-4	7.341860E-9	1.806543E+1
5.000000E-2	2.667710E-4	2.667710E-4	2.990207E-9	1.873340E+1
0.000000E+0	3.096154E-7	-3.096154E-7	-3.470446E-12	2.050586E+1
-5.000000E-2	2.733818E-4	-2.733818E-4	-3.064307E-9	2.251953E+1
-1.000000E-1	6.470199E-4	-6.470199E-4	-7.252376E-9	2.318750E+1
-1.500000E-1	1.215682E-3	-1.215682E-3	-1.362645E-8	2.519922E+1
-2.000000E-1	2.037303E-3	-2.037303E-3	-2.283591E-8	2.586719E+1
-2.500000E-1	3.145760E-3	-3.145760E-3	-3.526048E-8	2.653418E+1
-3.000000E-1	4.644629E-3	-4.644629E-3	-5.206115E-8	2.720117E+1
-3.500000E-1	6.471425E-3	-6.471425E-3	-7.253750E-8	2.786816E+1
-4.000000E-1	8.574433E-3	-8.574433E-3	-9.610990E-8	2.853613E+1
-4.500000E-1	1.141076E-2	-1.141076E-2	-1.279020E-7	3.055371E+1
-5.000000E-1	1.441815E-2	-1.441815E-2	-1.616115E-7	3.122168E+1
-5.000000E-1	1.424267E-2	-1.424267E-2	-1.596446E-7	3.188867E+1
-4.500000E-1	1.132273E-2	-1.132273E-2	-1.269153E-7	3.255566E+1
-4.000000E-1	8.690582E-3	-8.690582E-3	-9.741180E-8	3.389551E+1
-3.500000E-1	6.553252E-3	-6.553252E-3	-7.345469E-8	3.456348E+1
-3.000000E-1	4.737126E-3	-4.737126E-3	-5.309793E-8	3.523047E+1
-2.500000E-1	3.266318E-3	-3.266318E-3	-3.661181E-8	3.589746E+1
-2.000000E-1	2.125652E-3	-2.125652E-3	-2.382620E-8	3.656445E+1
-1.500000E-1	1.317819E-3	-1.317819E-3	-1.477129E-8	3.723242E+1
-1.000000E-1	7.114444E-4	-7.114444E-4	-7.974504E-9	3.857227E+1
-5.000000E-2	2.991426E-4	-2.991426E-4	-3.353057E-9	3.923926E+1
0.000000E+0	4.528098E-7	-4.528098E-7	-5.075496E-12	4.101270E+1
0.000000E+0	3.480983E-7	-3.480983E-7	-3.901796E-12	4.201562E+1
5.000000E-2	2.946953E-4	2.946953E-4	3.303208E-9	4.402832E+1
1.000000E-1	7.023106E-4	7.023106E-4	7.872123E-9	4.469629E+1
1.500000E-1	1.321169E-3	1.321169E-3	1.480884E-8	4.670801E+1
2.000000E-1	2.175382E-3	2.175382E-3	2.438362E-8	4.737598E+1
2.500000E-1	3.489556E-3	3.489556E-3	3.911406E-8	4.804297E+1
3.000000E-1	4.999194E-3	4.999194E-3	5.603543E-8	4.870996E+1
3.500000E-1	6.988553E-3	6.988553E-3	7.833394E-8	4.937793E+1
4.000000E-1	9.428996E-3	9.428996E-3	1.056886E-7	5.139551E+1
4.500000E-1	1.231573E-2	1.231573E-2	1.380457E-7	5.206250E+1
5.000000E-1	1.597709E-2	1.597709E-2	1.790855E-7	5.273047E+1
5.000000E-1	1.596152E-2	1.596152E-2	1.789110E-7	5.339746E+1
4.500000E-1	1.237633E-2	1.237633E-2	1.387249E-7	5.406445E+1
4.000000E-1	9.350228E-3	9.350228E-3	1.048057E-7	5.473242E+1
3.500000E-1	6.886414E-3	6.886414E-3	7.718907E-8	5.607227E+1
3.000000E-1	4.873515E-3	4.873515E-3	5.462671E-8	5.673926E+1
2.500000E-1	3.292883E-3	3.292883E-3	3.690957E-8	5.740625E+1
2.000000E-1	2.085343E-3	2.085343E-3	2.337438E-8	5.807324E+1
1.500000E-1	1.231221E-3	1.231221E-3	1.380062E-8	5.874121E+1
1.000000E-1	6.810472E-4	6.810472E-4	7.633784E-9	6.008105E+1
5.000000E-2	2.831200E-4	2.831200E-4	3.173462E-9	6.074805E+1
0.000000E+0	4.259441E-7	-4.259441E-7	-4.774361E-12	6.252148E+1
-5.000000E-2	2.766620E-4	-2.766620E-4	-3.101074E-9	6.453516E+1
-1.000000E-1	6.451062E-4	-6.451062E-4	-7.230926E-9	6.520215E+1
-1.500000E-1	1.241347E-3	-1.241347E-3	-1.391412E-8	6.721484E+1
-2.000000E-1	2.036398E-3	-2.036398E-3	-2.282577E-8	6.788184E+1
-2.500000E-1	3.165136E-3	-3.165136E-3	-3.547767E-8	6.854883E+1
-3.000000E-1	4.621439E-3	-4.621439E-3	-5.180121E-8	6.921680E+1
-3.500000E-1	6.387205E-3	-6.387205E-3	-7.159350E-8	6.988379E+1
-4.000000E-1	8.612640E-3	-8.612640E-3	-9.653816E-8	7.055078E+1
-4.500000E-1	1.144373E-2	-1.144373E-2	-1.282715E-7	7.256934E+1
-5.000000E-1	1.455146E-2	-1.455146E-2	-1.631058E-7	7.323633E+1
-5.000000E-1	1.461572E-2	-1.461572E-2	-1.638260E-7	7.390332E+1
-4.500000E-1	1.151083E-2	-1.151083E-2	-1.290236E-7	7.457129E+1
-4.000000E-1	8.885224E-3	-8.885224E-3	-9.959352E-8	7.591113E+1
-3.500000E-1	6.628930E-3	-6.628930E-3	-7.430296E-8	7.657812E+1
-3.000000E-1	4.873515E-3	-4.873515E-3	-5.462671E-8	7.724512E+1
-2.500000E-1	3.328563E-3	-3.328563E-3	-3.730950E-8	7.791309E+1
-2.000000E-1	2.149668E-3	-2.149668E-3	-2.409540E-8	7.858008E+1
-1.500000E-1	1.305172E-3	-1.305172E-3	-1.462953E-8	7.924707E+1
-1.000000E-1	6.969153E-4	-6.969153E-4	-7.811649E-9	8.058691E+1
-5.000000E-2	3.048045E-4	-3.048045E-4	-3.416521E-9	8.125488E+1
0.000000E+0	4.082652E-8	-4.082652E-8	-4.576201E-13	8.302734E+1
0.000000E+0	2.613727E-7	-2.613727E-7	-2.929698E-12	8.403125E+1
5.000000E-2	2.992622E-4	2.992622E-4	3.354398E-9	8.604395E+1
1.000000E-1	7.180526E-4	7.180526E-4	8.048574E-9	8.671094E+1
1.500000E-1	1.338256E-3	1.338256E-3	1.500037E-8	8.872363E+1
2.000000E-1	2.201316E-3	2.201316E-3	2.467431E-8	8.939063E+1
2.500000E-1	3.409873E-3	3.409873E-3	3.822090E-8	9.005859E+1
3.000000E-1	5.139405E-3	5.139405E-3	5.760704E-8	9.072559E+1
3.500000E-1	7.123236E-3	7.123236E-3	7.984358E-8	9.139258E+1
4.000000E-1	9.723467E-3	9.723467E-3	1.089893E-7	9.341113E+1
4.500000E-1	1.288976E-2	1.288976E-2	1.444799E-7	9.407813E+1
5.000000E-1	1.639056E-2	1.639056E-2	1.837200E-7	9.474512E+1
5.000000E-1	1.661029E-2	1.661029E-2	1.861829E-7	9.541309E+1
4.500000E-1	1.282162E-2	1.282162E-2	1.437162E-7	9.608008E+1
4.000000E-1	9.714662E-3	9.714662E-3	1.088906E-7	9.674707E+1
3.500000E-1	7.150096E-3	7.150096E-3	8.014465E-8	9.808691E+1
3.000000E-1	5.102824E-3	5.102824E-3	5.719700E-8	9.875488E+1
2.500000E-1	3.484015E-3	3.484015E-3	3.905195E-8	9.942188E+1
2.000000E-1	2.207292E-3	2.207292E-3	2.474130E-8	1.000889E+2
1.500000E-1	1.293089E-3	1.293089E-3	1.449409E-8	1.007559E+2
1.000000E-1	7.067168E-4	7.067168E-4	7.921512E-9	1.020957E+2
5.000000E-2	2.987375E-4	2.987375E-4	3.348517E-9	1.027637E+2
0.000000E+0	4.421026E-7	-4.421026E-7	-4.955480E-12	1.045361E+2
-5.000000E-2	2.932124E-4	-2.932124E-4	-3.286586E-9	1.065508E+2
-1.000000E-1	6.874303E-4	-6.874303E-4	-7.705332E-9	1.072178E+2
-1.500000E-1	1.268848E-3	-1.268848E-3	-1.422238E-8	1.092305E+2
-2.000000E-1	2.121926E-3	-2.121926E-3	-2.378444E-8	1.098975E+2
-2.500000E-1	3.235124E-3	-3.235124E-3	-3.626216E-8	1.105645E+2
-3.000000E-1	4.652551E-3	-4.652551E-3	-5.214994E-8	1.112324E+2
-3.500000E-1	6.420010E-3	-6.420010E-3	-7.196120E-8	1.118994E+2
-4.000000E-1	8.626599E-3	-8.626599E-3	-9.669462E-8	1.125664E+2
-4.500000E-1	1.146423E-2	-1.146423E-2	-1.285013E-7	1.145850E+2
-5.000000E-1	1.439024E-2	-1.439024E-2	-1.612987E-7	1.152520E+2
-5.000000E-1	1.428049E-2	-1.428049E-2	-1.600685E-7	1.159189E+2
-4.500000E-1	1.129177E-2	-1.129177E-2	-1.265682E-7	1.165869E+2
-4.000000E-1	8.808489E-3	-8.808489E-3	-9.873341E-8	1.179268E+2
-3.500000E-1	6.694120E-3	-6.694120E-3	-7.503367E-8	1.185938E+2
-3.000000E-1	4.787047E-3	-4.787047E-3	-5.365749E-8	1.192607E+2
-2.500000E-1	3.280741E-3	-3.280741E-3	-3.677347E-8	1.199287E+2
-2.000000E-1	2.145435E-3	-2.145435E-3	-2.404795E-8	1.205957E+2
-1.500000E-1	1.277506E-3	-1.277506E-3	-1.431943E-8	1.212627E+2
-1.000000E-1	6.852690E-4	-6.852690E-4	-7.681106E-9	1.226025E+2
-5.000000E-2	2.983213E-4	-2.983213E-4	-3.343851E-9	1.232705E+2
0.000000E+0	3.095697E-7	-3.095697E-7	-3.469933E-12	1.250430E+2
0.000000E+0	3.984606E-7	-3.984606E-7	-4.466302E-12	1.260459E+2
5.000000E-2	2.992592E-4	2.992592E-4	3.354364E-9	1.280596E+2
1.000000E-1	7.156724E-4	7.156724E-4	8.021895E-9	1.287266E+2
1.500000E-1	1.343720E-3	1.343720E-3	1.506161E-8	1.307393E+2
2.000000E-1	2.249841E-3	2.249841E-3	2.521823E-8	1.314062E+2
2.500000E-1	3.445128E-3	3.445128E-3	3.861607E-8	1.320742E+2
3.000000E-1	5.095834E-3	5.095834E-3	5.711866E-8	1.327412E+2
3.500000E-1	7.259695E-3	7.259695E-3	8.137314E-8	1.334082E+2
4.000000E-1	9.825288E-3	9.825288E-3	1.101306E-7	1.354268E+2
4.500000E-1	1.294420E-2	1.294420E-2	1.450901E-7	1.360937E+2
5.000000E-1	1.642377E-2	1.642377E-2	1.840923E-7	1.367607E+2
5.000000E-1	1.635109E-2	1.635109E-2	1.832776E-7	1.374287E+2
4.500000E-1	1.284396E-2	1.284396E-2	1.439666E-7	1.380957E+2
4.000000E-1	9.683633E-3	9.683633E-3	1.085428E-7	1.387627E+2
3.500000E-1	7.109638E-3	7.109638E-3	7.969117E-8	1.401025E+2
3.000000E-1	4.977704E-3	4.977704E-3	5.579455E-8	1.407705E+2
2.500000E-1	3.371589E-3	3.371589E-3	3.779178E-8	1.414375E+2
2.000000E-1	2.152958E-3	2.152958E-3	2.413227E-8	1.421045E+2
1.500000E-1	1.274197E-3	1.274197E-3	1.428234E-8	1.427725E+2
1.000000E-1	6.699546E-4	6.699546E-4	7.509449E-9	1.441123E+2
5.000000E-2	2.902867E-4	2.902867E-4	3.253792E-9	1.447793E+2
0.000000E+0	4.592157E-7	-4.592157E-7	-5.147299E-12	1.465527E+2
-5.000000E-2	2.778523E-4	-2.778523E-4	-3.114416E-9	1.485664E+2
-1.000000E-1	6.521352E-4	-6.521352E-4	-7.309713E-9	1.492334E+2
-1.500000E-1	1.258123E-3	-1.258123E-3	-1.410217E-8	1.512461E+2
-2.000000E-1	2.025438E-3	-2.025438E-3	-2.270292E-8	1.519131E+2
-2.500000E-1	3.164951E-3	-3.164951E-3	-3.547559E-8	1.525801E+2
-3.000000E-1	4.548340E-3	-4.548340E-3	-5.098185E-8	1.532480E+2
-3.500000E-1	6.336993E-3	-6.336993E-3	-7.103067E-8	1.539150E+2
-4.000000E-1	8.462686E-3	-8.462686E-3	-9.485734E-8	1.545820E+2
-4.500000E-1	1.138435E-2	-1.138435E-2	-1.276059E-7	1.566006E+2
-5.000000E-1	1.431691E-2	-1.431691E-2	-1.604767E-7	1.572676E+2
-5.000000E-1	1.421256E-2	-1.421256E-2	-1.593070E-7	1.579355E+2
-4.500000E-1	1.122949E-2	-1.122949E-2	-1.258701E-7	1.586025E+2
-4.000000E-1	8.600019E-3	-8.600019E-3	-9.639669E-8	1.599424E+2
-3.500000E-1	6.471571E-3	-6.471571E-3	-7.253914E-8	1.606094E+2
-3.000000E-1	4.626425E-3	-4.626425E-3	-5.185710E-8	1.612773E+2
-2.500000E-1	3.227976E-3	-3.227976E-3	-3.618203E-8	1.619443E+2
-2.000000E-1	2.082018E-3	-2.082018E-3	-2.333712E-8	1.626113E+2
-1.500000E-1	1.255329E-3	-1.255329E-3	-1.407085E-8	1.632783E+2
-1.000000E-1	6.852703E-4	-6.852703E-4	-7.681121E-9	1.646191E+2
-5.000000E-2	3.002794E-4	-3.002794E-4	-3.365799E-9	1.652861E+2
0.000000E+0	3.648238E-7	-3.648238E-7	-4.089271E-12	1.670596E+2
0.000000E+0	4.056676E-7	-4.056676E-7	-4.547085E-12	1.680625E+2
5.000000E-2	2.880036E-4	2.880036E-4	3.228201E-9	1.700752E+2
1.000000E-1	7.099617E-4	7.099617E-4	7.957884E-9	1.707432E+2
1.500000E-1	1.283839E-3	1.283839E-3	1.439041E-8	1.727559E+2
2.000000E-1	2.200322E-3	2.200322E-3	2.466317E-8	1.734229E+2
2.500000E-1	3.376528E-3	3.376528E-3	3.784714E-8	1.740898E+2
3.000000E-1	4.995465E-3	4.995465E-3	5.599363E-8	1.747578E+2
3.500000E-1	7.098248E-3	7.098248E-3	7.956350E-8	1.754248E+2
4.000000E-1	9.477752E-3	9.477752E-3	1.062351E-7	1.774424E+2
4.500000E-1	1.246653E-2	1.246653E-2	1.397360E-7	1.781104E+2
5.000000E-1	1.613723E-2	1.613723E-2	1.808805E-7	1.787773E+2
5.000000E-1	1.641091E-2	1.641091E-2	1.839481E-7	1.794443E+2
4.500000E-1	1.253179E-2	1.253179E-2	1.404675E-7	1.801113E+2
4.000000E-1	9.544012E-3	9.544012E-3	1.069778E-7	1.807793E+2
3.500000E-1	6.997341E-3	6.997341E-3	7.843244E-8	1.821191E+2
3.000000E-1	4.926685E-3	4.926685E-3	5.522268E-8	1.827861E+2
2.500000E-1	3.336438E-3	3.336438E-3	3.739778E-8	1.834531E+2
2.000000E-1	2.159881E-3	2.159881E-3	2.420987E-8	1.841211E+2
1.500000E-1	1.281516E-3	1.281516E-3	1.436437E-8	1.847881E+2
1.000000E-1	6.861945E-4	6.861945E-4	7.691480E-9	1.861279E+2
5.000000E-2	2.860480E-4	2.860480E-4	3.206281E-9	1.867949E+2
0.000000E+0	4.740544E-7	-4.740544E-7	-5.313625E-12	1.885684E+2
-5.000000E-2	2.829296E-4	-2.829296E-4	-3.171327E-9	1.905820E+2
-1.000000E-1	6.587110E-4	-6.587110E-4	-7.383421E-9	1.912500E+2
-1.500000E-1	1.234319E-3	-1.234319E-3	-1.383535E-8	1.932617E+2
-2.000000E-1	1.999093E-3	-1.999093E-3	-2.240762E-8	1.939297E+2
-2.500000E-1	3.096700E-3	-3.096700E-3	-3.471058E-8	1.945967E+2
-3.000000E-1	4.496415E-3	-4.496415E-3	-5.039983E-8	1.952637E+2
-3.500000E-1	6.223319E-3	-6.223319E-3	-6.975651E-8	1.959316E+2
-4.000000E-1	8.328958E-3	-8.328958E-3	-9.335839E-8	1.965986E+2
-4.500000E-1	1.123712E-2	-1.123712E-2	-1.259557E-7	1.986162E+2
-5.000000E-1	1.412192E-2	-1.412192E-2	-1.582911E-7	1.992842E+2
-5.000000E-1	1.397742E-2	-1.397742E-2	-1.566714E-7	1.999512E+2
-4.500000E-1	1.111346E-2	-1.111346E-2	-1.245696E-7	2.006182E+2
-4.000000E-1	8.560571E-3	-8.560571E-3	-9.595452E-8	2.019580E+2
-3.500000E-1	6.422688E-3	-6.422688E-3	-7.199122E-8	2.026250E+2
-3.000000E-1	4.673914E-3	-4.673914E-3	-5.238940E-8	2.032930E+2
-2.500000E-1	3.242858E-3	-3.242858E-3	-3.634885E-8	2.039600E+2
-2.000000E-1	2.142293E-3	-2.142293E-3	-2.401273E-8	2.046270E+2
-1.500000E-1	1.306136E-3	-1.306136E-3	-1.464034E-8	2.052949E+2
-1.000000E-1	6.961079E-4	-6.961079E-4	-7.802599E-9	2.066348E+2
-5.000000E-2	3.058494E-4	-3.058494E-4	-3.428233E-9	2.073018E+2
0.000000E+0	5.856770E-7	-5.856770E-7	-6.564790E-12	2.090752E+2
0.000000E+0	5.325376E-7	-5.325376E-7	-5.969156E-12	2.100781E+2
5.000000E-2	3.101670E-4	3.101670E-4	3.476628E-9	2.120918E+2
1.000000E-1	7.127075E-4	7.127075E-4	7.988661E-9	2.127588E+2
1.500000E-1	1.306376E-3	1.306376E-3	1.464303E-8	2.147715E+2
2.000000E-1	2.276232E-3	2.276232E-3	2.551404E-8	2.154385E+2
2.500000E-1	3.442053E-3	3.442053E-3	3.858160E-8	2.161055E+2
3.000000E-1	5.166507E-3	5.166507E-3	5.791082E-8	2.167734E+2
3.500000E-1	7.275025E-3	7.275025E-3	8.154497E-8	2.174404E+2
4.000000E-1	9.763052E-3	9.763052E-3	1.094330E-7	2.194580E+2
4.500000E-1	1.290174E-2	1.290174E-2	1.446142E-7	2.201260E+2
5.000000E-1	1.666711E-2	1.666711E-2	1.868198E-7	2.207930E+2
5.000000E-1	1.672278E-2	1.672278E-2	1.874438E-7	2.214600E+2
4.500000E-1	1.297268E-2	1.297268E-2	1.454094E-7	2.221270E+2
4.000000E-1	9.815243E-3	9.815243E-3	1.100180E-7	2.227949E+2
3.500000E-1	7.102976E-3	7.102976E-3	7.961650E-8	2.241348E+2
3.000000E-1	5.118352E-3	5.118352E-3	5.737106E-8	2.248018E+2
2.500000E-1	3.468579E-3	3.468579E-3	3.887893E-8	2.254688E+2
2.000000E-1	2.234271E-3	2.234271E-3	2.504370E-8	2.261367E+2
1.500000E-1	1.306730E-3	1.306730E-3	1.464699E-8	2.268037E+2
1.000000E-1	6.828652E-4	6.828652E-4	7.654163E-9	2.281436E+2
5.000000E-2	2.900751E-4	2.900751E-4	3.251420E-9	2.288105E+2
0.000000E+0	4.617414E-7	-4.617414E-7	-5.175610E-12	2.305840E+2
-5.000000E-2	2.909298E-4	-2.909298E-4	-3.261001E-9	2.325977E+2
-1.000000E-1	6.824262E-4	-6.824262E-4	-7.649242E-9	2.332656E+2
-1.500000E-1	1.252881E-3	-1.252881E-3	-1.404341E-8	2.352773E+2
-2.000000E-1	2.050236E-3	-2.050236E-3	-2.298087E-8	2.359453E+2
-2.500000E-1	3.135274E-3	-3.135274E-3	-3.514295E-8	2.366123E+2
-3.000000E-1	4.597770E-3	-4.597770E-3	-5.153591E-8	2.372793E+2
-3.500000E-1	6.376877E-3	-6.376877E-3	-7.147773E-8	2.379473E+2
-4.000000E-1	8.515295E-3	-8.515295E-3	-9.544702E-8	2.386143E+2
-4.500000E-1	1.105159E-2	-1.105159E-2	-1.238761E-7	2.406318E+2
-5.000000E-1	1.414299E-2	-1.414299E-2	-1.585273E-7	2.412998E+2
-5.000000E-1	1.404230E-2	-1.404230E-2	-1.573986E-7	2.419668E+2
-4.500000E-1	1.124903E-2	-1.124903E-2	-1.260892E-7	2.426338E+2
-4.000000E-1	8.574988E-3	-8.574988E-3	-9.611612E-8	2.439736E+2
-3.500000E-1	6.489035E-3	-6.489035E-3	-7.273489E-8	2.446416E+2
-3.000000E-1	4.637524E-3	-4.637524E-3	-5.198150E-8	2.453086E+2
-2.500000E-1	3.169438E-3	-3.169438E-3	-3.552589E-8	2.459756E+2
-2.000000E-1	2.115195E-3	-2.115195E-3	-2.370899E-8	2.466426E+2
-1.500000E-1	1.264765E-3	-1.264765E-3	-1.417662E-8	2.473105E+2
-1.000000E-1	6.948593E-4	-6.948593E-4	-7.788603E-9	2.486504E+2
-5.000000E-2	2.966893E-4	-2.966893E-4	-3.325559E-9	2.493174E+2
0.000000E+0	4.174061E-7	-4.174061E-7	-4.678660E-12	2.510908E+2
0.000000E+0	5.403896E-7	-5.403896E-7	-6.057169E-12	2.520938E+2
5.000000E-2	2.930329E-4	2.930329E-4	3.284574E-9	2.541064E+2
1.000000E-1	7.052284E-4	7.052284E-4	7.904829E-9	2.547744E+2
1.500000E-1	1.300039E-3	1.300039E-3	1.457200E-8	2.567871E+2
2.000000E-1	2.135236E-3	2.135236E-3	2.393363E-8	2.574541E+2
2.500000E-1	3.431193E-3	3.431193E-3	3.845987E-8	2.581211E+2
3.000000E-1	5.037636E-3	5.037636E-3	5.646632E-8	2.587881E+2
3.500000E-1	7.111804E-3	7.111804E-3	7.971545E-8	2.594561E+2
4.000000E-1	9.492793E-3	9.492793E-3	1.064037E-7	2.614736E+2
4.500000E-1	1.261156E-2	1.261156E-2	1.413616E-7	2.621406E+2
5.000000E-1	1.602739E-2	1.602739E-2	1.796493E-7	2.628086E+2
5.000000E-1	1.618418E-2	1.618418E-2	1.814067E-7	2.634756E+2
4.500000E-1	1.253512E-2	1.253512E-2	1.405048E-7	2.641426E+2
4.000000E-1	9.500403E-3	9.500403E-3	1.064890E-7	2.648105E+2
3.500000E-1	6.892142E-3	6.892142E-3	7.725328E-8	2.661504E+2
3.000000E-1	4.911460E-3	4.911460E-3	5.505203E-8	2.668174E+2
2.500000E-1	3.337249E-3	3.337249E-3	3.740686E-8	2.674844E+2
2.000000E-1	2.138251E-3	2.138251E-3	2.396742E-8	2.681514E+2
1.500000E-1	1.264590E-3	1.264590E-3	1.417465E-8	2.688193E+2
1.000000E-1	6.799177E-4	6.799177E-4	7.621124E-9	2.701592E+2
5.000000E-2	2.866248E-4	2.866248E-4	3.212747E-9	2.708262E+2
0.000000E+0	1.912340E-7	-1.912340E-7	-2.143521E-12	2.725996E+2
-5.000000E-2	2.878292E-4	-2.878292E-4	-3.226247E-9	2.746133E+2
-1.000000E-1	6.763871E-4	-6.763871E-4	-7.581550E-9	2.752803E+2
-1.500000E-1	1.247637E-3	-1.247637E-3	-1.398463E-8	2.772930E+2
-2.000000E-1	2.065265E-3	-2.065265E-3	-2.314933E-8	2.779600E+2
-2.500000E-1	3.195510E-3	-3.195510E-3	-3.581813E-8	2.786279E+2
-3.000000E-1	4.678960E-3	-4.678960E-3	-5.244596E-8	2.792949E+2
-3.500000E-1	6.453232E-3	-6.453232E-3	-7.233358E-8	2.799629E+2
-4.000000E-1	8.549962E-3	-8.549962E-3	-9.583560E-8	2.806299E+2
-4.500000E-1	1.133026E-2	-1.133026E-2	-1.269997E-7	2.826475E+2
-5.000000E-1	1.432040E-2	-1.432040E-2	-1.605158E-7	2.833154E+2
-5.000000E-1	1.431237E-2	-1.431237E-2	-1.604258E-7	2.839824E+2
-4.500000E-1	1.146706E-2	-1.146706E-2	-1.285330E-7	2.846494E+2
-4.000000E-1	8.816161E-3	-8.816161E-3	-9.881940E-8	2.859902E+2
-3.500000E-1	6.592252E-3	-6.592252E-3	-7.389185E-8	2.866572E+2
-3.000000E-1	4.794178E-3	-4.794178E-3	-5.373742E-8	2.873242E+2
-2.500000E-1	3.261053E-3	-3.261053E-3	-3.655279E-8	2.879912E+2
-2.000000E-1	2.116280E-3	-2.116280E-3	-2.372116E-8	2.886592E+2
-1.500000E-1	1.299248E-3	-1.299248E-3	-1.456313E-8	2.893262E+2
-1.000000E-1	6.969062E-4	-6.969062E-4	-7.811546E-9	2.906660E+2
-5.000000E-2	3.018586E-4	-3.018586E-4	-3.383501E-9	2.913330E+2
0.000000E+0	5.949070E-7	-5.949070E-7	-6.668249E-12	2.931064E+2
0.000000E+0	2.550064E-7	-2.550064E-7	-2.858339E-12	2.941094E+2
5.000000E-2	2.956512E-4	2.956512E-4	3.313923E-9	2.961230E+2
1.000000E-1	7.134304E-4	7.134304E-4	7.996764E-9	2.967900E+2
1.500000E-1	1.313701E-3	1.313701E-3	1.472513E-8	2.988027E+2
2.000000E-1	2.246127E-3	2.246127E-3	2.517660E-8	2.994697E+2
2.500000E-1	3.410432E-3	3.410432E-3	3.822716E-8	3.001367E+2
3.000000E-1	5.119280E-3	5.119280E-3	5.738146E-8	3.008047E+2
3.500000E-1	7.100238E-3	7.100238E-3	7.958580E-8	3.014717E+2
4.000000E-1	9.517158E-3	9.517158E-3	1.066768E-7	3.034902E+2
4.500000E-1	1.258020E-2	1.258020E-2	1.410101E-7	3.041572E+2
5.000000E-1	1.618925E-2	1.618925E-2	1.814635E-7	3.048242E+2
5.000000E-1	1.610630E-2	1.610630E-2	1.805338E-7	3.054912E+2
4.500000E-1	1.247010E-2	1.247010E-2	1.397760E-7	3.061592E+2
4.000000E-1	9.416997E-3	9.416997E-3	1.055541E-7	3.068262E+2
3.500000E-1	6.959675E-3	6.959675E-3	7.801025E-8	3.081660E+2
3.000000E-1	4.926225E-3	4.926225E-3	5.521753E-8	3.088330E+2
2.500000E-1	3.307876E-3	3.307876E-3	3.707763E-8	3.095010E+2
2.000000E-1	2.107831E-3	2.107831E-3	2.362645E-8	3.101680E+2
1.500000E-1	1.254930E-3	1.254930E-3	1.406638E-8	3.108350E+2
1.000000E-1	6.938488E-4	6.938488E-4	7.777277E-9	3.121748E+2
5.000000E-2	2.871110E-4	2.871110E-4	3.218196E-9	3.128428E+2
0.000000E+0	6.209221E-7	-6.209221E-7	-6.959849E-12	3.146152E+2
-5.000000E-2	2.833480E-4	-2.833480E-4	-3.176017E-9	3.166299E+2
-1.000000E-1	6.801405E-4	-6.801405E-4	-7.623622E-9	3.172969E+2
-1.500000E-1	1.238857E-3	-1.238857E-3	-1.388622E-8	3.193096E+2
-2.000000E-1	2.032150E-3	-2.032150E-3	-2.277815E-8	3.199766E+2
-2.500000E-1	3.105197E-3	-3.105197E-3	-3.480582E-8	3.206436E+2
-3.000000E-1	4.591120E-3	-4.591120E-3	-5.146137E-8	3.213105E+2
-3.500000E-1	6.280137E-3	-6.280137E-3	-7.039338E-8	3.219785E+2
-4.000000E-1	8.477249E-3	-8.477249E-3	-9.502057E-8	3.226455E+2
-4.500000E-1	1.097494E-2	-1.097494E-2	-1.230169E-7	3.246641E+2
-5.000000E-1	1.393032E-2	-1.393032E-2	-1.561435E-7	3.253311E+2
-5.000000E-1	1.401806E-2	-1.401806E-2	-1.571269E-7	3.259980E+2
-4.500000E-1	1.110448E-2	-1.110448E-2	-1.244689E-7	3.266650E+2
-4.000000E-1	8.537972E-3	-8.537972E-3	-9.570121E-8	3.280059E+2
-3.500000E-1	6.386289E-3	-6.386289E-3	-7.158322E-8	3.286729E+2
-3.000000E-1	4.573811E-3	-4.573811E-3	-5.126736E-8	3.293398E+2
-2.500000E-1	3.119739E-3	-3.119739E-3	-3.496882E-8	3.300068E+2
-2.000000E-1	2.035404E-3	-2.035404E-3	-2.281462E-8	3.306748E+2
-1.500000E-1	1.227245E-3	-1.227245E-3	-1.375606E-8	3.313418E+2
-1.000000E-1	6.768304E-4	-6.768304E-4	-7.586519E-9	3.326816E+2
-5.000000E-2	2.929728E-4	-2.929728E-4	-3.283900E-9	3.333496E+2
0.000000E+0	6.205024E-7	-6.205024E-7	-6.955145E-12	3.351221E+2
0.000000E+0	5.209378E-7	-5.209378E-7	-5.839135E-12	3.361260E+2
5.000000E-2	2.974024E-4	2.974024E-4	3.333551E-9	3.381387E+2
1.000000E-1	7.101310E-4	7.101310E-4	7.959782E-9	3.388066E+2
1.500000E-1	1.305185E-3	1.305185E-3	1.462968E-8	3.408193E+2
2.000000E-1	2.149492E-3	2.149492E-3	2.409342E-8	3.414863E+2
2.500000E-1	3.360964E-3	3.360964E-3	3.767268E-8	3.421533E+2
3.000000E-1	4.940757E-3	4.940757E-3	5.538042E-8	3.428203E+2
3.500000E-1	7.031678E-3	7.031678E-3	7.881732E-8	3.434883E+2
4.000000E-1	9.569714E-3	9.569714E-3	1.072659E-7	3.455059E+2
4.500000E-1	1.267533E-2	1.267533E-2	1.420764E-7	3.461738E+2
5.000000E-1	1.628489E-2	1.628489E-2	1.825356E-7	3.468408E+2
5.000000E-1	1.626194E-2	1.626194E-2	1.822783E-7	3.475078E+2
4.500000E-1	1.249356E-2	1.249356E-2	1.400390E-7	3.481748E+2
4.000000E-1	9.461640E-3	9.461640E-3	1.060545E-7	3.488428E+2
3.500000E-1	7.017011E-3	7.017011E-3	7.865292E-8	3.501826E+2
3.000000E-1	4.889334E-3	4.889334E-3	5.480402E-8	3.508496E+2
2.500000E-1	3.316505E-3	3.316505E-3	3.717435E-8	3.515166E+2
2.000000E-1	2.137831E-3	2.137831E-3	2.396272E-8	3.521836E+2
1.500000E-1	1.287434E-3	1.287434E-3	1.443071E-8	3.528516E+2
1.000000E-1	7.006433E-4	7.006433E-4	7.853435E-9	3.541914E+2
5.000000E-2	2.916198E-4	2.916198E-4	3.268735E-9	3.548584E+2
0.000000E+0	7.380617E-7	-7.380617E-7	-8.272855E-12	3.566318E+2
-5.000000E-2	2.779369E-4	-2.779369E-4	-3.115365E-9	3.586455E+2
-1.000000E-1	6.572499E-4	-6.572499E-4	-7.367043E-9	3.593125E+2
-1.500000E-1	1.217931E-3	-1.217931E-3	-1.365166E-8	3.613252E+2
-2.000000E-1	2.009852E-3	-2.009852E-3	-2.252821E-8	3.619922E+2
-2.500000E-1	3.109150E-3	-3.109150E-3	-3.485013E-8	3.626592E+2
-3.000000E-1	4.521729E-3	-4.521729E-3	-5.068357E-8	3.633271E+2
-3.500000E-1	6.230318E-3	-6.230318E-3	-6.983497E-8	3.639941E+2
-4.000000E-1	8.343601E-3	-8.343601E-3	-9.352252E-8	3.646611E+2
-4.500000E-1	1.083590E-2	-1.083590E-2	-1.214584E-7	3.666797E+2
-5.000000E-1	1.371935E-2	-1.371935E-2	-1.537787E-7	3.673467E+2
-5.000000E-1	1.380054E-2	-1.380054E-2	-1.546888E-7	3.680137E+2
-4.500000E-1	1.089522E-2	-1.089522E-2	-1.221233E-7	3.686816E+2
-4.000000E-1	8.359457E-3	-8.359457E-3	-9.370025E-8	3.700215E+2
-3.500000E-1	6.230916E-3	-6.230916E-3	-6.984166E-8	3.706885E+2
-3.000000E-1	4.558393E-3	-4.558393E-3	-5.109453E-8	3.713555E+2
-2.500000E-1	3.169848E-3	-3.169848E-3	-3.553048E-8	3.720234E+2
-2.000000E-1	2.043563E-3	-2.043563E-3	-2.290608E-8	3.726904E+2
-1.500000E-1	1.239639E-3	-1.239639E-3	-1.389498E-8	3.733574E+2
-1.000000E-1	6.903331E-4	-6.903331E-4	-7.737870E-9	3.746973E+2
-5.000000E-2	2.935154E-4	-2.935154E-4	-3.289983E-9	3.753652E+2
0.000000E+0	3.368599E-7	-3.368599E-7	-3.775827E-12	3.771377E+2
0.000000E+0	4.511296E-7	-4.511296E-7	-5.056663E-12	3.781406E+2
5.000000E-2	2.938615E-4	2.938615E-4	3.293862E-9	3.801543E+2
1.000000E-1	6.986885E-4	6.986885E-4	7.831524E-9	3.808213E+2
1.500000E-1	1.324109E-3	1.324109E-3	1.484180E-8	3.828340E+2
2.000000E-1	2.169649E-3	2.169649E-3	2.431936E-8	3.835010E+2
2.500000E-1	3.396240E-3	3.396240E-3	3.806809E-8	3.841680E+2
3.000000E-1	5.007413E-3	5.007413E-3	5.612755E-8	3.848359E+2
3.500000E-1	7.010923E-3	7.010923E-3	7.858468E-8	3.855029E+2
4.000000E-1	9.518674E-3	9.518674E-3	1.066938E-7	3.875215E+2
4.500000E-1	1.252771E-2	1.252771E-2	1.404217E-7	3.881885E+2
5.000000E-1	1.615827E-2	1.615827E-2	1.811163E-7	3.888555E+2
5.000000E-1	1.616021E-2	1.616021E-2	1.811380E-7	3.895225E+2
4.500000E-1	1.238182E-2	1.238182E-2	1.387865E-7	3.901904E+2
4.000000E-1	9.416961E-3	9.416961E-3	1.055537E-7	3.908574E+2
3.500000E-1	6.967641E-3	6.967641E-3	7.809953E-8	3.921973E+2
3.000000E-1	4.972126E-3	4.972126E-3	5.573202E-8	3.928643E+2
2.500000E-1	3.422603E-3	3.422603E-3	3.836359E-8	3.935313E+2
2.000000E-1	2.174906E-3	2.174906E-3	2.437829E-8	3.941992E+2
1.500000E-1	1.296241E-3	1.296241E-3	1.452942E-8	3.948662E+2
1.000000E-1	6.938746E-4	6.938746E-4	7.777566E-9	3.962061E+2
5.000000E-2	2.865618E-4	2.865618E-4	3.212040E-9	3.968730E+2
0.000000E+0	3.834189E-7	-3.834189E-7	-4.297701E-12	3.986465E+2
-5.000000E-2	2.955664E-4	-2.955664E-4	-3.312972E-9	4.006602E+2
-1.000000E-1	6.775331E-4	-6.775331E-4	-7.594395E-9	4.013271E+2
-1.500000E-1	1.241590E-3	-1.241590E-3	-1.391685E-8	4.033398E+2
-2.000000E-1	2.029329E-3	-2.029329E-3	-2.274653E-8	4.040078E+2
-2.500000E-1	3.110271E-3	-3.110271E-3	-3.486269E-8	4.046748E+2
-3.000000E-1	4.509138E-3	-4.509138E-3	-5.054244E-8	4.053418E+2
-3.500000E-1	6.268882E-3	-6.268882E-3	-7.026722E-8	4.060098E+2
-4.000000E-1	8.418295E-3	-8.418295E-3	-9.435976E-8	4.066768E+2
-4.500000E-1	1.109741E-2	-1.109741E-2	-1.243897E-7	4.086953E+2
-5.000000E-1	1.400498E-2	-1.400498E-2	-1.569803E-7	4.093623E+2
-5.000000E-1	1.411066E-2	-1.411066E-2	-1.581649E-7	4.100293E+2
-4.500000E-1	1.114514E-2	-1.114514E-2	-1.249247E-7	4.106963E+2
-4.000000E-1	8.650730E-3	-8.650730E-3	-9.696510E-8	4.120361E+2
-3.500000E-1	6.520799E-3	-6.520799E-3	-7.309093E-8	4.127041E+2
-3.000000E-1	4.585884E-3	-4.585884E-3	-5.140268E-8	4.133711E+2
-2.500000E-1	3.169831E-3	-3.169831E-3	-3.553029E-8	4.140381E+2
-2.000000E-1	2.096879E-3	-2.096879E-3	-2.350369E-8	4.147061E+2
-1.500000E-1	1.261128E-3	-1.261128E-3	-1.413585E-8	4.153730E+2
-1.000000E-1	6.923751E-4	-6.923751E-4	-7.760758E-9	4.167129E+2
-5.000000E-2	2.914769E-4	-2.914769E-4	-3.267133E-9	4.173799E+2
0.000000E+0	5.485388E-7	-5.485388E-7	-6.148512E-12	4.191533E+2
0.000000E+0	4.010000E-7	-4.010000E-7	-4.494766E-12	4.201562E+2
5.000000E-2	2.986837E-4	2.986837E-4	3.347914E-9	4.221699E+2
1.000000E-1	7.175350E-4	7.175350E-4	8.042773E-9	4.228369E+2
1.500000E-1	1.330528E-3	1.330528E-3	1.491375E-8	4.248496E+2
2.000000E-1	2.238654E-3	2.238654E-3	2.509283E-8	4.255166E+2
2.500000E-1	3.497854E-3	3.497854E-3	3.920707E-8	4.261836E+2
3.000000E-1	5.071843E-3	5.071843E-3	5.684974E-8	4.268516E+2
3.500000E-1	7.027610E-3	7.027610E-3	7.877172E-8	4.275186E+2
4.000000E-1	9.633486E-3	9.633486E-3	1.079807E-7	4.295361E+2
4.500000E-1	1.256668E-2	1.256668E-2	1.408586E-7	4.302041E+2
5.000000E-1	1.629228E-2	1.629228E-2	1.826184E-7	4.308711E+2
5.000000E-1	1.625805E-2	1.625805E-2	1.822347E-7	4.315381E+2
4.500000E-1	1.254559E-2	1.254559E-2	1.406222E-7	4.322051E+2
4.000000E-1	9.489573E-3	9.489573E-3	1.063676E-7	4.328730E+2
3.500000E-1	7.087178E-3	7.087178E-3	7.943942E-8	4.342129E+2
3.000000E-1	5.018969E-3	5.018969E-3	5.625708E-8	4.348799E+2
2.500000E-1	3.359576E-3	3.359576E-3	3.765712E-8	4.355469E+2
2.000000E-1	2.162440E-3	2.162440E-3	2.423856E-8	4.362139E+2
1.500000E-1	1.281777E-3	1.281777E-3	1.436730E-8	4.368809E+2
1.000000E-1	6.782305E-4	6.782305E-4	7.602212E-9	4.382207E+2
5.000000E-2	2.925653E-4	2.925653E-4	3.279333E-9	4.388887E+2
0.000000E+0	2.682454E-7	-2.682454E-7	-3.006734E-12	4.406611E+2
-5.000000E-2	2.898983E-4	-2.898983E-4	-3.249439E-9	4.426748E+2
-1.000000E-1	6.718127E-4	-6.718127E-4	-7.530276E-9	4.433418E+2
-1.500000E-1	1.233718E-3	-1.233718E-3	-1.382861E-8	4.453545E+2
-2.000000E-1	2.048718E-3	-2.048718E-3	-2.296386E-8	4.460215E+2
-2.500000E-1	3.141751E-3	-3.141751E-3	-3.521555E-8	4.466885E+2
-3.000000E-1	4.550570E-3	-4.550570E-3	-5.100685E-8	4.473564E+2
-3.500000E-1	6.237326E-3	-6.237326E-3	-6.991351E-8	4.480234E+2
-4.000000E-1	8.384896E-3	-8.384896E-3	-9.398539E-8	4.486904E+2
-4.500000E-1	1.084559E-2	-1.084559E-2	-1.215670E-7	4.507080E+2
-5.000000E-1	1.389802E-2	-1.389802E-2	-1.557814E-7	4.513760E+2
-5.000000E-1	1.388319E-2	-1.388319E-2	-1.556152E-7	4.520430E+2
-4.500000E-1	1.095457E-2	-1.095457E-2	-1.227886E-7	4.527100E+2
-4.000000E-1	8.483352E-3	-8.483352E-3	-9.508898E-8	4.540498E+2
-3.500000E-1	6.323218E-3	-6.323218E-3	-7.087627E-8	4.547168E+2
-3.000000E-1	4.527519E-3	-4.527519E-3	-5.074847E-8	4.553838E+2
-2.500000E-1	3.140409E-3	-3.140409E-3	-3.520051E-8	4.560508E+2
-2.000000E-1	2.051220E-3	-2.051220E-3	-2.299190E-8	4.567188E+2
-1.500000E-1	1.271563E-3	-1.271563E-3	-1.425281E-8	4.573857E+2
-1.000000E-1	6.766052E-4	-6.766052E-4	-7.583995E-9	4.587256E+2
-5.000000E-2	2.848024E-4	-2.848024E-4	-3.192320E-9	4.593926E+2
0.000000E+0	9.513723E-8	-9.513723E-8	-1.066383E-12	4.611650E+2
0.000000E+0	2.920579E-7	-2.920579E-7	-3.273645E-12	4.621689E+2
5.000000E-2	2.812972E-4	2.812972E-4	3.153030E-9	4.641816E+2
1.000000E-1	6.787789E-4	6.787789E-4	7.608359E-9	4.648486E+2
1.500000E-1	1.256327E-3	1.256327E-3	1.408203E-8	4.668613E+2
2.000000E-1	2.100042E-3	2.100042E-3	2.353914E-8	4.675283E+2
2.500000E-1	3.312088E-3	3.312088E-3	3.712484E-8	4.681953E+2
3.000000E-1	4.867554E-3	4.867554E-3	5.455989E-8	4.688623E+2
3.500000E-1	6.957330E-3	6.957330E-3	7.798396E-8	4.695303E+2
4.000000E-1	9.431378E-3	9.431378E-3	1.057153E-7	4.715479E+2
4.500000E-1	1.258279E-2	1.258279E-2	1.410391E-7	4.722148E+2
5.000000E-1	1.634069E-2	1.634069E-2	1.831610E-7	4.728818E+2
5.000000E-1	1.626164E-2	1.626164E-2	1.822750E-7	4.735498E+2
4.500000E-1	1.255871E-2	1.255871E-2	1.407692E-7	4.742168E+2
4.000000E-1	9.644940E-3	9.644940E-3	1.081091E-7	4.748838E+2
3.500000E-1	7.091663E-3	7.091663E-3	7.948969E-8	4.762236E+2
3.000000E-1	5.056329E-3	5.056329E-3	5.667585E-8	4.768906E+2
2.500000E-1	3.391744E-3	3.391744E-3	3.801769E-8	4.775576E+2
2.000000E-1	2.147703E-3	2.147703E-3	2.407337E-8	4.782246E+2
1.500000E-1	1.279000E-3	1.279000E-3	1.433617E-8	4.788926E+2
1.000000E-1	7.051370E-4	7.051370E-4	7.903805E-9	4.802324E+2
5.000000E-2	2.986840E-4	2.986840E-4	3.347917E-9	4.808994E+2
0.000000E+0	6.305645E-7	-6.305645E-7	-7.067930E-12	4.826719E+2
-5.000000E-2	2.923611E-4	-2.923611E-4	-3.277044E-9	4.846855E+2
-1.000000E-1	6.810416E-4	-6.810416E-4	-7.633722E-9	4.853535E+2
-1.500000E-1	1.233185E-3	-1.233185E-3	-1.382264E-8	4.873652E+2
-2.000000E-1	2.054551E-3	-2.054551E-3	-2.302924E-8	4.880332E+2
-2.500000E-1	3.131980E-3	-3.131980E-3	-3.510603E-8	4.887002E+2
-3.000000E-1	4.618108E-3	-4.618108E-3	-5.176388E-8	4.893672E+2
-3.500000E-1	6.410284E-3	-6.410284E-3	-7.185218E-8	4.900342E+2
-4.000000E-1	8.536205E-3	-8.536205E-3	-9.568140E-8	4.907012E+2
-4.500000E-1	1.109794E-2	-1.109794E-2	-1.243956E-7	4.927197E+2
-5.000000E-1	1.405223E-2	-1.405223E-2	-1.575099E-7	4.933867E+2
-5.000000E-1	1.403119E-2	-1.403119E-2	-1.572741E-7	4.940537E+2
-4.500000E-1	1.101146E-2	-1.101146E-2	-1.234263E-7	4.947207E+2
-4.000000E-1	8.509195E-3	-8.509195E-3	-9.537865E-8	4.960605E+2
-3.500000E-1	6.365308E-3	-6.365308E-3	-7.134805E-8	4.967285E+2
-3.000000E-1	4.604226E-3	-4.604226E-3	-5.160827E-8	4.973955E+2
-2.500000E-1	3.196583E-3	-3.196583E-3	-3.583015E-8	4.980625E+2
-2.000000E-1	2.127867E-3	-2.127867E-3	-2.385103E-8	4.987295E+2
-1.500000E-1	1.267306E-3	-1.267306E-3	-1.420510E-8	4.993965E+2
-1.000000E-1	6.874991E-4	-6.874991E-4	-7.706103E-9	5.007363E+2
-5.000000E-2	2.955290E-4	-2.955290E-4	-3.312553E-9	5.014043E+2
0.000000E+0	4.914324E-7	-4.914324E-7	-5.508413E-12	5.031768E+2
0.000000E+0	5.265513E-7	-5.265513E-7	-5.902057E-12	5.041797E+2
5.000000E-2	3.048957E-4	3.048957E-4	3.417543E-9	5.061934E+2
1.000000E-1	7.097298E-4	7.097298E-4	7.955284E-9	5.068604E+2
1.500000E-1	1.288369E-3	1.288369E-3	1.444119E-8	5.088730E+2
2.000000E-1	2.163099E-3	2.163099E-3	2.424594E-8	5.095400E+2
2.500000E-1	3.376469E-3	3.376469E-3	3.784648E-8	5.102070E+2
3.000000E-1	4.947186E-3	4.947186E-3	5.545247E-8	5.108740E+2
3.500000E-1	6.934160E-3	6.934160E-3	7.772425E-8	5.115410E+2
4.000000E-1	9.552202E-3	9.552202E-3	1.070696E-7	5.135596E+2
4.500000E-1	1.258168E-2	1.258168E-2	1.410267E-7	5.142266E+2
5.000000E-1	1.599566E-2	1.599566E-2	1.792936E-7	5.148936E+2
5.000000E-1	1.612033E-2	1.612033E-2	1.806910E-7	5.155615E+2
4.500000E-1	1.245251E-2	1.245251E-2	1.395788E-7	5.162285E+2
4.000000E-1	9.459436E-3	9.459436E-3	1.060298E-7	5.168955E+2
3.500000E-1	7.032761E-3	7.032761E-3	7.882946E-8	5.182354E+2
3.000000E-1	4.957683E-3	4.957683E-3	5.557013E-8	5.189023E+2
2.500000E-1	3.388737E-3	3.388737E-3	3.798399E-8	5.195693E+2
2.000000E-1	2.140595E-3	2.140595E-3	2.399370E-8	5.202363E+2
1.500000E-1	1.286285E-3	1.286285E-3	1.441783E-8	5.209043E+2
1.000000E-1	6.936670E-4	6.936670E-4	7.775238E-9	5.222441E+2
5.000000E-2	2.901763E-4	2.901763E-4	3.252555E-9	5.229111E+2
0.000000E+0	6.841311E-7	-6.841311E-7	-7.668352E-12	5.246836E+2
-5.000000E-2	2.901625E-4	-2.901625E-4	-3.252400E-9	5.266973E+2
-1.000000E-1	6.695303E-4	-6.695303E-4	-7.504693E-9	5.273652E+2
-1.500000E-1	1.222816E-3	-1.222816E-3	-1.370641E-8	5.293770E+2
-2.000000E-1	2.033949E-3	-2.033949E-3	-2.279832E-8	5.300449E+2
-2.500000E-1	3.137821E-3	-3.137821E-3	-3.517150E-8	5.307119E+2
-3.000000E-1	4.551101E-3	-4.551101E-3	-5.101280E-8	5.313789E+2
-3.500000E-1	6.352310E-3	-6.352310E-3	-7.120236E-8	5.320459E+2
-4.000000E-1	8.428015E-3	-8.428015E-3	-9.446872E-8	5.327129E+2
-4.500000E-1	1.113315E-2	-1.113315E-2	-1.247903E-7	5.347314E+2
-5.000000E-1	1.405535E-2	-1.405535E-2	-1.575449E-7	5.353984E+2
-5.000000E-1	1.417664E-2	-1.417664E-2	-1.589044E-7	5.360654E+2
-4.500000E-1	1.121245E-2	-1.121245E-2	-1.256791E-7	5.367324E+2
-4.000000E-1	8.661671E-3	-8.661671E-3	-9.708774E-8	5.380723E+2
-3.500000E-1	6.531351E-3	-6.531351E-3	-7.320921E-8	5.387402E+2
-3.000000E-1	4.716102E-3	-4.716102E-3	-5.286228E-8	5.394072E+2
-2.500000E-1	3.315266E-3	-3.315266E-3	-3.716046E-8	5.400742E+2
-2.000000E-1	2.141723E-3	-2.141723E-3	-2.400634E-8	5.407412E+2
-1.500000E-1	1.275902E-3	-1.275902E-3	-1.430145E-8	5.414082E+2
-1.000000E-1	7.091039E-4	-7.091039E-4	-7.948269E-9	5.427480E+2
-5.000000E-2	3.021442E-4	-3.021442E-4	-3.386702E-9	5.434160E+2
0.000000E+0	6.023827E-7	-6.023827E-7	-6.752043E-12	5.451885E+2
0.000000E+0	5.416302E-7	-5.416302E-7	-6.071074E-12	5.461914E+2
5.000000E-2	2.950960E-4	2.950960E-4	3.307699E-9	5.482051E+2
1.000000E-1	7.193978E-4	7.193978E-4	8.063652E-9	5.488721E+2
1.500000E-1	1.320421E-3	1.320421E-3	1.480046E-8	5.508848E+2
2.000000E-1	2.244710E-3	2.244710E-3	2.516071E-8	5.515518E+2
2.500000E-1	3.439455E-3	3.439455E-3	3.855248E-8	5.522188E+2
3.000000E-1	5.118408E-3	5.118408E-3	5.737169E-8	5.528857E+2
3.500000E-1	7.225525E-3	7.225525E-3	8.099013E-8	5.535527E+2
4.000000E-1	9.691109E-3	9.691109E-3	1.086266E-7	5.555713E+2
4.500000E-1	1.276325E-2	1.276325E-2	1.430619E-7	5.562383E+2
5.000000E-1	1.636131E-2	1.636131E-2	1.833922E-7	5.569053E+2
5.000000E-1	1.637162E-2	1.637162E-2	1.835077E-7	5.575732E+2
4.500000E-1	1.274562E-2	1.274562E-2	1.428643E-7	5.582402E+2
4.000000E-1	9.662917E-3	9.662917E-3	1.083106E-7	5.589072E+2
3.500000E-1	7.103896E-3	7.103896E-3	7.962680E-8	5.602471E+2
3.000000E-1	5.038697E-3	5.038697E-3	5.647821E-8	5.609141E+2
2.500000E-1	3.393484E-3	3.393484E-3	3.803720E-8	5.615811E+2
2.000000E-1	2.160860E-3	2.160860E-3	2.422085E-8	5.622480E+2
1.500000E-1	1.279435E-3	1.279435E-3	1.434105E-8	5.629160E+2
1.000000E-1	6.828792E-4	6.828792E-4	7.654319E-9	5.642559E+2
5.000000E-2	2.868519E-4	2.868519E-4	3.215292E-9	5.649229E+2
0.000000E+0	4.975610E-7	-4.975610E-7	-5.577108E-12	5.666953E+2
-5.000000E-2	2.923614E-4	-2.923614E-4	-3.277047E-9	5.687090E+2
-1.000000E-1	6.767024E-4	-6.767024E-4	-7.585085E-9	5.693770E+2
-1.500000E-1	1.280432E-3	-1.280432E-3	-1.435222E-8	5.713887E+2
-2.000000E-1	2.082401E-3	-2.082401E-3	-2.334141E-8	5.720566E+2
-2.500000E-1	3.130797E-3	-3.130797E-3	-3.509277E-8	5.727236E+2
-3.000000E-1	4.589379E-3	-4.589379E-3	-5.144186E-8	5.733906E+2
-3.500000E-1	6.354757E-3	-6.354757E-3	-7.122979E-8	5.740576E+2
-4.000000E-1	8.606209E-3	-8.606209E-3	-9.646607E-8	5.747246E+2
-4.500000E-1	1.132595E-2	-1.132595E-2	-1.269514E-7	5.767432E+2
-5.000000E-1	1.420509E-2	-1.420509E-2	-1.592233E-7	5.774102E+2
-5.000000E-1	1.426305E-2	-1.426305E-2	-1.598730E-7	5.780771E+2
-4.500000E-1	1.137021E-2	-1.137021E-2	-1.274475E-7	5.787441E+2
-4.000000E-1	8.744697E-3	-8.744697E-3	-9.801836E-8	5.800840E+2
-3.500000E-1	6.492813E-3	-6.492813E-3	-7.277724E-8	5.807520E+2
-3.000000E-1	4.703520E-3	-4.703520E-3	-5.272125E-8	5.814189E+2
-2.500000E-1	3.247429E-3	-3.247429E-3	-3.640008E-8	5.820859E+2
-2.000000E-1	2.098487E-3	-2.098487E-3	-2.352171E-8	5.827529E+2
-1.500000E-1	1.281250E-3	-1.281250E-3	-1.436139E-8	5.834199E+2
-1.000000E-1	7.033134E-4	-7.033134E-4	-7.883364E-9	5.847598E+2
-5.000000E-2	3.076755E-4	-3.076755E-4	-3.448702E-9	5.854277E+2
0.000000E+0	4.703649E-7	-4.703649E-7	-5.272269E-12	5.872002E+2
0.000000E+0	4.336612E-7	-4.336612E-7	-4.860862E-12	5.882031E+2
5.000000E-2	3.082331E-4	3.082331E-4	3.454952E-9	5.902168E+2
1.000000E-1	7.264016E-4	7.264016E-4	8.142157E-9	5.908838E+2
1.500000E-1	1.352948E-3	1.352948E-3	1.516505E-8	5.928965E+2
2.000000E-1	2.300724E-3	2.300724E-3	2.578857E-8	5.935635E+2
2.500000E-1	3.546746E-3	3.546746E-3	3.975509E-8	5.942305E+2
3.000000E-1	5.166640E-3	5.166640E-3	5.791231E-8	5.948975E+2
3.500000E-1	7.172871E-3	7.172871E-3	8.039994E-8	5.955645E+2
4.000000E-1	9.600636E-3	9.600636E-3	1.076125E-7	5.975830E+2
4.500000E-1	1.268938E-2	1.268938E-2	1.422339E-7	5.982500E+2
5.000000E-1	1.621497E-2	1.621497E-2	1.817518E-7	5.989170E+2
5.000000E-1	1.653248E-2	1.653248E-2	1.853108E-7	5.995840E+2
4.500000E-1	1.267255E-2	1.267255E-2	1.420453E-7	6.002520E+2
4.000000E-1	9.616409E-3	9.616409E-3	1.077893E-7	6.009189E+2
3.500000E-1	6.979288E-3	6.979288E-3	7.823009E-8	6.022588E+2
3.000000E-1	5.017338E-3	5.017338E-3	5.623880E-8	6.029258E+2
2.500000E-1	3.372667E-3	3.372667E-3	3.780386E-8	6.035928E+2
2.000000E-1	2.182019E-3	2.182019E-3	2.445802E-8	6.042598E+2
1.500000E-1	1.313839E-3	1.313839E-3	1.472668E-8	6.049277E+2
1.000000E-1	6.969692E-4	6.969692E-4	7.812253E-9	6.062666E+2
5.000000E-2	2.890586E-4	2.890586E-4	3.240027E-9	6.069346E+2
0.000000E+0	5.289953E-7	-5.289953E-7	-5.929451E-12	6.087070E+2
-5.000000E-2	2.921591E-4	-2.921591E-4	-3.274780E-9	6.107207E+2
-1.000000E-1	6.966940E-4	-6.966940E-4	-7.809168E-9	6.113877E+2
-1.500000E-1	1.265964E-3	-1.265964E-3	-1.419005E-8	6.134004E+2
-2.000000E-1	2.079019E-3	-2.079019E-3	-2.330350E-8	6.140674E+2
-2.500000E-1	3.173621E-3	-3.173621E-3	-3.557277E-8	6.147344E+2
-3.000000E-1	4.647531E-3	-4.647531E-3	-5.209368E-8	6.154023E+2
-3.500000E-1	6.515607E-3	-6.515607E-3	-7.303274E-8	6.160693E+2
-4.000000E-1	8.783861E-3	-8.783861E-3	-9.845735E-8	6.167363E+2
-4.500000E-1	1.152717E-2	-1.152717E-2	-1.292068E-7	6.187539E+2
-5.000000E-1	1.452345E-2	-1.452345E-2	-1.627918E-7	6.194219E+2
-5.000000E-1	1.453595E-2	-1.453595E-2	-1.629319E-7	6.200889E+2
-4.500000E-1	1.153308E-2	-1.153308E-2	-1.292731E-7	6.207559E+2
-4.000000E-1	8.881702E-3	-8.881702E-3	-9.955404E-8	6.220957E+2
-3.500000E-1	6.674893E-3	-6.674893E-3	-7.481816E-8	6.227627E+2
-3.000000E-1	4.817272E-3	-4.817272E-3	-5.399629E-8	6.234297E+2
-2.500000E-1	3.374301E-3	-3.374301E-3	-3.782218E-8	6.240967E+2
-2.000000E-1	2.143069E-3	-2.143069E-3	-2.402143E-8	6.247646E+2
-1.500000E-1	1.324230E-3	-1.324230E-3	-1.484315E-8	6.254316E+2
-1.000000E-1	7.193435E-4	-7.193435E-4	-8.063044E-9	6.267715E+2
-5.000000E-2	3.068776E-4	-3.068776E-4	-3.439758E-9	6.274385E+2
0.000000E+0	6.111275E-7	-6.111275E-7	-6.850062E-12	6.292109E+2
0.000000E+0	3.027637E-7	-3.027637E-7	-3.393646E-12	6.302148E+2
5.000000E-2	3.176320E-4	3.176320E-4	3.560303E-9	6.322275E+2
1.000000E-1	7.383587E-4	7.383587E-4	8.276183E-9	6.328945E+2
1.500000E-1	1.301861E-3	1.301861E-3	1.459242E-8	6.349072E+2
2.000000E-1	2.186810E-3	2.186810E-3	2.451172E-8	6.355742E+2
2.500000E-1	3.442103E-3	3.442103E-3	3.858216E-8	6.362412E+2
3.000000E-1	4.966709E-3	4.966709E-3	5.567131E-8	6.369082E+2
3.500000E-1	7.024691E-3	7.024691E-3	7.873900E-8	6.375762E+2
4.000000E-1	9.447455E-3	9.447455E-3	1.058955E-7	6.395937E+2
4.500000E-1	1.250360E-2	1.250360E-2	1.401515E-7	6.402607E+2
5.000000E-1	1.619847E-2	1.619847E-2	1.815669E-7	6.409277E+2
5.000000E-1	1.616831E-2	1.616831E-2	1.812288E-7	6.415957E+2
4.500000E-1	1.248726E-2	1.248726E-2	1.399684E-7	6.422627E+2
4.000000E-1	9.564933E-3	9.564933E-3	1.072123E-7	6.429297E+2
3.500000E-1	6.863419E-3	6.863419E-3	7.693133E-8	6.442695E+2
3.000000E-1	4.905690E-3	4.905690E-3	5.498735E-8	6.449365E+2
2.500000E-1	3.340810E-3	3.340810E-3	3.744678E-8	6.456035E+2
2.000000E-1	2.131394E-3	2.131394E-3	2.389056E-8	6.462715E+2
1.500000E-1	1.263602E-3	1.263602E-3	1.416358E-8	6.469385E+2
1.000000E-1	6.946781E-4	6.946781E-4	7.786572E-9	6.482783E+2
5.000000E-2	2.929406E-4	2.929406E-4	3.283540E-9	6.489453E+2
0.000000E+0	7.185901E-7	-7.185901E-7	-8.054599E-12	6.507178E+2
-5.000000E-2	2.940311E-4	-2.940311E-4	-3.295763E-9	6.527314E+2
-1.000000E-1	6.685225E-4	-6.685225E-4	-7.493397E-9	6.533994E+2
-1.500000E-1	1.259345E-3	-1.259345E-3	-1.411586E-8	6.554111E+2
-2.000000E-1	2.044903E-3	-2.044903E-3	-2.292110E-8	6.560791E+2
-2.500000E-1	3.155632E-3	-3.155632E-3	-3.537114E-8	6.567461E+2
-3.000000E-1	4.603379E-3	-4.603379E-3	-5.159878E-8	6.574131E+2
-3.500000E-1	6.420824E-3	-6.420824E-3	-7.197033E-8	6.580801E+2
-4.000000E-1	8.505922E-3	-8.505922E-3	-9.534196E-8	6.587471E+2
-4.500000E-1	1.103339E-2	-1.103339E-2	-1.236721E-7	6.607656E+2
-5.000000E-1	1.406926E-2	-1.406926E-2	-1.577008E-7	6.614326E+2
-5.000000E-1	1.413311E-2	-1.413311E-2	-1.584165E-7	6.620996E+2
-4.500000E-1	1.115531E-2	-1.115531E-2	-1.250387E-7	6.627666E+2
-4.000000E-1	8.658475E-3	-8.658475E-3	-9.705192E-8	6.641064E+2
-3.500000E-1	6.467790E-3	-6.467790E-3	-7.249676E-8	6.647744E+2
-3.000000E-1	4.687875E-3	-4.687875E-3	-5.254589E-8	6.654414E+2
-2.500000E-1	3.233566E-3	-3.233566E-3	-3.624469E-8	6.661084E+2
-2.000000E-1	2.104473E-3	-2.104473E-3	-2.358881E-8	6.667754E+2
-1.500000E-1	1.294642E-3	-1.294642E-3	-1.451150E-8	6.674424E+2
-1.000000E-1	6.964535E-4	-6.964535E-4	-7.806473E-9	6.687822E+2
-5.000000E-2	3.018413E-4	-3.018413E-4	-3.383307E-9	6.694502E+2
0.000000E+0	5.042741E-7	-5.042741E-7	-5.652354E-12	6.712227E+2
0.000000E+0	4.205522E-7	-4.205522E-7	-4.713924E-12	6.722256E+2
5.000000E-2	2.995882E-4	2.995882E-4	3.358052E-9	6.742393E+2
1.000000E-1	7.030082E-4	7.030082E-4	7.879943E-9	6.749062E+2
1.500000E-1	1.310847E-3	1.310847E-3	1.469314E-8	6.769189E+2
2.000000E-1	2.164132E-3	2.164132E-3	2.425752E-8	6.775859E+2
2.500000E-1	3.420172E-3	3.420172E-3	3.833634E-8	6.782529E+2
3.000000E-1	4.976576E-3	4.976576E-3	5.578190E-8	6.789199E+2
3.500000E-1	6.917263E-3	6.917263E-3	7.753486E-8	6.795869E+2
4.000000E-1	9.508282E-3	9.508282E-3	1.065773E-7	6.816055E+2
4.500000E-1	1.249711E-2	1.249711E-2	1.400788E-7	6.822725E+2
5.000000E-1	1.624219E-2	1.624219E-2	1.820570E-7	6.829395E+2
5.000000E-1	1.632036E-2	1.632036E-2	1.829331E-7	6.836074E+2
4.500000E-1	1.255315E-2	1.255315E-2	1.407069E-7	6.842744E+2
4.000000E-1	9.503053E-3	9.503053E-3	1.065187E-7	6.849414E+2
3.500000E-1	6.921917E-3	6.921917E-3	7.758702E-8	6.862812E+2
3.000000E-1	4.879688E-3	4.879688E-3	5.469590E-8	6.869482E+2
2.500000E-1	3.311371E-3	3.311371E-3	3.711680E-8	6.876152E+2
2.000000E-1	2.135133E-3	2.135133E-3	2.393248E-8	6.882822E+2
1.500000E-1	1.283758E-3	1.283758E-3	1.438951E-8	6.889502E+2
1.000000E-1	6.837866E-4	6.837866E-4	7.664490E-9	6.902900E+2
5.000000E-2	2.864979E-4	2.864979E-4	3.211324E-9	6.909570E+2
0.000000E+0	7.122572E-7	-7.122572E-7	-7.983614E-12	6.927295E+2
-5.000000E-2	2.916836E-4	-2.916836E-4	-3.269450E-9	6.947432E+2
-1.000000E-1	6.706504E-4	-6.706504E-4	-7.517248E-9	6.954111E+2
-1.500000E-1	1.235656E-3	-1.235656E-3	-1.385034E-8	6.974229E+2
-2.000000E-1	2.017421E-3	-2.017421E-3	-2.261305E-8	6.980908E+2
-2.500000E-1	3.088603E-3	-3.088603E-3	-3.461982E-8	6.987578E+2
-3.000000E-1	4.505991E-3	-4.505991E-3	-5.050717E-8	6.994248E+2
-3.500000E-1	6.259024E-3	-6.259024E-3	-7.015673E-8	7.000918E+2
-4.000000E-1	8.384408E-3	-8.384408E-3	-9.397992E-8	7.007588E+2
-4.500000E-1	1.091127E-2	-1.091127E-2	-1.223033E-7	7.027773E+2
-5.000000E-1	1.396738E-2	-1.396738E-2	-1.565589E-7	7.034443E+2
-5.000000E-1	1.397267E-2	-1.397267E-2	-1.566182E-7	7.041113E+2
-4.500000E-1	1.111658E-2	-1.111658E-2	-1.246046E-7	7.047793E+2
-4.000000E-1	8.493924E-3	-8.493924E-3	-9.520748E-8	7.061191E+2
-3.500000E-1	6.366665E-3	-6.366665E-3	-7.136327E-8	7.067861E+2
-3.000000E-1	4.589941E-3	-4.589941E-3	-5.144815E-8	7.074531E+2
-2.500000E-1	3.154391E-3	-3.154391E-3	-3.535723E-8	7.081201E+2
-2.000000E-1	2.061137E-3	-2.061137E-3	-2.310306E-8	7.087871E+2
-1.500000E-1	1.245304E-3	-1.245304E-3	-1.395848E-8	7.094551E+2
-1.000000E-1	6.690079E-4	-6.690079E-4	-7.498838E-9	7.107939E+2
-5.000000E-2	2.935365E-4	-2.935365E-4	-3.290219E-9	7.114619E+2
0.000000E+0	4.392587E-7	-4.392587E-7	-4.923603E-12	7.132344E+2
0.000000E+0	5.056545E-7	-5.056545E-7	-5.667827E-12	7.142373E+2
5.000000E-2	2.905145E-4	2.905145E-4	3.256346E-9	7.162510E+2
1.000000E-1	6.962169E-4	6.962169E-4	7.803820E-9	7.169180E+2
1.500000E-1	1.297464E-3	1.297464E-3	1.454313E-8	7.189307E+2
2.000000E-1	2.112864E-3	2.112864E-3	2.368286E-8	7.195977E+2
2.500000E-1	3.342172E-3	3.342172E-3	3.746204E-8	7.202646E+2
3.000000E-1	4.940863E-3	4.940863E-3	5.538160E-8	7.209316E+2
3.500000E-1	6.989556E-3	6.989556E-3	7.834518E-8	7.215996E+2
4.000000E-1	9.445679E-3	9.445679E-3	1.058756E-7	7.236172E+2
4.500000E-1	1.248673E-2	1.248673E-2	1.399624E-7	7.242842E+2
5.000000E-1	1.601559E-2	1.601559E-2	1.795170E-7	7.249512E+2
5.000000E-1	1.592817E-2	1.592817E-2	1.785371E-7	7.256191E+2
4.500000E-1	1.217886E-2	1.217886E-2	1.365115E-7	7.262861E+2
4.000000E-1	9.365564E-3	9.365564E-3	1.049776E-7	7.269531E+2
3.500000E-1	6.907276E-3	6.907276E-3	7.742291E-8	7.282930E+2
3.000000E-1	4.937813E-3	4.937813E-3	5.534741E-8	7.289600E+2
2.500000E-1	3.329450E-3	3.329450E-3	3.731945E-8	7.296270E+2
2.000000E-1	2.172518E-3	2.172518E-3	2.435152E-8	7.302949E+2
1.500000E-1	1.284481E-3	1.284481E-3	1.439761E-8	7.309619E+2
1.000000E-1	6.841344E-4	6.841344E-4	7.668389E-9	7.323018E+2
5.000000E-2	2.890820E-4	2.890820E-4	3.240289E-9	7.329687E+2
0.000000E+0	4.213259E-7	-4.213259E-7	-4.722597E-12	7.347412E+2
-5.000000E-2	2.864781E-4	-2.864781E-4	-3.211102E-9	7.367549E+2
-1.000000E-1	6.658771E-4	-6.658771E-4	-7.463744E-9	7.374229E+2
-1.500000E-1	1.215564E-3	-1.215564E-3	-1.362513E-8	7.394346E+2
-2.000000E-1	2.030500E-3	-2.030500E-3	-2.275966E-8	7.401025E+2
-2.500000E-1	3.133703E-3	-3.133703E-3	-3.512534E-8	7.407695E+2
-3.000000E-1	4.534120E-3	-4.534120E-3	-5.082246E-8	7.414365E+2
-3.500000E-1	6.215439E-3	-6.215439E-3	-6.966818E-8	7.421035E+2
-4.000000E-1	8.348046E-3	-8.348046E-3	-9.357235E-8	7.427705E+2
-4.500000E-1	1.107564E-2	-1.107564E-2	-1.241456E-7	7.447891E+2
-5.000000E-1	1.392919E-2	-1.392919E-2	-1.561308E-7	7.454561E+2
-5.000000E-1	1.402310E-2	-1.402310E-2	-1.571834E-7	7.461230E+2
-4.500000E-1	1.104324E-2	-1.104324E-2	-1.237825E-7	7.467900E+2
-4.000000E-1	8.566148E-3	-8.566148E-3	-9.601703E-8	7.481299E+2
-3.500000E-1	6.431966E-3	-6.431966E-3	-7.209522E-8	7.487979E+2
-3.000000E-1	4.631811E-3	-4.631811E-3	-5.191747E-8	7.494648E+2
-2.500000E-1	3.176776E-3	-3.176776E-3	-3.560814E-8	7.501318E+2
-2.000000E-1	2.065585E-3	-2.065585E-3	-2.315292E-8	7.507988E+2
-1.500000E-1	1.276589E-3	-1.276589E-3	-1.430915E-8	7.514658E+2
-1.000000E-1	6.874292E-4	-6.874292E-4	-7.705320E-9	7.528057E+2
-5.000000E-2	2.978706E-4	-2.978706E-4	-3.338800E-9	7.534736E+2
0.000000E+0	5.631534E-7	-5.631534E-7	-6.312326E-12	7.552461E+2
0.000000E+0	5.794258E-7	-5.794258E-7	-6.494721E-12	7.562490E+2
5.000000E-2	2.970884E-4	2.970884E-4	3.330032E-9	7.582627E+2
1.000000E-1	7.057686E-4	7.057686E-4	7.910884E-9	7.589297E+2
1.500000E-1	1.318159E-3	1.318159E-3	1.477510E-8	7.609424E+2
2.000000E-1	2.227595E-3	2.227595E-3	2.496887E-8	7.616094E+2
2.500000E-1	3.487128E-3	3.487128E-3	3.908684E-8	7.622764E+2
3.000000E-1	5.112208E-3	5.112208E-3	5.730219E-8	7.629434E+2
3.500000E-1	7.159362E-3	7.159362E-3	8.024852E-8	7.636104E+2
4.000000E-1	9.657707E-3	9.657707E-3	1.082522E-7	7.656289E+2
4.500000E-1	1.270210E-2	1.270210E-2	1.423765E-7	7.662959E+2
5.000000E-1	1.648539E-2	1.648539E-2	1.847829E-7	7.669629E+2
5.000000E-1	1.624109E-2	1.624109E-2	1.820446E-7	7.676309E+2
4.500000E-1	1.255666E-2	1.255666E-2	1.407462E-7	7.682979E+2
4.000000E-1	9.498110E-3	9.498110E-3	1.064633E-7	7.689648E+2
3.500000E-1	6.941582E-3	6.941582E-3	7.780744E-8	7.703047E+2
3.000000E-1	4.943240E-3	4.943240E-3	5.540824E-8	7.709717E+2
2.500000E-1	3.398447E-3	3.398447E-3	3.809283E-8	7.716387E+2
2.000000E-1	2.213262E-3	2.213262E-3	2.480822E-8	7.723066E+2
1.500000E-1	1.267943E-3	1.267943E-3	1.421224E-8	7.729736E+2
1.000000E-1	7.097125E-4	7.097125E-4	7.955091E-9	7.743135E+2
5.000000E-2	2.946793E-4	2.946793E-4	3.303029E-9	7.749805E+2
0.000000E+0	7.547960E-7	-7.547960E-7	-8.460427E-12	7.767529E+2
-5.000000E-2	2.927051E-4	-2.927051E-4	-3.280900E-9	7.787666E+2
-1.000000E-1	6.759390E-4	-6.759390E-4	-7.576527E-9	7.794346E+2
-1.500000E-1	1.229472E-3	-1.229472E-3	-1.378102E-8	7.814463E+2
-2.000000E-1	2.029537E-3	-2.029537E-3	-2.274886E-8	7.821143E+2
-2.500000E-1	3.108954E-3	-3.108954E-3	-3.484793E-8	7.827813E+2
-3.000000E-1	4.536010E-3	-4.536010E-3	-5.084365E-8	7.834482E+2
-3.500000E-1	6.274793E-3	-6.274793E-3	-7.033348E-8	7.841152E+2
-4.000000E-1	8.417183E-3	-8.417183E-3	-9.434729E-8	7.847822E+2
-4.500000E-1	1.087627E-2	-1.087627E-2	-1.219109E-7	7.868008E+2
-5.000000E-1	1.381803E-2	-1.381803E-2	-1.548848E-7	7.874678E+2
-5.000000E-1	1.374687E-2	-1.374687E-2	-1.540872E-7	7.881348E+2
-4.500000E-1	1.090016E-2	-1.090016E-2	-1.221787E-7	7.888018E+2
-4.000000E-1	8.450806E-3	-8.450806E-3	-9.472417E-8	7.901416E+2
-3.500000E-1	6.316285E-3	-6.316285E-3	-7.079856E-8	7.908096E+2
-3.000000E-1	4.524675E-3	-4.524675E-3	-5.071659E-8	7.914766E+2
-2.500000E-1	3.126586E-3	-3.126586E-3	-3.504557E-8	7.921436E+2
-2.000000E-1	2.062310E-3	-2.062310E-3	-2.311621E-8	7.928105E+2
-1.500000E-1	1.246237E-3	-1.246237E-3	-1.396894E-8	7.934775E+2
-1.000000E-1	6.768854E-4	-6.768854E-4	-7.587135E-9	7.948174E+2
-5.000000E-2	2.889682E-4	-2.889682E-4	-3.239014E-9	7.954854E+2
0.000000E+0	6.219523E-7	-6.219523E-7	-6.971396E-12	7.972578E+2
0.000000E+0	6.245919E-7	-6.245919E-7	-7.000983E-12	7.982607E+2
5.000000E-2	2.979095E-4	2.979095E-4	3.339236E-9	8.002744E+2
1.000000E-1	7.034510E-4	7.034510E-4	7.884906E-9	8.009414E+2
1.500000E-1	1.299638E-3	1.299638E-3	1.456750E-8	8.029541E+2
2.000000E-1	2.172305E-3	2.172305E-3	2.434913E-8	8.036211E+2
2.500000E-1	3.418819E-3	3.418819E-3	3.832118E-8	8.042881E+2
3.000000E-1	4.971560E-3	4.971560E-3	5.572568E-8	8.049551E+2
3.500000E-1	7.090584E-3	7.090584E-3	7.947759E-8	8.056221E+2
4.000000E-1	9.515409E-3	9.515409E-3	1.066572E-7	8.076406E+2
4.500000E-1	1.253972E-2	1.253972E-2	1.405564E-7	8.083076E+2
5.000000E-1	1.605174E-2	1.605174E-2	1.799222E-7	8.089746E+2
5.000000E-1	1.604433E-2	1.604433E-2	1.798392E-7	8.096416E+2
4.500000E-1	1.254285E-2	1.254285E-2	1.405915E-7	8.103096E+2
4.000000E-1	9.371006E-3	9.371006E-3	1.050386E-7	8.109766E+2
3.500000E-1	6.909610E-3	6.909610E-3	7.744907E-8	8.123164E+2
3.000000E-1	4.909266E-3	4.909266E-3	5.502744E-8	8.129834E+2
2.500000E-1	3.324546E-3	3.324546E-3	3.726448E-8	8.136504E+2
2.000000E-1	2.179430E-3	2.179430E-3	2.442900E-8	8.143174E+2
1.500000E-1	1.312045E-3	1.312045E-3	1.470657E-8	8.149854E+2
1.000000E-1	6.919095E-4	6.919095E-4	7.755539E-9	8.163242E+2
5.000000E-2	2.879170E-4	2.879170E-4	3.227231E-9	8.169922E+2
0.000000E+0	5.925238E-7	-5.925238E-7	-6.641535E-12	8.187646E+2
-5.000000E-2	2.942514E-4	-2.942514E-4	-3.298232E-9	8.207783E+2
-1.000000E-1	6.764722E-4	-6.764722E-4	-7.582504E-9	8.214463E+2
-1.500000E-1	1.252051E-3	-1.252051E-3	-1.403410E-8	8.234580E+2
-2.000000E-1	2.093156E-3	-2.093156E-3	-2.346196E-8	8.241250E+2
-2.500000E-1	3.170203E-3	-3.170203E-3	-3.553446E-8	8.247930E+2
-3.000000E-1	4.611158E-3	-4.611158E-3	-5.168597E-8	8.254600E+2
-3.500000E-1	6.356387E-3	-6.356387E-3	-7.124805E-8	8.261270E+2
-4.000000E-1	8.532149E-3	-8.532149E-3	-9.563594E-8	8.267939E+2
-4.500000E-1	1.106373E-2	-1.106373E-2	-1.240122E-7	8.288125E+2
-5.000000E-1	1.399263E-2	-1.399263E-2	-1.568419E-7	8.294795E+2
-5.000000E-1	1.401753E-2	-1.401753E-2	-1.571210E-7	8.301465E+2
-4.500000E-1	1.116606E-2	-1.116606E-2	-1.251592E-7	8.308135E+2
-4.000000E-1	8.682877E-3	-8.682877E-3	-9.732543E-8	8.321533E+2
-3.500000E-1	6.528882E-3	-6.528882E-3	-7.318154E-8	8.328203E+2
-3.000000E-1	4.709124E-3	-4.709124E-3	-5.278406E-8	8.334883E+2
-2.500000E-1	3.282012E-3	-3.282012E-3	-3.678772E-8	8.341553E+2
-2.000000E-1	2.138877E-3	-2.138877E-3	-2.397444E-8	8.348223E+2
-1.500000E-1	1.297177E-3	-1.297177E-3	-1.453992E-8	8.354893E+2
-1.000000E-1	6.999210E-4	-6.999210E-4	-7.845339E-9	8.368291E+2
-5.000000E-2	3.122378E-4	-3.122378E-4	-3.499840E-9	8.374961E+2
0.000000E+0	3.734224E-7	-3.734224E-7	-4.185652E-12	8.392695E+2
