voltage_spot_14_scan_2_21	absJ_spot_14_scan_2_21	J_spot_14_scan_2_21	current_spot_14_scan_2_21	time_spot_14_scan_2_21	
0.000000E+0	6.554767E-8	-6.554767E-8	-1.016909E-12	0.000000E+0
5.000000E-2	2.252793E-5	2.252793E-5	3.494991E-10	1.115234E+0
1.000000E-1	4.777192E-5	4.777192E-5	7.411354E-10	1.483398E+0
1.500000E-1	6.745761E-5	6.745761E-5	1.046540E-9	1.851563E+0
2.000000E-1	1.136842E-4	1.136842E-4	1.763701E-9	2.966797E+0
2.500000E-1	1.643148E-4	1.643148E-4	2.549186E-9	3.334961E+0
3.000000E-1	2.048470E-4	2.048470E-4	3.178004E-9	3.702148E+0
3.500000E-1	2.706535E-4	2.706535E-4	4.198929E-9	4.070313E+0
4.000000E-1	3.468496E-4	3.468496E-4	5.381038E-9	4.438477E+0
4.500000E-1	4.401882E-4	4.401882E-4	6.829097E-9	4.805664E+0
5.000000E-1	5.539237E-4	5.539237E-4	8.593593E-9	5.173828E+0
5.000000E-1	5.546309E-4	5.546309E-4	8.604564E-9	5.541992E+0
4.500000E-1	4.275982E-4	4.275982E-4	6.633774E-9	5.909180E+0
4.000000E-1	3.435872E-4	3.435872E-4	5.330424E-9	6.277344E+0
3.500000E-1	2.669617E-4	2.669617E-4	4.141654E-9	6.644531E+0
3.000000E-1	2.052360E-4	2.052360E-4	3.184039E-9	7.012695E+0
2.500000E-1	1.473074E-4	1.473074E-4	2.285332E-9	7.380859E+0
2.000000E-1	1.120779E-4	1.120779E-4	1.738780E-9	7.748047E+0
1.500000E-1	7.330922E-5	7.330922E-5	1.137322E-9	8.116211E+0
1.000000E-1	4.481259E-5	4.481259E-5	6.952242E-10	8.857422E+0
5.000000E-2	2.141097E-5	2.141097E-5	3.321706E-10	9.225586E+0
0.000000E+0	4.501638E-8	-4.501638E-8	-6.983858E-13	1.040039E+1
-5.000000E-2	2.007954E-5	-2.007954E-5	-3.115148E-10	1.151563E+1
-1.000000E-1	4.204851E-5	-4.204851E-5	-6.523422E-10	1.188477E+1
-1.500000E-1	6.513830E-5	-6.513830E-5	-1.010558E-9	1.225293E+1
-2.000000E-1	9.100887E-5	-9.100887E-5	-1.411915E-9	1.336816E+1
-2.500000E-1	1.199096E-4	-1.199096E-4	-1.860282E-9	1.373535E+1
-3.000000E-1	1.637897E-4	-1.637897E-4	-2.541040E-9	1.410352E+1
-3.500000E-1	2.048713E-4	-2.048713E-4	-3.178381E-9	1.447070E+1
-4.000000E-1	2.602628E-4	-2.602628E-4	-4.037727E-9	1.483887E+1
-4.500000E-1	3.157020E-4	-3.157020E-4	-4.897813E-9	1.520703E+1
-5.000000E-1	3.951818E-4	-3.951818E-4	-6.130866E-9	1.557422E+1
-5.000000E-1	3.895981E-4	-3.895981E-4	-6.044240E-9	1.594238E+1
-4.500000E-1	3.161789E-4	-3.161789E-4	-4.905211E-9	1.630957E+1
-4.000000E-1	2.603284E-4	-2.603284E-4	-4.038744E-9	1.667773E+1
-3.500000E-1	2.069726E-4	-2.069726E-4	-3.210981E-9	1.704590E+1
-3.000000E-1	1.589041E-4	-1.589041E-4	-2.465245E-9	1.741406E+1
-2.500000E-1	1.280768E-4	-1.280768E-4	-1.986989E-9	1.778125E+1
-2.000000E-1	9.570320E-5	-9.570320E-5	-1.484743E-9	1.814941E+1
-1.500000E-1	6.805772E-5	-6.805772E-5	-1.055850E-9	1.851660E+1
-1.000000E-1	4.272449E-5	-4.272449E-5	-6.628293E-10	1.925781E+1
-5.000000E-2	2.079944E-5	-2.079944E-5	-3.226833E-10	1.962695E+1
0.000000E+0	7.105172E-8	-7.105172E-8	-1.102299E-12	2.080176E+1
0.000000E+0	6.856668E-8	-6.856668E-8	-1.063746E-12	2.150488E+1
5.000000E-2	2.225866E-5	2.225866E-5	3.453217E-10	2.262012E+1
1.000000E-1	4.784515E-5	4.784515E-5	7.422714E-10	2.298828E+1
1.500000E-1	7.600562E-5	7.600562E-5	1.179154E-9	2.410352E+1
2.000000E-1	1.132242E-4	1.132242E-4	1.756564E-9	2.447070E+1
2.500000E-1	1.566697E-4	1.566697E-4	2.430580E-9	2.483887E+1
3.000000E-1	2.193324E-4	2.193324E-4	3.402731E-9	2.520703E+1
3.500000E-1	2.850957E-4	2.850957E-4	4.422985E-9	2.557422E+1
4.000000E-1	3.602147E-4	3.602147E-4	5.588385E-9	2.594238E+1
4.500000E-1	4.766775E-4	4.766775E-4	7.395192E-9	2.630957E+1
5.000000E-1	5.830484E-4	5.830484E-4	9.045435E-9	2.667773E+1
5.000000E-1	6.130191E-4	6.130191E-4	9.510402E-9	2.704590E+1
4.500000E-1	4.770401E-4	4.770401E-4	7.400818E-9	2.741309E+1
4.000000E-1	3.528463E-4	3.528463E-4	5.474070E-9	2.778125E+1
3.500000E-1	2.685374E-4	2.685374E-4	4.166099E-9	2.814941E+1
3.000000E-1	2.083628E-4	2.083628E-4	3.232549E-9	2.851660E+1
2.500000E-1	1.517658E-4	1.517658E-4	2.354501E-9	2.888477E+1
2.000000E-1	1.066263E-4	1.066263E-4	1.654205E-9	2.925293E+1
1.500000E-1	7.291596E-5	7.291596E-5	1.131221E-9	2.962012E+1
1.000000E-1	4.371636E-5	4.371636E-5	6.782172E-10	3.036133E+1
5.000000E-2	2.055544E-5	2.055544E-5	3.188978E-10	3.072949E+1
0.000000E+0	4.122178E-8	-4.122178E-8	-6.395162E-13	3.190430E+1
-5.000000E-2	1.918660E-5	-1.918660E-5	-2.976616E-10	3.302051E+1
-1.000000E-1	3.939875E-5	-3.939875E-5	-6.112337E-10	3.338867E+1
-1.500000E-1	6.198108E-5	-6.198108E-5	-9.615768E-10	3.375684E+1
-2.000000E-1	8.862225E-5	-8.862225E-5	-1.374889E-9	3.487207E+1
-2.500000E-1	1.219867E-4	-1.219867E-4	-1.892507E-9	3.523926E+1
-3.000000E-1	1.585167E-4	-1.585167E-4	-2.459234E-9	3.560742E+1
-3.500000E-1	2.095019E-4	-2.095019E-4	-3.250221E-9	3.597559E+1
-4.000000E-1	2.620486E-4	-2.620486E-4	-4.065432E-9	3.634277E+1
-4.500000E-1	3.274994E-4	-3.274994E-4	-5.080838E-9	3.671094E+1
-5.000000E-1	4.011765E-4	-4.011765E-4	-6.223867E-9	3.707910E+1
-5.000000E-1	3.976216E-4	-3.976216E-4	-6.168716E-9	3.744629E+1
-4.500000E-1	3.162339E-4	-3.162339E-4	-4.906064E-9	3.781445E+1
-4.000000E-1	2.524396E-4	-2.524396E-4	-3.916358E-9	3.818262E+1
-3.500000E-1	1.995987E-4	-1.995987E-4	-3.096582E-9	3.854980E+1
-3.000000E-1	1.552489E-4	-1.552489E-4	-2.408538E-9	3.891797E+1
-2.500000E-1	1.222629E-4	-1.222629E-4	-1.896791E-9	3.928613E+1
-2.000000E-1	9.082233E-5	-9.082233E-5	-1.409021E-9	3.965332E+1
-1.500000E-1	6.231740E-5	-6.231740E-5	-9.667944E-10	4.039453E+1
-1.000000E-1	4.000670E-5	-4.000670E-5	-6.206655E-10	4.076270E+1
-5.000000E-2	1.901250E-5	-1.901250E-5	-2.949607E-10	4.113184E+1
0.000000E+0	7.182102E-8	-7.182102E-8	-1.114234E-12	4.230664E+1
0.000000E+0	6.403590E-8	-6.403590E-8	-9.934553E-13	4.300977E+1
5.000000E-2	2.041748E-5	2.041748E-5	3.167576E-10	4.412500E+1
1.000000E-1	4.435987E-5	4.435987E-5	6.882007E-10	4.449316E+1
1.500000E-1	7.417108E-5	7.417108E-5	1.150693E-9	4.560840E+1
2.000000E-1	1.118401E-4	1.118401E-4	1.735091E-9	4.597656E+1
2.500000E-1	1.547910E-4	1.547910E-4	2.401433E-9	4.634375E+1
3.000000E-1	2.123652E-4	2.123652E-4	3.294641E-9	4.671191E+1
3.500000E-1	2.835066E-4	2.835066E-4	4.398333E-9	4.708008E+1
4.000000E-1	3.621074E-4	3.621074E-4	5.617747E-9	4.744727E+1
4.500000E-1	4.691276E-4	4.691276E-4	7.278064E-9	4.781543E+1
5.000000E-1	5.816578E-4	5.816578E-4	9.023861E-9	4.818359E+1
5.000000E-1	5.878273E-4	5.878273E-4	9.119575E-9	4.855078E+1
4.500000E-1	4.675597E-4	4.675597E-4	7.253739E-9	4.891895E+1
4.000000E-1	3.689661E-4	3.689661E-4	5.724154E-9	4.928613E+1
3.500000E-1	2.823580E-4	2.823580E-4	4.380512E-9	4.965430E+1
3.000000E-1	2.123621E-4	2.123621E-4	3.294593E-9	5.002246E+1
2.500000E-1	1.571697E-4	1.571697E-4	2.438336E-9	5.038965E+1
2.000000E-1	1.123669E-4	1.123669E-4	1.743265E-9	5.075781E+1
1.500000E-1	7.836464E-5	7.836464E-5	1.215752E-9	5.112500E+1
1.000000E-1	4.395975E-5	4.395975E-5	6.819932E-10	5.186621E+1
5.000000E-2	2.027156E-5	2.027156E-5	3.144938E-10	5.223535E+1
0.000000E+0	3.937994E-8	-3.937994E-8	-6.109419E-13	5.341016E+1
-5.000000E-2	1.853031E-5	-1.853031E-5	-2.874799E-10	5.452539E+1
-1.000000E-1	3.879502E-5	-3.879502E-5	-6.018674E-10	5.489355E+1
-1.500000E-1	6.280355E-5	-6.280355E-5	-9.743366E-10	5.526270E+1
-2.000000E-1	8.585701E-5	-8.585701E-5	-1.331989E-9	5.637695E+1
-2.500000E-1	1.160045E-4	-1.160045E-4	-1.799699E-9	5.674512E+1
-3.000000E-1	1.542015E-4	-1.542015E-4	-2.392288E-9	5.711328E+1
-3.500000E-1	2.033997E-4	-2.033997E-4	-3.155551E-9	5.748047E+1
-4.000000E-1	2.657450E-4	-2.657450E-4	-4.122778E-9	5.784863E+1
-4.500000E-1	3.380697E-4	-3.380697E-4	-5.244826E-9	5.821680E+1
-5.000000E-1	4.196655E-4	-4.196655E-4	-6.510706E-9	5.858398E+1
-5.000000E-1	4.294018E-4	-4.294018E-4	-6.661756E-9	5.895215E+1
-4.500000E-1	3.326274E-4	-3.326274E-4	-5.160394E-9	5.932031E+1
-4.000000E-1	2.657931E-4	-2.657931E-4	-4.123524E-9	5.968750E+1
-3.500000E-1	2.071793E-4	-2.071793E-4	-3.214187E-9	6.005566E+1
-3.000000E-1	1.567078E-4	-1.567078E-4	-2.431171E-9	6.042383E+1
-2.500000E-1	1.205760E-4	-1.205760E-4	-1.870620E-9	6.079102E+1
-2.000000E-1	9.095576E-5	-9.095576E-5	-1.411091E-9	6.115918E+1
-1.500000E-1	6.138162E-5	-6.138162E-5	-9.522767E-10	6.190039E+1
-1.000000E-1	4.000639E-5	-4.000639E-5	-6.206606E-10	6.226855E+1
-5.000000E-2	1.991802E-5	-1.991802E-5	-3.090089E-10	6.263672E+1
0.000000E+0	7.597970E-8	-7.597970E-8	-1.178752E-12	6.381152E+1
0.000000E+0	6.795123E-8	-6.795123E-8	-1.054198E-12	6.451562E+1
5.000000E-2	2.049245E-5	2.049245E-5	3.179206E-10	6.563086E+1
1.000000E-1	4.453448E-5	4.453448E-5	6.909096E-10	6.599902E+1
1.500000E-1	6.666124E-5	6.666124E-5	1.034185E-9	6.636719E+1
2.000000E-1	1.079845E-4	1.079845E-4	1.675276E-9	6.748242E+1
2.500000E-1	1.512165E-4	1.512165E-4	2.345979E-9	6.784961E+1
3.000000E-1	2.054377E-4	2.054377E-4	3.187168E-9	6.821777E+1
3.500000E-1	2.770528E-4	2.770528E-4	4.298207E-9	6.858594E+1
4.000000E-1	3.613113E-4	3.613113E-4	5.605397E-9	6.895313E+1
4.500000E-1	4.532210E-4	4.532210E-4	7.031288E-9	6.932129E+1
5.000000E-1	5.587305E-4	5.587305E-4	8.668167E-9	6.968945E+1
5.000000E-1	5.795055E-4	5.795055E-4	8.990470E-9	7.005664E+1
4.500000E-1	4.617459E-4	4.617459E-4	7.163543E-9	7.042480E+1
4.000000E-1	3.607410E-4	3.607410E-4	5.596550E-9	7.079297E+1
3.500000E-1	2.793453E-4	2.793453E-4	4.333773E-9	7.116016E+1
3.000000E-1	2.098777E-4	2.098777E-4	3.256050E-9	7.152832E+1
2.500000E-1	1.589694E-4	1.589694E-4	2.466257E-9	7.189648E+1
2.000000E-1	1.134605E-4	1.134605E-4	1.760231E-9	7.226367E+1
1.500000E-1	7.565812E-5	7.565812E-5	1.173763E-9	7.263184E+1
1.000000E-1	4.477579E-5	4.477579E-5	6.946533E-10	7.337305E+1
5.000000E-2	2.131220E-5	2.131220E-5	3.306383E-10	7.374121E+1
0.000000E+0	4.226212E-8	-4.226212E-8	-6.556561E-13	7.491602E+1
-5.000000E-2	2.110303E-5	-2.110303E-5	-3.273932E-10	7.619922E+1
-1.000000E-1	4.253999E-5	-4.253999E-5	-6.599670E-10	7.656738E+1
-1.500000E-1	6.611245E-5	-6.611245E-5	-1.025671E-9	7.693555E+1
-2.000000E-1	9.279525E-5	-9.279525E-5	-1.439629E-9	7.805078E+1
-2.500000E-1	1.247328E-4	-1.247328E-4	-1.935109E-9	7.841895E+1
-3.000000E-1	1.630874E-4	-1.630874E-4	-2.530144E-9	7.878613E+1
-3.500000E-1	2.125391E-4	-2.125391E-4	-3.297340E-9	7.915430E+1
-4.000000E-1	2.800331E-4	-2.800331E-4	-4.344444E-9	7.952148E+1
-4.500000E-1	3.515474E-4	-3.515474E-4	-5.453919E-9	7.988965E+1
-5.000000E-1	4.242309E-4	-4.242309E-4	-6.581534E-9	8.025781E+1
-5.000000E-1	4.223644E-4	-4.223644E-4	-6.552578E-9	8.062500E+1
-4.500000E-1	3.367727E-4	-3.367727E-4	-5.224705E-9	8.099316E+1
-4.000000E-1	2.660477E-4	-2.660477E-4	-4.127474E-9	8.136133E+1
-3.500000E-1	2.133811E-4	-2.133811E-4	-3.310402E-9	8.172852E+1
-3.000000E-1	1.647361E-4	-1.647361E-4	-2.555722E-9	8.209668E+1
-2.500000E-1	1.250878E-4	-1.250878E-4	-1.940617E-9	8.246484E+1
-2.000000E-1	9.275142E-5	-9.275142E-5	-1.438949E-9	8.283203E+1
-1.500000E-1	6.478784E-5	-6.478784E-5	-1.005121E-9	8.357324E+1
-1.000000E-1	4.129556E-5	-4.129556E-5	-6.406609E-10	8.394141E+1
-5.000000E-2	1.997630E-5	-1.997630E-5	-3.099131E-10	8.431055E+1
0.000000E+0	7.953094E-8	-7.953094E-8	-1.233846E-12	8.548535E+1
0.000000E+0	7.274418E-8	-7.274418E-8	-1.128556E-12	8.618945E+1
5.000000E-2	6.767039E-6	6.767039E-6	1.049841E-10	8.689160E+1
1.000000E-1	4.697571E-5	4.697571E-5	7.287830E-10	8.800684E+1
1.500000E-1	6.748733E-5	6.748733E-5	1.047001E-9	8.837500E+1
2.000000E-1	1.204554E-4	1.204554E-4	1.868750E-9	8.949023E+1
2.500000E-1	1.729059E-4	1.729059E-4	2.682468E-9	8.985840E+1
3.000000E-1	2.301302E-4	2.301302E-4	3.570249E-9	9.022559E+1
3.500000E-1	2.777753E-4	2.777753E-4	4.309417E-9	9.059375E+1
4.000000E-1	3.592163E-4	3.592163E-4	5.572896E-9	9.096191E+1
4.500000E-1	4.425315E-4	4.425315E-4	6.865450E-9	9.132910E+1
5.000000E-1	5.849913E-4	5.849913E-4	9.075577E-9	9.169727E+1
5.000000E-1	5.832963E-4	5.832963E-4	9.049281E-9	9.206543E+1
4.500000E-1	4.652327E-4	4.652327E-4	7.217638E-9	9.243262E+1
4.000000E-1	3.728918E-4	3.728918E-4	5.785057E-9	9.280078E+1
3.500000E-1	2.974937E-4	2.974937E-4	4.615328E-9	9.316797E+1
3.000000E-1	2.269650E-4	2.269650E-4	3.521144E-9	9.353613E+1
2.500000E-1	1.628795E-4	1.628795E-4	2.526919E-9	9.390430E+1
2.000000E-1	1.128338E-4	1.128338E-4	1.750508E-9	9.427148E+1
1.500000E-1	7.544522E-5	7.544522E-5	1.170460E-9	9.463965E+1
1.000000E-1	4.689363E-5	4.689363E-5	7.275096E-10	9.538086E+1
5.000000E-2	2.091800E-5	2.091800E-5	3.245226E-10	9.574902E+1
0.000000E+0	3.650045E-8	-3.650045E-8	-5.662693E-13	9.692383E+1
-5.000000E-2	1.977350E-5	-1.977350E-5	-3.067668E-10	9.804004E+1
-1.000000E-1	4.002331E-5	-4.002331E-5	-6.209231E-10	9.840820E+1
-1.500000E-1	6.493706E-5	-6.493706E-5	-1.007436E-9	9.877637E+1
-2.000000E-1	9.379060E-5	-9.379060E-5	-1.455071E-9	9.989160E+1
-2.500000E-1	1.268610E-4	-1.268610E-4	-1.968126E-9	1.002588E+2
-3.000000E-1	1.660242E-4	-1.660242E-4	-2.575706E-9	1.006270E+2
-3.500000E-1	2.178441E-4	-2.178441E-4	-3.379641E-9	1.009951E+2
-4.000000E-1	2.855581E-4	-2.855581E-4	-4.430160E-9	1.013623E+2
-4.500000E-1	3.587476E-4	-3.587476E-4	-5.565624E-9	1.017305E+2
-5.000000E-1	4.373950E-4	-4.373950E-4	-6.785762E-9	1.020977E+2
-5.000000E-1	4.530843E-4	-4.530843E-4	-7.029167E-9	1.024658E+2
-4.500000E-1	3.725267E-4	-3.725267E-4	-5.779394E-9	1.028340E+2
-4.000000E-1	2.920697E-4	-2.920697E-4	-4.531180E-9	1.032012E+2
-3.500000E-1	2.248598E-4	-2.248598E-4	-3.488483E-9	1.035693E+2
-3.000000E-1	1.851435E-4	-1.851435E-4	-2.872324E-9	1.039375E+2
-2.500000E-1	1.388496E-4	-1.388496E-4	-2.154118E-9	1.043047E+2
-2.000000E-1	9.636073E-5	-9.636073E-5	-1.494944E-9	1.046729E+2
-1.500000E-1	6.720978E-5	-6.720978E-5	-1.042695E-9	1.050410E+2
-1.000000E-1	4.176271E-5	-4.176271E-5	-6.479082E-10	1.057822E+2
-5.000000E-2	1.996539E-5	-1.996539E-5	-3.097438E-10	1.061504E+2
0.000000E+0	7.021802E-8	-7.021802E-8	-1.089365E-12	1.073252E+2
0.000000E+0	6.736712E-8	-6.736712E-8	-1.045136E-12	1.080293E+2
5.000000E-2	2.046556E-5	2.046556E-5	3.175034E-10	1.091436E+2
1.000000E-1	4.543118E-5	4.543118E-5	7.048211E-10	1.095127E+2
1.500000E-1	7.695849E-5	7.695849E-5	1.193937E-9	1.106270E+2
2.000000E-1	1.139400E-4	1.139400E-4	1.767670E-9	1.109951E+2
2.500000E-1	1.627808E-4	1.627808E-4	2.525387E-9	1.113623E+2
3.000000E-1	2.241235E-4	2.241235E-4	3.477060E-9	1.117305E+2
3.500000E-1	2.937870E-4	2.937870E-4	4.557822E-9	1.120986E+2
4.000000E-1	3.754777E-4	3.754777E-4	5.825175E-9	1.124658E+2
4.500000E-1	4.865101E-4	4.865101E-4	7.547737E-9	1.128340E+2
5.000000E-1	6.243716E-4	6.243716E-4	9.686525E-9	1.132021E+2
5.000000E-1	6.328142E-4	6.328142E-4	9.817503E-9	1.135693E+2
4.500000E-1	5.226391E-4	5.226391E-4	8.108243E-9	1.139375E+2
4.000000E-1	4.113072E-4	4.113072E-4	6.381036E-9	1.143047E+2
3.500000E-1	3.076006E-4	3.076006E-4	4.772127E-9	1.146729E+2
3.000000E-1	2.375847E-4	2.375847E-4	3.685898E-9	1.150410E+2
2.500000E-1	1.699745E-4	1.699745E-4	2.636991E-9	1.154082E+2
2.000000E-1	1.202066E-4	1.202066E-4	1.864890E-9	1.157764E+2
1.500000E-1	7.709412E-5	7.709412E-5	1.196041E-9	1.161445E+2
1.000000E-1	4.654723E-5	4.654723E-5	7.221355E-10	1.168848E+2
5.000000E-2	2.082544E-5	2.082544E-5	3.230867E-10	1.172539E+2
0.000000E+0	4.266555E-8	-4.266555E-8	-6.619150E-13	1.184287E+2
-5.000000E-2	2.004529E-5	-2.004529E-5	-3.109834E-10	1.198789E+2
-1.000000E-1	4.146369E-5	-4.146369E-5	-6.432692E-10	1.202471E+2
-1.500000E-1	6.583380E-5	-6.583380E-5	-1.021348E-9	1.206152E+2
-2.000000E-1	9.493912E-5	-9.493912E-5	-1.472889E-9	1.217305E+2
-2.500000E-1	1.283118E-4	-1.283118E-4	-1.990634E-9	1.220977E+2
-3.000000E-1	1.766049E-4	-1.766049E-4	-2.739855E-9	1.224658E+2
-3.500000E-1	2.279702E-4	-2.279702E-4	-3.536738E-9	1.228340E+2
-4.000000E-1	2.973514E-4	-2.973514E-4	-4.613120E-9	1.232012E+2
-4.500000E-1	3.763974E-4	-3.763974E-4	-5.839444E-9	1.235693E+2
-5.000000E-1	4.450482E-4	-4.450482E-4	-6.904494E-9	1.239375E+2
-5.000000E-1	4.667961E-4	-4.667961E-4	-7.241892E-9	1.243047E+2
-4.500000E-1	3.717684E-4	-3.717684E-4	-5.767629E-9	1.246729E+2
-4.000000E-1	2.939669E-4	-2.939669E-4	-4.560614E-9	1.250410E+2
-3.500000E-1	2.321753E-4	-2.321753E-4	-3.601976E-9	1.254082E+2
-3.000000E-1	1.833738E-4	-1.833738E-4	-2.844868E-9	1.257764E+2
-2.500000E-1	1.348563E-4	-1.348563E-4	-2.092166E-9	1.261445E+2
-2.000000E-1	9.735357E-5	-9.735357E-5	-1.510347E-9	1.265117E+2
-1.500000E-1	6.808260E-5	-6.808260E-5	-1.056236E-9	1.268799E+2
-1.000000E-1	4.275121E-5	-4.275121E-5	-6.632439E-10	1.276211E+2
-5.000000E-2	2.127465E-5	-2.127465E-5	-3.300558E-10	1.279893E+2
0.000000E+0	8.018847E-8	-8.018847E-8	-1.244047E-12	1.291641E+2
0.000000E+0	7.276829E-8	-7.276829E-8	-1.128930E-12	1.298682E+2
5.000000E-2	2.077337E-5	2.077337E-5	3.222788E-10	1.309834E+2
1.000000E-1	4.500541E-5	4.500541E-5	6.982157E-10	1.313516E+2
1.500000E-1	6.686699E-5	6.686699E-5	1.037377E-9	1.317197E+2
2.000000E-1	1.168618E-4	1.168618E-4	1.812999E-9	1.328350E+2
2.500000E-1	1.713057E-4	1.713057E-4	2.657643E-9	1.332021E+2
3.000000E-1	2.311900E-4	2.311900E-4	3.586691E-9	1.335703E+2
3.500000E-1	3.046244E-4	3.046244E-4	4.725954E-9	1.339385E+2
4.000000E-1	4.038351E-4	4.038351E-4	6.265113E-9	1.343057E+2
4.500000E-1	5.207692E-4	5.207692E-4	8.079232E-9	1.346738E+2
5.000000E-1	6.564926E-4	6.564926E-4	1.018485E-8	1.350420E+2
5.000000E-1	6.626437E-4	6.626437E-4	1.028028E-8	1.354092E+2
4.500000E-1	5.075536E-4	5.075536E-4	7.874206E-9	1.357773E+2
4.000000E-1	3.873130E-4	3.873130E-4	6.008788E-9	1.361445E+2
3.500000E-1	3.004610E-4	3.004610E-4	4.661363E-9	1.365127E+2
3.000000E-1	2.232057E-4	2.232057E-4	3.462821E-9	1.368809E+2
2.500000E-1	1.640586E-4	1.640586E-4	2.545211E-9	1.372480E+2
2.000000E-1	1.187354E-4	1.187354E-4	1.842066E-9	1.376162E+2
1.500000E-1	8.346918E-5	8.346918E-5	1.294944E-9	1.379844E+2
1.000000E-1	4.905058E-5	4.905058E-5	7.609725E-10	1.387256E+2
5.000000E-2	2.259141E-5	2.259141E-5	3.504840E-10	1.390937E+2
0.000000E+0	5.065908E-8	-5.065908E-8	-7.859269E-13	1.402686E+2
-5.000000E-2	2.121707E-5	-2.121707E-5	-3.291624E-10	1.413838E+2
-1.000000E-1	4.654063E-5	-4.654063E-5	-7.220331E-10	1.417529E+2
-1.500000E-1	7.308639E-5	-7.308639E-5	-1.133865E-9	1.428672E+2
-2.000000E-1	1.007858E-4	-1.007858E-4	-1.563594E-9	1.432354E+2
-2.500000E-1	1.413477E-4	-1.413477E-4	-2.192873E-9	1.436025E+2
-3.000000E-1	1.893249E-4	-1.893249E-4	-2.937193E-9	1.439707E+2
-3.500000E-1	2.485055E-4	-2.485055E-4	-3.855324E-9	1.443389E+2
-4.000000E-1	3.139974E-4	-3.139974E-4	-4.871368E-9	1.447061E+2
-4.500000E-1	4.022725E-4	-4.022725E-4	-6.240870E-9	1.450742E+2
-5.000000E-1	4.979198E-4	-4.979198E-4	-7.724746E-9	1.454424E+2
-5.000000E-1	5.021737E-4	-5.021737E-4	-7.790741E-9	1.458096E+2
-4.500000E-1	3.885178E-4	-3.885178E-4	-6.027480E-9	1.461777E+2
-4.000000E-1	3.039160E-4	-3.039160E-4	-4.714964E-9	1.465459E+2
-3.500000E-1	2.420956E-4	-2.420956E-4	-3.755880E-9	1.469131E+2
-3.000000E-1	1.865429E-4	-1.865429E-4	-2.894034E-9	1.472813E+2
-2.500000E-1	1.461499E-4	-1.461499E-4	-2.267375E-9	1.476494E+2
-2.000000E-1	1.031392E-4	-1.031392E-4	-1.600105E-9	1.480166E+2
-1.500000E-1	7.089553E-5	-7.089553E-5	-1.099876E-9	1.483848E+2
-1.000000E-1	4.365191E-5	-4.365191E-5	-6.772174E-10	1.491260E+2
-5.000000E-2	2.085771E-5	-2.085771E-5	-3.235873E-10	1.494941E+2
0.000000E+0	8.214032E-8	-8.214032E-8	-1.274328E-12	1.506689E+2
0.000000E+0	7.727943E-8	-7.727943E-8	-1.198916E-12	1.513730E+2
5.000000E-2	2.055135E-5	2.055135E-5	3.188345E-10	1.524873E+2
1.000000E-1	4.451442E-5	4.451442E-5	6.905984E-10	1.528564E+2
1.500000E-1	6.685841E-5	6.685841E-5	1.037244E-9	1.532246E+2
2.000000E-1	1.082710E-4	1.082710E-4	1.679721E-9	1.543389E+2
2.500000E-1	1.549809E-4	1.549809E-4	2.404380E-9	1.547070E+2
3.000000E-1	2.089123E-4	2.089123E-4	3.241073E-9	1.550752E+2
3.500000E-1	2.826454E-4	2.826454E-4	4.384971E-9	1.554424E+2
4.000000E-1	3.669722E-4	3.669722E-4	5.693221E-9	1.558105E+2
4.500000E-1	4.632946E-4	4.632946E-4	7.187569E-9	1.561787E+2
5.000000E-1	6.049024E-4	6.049024E-4	9.384478E-9	1.565459E+2
5.000000E-1	5.919703E-4	5.919703E-4	9.183849E-9	1.569141E+2
4.500000E-1	4.651009E-4	4.651009E-4	7.215593E-9	1.572813E+2
4.000000E-1	3.736484E-4	3.736484E-4	5.796796E-9	1.576494E+2
3.500000E-1	2.821235E-4	2.821235E-4	4.376874E-9	1.580176E+2
3.000000E-1	2.117999E-4	2.117999E-4	3.285871E-9	1.583848E+2
2.500000E-1	1.570634E-4	1.570634E-4	2.436688E-9	1.587529E+2
2.000000E-1	1.097415E-4	1.097415E-4	1.702534E-9	1.591211E+2
1.500000E-1	7.411945E-5	7.411945E-5	1.149892E-9	1.594883E+2
1.000000E-1	4.123741E-5	4.123741E-5	6.397588E-10	1.602295E+2
5.000000E-2	1.898159E-5	1.898159E-5	2.944811E-10	1.605977E+2
0.000000E+0	3.879670E-8	-3.879670E-8	-6.018935E-13	1.617725E+2
-5.000000E-2	1.839304E-5	-1.839304E-5	-2.853503E-10	1.628887E+2
-1.000000E-1	3.910313E-5	-3.910313E-5	-6.066474E-10	1.632568E+2
-1.500000E-1	6.220351E-5	-6.220351E-5	-9.650276E-10	1.636250E+2
-2.000000E-1	9.375521E-5	-9.375521E-5	-1.454522E-9	1.647402E+2
-2.500000E-1	1.295292E-4	-1.295292E-4	-2.009521E-9	1.651084E+2
-3.000000E-1	1.674243E-4	-1.674243E-4	-2.597427E-9	1.654756E+2
-3.500000E-1	2.214654E-4	-2.214654E-4	-3.435823E-9	1.658438E+2
-4.000000E-1	2.862873E-4	-2.862873E-4	-4.441472E-9	1.662119E+2
-4.500000E-1	3.545829E-4	-3.545829E-4	-5.501012E-9	1.665791E+2
-5.000000E-1	4.404309E-4	-4.404309E-4	-6.832862E-9	1.669473E+2
-5.000000E-1	4.423569E-4	-4.423569E-4	-6.862742E-9	1.673145E+2
-4.500000E-1	3.613843E-4	-3.613843E-4	-5.606529E-9	1.676826E+2
-4.000000E-1	2.908160E-4	-2.908160E-4	-4.511731E-9	1.680508E+2
-3.500000E-1	2.260894E-4	-2.260894E-4	-3.507560E-9	1.684180E+2
-3.000000E-1	1.694407E-4	-1.694407E-4	-2.628709E-9	1.687861E+2
-2.500000E-1	1.314645E-4	-1.314645E-4	-2.039545E-9	1.691543E+2
-2.000000E-1	9.425354E-5	-9.425354E-5	-1.462253E-9	1.695215E+2
-1.500000E-1	6.539239E-5	-6.539239E-5	-1.014500E-9	1.698896E+2
-1.000000E-1	3.997812E-5	-3.997812E-5	-6.202221E-10	1.706309E+2
-5.000000E-2	1.962779E-5	-1.962779E-5	-3.045063E-10	1.709990E+2
0.000000E+0	7.007395E-8	-7.007395E-8	-1.087130E-12	1.721738E+2
0.000000E+0	6.359489E-8	-6.359489E-8	-9.866136E-13	1.728779E+2
5.000000E-2	6.767245E-6	6.767245E-6	1.049873E-10	1.735811E+2
1.000000E-1	4.337637E-5	4.337637E-5	6.729427E-10	1.746953E+2
1.500000E-1	6.628384E-5	6.628384E-5	1.028330E-9	1.750645E+2
2.000000E-1	1.088951E-4	1.088951E-4	1.689402E-9	1.761787E+2
2.500000E-1	1.558888E-4	1.558888E-4	2.418464E-9	1.765469E+2
3.000000E-1	2.132525E-4	2.132525E-4	3.308407E-9	1.769141E+2
3.500000E-1	2.858673E-4	2.858673E-4	4.434956E-9	1.772822E+2
4.000000E-1	3.790022E-4	3.790022E-4	5.879855E-9	1.776504E+2
4.500000E-1	4.795079E-4	4.795079E-4	7.439104E-9	1.780176E+2
5.000000E-1	6.459202E-4	6.459202E-4	1.002083E-8	1.783857E+2
5.000000E-1	6.270242E-4	6.270242E-4	9.727676E-9	1.787529E+2
4.500000E-1	4.855529E-4	4.855529E-4	7.532885E-9	1.791211E+2
4.000000E-1	3.744351E-4	3.744351E-4	5.809000E-9	1.794893E+2
3.500000E-1	2.704588E-4	2.704588E-4	4.195908E-9	1.798564E+2
3.000000E-1	1.990997E-4	1.990997E-4	3.088840E-9	1.802246E+2
2.500000E-1	1.427100E-4	1.427100E-4	2.214009E-9	1.805918E+2
2.000000E-1	1.004417E-4	1.004417E-4	1.558257E-9	1.809600E+2
1.500000E-1	6.812224E-5	6.812224E-5	1.056851E-9	1.813281E+2
1.000000E-1	4.297207E-5	4.297207E-5	6.666704E-10	1.820684E+2
5.000000E-2	1.966763E-5	1.966763E-5	3.051243E-10	1.824365E+2
0.000000E+0	4.072531E-8	-4.072531E-8	-6.318140E-13	1.836113E+2
-5.000000E-2	1.858723E-5	-1.858723E-5	-2.883630E-10	1.847275E+2
-1.000000E-1	3.888059E-5	-3.888059E-5	-6.031950E-10	1.850957E+2
-1.500000E-1	6.260728E-5	-6.260728E-5	-9.712917E-10	1.854639E+2
-2.000000E-1	9.333502E-5	-9.333502E-5	-1.448003E-9	1.865791E+2
-2.500000E-1	1.303515E-4	-1.303515E-4	-2.022278E-9	1.869463E+2
-3.000000E-1	1.736170E-4	-1.736170E-4	-2.693500E-9	1.873145E+2
-3.500000E-1	2.294622E-4	-2.294622E-4	-3.559886E-9	1.876826E+2
-4.000000E-1	2.842368E-4	-2.842368E-4	-4.409661E-9	1.880498E+2
-4.500000E-1	3.595942E-4	-3.595942E-4	-5.578758E-9	1.884180E+2
-5.000000E-1	4.578850E-4	-4.578850E-4	-7.103645E-9	1.887852E+2
-5.000000E-1	4.582736E-4	-4.582736E-4	-7.109674E-9	1.891533E+2
-4.500000E-1	3.664594E-4	-3.664594E-4	-5.685265E-9	1.895215E+2
-4.000000E-1	3.016574E-4	-3.016574E-4	-4.679925E-9	1.898887E+2
-3.500000E-1	2.281095E-4	-2.281095E-4	-3.538900E-9	1.902568E+2
-3.000000E-1	1.769541E-4	-1.769541E-4	-2.745272E-9	1.906240E+2
-2.500000E-1	1.270090E-4	-1.270090E-4	-1.970423E-9	1.909922E+2
-2.000000E-1	9.137357E-5	-9.137357E-5	-1.417573E-9	1.913604E+2
-1.500000E-1	6.482213E-5	-6.482213E-5	-1.005653E-9	1.917275E+2
-1.000000E-1	3.823943E-5	-3.823943E-5	-5.932479E-10	1.924688E+2
-5.000000E-2	1.851298E-5	-1.851298E-5	-2.872111E-10	1.928369E+2
0.000000E+0	6.926353E-8	-6.926353E-8	-1.074557E-12	1.940117E+2
0.000000E+0	6.365840E-8	-6.365840E-8	-9.875989E-13	1.947158E+2
5.000000E-2	1.905330E-5	1.905330E-5	2.955937E-10	1.958311E+2
1.000000E-1	4.157646E-5	4.157646E-5	6.450188E-10	1.961992E+2
1.500000E-1	6.807686E-5	6.807686E-5	1.056147E-9	1.973135E+2
2.000000E-1	1.042363E-4	1.042363E-4	1.617126E-9	1.976816E+2
2.500000E-1	1.484456E-4	1.484456E-4	2.302990E-9	1.980488E+2
3.000000E-1	2.096671E-4	2.096671E-4	3.252784E-9	1.984170E+2
3.500000E-1	2.915100E-4	2.915100E-4	4.522498E-9	1.987852E+2
4.000000E-1	3.793004E-4	3.793004E-4	5.884481E-9	1.991523E+2
4.500000E-1	4.859142E-4	4.859142E-4	7.538492E-9	1.995205E+2
5.000000E-1	6.403262E-4	6.403262E-4	9.934046E-9	1.998877E+2
5.000000E-1	6.364065E-4	6.364065E-4	9.873234E-9	2.002559E+2
4.500000E-1	4.787684E-4	4.787684E-4	7.427631E-9	2.006240E+2
4.000000E-1	3.682324E-4	3.682324E-4	5.712772E-9	2.009912E+2
3.500000E-1	2.846421E-4	2.846421E-4	4.415948E-9	2.013594E+2
3.000000E-1	2.039009E-4	2.039009E-4	3.163326E-9	2.017266E+2
2.500000E-1	1.552253E-4	1.552253E-4	2.408171E-9	2.020947E+2
2.000000E-1	1.053850E-4	1.053850E-4	1.634947E-9	2.024629E+2
1.500000E-1	6.885661E-5	6.885661E-5	1.068244E-9	2.028301E+2
1.000000E-1	4.188418E-5	4.188418E-5	6.497928E-10	2.035713E+2
5.000000E-2	1.925114E-5	1.925114E-5	2.986629E-10	2.039395E+2
0.000000E+0	3.960268E-8	-3.960268E-8	-6.143974E-13	2.051143E+2
-5.000000E-2	6.761805E-6	-6.761805E-6	-1.049029E-10	2.058184E+2
-1.000000E-1	3.693793E-5	-3.693793E-5	-5.730565E-10	2.069326E+2
-1.500000E-1	5.988646E-5	-5.988646E-5	-9.290808E-10	2.073018E+2
-2.000000E-1	8.753195E-5	-8.753195E-5	-1.357974E-9	2.084160E+2
-2.500000E-1	1.274697E-4	-1.274697E-4	-1.977569E-9	2.087842E+2
-3.000000E-1	1.662512E-4	-1.662512E-4	-2.579227E-9	2.091514E+2
-3.500000E-1	2.227826E-4	-2.227826E-4	-3.456257E-9	2.095195E+2
-4.000000E-1	2.899982E-4	-2.899982E-4	-4.499044E-9	2.098877E+2
-4.500000E-1	3.723701E-4	-3.723701E-4	-5.776964E-9	2.102549E+2
-5.000000E-1	4.613364E-4	-4.613364E-4	-7.157191E-9	2.106230E+2
-5.000000E-1	4.632577E-4	-4.632577E-4	-7.186997E-9	2.109902E+2
-4.500000E-1	3.837294E-4	-3.837294E-4	-5.953193E-9	2.113584E+2
-4.000000E-1	2.921393E-4	-2.921393E-4	-4.532260E-9	2.117266E+2
-3.500000E-1	2.246609E-4	-2.246609E-4	-3.485398E-9	2.120938E+2
-3.000000E-1	1.665634E-4	-1.665634E-4	-2.584071E-9	2.124619E+2
-2.500000E-1	1.213835E-4	-1.213835E-4	-1.883149E-9	2.128291E+2
-2.000000E-1	9.175200E-5	-9.175200E-5	-1.423444E-9	2.131973E+2
-1.500000E-1	6.129318E-5	-6.129318E-5	-9.509047E-10	2.139385E+2
-1.000000E-1	3.865350E-5	-3.865350E-5	-5.996719E-10	2.143066E+2
-5.000000E-2	1.809031E-5	-1.809031E-5	-2.806537E-10	2.146748E+2
0.000000E+0	6.734210E-8	-6.734210E-8	-1.044748E-12	2.158496E+2
0.000000E+0	6.025292E-8	-6.025292E-8	-9.347662E-13	2.165537E+2
5.000000E-2	1.886814E-5	1.886814E-5	2.927210E-10	2.176689E+2
1.000000E-1	4.069268E-5	4.069268E-5	6.313078E-10	2.180371E+2
1.500000E-1	6.992203E-5	6.992203E-5	1.084773E-9	2.191514E+2
2.000000E-1	1.071497E-4	1.071497E-4	1.662324E-9	2.195195E+2
2.500000E-1	1.529886E-4	1.529886E-4	2.373471E-9	2.198877E+2
3.000000E-1	2.061159E-4	2.061159E-4	3.197690E-9	2.202549E+2
3.500000E-1	2.840629E-4	2.840629E-4	4.406963E-9	2.206230E+2
4.000000E-1	3.780860E-4	3.780860E-4	5.865640E-9	2.209902E+2
4.500000E-1	4.703425E-4	4.703425E-4	7.296911E-9	2.213584E+2
5.000000E-1	6.203382E-4	6.203382E-4	9.623950E-9	2.217266E+2
5.000000E-1	6.110392E-4	6.110392E-4	9.479685E-9	2.220937E+2
4.500000E-1	4.805326E-4	4.805326E-4	7.455000E-9	2.224619E+2
4.000000E-1	3.698962E-4	3.698962E-4	5.738584E-9	2.228291E+2
3.500000E-1	2.706107E-4	2.706107E-4	4.198264E-9	2.231973E+2
3.000000E-1	2.037469E-4	2.037469E-4	3.160937E-9	2.235654E+2
2.500000E-1	1.500095E-4	1.500095E-4	2.327253E-9	2.239326E+2
2.000000E-1	1.053466E-4	1.053466E-4	1.634351E-9	2.243008E+2
1.500000E-1	6.974889E-5	6.974889E-5	1.082087E-9	2.246680E+2
1.000000E-1	4.101938E-5	4.101938E-5	6.363763E-10	2.254092E+2
5.000000E-2	1.847003E-5	1.847003E-5	2.865448E-10	2.257773E+2
0.000000E+0	3.666146E-8	-3.666146E-8	-5.687673E-13	2.269521E+2
-5.000000E-2	1.850517E-5	-1.850517E-5	-2.870899E-10	2.280684E+2
-1.000000E-1	3.877102E-5	-3.877102E-5	-6.014951E-10	2.284365E+2
-1.500000E-1	6.312375E-5	-6.312375E-5	-9.793042E-10	2.288047E+2
-2.000000E-1	8.667718E-5	-8.667718E-5	-1.344713E-9	2.299199E+2
-2.500000E-1	1.230051E-4	-1.230051E-4	-1.908306E-9	2.302871E+2
-3.000000E-1	1.657418E-4	-1.657418E-4	-2.571325E-9	2.306553E+2
-3.500000E-1	2.214878E-4	-2.214878E-4	-3.436170E-9	2.310225E+2
-4.000000E-1	2.811953E-4	-2.811953E-4	-4.362474E-9	2.313906E+2
-4.500000E-1	3.526064E-4	-3.526064E-4	-5.470349E-9	2.317588E+2
-5.000000E-1	4.612330E-4	-4.612330E-4	-7.155587E-9	2.321260E+2
-5.000000E-1	4.756323E-4	-4.756323E-4	-7.378978E-9	2.324941E+2
-4.500000E-1	3.705168E-4	-3.705168E-4	-5.748212E-9	2.328613E+2
-4.000000E-1	2.883318E-4	-2.883318E-4	-4.473191E-9	2.332295E+2
-3.500000E-1	2.269440E-4	-2.269440E-4	-3.520818E-9	2.335977E+2
-3.000000E-1	1.719578E-4	-1.719578E-4	-2.667760E-9	2.339648E+2
-2.500000E-1	1.292043E-4	-1.292043E-4	-2.004481E-9	2.343330E+2
-2.000000E-1	9.423633E-5	-9.423633E-5	-1.461986E-9	2.347002E+2
-1.500000E-1	6.410282E-5	-6.410282E-5	-9.944936E-10	2.354414E+2
-1.000000E-1	4.062226E-5	-4.062226E-5	-6.302152E-10	2.358096E+2
-5.000000E-2	1.853713E-5	-1.853713E-5	-2.875858E-10	2.361787E+2
0.000000E+0	6.885919E-8	-6.885919E-8	-1.068284E-12	2.373535E+2
0.000000E+0	6.278534E-8	-6.278534E-8	-9.740542E-13	2.380566E+2
5.000000E-2	1.948924E-5	1.948924E-5	3.023568E-10	2.391719E+2
1.000000E-1	4.345420E-5	4.345420E-5	6.741501E-10	2.395400E+2
1.500000E-1	6.626457E-5	6.626457E-5	1.028031E-9	2.399082E+2
2.000000E-1	1.038327E-4	1.038327E-4	1.610865E-9	2.410234E+2
2.500000E-1	1.576554E-4	1.576554E-4	2.445871E-9	2.413906E+2
3.000000E-1	2.155941E-4	2.155941E-4	3.344735E-9	2.417588E+2
3.500000E-1	2.943045E-4	2.943045E-4	4.565851E-9	2.421270E+2
4.000000E-1	4.020625E-4	4.020625E-4	6.237612E-9	2.424941E+2
4.500000E-1	5.216103E-4	5.216103E-4	8.092282E-9	2.428623E+2
5.000000E-1	7.117303E-4	7.117303E-4	1.104181E-8	2.439766E+2
5.000000E-1	7.115182E-4	7.115182E-4	1.103852E-8	2.443437E+2
4.500000E-1	5.878521E-4	5.878521E-4	9.119960E-9	2.450850E+2
4.000000E-1	4.538557E-4	4.538557E-4	7.041134E-9	2.454531E+2
3.500000E-1	3.275961E-4	3.275961E-4	5.082339E-9	2.458203E+2
3.000000E-1	2.508965E-4	2.508965E-4	3.892417E-9	2.461885E+2
2.500000E-1	1.731030E-4	1.731030E-4	2.685526E-9	2.465566E+2
2.000000E-1	1.210820E-4	1.210820E-4	1.878471E-9	2.469238E+2
1.500000E-1	8.067081E-5	8.067081E-5	1.251530E-9	2.472920E+2
1.000000E-1	4.785591E-5	4.785591E-5	7.424384E-10	2.480332E+2
5.000000E-2	2.175370E-5	2.175370E-5	3.374878E-10	2.484014E+2
0.000000E+0	3.843889E-8	-3.843889E-8	-5.963424E-13	2.495762E+2
-5.000000E-2	1.947059E-5	-1.947059E-5	-3.020674E-10	2.506914E+2
-1.000000E-1	4.158282E-5	-4.158282E-5	-6.451175E-10	2.510596E+2
-1.500000E-1	6.596980E-5	-6.596980E-5	-1.023458E-9	2.514287E+2
-2.000000E-1	9.795922E-5	-9.795922E-5	-1.519743E-9	2.525430E+2
-2.500000E-1	1.397642E-4	-1.397642E-4	-2.168307E-9	2.529111E+2
-3.000000E-1	1.964066E-4	-1.964066E-4	-3.047060E-9	2.532783E+2
-3.500000E-1	2.539161E-4	-2.539161E-4	-3.939264E-9	2.536465E+2
-4.000000E-1	3.276172E-4	-3.276172E-4	-5.082666E-9	2.540146E+2
-4.500000E-1	4.094611E-4	-4.094611E-4	-6.352395E-9	2.543818E+2
-5.000000E-1	5.099378E-4	-5.099378E-4	-7.911194E-9	2.547500E+2
-5.000000E-1	4.890760E-4	-4.890760E-4	-7.587544E-9	2.551172E+2
-4.500000E-1	4.074416E-4	-4.074416E-4	-6.321065E-9	2.554854E+2
-4.000000E-1	3.348767E-4	-3.348767E-4	-5.195289E-9	2.558535E+2
-3.500000E-1	2.622988E-4	-2.622988E-4	-4.069313E-9	2.562207E+2
-3.000000E-1	1.999840E-4	-1.999840E-4	-3.102559E-9	2.565889E+2
-2.500000E-1	1.430238E-4	-1.430238E-4	-2.218877E-9	2.569561E+2
-2.000000E-1	1.008217E-4	-1.008217E-4	-1.564152E-9	2.573242E+2
-1.500000E-1	7.027822E-5	-7.027822E-5	-1.090299E-9	2.576924E+2
-1.000000E-1	4.221409E-5	-4.221409E-5	-6.549110E-10	2.584326E+2
-5.000000E-2	1.961541E-5	-1.961541E-5	-3.043142E-10	2.588018E+2
0.000000E+0	7.418165E-8	-7.418165E-8	-1.150857E-12	2.599756E+2
0.000000E+0	6.974387E-8	-6.974387E-8	-1.082009E-12	2.606797E+2
5.000000E-2	2.124960E-5	2.124960E-5	3.296671E-10	2.617949E+2
1.000000E-1	4.655583E-5	4.655583E-5	7.222689E-10	2.621631E+2
1.500000E-1	7.914322E-5	7.914322E-5	1.227831E-9	2.632773E+2
2.000000E-1	1.218383E-4	1.218383E-4	1.890204E-9	2.636455E+2
2.500000E-1	1.612146E-4	1.612146E-4	2.501089E-9	2.640137E+2
3.000000E-1	2.279497E-4	2.279497E-4	3.536421E-9	2.643809E+2
3.500000E-1	3.183842E-4	3.183842E-4	4.939425E-9	2.647490E+2
4.000000E-1	4.187456E-4	4.187456E-4	6.496435E-9	2.651162E+2
4.500000E-1	5.359460E-4	5.359460E-4	8.314687E-9	2.654844E+2
5.000000E-1	6.762379E-4	6.762379E-4	1.049118E-8	2.665986E+2
5.000000E-1	6.731781E-4	6.731781E-4	1.044371E-8	2.669658E+2
4.500000E-1	4.947067E-4	4.947067E-4	7.674899E-9	2.677070E+2
4.000000E-1	3.947888E-4	3.947888E-4	6.124769E-9	2.680752E+2
3.500000E-1	2.883950E-4	2.883950E-4	4.474171E-9	2.684424E+2
3.000000E-1	2.121515E-4	2.121515E-4	3.291327E-9	2.688105E+2
2.500000E-1	1.508854E-4	1.508854E-4	2.340841E-9	2.691787E+2
2.000000E-1	1.020039E-4	1.020039E-4	1.582492E-9	2.695459E+2
1.500000E-1	7.009722E-5	7.009722E-5	1.087491E-9	2.699141E+2
1.000000E-1	4.173204E-5	4.173204E-5	6.474325E-10	2.706553E+2
5.000000E-2	1.878121E-5	1.878121E-5	2.913724E-10	2.710234E+2
0.000000E+0	3.865000E-8	-3.865000E-8	-5.996176E-13	2.721982E+2
-5.000000E-2	6.761373E-6	-6.761373E-6	-1.048962E-10	2.729014E+2
-1.000000E-1	3.822367E-5	-3.822367E-5	-5.930034E-10	2.740166E+2
-1.500000E-1	6.055269E-5	-6.055269E-5	-9.394168E-10	2.743848E+2
-2.000000E-1	9.055167E-5	-9.055167E-5	-1.404822E-9	2.755000E+2
-2.500000E-1	1.262017E-4	-1.262017E-4	-1.957898E-9	2.758682E+2
-3.000000E-1	1.759019E-4	-1.759019E-4	-2.728949E-9	2.762354E+2
-3.500000E-1	2.351080E-4	-2.351080E-4	-3.647474E-9	2.766035E+2
-4.000000E-1	3.069724E-4	-3.069724E-4	-4.762382E-9	2.769707E+2
-4.500000E-1	3.866170E-4	-3.866170E-4	-5.997991E-9	2.773389E+2
-5.000000E-1	4.778671E-4	-4.778671E-4	-7.413649E-9	2.777070E+2
-5.000000E-1	4.995625E-4	-4.995625E-4	-7.750232E-9	2.780742E+2
-4.500000E-1	3.914129E-4	-3.914129E-4	-6.072395E-9	2.784424E+2
-4.000000E-1	3.026130E-4	-3.026130E-4	-4.694750E-9	2.788096E+2
-3.500000E-1	2.286623E-4	-2.286623E-4	-3.547476E-9	2.791777E+2
-3.000000E-1	1.679352E-4	-1.679352E-4	-2.605353E-9	2.795459E+2
-2.500000E-1	1.232150E-4	-1.232150E-4	-1.911563E-9	2.799131E+2
-2.000000E-1	9.093287E-5	-9.093287E-5	-1.410736E-9	2.802812E+2
-1.500000E-1	6.167048E-5	-6.167048E-5	-9.567582E-10	2.810225E+2
-1.000000E-1	3.910071E-5	-3.910071E-5	-6.066099E-10	2.813906E+2
-5.000000E-2	1.838887E-5	-1.838887E-5	-2.852856E-10	2.817588E+2
0.000000E+0	7.044787E-8	-7.044787E-8	-1.092931E-12	2.829336E+2
0.000000E+0	6.398312E-8	-6.398312E-8	-9.926365E-13	2.836377E+2
5.000000E-2	1.882003E-5	1.882003E-5	2.919746E-10	2.847520E+2
1.000000E-1	4.168429E-5	4.168429E-5	6.466916E-10	2.851211E+2
1.500000E-1	7.033740E-5	7.033740E-5	1.091217E-9	2.862354E+2
2.000000E-1	1.056423E-4	1.056423E-4	1.638939E-9	2.866035E+2
2.500000E-1	1.501389E-4	1.501389E-4	2.329261E-9	2.869707E+2
3.000000E-1	2.184382E-4	2.184382E-4	3.388859E-9	2.873389E+2
3.500000E-1	2.952047E-4	2.952047E-4	4.579817E-9	2.877061E+2
4.000000E-1	3.869783E-4	3.869783E-4	6.003596E-9	2.880742E+2
4.500000E-1	5.124434E-4	5.124434E-4	7.950066E-9	2.884424E+2
5.000000E-1	6.680814E-4	6.680814E-4	1.036464E-8	2.888096E+2
5.000000E-1	6.607364E-4	6.607364E-4	1.025069E-8	2.891777E+2
4.500000E-1	5.189323E-4	5.189323E-4	8.050736E-9	2.895459E+2
4.000000E-1	3.931571E-4	3.931571E-4	6.099454E-9	2.899131E+2
3.500000E-1	2.902195E-4	2.902195E-4	4.502477E-9	2.902813E+2
3.000000E-1	2.176804E-4	2.176804E-4	3.377102E-9	2.906484E+2
2.500000E-1	1.557881E-4	1.557881E-4	2.416902E-9	2.910166E+2
2.000000E-1	1.024862E-4	1.024862E-4	1.589975E-9	2.913848E+2
1.500000E-1	7.033578E-5	7.033578E-5	1.091192E-9	2.917520E+2
1.000000E-1	4.151801E-5	4.151801E-5	6.441120E-10	2.924932E+2
5.000000E-2	1.895087E-5	1.895087E-5	2.940045E-10	2.928613E+2
0.000000E+0	3.681531E-8	-3.681531E-8	-5.711542E-13	2.940361E+2
-5.000000E-2	1.774644E-5	-1.774644E-5	-2.753189E-10	2.951514E+2
-1.000000E-1	3.686791E-5	-3.686791E-5	-5.719702E-10	2.955205E+2
-1.500000E-1	6.098669E-5	-6.098669E-5	-9.461498E-10	2.958887E+2
-2.000000E-1	8.874679E-5	-8.874679E-5	-1.376821E-9	2.970029E+2
-2.500000E-1	1.240379E-4	-1.240379E-4	-1.924328E-9	2.973711E+2
-3.000000E-1	1.726555E-4	-1.726555E-4	-2.678584E-9	2.977393E+2
-3.500000E-1	2.331218E-4	-2.331218E-4	-3.616660E-9	2.981064E+2
-4.000000E-1	2.927372E-4	-2.927372E-4	-4.541536E-9	2.984746E+2
-4.500000E-1	3.866890E-4	-3.866890E-4	-5.999108E-9	2.988418E+2
-5.000000E-1	4.878632E-4	-4.878632E-4	-7.568729E-9	2.992100E+2
-5.000000E-1	4.981363E-4	-4.981363E-4	-7.728105E-9	2.995781E+2
-4.500000E-1	3.871295E-4	-3.871295E-4	-6.005942E-9	2.999453E+2
-4.000000E-1	3.047086E-4	-3.047086E-4	-4.727261E-9	3.003135E+2
-3.500000E-1	2.299166E-4	-2.299166E-4	-3.566934E-9	3.006807E+2
-3.000000E-1	1.735038E-4	-1.735038E-4	-2.691745E-9	3.010488E+2
-2.500000E-1	1.300080E-4	-1.300080E-4	-2.016949E-9	3.014170E+2
-2.000000E-1	9.064668E-5	-9.064668E-5	-1.406296E-9	3.017842E+2
-1.500000E-1	5.996017E-5	-5.996017E-5	-9.302243E-10	3.025254E+2
-1.000000E-1	3.779861E-5	-3.779861E-5	-5.864091E-10	3.028936E+2
-5.000000E-2	1.789935E-5	-1.789935E-5	-2.776912E-10	3.032627E+2
0.000000E+0	6.465848E-8	-6.465848E-8	-1.003114E-12	3.044365E+2
0.000000E+0	2.197147E-8	2.197147E-8	3.408662E-13	3.051406E+2
5.000000E-2	6.762598E-6	6.762598E-6	1.049152E-10	3.058438E+2
1.000000E-1	4.090091E-5	4.090091E-5	6.345383E-10	3.069590E+2
1.500000E-1	6.635849E-5	6.635849E-5	1.029488E-9	3.073271E+2
2.000000E-1	1.081307E-4	1.081307E-4	1.677543E-9	3.084414E+2
2.500000E-1	1.582830E-4	1.582830E-4	2.455609E-9	3.088096E+2
3.000000E-1	2.253280E-4	2.253280E-4	3.495747E-9	3.091777E+2
3.500000E-1	3.113890E-4	3.113890E-4	4.830901E-9	3.095449E+2
4.000000E-1	4.285594E-4	4.285594E-4	6.648686E-9	3.099131E+2
4.500000E-1	5.551510E-4	5.551510E-4	8.612633E-9	3.102803E+2
5.000000E-1	7.155133E-4	7.155133E-4	1.110050E-8	3.113945E+2
5.000000E-1	7.076959E-4	7.076959E-4	1.097922E-8	3.117627E+2
4.500000E-1	5.363587E-4	5.363587E-4	8.321090E-9	3.125029E+2
4.000000E-1	4.057651E-4	4.057651E-4	6.295055E-9	3.128711E+2
3.500000E-1	3.064738E-4	3.064738E-4	4.754646E-9	3.132393E+2
3.000000E-1	2.252791E-4	2.252791E-4	3.494989E-9	3.136064E+2
2.500000E-1	1.614727E-4	1.614727E-4	2.505093E-9	3.139746E+2
2.000000E-1	1.106683E-4	1.106683E-4	1.716913E-9	3.143418E+2
1.500000E-1	7.276307E-5	7.276307E-5	1.128849E-9	3.147100E+2
1.000000E-1	4.215211E-5	4.215211E-5	6.539494E-10	3.154512E+2
5.000000E-2	1.938027E-5	1.938027E-5	3.006663E-10	3.158193E+2
0.000000E+0	3.599861E-8	-3.599861E-8	-5.584838E-13	3.169941E+2
-5.000000E-2	1.754007E-5	-1.754007E-5	-2.721173E-10	3.181094E+2
-1.000000E-1	3.744048E-5	-3.744048E-5	-5.808531E-10	3.184775E+2
-1.500000E-1	6.102376E-5	-6.102376E-5	-9.467249E-10	3.188467E+2
-2.000000E-1	9.131362E-5	-9.131362E-5	-1.416643E-9	3.199609E+2
-2.500000E-1	1.315984E-4	-1.315984E-4	-2.041623E-9	3.203291E+2
-3.000000E-1	1.766231E-4	-1.766231E-4	-2.740138E-9	3.206963E+2
-3.500000E-1	2.382520E-4	-2.382520E-4	-3.696250E-9	3.210645E+2
-4.000000E-1	3.195683E-4	-3.195683E-4	-4.957795E-9	3.214326E+2
-4.500000E-1	4.132557E-4	-4.132557E-4	-6.411265E-9	3.217998E+2
-5.000000E-1	5.475316E-4	-5.475316E-4	-8.494426E-9	3.221680E+2
-5.000000E-1	5.553468E-4	-5.553468E-4	-8.615671E-9	3.225352E+2
-4.500000E-1	4.250137E-4	-4.250137E-4	-6.593678E-9	3.229033E+2
-4.000000E-1	3.359247E-4	-3.359247E-4	-5.211549E-9	3.232715E+2
-3.500000E-1	2.551661E-4	-2.551661E-4	-3.958657E-9	3.236387E+2
-3.000000E-1	1.856505E-4	-1.856505E-4	-2.880189E-9	3.240068E+2
-2.500000E-1	1.323972E-4	-1.323972E-4	-2.054015E-9	3.243740E+2
-2.000000E-1	9.081775E-5	-9.081775E-5	-1.408950E-9	3.247422E+2
-1.500000E-1	6.242826E-5	-6.242826E-5	-9.685144E-10	3.254834E+2
-1.000000E-1	3.854619E-5	-3.854619E-5	-5.980070E-10	3.258516E+2
-5.000000E-2	1.822422E-5	-1.822422E-5	-2.827312E-10	3.262197E+2
0.000000E+0	7.020816E-8	-7.020816E-8	-1.089212E-12	3.273945E+2
0.000000E+0	6.668012E-8	-6.668012E-8	-1.034478E-12	3.280986E+2
5.000000E-2	1.873226E-5	1.873226E-5	2.906130E-10	3.292139E+2
1.000000E-1	4.241210E-5	4.241210E-5	6.579829E-10	3.295820E+2
1.500000E-1	7.315446E-5	7.315446E-5	1.134921E-9	3.306963E+2
2.000000E-1	1.102687E-4	1.102687E-4	1.710712E-9	3.310645E+2
2.500000E-1	1.685156E-4	1.685156E-4	2.614358E-9	3.314326E+2
3.000000E-1	2.290325E-4	2.290325E-4	3.553219E-9	3.317998E+2
3.500000E-1	3.193152E-4	3.193152E-4	4.953868E-9	3.321680E+2
4.000000E-1	4.155471E-4	4.155471E-4	6.446813E-9	3.325352E+2
4.500000E-1	5.645209E-4	5.645209E-4	8.757998E-9	3.329033E+2
5.000000E-1	7.403676E-4	7.403676E-4	1.148609E-8	3.340176E+2
5.000000E-1	7.584441E-4	7.584441E-4	1.176653E-8	3.343848E+2
4.500000E-1	5.888354E-4	5.888354E-4	9.135214E-9	3.351260E+2
4.000000E-1	4.529919E-4	4.529919E-4	7.027733E-9	3.354941E+2
3.500000E-1	3.424517E-4	3.424517E-4	5.312808E-9	3.358613E+2
3.000000E-1	2.455274E-4	2.455274E-4	3.809122E-9	3.362295E+2
2.500000E-1	1.762952E-4	1.762952E-4	2.735050E-9	3.365977E+2
2.000000E-1	1.182202E-4	1.182202E-4	1.834072E-9	3.369648E+2
1.500000E-1	7.778549E-5	7.778549E-5	1.206767E-9	3.373330E+2
1.000000E-1	4.435529E-5	4.435529E-5	6.881297E-10	3.380742E+2
5.000000E-2	1.923564E-5	1.923564E-5	2.984224E-10	3.384424E+2
0.000000E+0	1.920021E-8	-1.920021E-8	-2.978728E-13	3.396172E+2
-5.000000E-2	1.740500E-5	-1.740500E-5	-2.700218E-10	3.407324E+2
-1.000000E-1	3.698671E-5	-3.698671E-5	-5.738132E-10	3.411006E+2
-1.500000E-1	6.209140E-5	-6.209140E-5	-9.632883E-10	3.414697E+2
-2.000000E-1	9.848229E-5	-9.848229E-5	-1.527858E-9	3.425840E+2
-2.500000E-1	1.345450E-4	-1.345450E-4	-2.087337E-9	3.429521E+2
-3.000000E-1	1.880383E-4	-1.880383E-4	-2.917234E-9	3.433193E+2
-3.500000E-1	2.520881E-4	-2.520881E-4	-3.910904E-9	3.436875E+2
-4.000000E-1	3.371024E-4	-3.371024E-4	-5.229819E-9	3.440557E+2
-4.500000E-1	4.246822E-4	-4.246822E-4	-6.588535E-9	3.444229E+2
-5.000000E-1	5.488118E-4	-5.488118E-4	-8.514287E-9	3.447910E+2
-5.000000E-1	5.329481E-4	-5.329481E-4	-8.268176E-9	3.451582E+2
-4.500000E-1	4.218272E-4	-4.218272E-4	-6.544243E-9	3.455264E+2
-4.000000E-1	3.389745E-4	-3.389745E-4	-5.258863E-9	3.458945E+2
-3.500000E-1	2.523810E-4	-2.523810E-4	-3.915448E-9	3.462617E+2
-3.000000E-1	1.776973E-4	-1.776973E-4	-2.756802E-9	3.466299E+2
-2.500000E-1	1.337479E-4	-1.337479E-4	-2.074970E-9	3.469971E+2
-2.000000E-1	9.350158E-5	-9.350158E-5	-1.450587E-9	3.473652E+2
-1.500000E-1	6.540142E-5	-6.540142E-5	-1.014640E-9	3.488525E+2
-1.000000E-1	3.921773E-5	-3.921773E-5	-6.084253E-10	3.495938E+2
-5.000000E-2	1.863038E-5	-1.863038E-5	-2.890324E-10	3.499619E+2
0.000000E+0	7.115723E-8	-7.115723E-8	-1.103936E-12	3.511367E+2
0.000000E+0	6.041126E-8	-6.041126E-8	-9.372225E-13	3.518408E+2
5.000000E-2	1.868908E-5	1.868908E-5	2.899431E-10	3.529551E+2
1.000000E-1	4.270327E-5	4.270327E-5	6.625001E-10	3.533232E+2
1.500000E-1	6.653871E-5	6.653871E-5	1.032284E-9	3.536924E+2
2.000000E-1	1.139668E-4	1.139668E-4	1.768085E-9	3.548066E+2
2.500000E-1	1.610920E-4	1.610920E-4	2.499188E-9	3.551748E+2
3.000000E-1	2.316078E-4	2.316078E-4	3.593172E-9	3.555420E+2
3.500000E-1	3.274930E-4	3.274930E-4	5.080739E-9	3.559102E+2
4.000000E-1	4.301200E-4	4.301200E-4	6.672898E-9	3.562773E+2
4.500000E-1	5.633572E-4	5.633572E-4	8.739946E-9	3.566455E+2
5.000000E-1	7.396527E-4	7.396527E-4	1.147500E-8	3.577598E+2
5.000000E-1	7.456209E-4	7.456209E-4	1.156759E-8	3.581270E+2
4.500000E-1	5.788319E-4	5.788319E-4	8.980019E-9	3.588682E+2
4.000000E-1	4.356233E-4	4.356233E-4	6.758277E-9	3.592363E+2
3.500000E-1	3.339891E-4	3.339891E-4	5.181520E-9	3.596035E+2
3.000000E-1	2.328511E-4	2.328511E-4	3.612461E-9	3.599717E+2
2.500000E-1	1.639812E-4	1.639812E-4	2.544011E-9	3.603398E+2
2.000000E-1	1.104030E-4	1.104030E-4	1.712796E-9	3.607070E+2
1.500000E-1	7.654732E-5	7.654732E-5	1.187558E-9	3.610752E+2
1.000000E-1	4.421267E-5	4.421267E-5	6.859171E-10	3.618164E+2
5.000000E-2	1.932188E-5	1.932188E-5	2.997603E-10	3.621846E+2
0.000000E+0	4.388837E-8	-4.388837E-8	-6.808859E-13	3.633594E+2
-5.000000E-2	6.763790E-6	-6.763790E-6	-1.049337E-10	3.640625E+2
-1.000000E-1	3.869042E-5	-3.869042E-5	-6.002447E-10	3.651777E+2
-1.500000E-1	6.592603E-5	-6.592603E-5	-1.022779E-9	3.655459E+2
-2.000000E-1	9.406275E-5	-9.406275E-5	-1.459293E-9	3.666611E+2
-2.500000E-1	1.401233E-4	-1.401233E-4	-2.173878E-9	3.670283E+2
-3.000000E-1	1.888075E-4	-1.888075E-4	-2.929167E-9	3.673965E+2
-3.500000E-1	2.658227E-4	-2.658227E-4	-4.123984E-9	3.677646E+2
-4.000000E-1	3.452187E-4	-3.452187E-4	-5.355736E-9	3.681318E+2
-4.500000E-1	4.627766E-4	-4.627766E-4	-7.179534E-9	3.685000E+2
-5.000000E-1	6.121480E-4	-6.121480E-4	-9.496888E-9	3.688672E+2
-5.000000E-1	5.987400E-4	-5.987400E-4	-9.288875E-9	3.692354E+2
-4.500000E-1	4.681503E-4	-4.681503E-4	-7.262902E-9	3.696035E+2
-4.000000E-1	3.548968E-4	-3.548968E-4	-5.505883E-9	3.699707E+2
-3.500000E-1	2.741873E-4	-2.741873E-4	-4.253752E-9	3.703389E+2
-3.000000E-1	1.975336E-4	-1.975336E-4	-3.064543E-9	3.707061E+2
-2.500000E-1	1.350224E-4	-1.350224E-4	-2.094743E-9	3.710742E+2
-2.000000E-1	9.323672E-5	-9.323672E-5	-1.446478E-9	3.714424E+2
-1.500000E-1	6.455553E-5	-6.455553E-5	-1.001517E-9	3.721826E+2
-1.000000E-1	3.984287E-5	-3.984287E-5	-6.181238E-10	3.725518E+2
-5.000000E-2	1.815249E-5	-1.815249E-5	-2.816184E-10	3.729199E+2
0.000000E+0	7.221730E-8	-7.221730E-8	-1.120382E-12	3.740947E+2
0.000000E+0	6.544570E-8	-6.544570E-8	-1.015327E-12	3.747979E+2
5.000000E-2	1.928037E-5	1.928037E-5	2.991164E-10	3.759131E+2
1.000000E-1	4.238047E-5	4.238047E-5	6.574923E-10	3.762812E+2
1.500000E-1	7.198822E-5	7.198822E-5	1.116828E-9	3.773965E+2
2.000000E-1	1.138028E-4	1.138028E-4	1.765541E-9	3.777637E+2
2.500000E-1	1.715853E-4	1.715853E-4	2.661981E-9	3.781318E+2
3.000000E-1	2.399083E-4	2.399083E-4	3.721947E-9	3.785000E+2
3.500000E-1	3.404753E-4	3.404753E-4	5.282147E-9	3.788672E+2
4.000000E-1	4.530656E-4	4.530656E-4	7.028876E-9	3.792354E+2
4.500000E-1	5.940719E-4	5.940719E-4	9.216454E-9	3.796025E+2
5.000000E-1	8.070536E-4	8.070536E-4	1.252066E-8	3.807168E+2
5.000000E-1	7.925616E-4	7.925616E-4	1.229583E-8	3.810850E+2
4.500000E-1	6.207563E-4	6.207563E-4	9.630437E-9	3.818252E+2
4.000000E-1	4.726015E-4	4.726015E-4	7.331958E-9	3.821934E+2
3.500000E-1	3.376393E-4	3.376393E-4	5.238148E-9	3.825615E+2
3.000000E-1	2.440363E-4	2.440363E-4	3.785989E-9	3.829287E+2
2.500000E-1	1.728099E-4	1.728099E-4	2.680979E-9	3.832969E+2
2.000000E-1	1.158663E-4	1.158663E-4	1.797554E-9	3.836641E+2
1.500000E-1	7.291074E-5	7.291074E-5	1.131140E-9	3.840322E+2
1.000000E-1	4.439002E-5	4.439002E-5	6.886685E-10	3.847734E+2
5.000000E-2	1.940116E-5	1.940116E-5	3.009903E-10	3.851416E+2
0.000000E+0	4.325057E-8	-4.325057E-8	-6.709910E-13	3.863164E+2
-5.000000E-2	1.820444E-5	-1.820444E-5	-2.824244E-10	3.874316E+2
-1.000000E-1	3.846925E-5	-3.846925E-5	-5.968133E-10	3.878008E+2
-1.500000E-1	6.435438E-5	-6.435438E-5	-9.983963E-10	3.881689E+2
-2.000000E-1	9.725096E-5	-9.725096E-5	-1.508755E-9	3.892832E+2
-2.500000E-1	1.406694E-4	-1.406694E-4	-2.182351E-9	3.896514E+2
-3.000000E-1	1.939542E-4	-1.939542E-4	-3.009013E-9	3.900186E+2
-3.500000E-1	2.671575E-4	-2.671575E-4	-4.144691E-9	3.903867E+2
-4.000000E-1	3.576951E-4	-3.576951E-4	-5.549295E-9	3.907549E+2
-4.500000E-1	4.496190E-4	-4.496190E-4	-6.975406E-9	3.911221E+2
-5.000000E-1	6.023729E-4	-6.023729E-4	-9.345237E-9	3.914902E+2
-5.000000E-1	5.809587E-4	-5.809587E-4	-9.013015E-9	3.918584E+2
-4.500000E-1	4.614212E-4	-4.614212E-4	-7.158506E-9	3.922256E+2
-4.000000E-1	3.468784E-4	-3.468784E-4	-5.381485E-9	3.925937E+2
-3.500000E-1	2.692899E-4	-2.692899E-4	-4.177774E-9	3.929609E+2
-3.000000E-1	2.045418E-4	-2.045418E-4	-3.173269E-9	3.933291E+2
-2.500000E-1	1.483443E-4	-1.483443E-4	-2.301419E-9	3.936973E+2
-2.000000E-1	9.860889E-5	-9.860889E-5	-1.529822E-9	3.940645E+2
-1.500000E-1	6.617452E-5	-6.617452E-5	-1.026634E-9	3.944326E+2
-1.000000E-1	4.041135E-5	-4.041135E-5	-6.269432E-10	3.951738E+2
-5.000000E-2	1.851617E-5	-1.851617E-5	-2.872605E-10	3.955420E+2
0.000000E+0	7.100969E-8	-7.100969E-8	-1.101647E-12	3.967168E+2
0.000000E+0	6.397954E-8	-6.397954E-8	-9.925810E-13	3.974199E+2
5.000000E-2	1.873442E-5	1.873442E-5	2.906465E-10	3.985352E+2
1.000000E-1	4.180543E-5	4.180543E-5	6.485710E-10	3.989033E+2
1.500000E-1	6.660593E-5	6.660593E-5	1.033327E-9	3.992725E+2
2.000000E-1	1.113310E-4	1.113310E-4	1.727193E-9	4.003867E+2
2.500000E-1	1.675785E-4	1.675785E-4	2.599819E-9	4.007549E+2
3.000000E-1	2.411789E-4	2.411789E-4	3.741658E-9	4.011221E+2
3.500000E-1	3.193291E-4	3.193291E-4	4.954084E-9	4.014902E+2
4.000000E-1	4.421872E-4	4.421872E-4	6.860109E-9	4.018574E+2
4.500000E-1	5.993643E-4	5.993643E-4	9.298561E-9	4.022256E+2
5.000000E-1	7.749800E-4	7.749800E-4	1.202307E-8	4.033398E+2
5.000000E-1	7.503282E-4	7.503282E-4	1.164062E-8	4.037070E+2
4.500000E-1	5.677129E-4	5.677129E-4	8.807520E-9	4.044482E+2
4.000000E-1	4.276281E-4	4.276281E-4	6.634238E-9	4.048164E+2
3.500000E-1	3.234846E-4	3.234846E-4	5.018552E-9	4.051836E+2
3.000000E-1	2.411778E-4	2.411778E-4	3.741642E-9	4.055518E+2
2.500000E-1	1.664941E-4	1.664941E-4	2.582996E-9	4.059199E+2
2.000000E-1	1.150147E-4	1.150147E-4	1.784343E-9	4.062871E+2
1.500000E-1	7.310392E-5	7.310392E-5	1.134137E-9	4.066553E+2
1.000000E-1	4.221410E-5	4.221410E-5	6.549112E-10	4.073965E+2
5.000000E-2	1.904659E-5	1.904659E-5	2.954895E-10	4.077646E+2
0.000000E+0	3.782166E-8	-3.782166E-8	-5.867667E-13	4.089395E+2
-5.000000E-2	1.851370E-5	-1.851370E-5	-2.872222E-10	4.100547E+2
-1.000000E-1	3.982906E-5	-3.982906E-5	-6.179095E-10	4.104229E+2
-1.500000E-1	6.290248E-5	-6.290248E-5	-9.758714E-10	4.107920E+2
-2.000000E-1	9.730039E-5	-9.730039E-5	-1.509522E-9	4.119063E+2
-2.500000E-1	1.434904E-4	-1.434904E-4	-2.226115E-9	4.122744E+2
-3.000000E-1	1.938257E-4	-1.938257E-4	-3.007020E-9	4.126416E+2
-3.500000E-1	2.693767E-4	-2.693767E-4	-4.179120E-9	4.130098E+2
-4.000000E-1	3.513362E-4	-3.513362E-4	-5.450643E-9	4.133779E+2
-4.500000E-1	4.753481E-4	-4.753481E-4	-7.374569E-9	4.137451E+2
-5.000000E-1	6.085524E-4	-6.085524E-4	-9.441105E-9	4.141133E+2
-5.000000E-1	6.018166E-4	-6.018166E-4	-9.336605E-9	4.144805E+2
-4.500000E-1	4.750697E-4	-4.750697E-4	-7.370249E-9	4.148486E+2
-4.000000E-1	3.631492E-4	-3.631492E-4	-5.633910E-9	4.152168E+2
-3.500000E-1	2.663138E-4	-2.663138E-4	-4.131603E-9	4.155840E+2
-3.000000E-1	2.014719E-4	-2.014719E-4	-3.125643E-9	4.159521E+2
-2.500000E-1	1.462883E-4	-1.462883E-4	-2.269522E-9	4.163193E+2
-2.000000E-1	1.001827E-4	-1.001827E-4	-1.554238E-9	4.166875E+2
-1.500000E-1	6.467272E-5	-6.467272E-5	-1.003335E-9	4.170557E+2
-1.000000E-1	4.005240E-5	-4.005240E-5	-6.213745E-10	4.177959E+2
-5.000000E-2	1.885575E-5	-1.885575E-5	-2.925288E-10	4.181650E+2
0.000000E+0	7.173600E-8	-7.173600E-8	-1.112915E-12	4.193398E+2
0.000000E+0	6.694131E-8	-6.694131E-8	-1.038530E-12	4.200430E+2
5.000000E-2	1.931141E-5	1.931141E-5	2.995979E-10	4.211582E+2
1.000000E-1	4.269639E-5	4.269639E-5	6.623934E-10	4.215264E+2
1.500000E-1	7.352805E-5	7.352805E-5	1.140717E-9	4.226406E+2
2.000000E-1	1.144004E-4	1.144004E-4	1.774812E-9	4.230088E+2
2.500000E-1	1.703584E-4	1.703584E-4	2.642946E-9	4.233770E+2
3.000000E-1	2.422705E-4	2.422705E-4	3.758593E-9	4.237441E+2
3.500000E-1	3.314171E-4	3.314171E-4	5.141617E-9	4.241123E+2
4.000000E-1	4.390894E-4	4.390894E-4	6.812049E-9	4.244795E+2
4.500000E-1	6.043572E-4	6.043572E-4	9.376020E-9	4.248477E+2
5.000000E-1	8.108656E-4	8.108656E-4	1.257980E-8	4.259619E+2
5.000000E-1	8.076879E-4	8.076879E-4	1.253050E-8	4.263291E+2
4.500000E-1	6.209735E-4	6.209735E-4	9.633807E-9	4.270703E+2
4.000000E-1	4.650085E-4	4.650085E-4	7.214160E-9	4.274385E+2
3.500000E-1	3.450121E-4	3.450121E-4	5.352531E-9	4.278057E+2
3.000000E-1	2.532232E-4	2.532232E-4	3.928514E-9	4.281738E+2
2.500000E-1	1.726379E-4	1.726379E-4	2.678311E-9	4.285420E+2
2.000000E-1	1.156840E-4	1.156840E-4	1.794726E-9	4.289092E+2
1.500000E-1	7.168391E-5	7.168391E-5	1.112107E-9	4.292773E+2
1.000000E-1	4.180714E-5	4.180714E-5	6.485975E-10	4.300186E+2
5.000000E-2	1.907798E-5	1.907798E-5	2.959765E-10	4.303867E+2
0.000000E+0	4.401093E-8	-4.401093E-8	-6.827872E-13	4.315615E+2
-5.000000E-2	1.933216E-5	-1.933216E-5	-2.999198E-10	4.326768E+2
-1.000000E-1	4.064355E-5	-4.064355E-5	-6.305456E-10	4.330449E+2
-1.500000E-1	6.611670E-5	-6.611670E-5	-1.025737E-9	4.334141E+2
-2.000000E-1	9.928505E-5	-9.928505E-5	-1.540312E-9	4.345283E+2
-2.500000E-1	1.457275E-4	-1.457275E-4	-2.260822E-9	4.348965E+2
-3.000000E-1	1.973614E-4	-1.973614E-4	-3.061873E-9	4.352637E+2
-3.500000E-1	2.719754E-4	-2.719754E-4	-4.219436E-9	4.356318E+2
-4.000000E-1	3.739240E-4	-3.739240E-4	-5.801071E-9	4.360000E+2
-4.500000E-1	4.823078E-4	-4.823078E-4	-7.482542E-9	4.363672E+2
-5.000000E-1	6.206358E-4	-6.206358E-4	-9.628567E-9	4.367354E+2
-5.000000E-1	6.170636E-4	-6.170636E-4	-9.573148E-9	4.371025E+2
-4.500000E-1	4.759866E-4	-4.759866E-4	-7.384474E-9	4.374707E+2
-4.000000E-1	3.601931E-4	-3.601931E-4	-5.588050E-9	4.378389E+2
-3.500000E-1	2.676591E-4	-2.676591E-4	-4.152473E-9	4.382061E+2
-3.000000E-1	1.955570E-4	-1.955570E-4	-3.033878E-9	4.385742E+2
-2.500000E-1	1.458693E-4	-1.458693E-4	-2.263021E-9	4.389414E+2
-2.000000E-1	1.012423E-4	-1.012423E-4	-1.570677E-9	4.393096E+2
-1.500000E-1	6.643113E-5	-6.643113E-5	-1.030615E-9	4.396777E+2
-1.000000E-1	3.965188E-5	-3.965188E-5	-6.151608E-10	4.404180E+2
-5.000000E-2	1.867048E-5	-1.867048E-5	-2.896546E-10	4.407871E+2
0.000000E+0	7.353849E-8	-7.353849E-8	-1.140879E-12	4.419619E+2
