voltage_4_2_21_500mv_500ms	absJ_4_2_21_500mv_500ms	J_4_2_21_500mv_500ms	current_4_2_21_500mv_500ms	time_4_2_21_500mv_500ms	
0.000000E+0	1.447285E-7	1.447285E-7	4.546780E-13	0.000000E+0
5.000000E-2	3.634889E-7	3.634889E-7	1.141934E-12	1.002930E+0
1.000000E-1	5.652286E-7	5.652286E-7	1.775718E-12	2.005859E+0
1.500000E-1	7.948029E-7	7.948029E-7	2.496947E-12	3.008789E+0
2.000000E-1	1.071370E-6	1.071370E-6	3.365808E-12	4.010742E+0
2.500000E-1	1.328275E-6	1.328275E-6	4.172898E-12	5.013672E+0
3.000000E-1	1.640835E-6	1.640835E-6	5.154835E-12	6.016602E+0
3.500000E-1	2.062422E-6	2.062422E-6	6.479289E-12	7.018555E+0
4.000000E-1	2.391676E-6	2.391676E-6	7.513670E-12	8.021484E+0
4.500000E-1	3.017330E-6	3.017330E-6	9.479223E-12	9.024414E+0
5.000000E-1	3.689750E-6	3.689750E-6	1.159169E-11	1.002637E+1
5.000000E-1	3.879615E-6	3.879615E-6	1.218817E-11	1.102930E+1
4.500000E-1	3.167581E-6	3.167581E-6	9.951248E-12	1.203223E+1
4.000000E-1	2.652242E-6	2.652242E-6	8.332265E-12	1.303418E+1
3.500000E-1	2.118369E-6	2.118369E-6	6.655052E-12	1.403711E+1
3.000000E-1	1.730328E-6	1.730328E-6	5.435985E-12	1.504004E+1
2.500000E-1	1.276480E-6	1.276480E-6	4.010181E-12	1.604199E+1
2.000000E-1	9.689560E-7	9.689560E-7	3.044065E-12	1.704492E+1
1.500000E-1	7.062510E-7	7.062510E-7	2.218753E-12	1.804785E+1
1.000000E-1	4.541257E-7	4.541257E-7	1.426678E-12	1.904980E+1
5.000000E-2	2.202004E-7	2.202004E-7	6.917800E-13	2.005273E+1
0.000000E+0	2.850572E-8	2.850572E-8	8.955336E-14	2.105566E+1
-5.000000E-2	1.481564E-7	-1.481564E-7	-4.654471E-13	2.205859E+1
-1.000000E-1	3.246242E-7	-3.246242E-7	-1.019837E-12	2.306055E+1
-1.500000E-1	5.574055E-7	-5.574055E-7	-1.751141E-12	2.406348E+1
-2.000000E-1	7.645170E-7	-7.645170E-7	-2.401801E-12	2.506641E+1
-2.500000E-1	9.654619E-7	-9.654619E-7	-3.033088E-12	2.606836E+1
-3.000000E-1	1.203301E-6	-1.203301E-6	-3.780282E-12	2.707129E+1
-3.500000E-1	1.415192E-6	-1.415192E-6	-4.445957E-12	2.807422E+1
-4.000000E-1	1.683900E-6	-1.683900E-6	-5.290129E-12	2.907617E+1
-4.500000E-1	1.963308E-6	-1.963308E-6	-6.167913E-12	3.007910E+1
-5.000000E-1	2.206921E-6	-2.206921E-6	-6.933246E-12	3.108203E+1
-5.000000E-1	2.204672E-6	-2.204672E-6	-6.926182E-12	3.208398E+1
-4.500000E-1	1.800287E-6	-1.800287E-6	-5.655768E-12	3.308691E+1
-4.000000E-1	1.546898E-6	-1.546898E-6	-4.859724E-12	3.408984E+1
-3.500000E-1	1.257454E-6	-1.257454E-6	-3.950409E-12	3.509180E+1
-3.000000E-1	1.004017E-6	-1.004017E-6	-3.154213E-12	3.609473E+1
-2.500000E-1	7.578643E-7	-7.578643E-7	-2.380901E-12	3.709766E+1
-2.000000E-1	5.359368E-7	-5.359368E-7	-1.683695E-12	3.809961E+1
-1.500000E-1	3.194911E-7	-3.194911E-7	-1.003711E-12	3.910254E+1
-1.000000E-1	1.060450E-7	-1.060450E-7	-3.331502E-13	4.010547E+1
-5.000000E-2	1.029925E-7	1.029925E-7	3.235606E-13	4.110840E+1
0.000000E+0	2.545239E-7	2.545239E-7	7.996104E-13	4.211035E+1
0.000000E+0	5.066357E-7	5.066357E-7	1.591643E-12	4.311328E+1
5.000000E-2	3.673894E-7	-3.673894E-7	-1.154188E-12	4.411621E+1
1.000000E-1	6.296705E-7	6.296705E-7	1.978168E-12	4.511914E+1
1.500000E-1	8.607023E-7	8.607023E-7	2.703976E-12	4.612207E+1
2.000000E-1	1.149828E-6	1.149828E-6	3.612291E-12	4.712402E+1
2.500000E-1	1.478675E-6	1.478675E-6	4.645395E-12	4.812695E+1
3.000000E-1	1.924324E-6	1.924324E-6	6.045442E-12	4.912988E+1
3.500000E-1	2.445286E-6	2.445286E-6	7.682091E-12	5.013184E+1
4.000000E-1	2.854141E-6	2.854141E-6	8.966550E-12	5.113477E+1
4.500000E-1	3.526966E-6	3.526966E-6	1.108029E-11	5.213770E+1
5.000000E-1	3.981808E-6	3.981808E-6	1.250922E-11	5.313965E+1
5.000000E-1	4.150535E-6	4.150535E-6	1.303929E-11	5.414258E+1
4.500000E-1	3.178236E-6	3.178236E-6	9.984721E-12	5.514551E+1
4.000000E-1	2.624267E-6	2.624267E-6	8.244377E-12	5.614844E+1
3.500000E-1	2.140606E-6	2.140606E-6	6.724912E-12	5.715039E+1
3.000000E-1	1.713785E-6	1.713785E-6	5.384013E-12	5.815332E+1
2.500000E-1	1.331711E-6	1.331711E-6	4.183695E-12	5.915527E+1
2.000000E-1	9.857997E-7	9.857997E-7	3.096981E-12	6.015820E+1
1.500000E-1	6.816151E-7	6.816151E-7	2.141357E-12	6.116113E+1
1.000000E-1	4.308105E-7	4.308105E-7	1.353431E-12	6.216309E+1
5.000000E-2	2.236548E-7	2.236548E-7	7.026324E-13	6.316602E+1
0.000000E+0	3.135055E-8	3.135055E-8	9.849066E-14	6.416895E+1
-5.000000E-2	1.474099E-7	-1.474099E-7	-4.631018E-13	6.517188E+1
-1.000000E-1	3.463402E-7	-3.463402E-7	-1.088060E-12	6.617480E+1
-1.500000E-1	5.522504E-7	-5.522504E-7	-1.734946E-12	6.717676E+1
-2.000000E-1	7.749598E-7	-7.749598E-7	-2.434608E-12	6.817969E+1
-2.500000E-1	1.126765E-6	-1.126765E-6	-3.539835E-12	6.918262E+1
-3.000000E-1	1.205373E-6	-1.205373E-6	-3.786790E-12	7.018457E+1
-3.500000E-1	1.436316E-6	-1.436316E-6	-4.512321E-12	7.118750E+1
-4.000000E-1	1.708249E-6	-1.708249E-6	-5.366624E-12	7.219043E+1
-4.500000E-1	2.006312E-6	-2.006312E-6	-6.303014E-12	7.319336E+1
-5.000000E-1	2.319702E-6	-2.319702E-6	-7.287559E-12	7.419531E+1
-5.000000E-1	2.236381E-6	-2.236381E-6	-7.025797E-12	7.519824E+1
-4.500000E-1	1.900801E-6	-1.900801E-6	-5.971543E-12	7.620117E+1
-4.000000E-1	1.645190E-6	-1.645190E-6	-5.168518E-12	7.720312E+1
-3.500000E-1	1.345127E-6	-1.345127E-6	-4.225842E-12	7.820605E+1
-3.000000E-1	1.036013E-6	-1.036013E-6	-3.254730E-12	7.920898E+1
-2.500000E-1	7.936942E-7	-7.936942E-7	-2.493464E-12	8.021191E+1
-2.000000E-1	5.430354E-7	-5.430354E-7	-1.705996E-12	8.121387E+1
-1.500000E-1	3.081118E-7	-3.081118E-7	-9.679618E-13	8.221680E+1
-1.000000E-1	9.788156E-8	-9.788156E-8	-3.075040E-13	8.321973E+1
-5.000000E-2	9.419302E-8	9.419302E-8	2.959161E-13	8.422168E+1
0.000000E+0	2.734438E-7	2.734438E-7	8.590489E-13	8.522461E+1
0.000000E+0	2.316681E-7	2.316681E-7	7.278067E-13	8.622754E+1
5.000000E-2	4.337217E-7	4.337217E-7	1.362577E-12	8.723047E+1
1.000000E-1	6.275896E-7	6.275896E-7	1.971631E-12	8.823340E+1
1.500000E-1	8.790567E-7	8.790567E-7	2.761638E-12	8.923535E+1
2.000000E-1	1.160328E-6	1.160328E-6	3.645279E-12	9.023828E+1
2.500000E-1	1.495514E-6	1.495514E-6	4.698297E-12	9.124121E+1
3.000000E-1	1.871169E-6	1.871169E-6	5.878451E-12	9.224316E+1
3.500000E-1	2.292690E-6	2.292690E-6	7.202697E-12	9.324609E+1
4.000000E-1	2.712501E-6	2.712501E-6	8.521572E-12	9.424902E+1
4.500000E-1	3.253872E-6	3.253872E-6	1.022234E-11	9.525098E+1
5.000000E-1	3.919417E-6	3.919417E-6	1.231321E-11	9.625391E+1
5.000000E-1	3.808158E-6	3.808158E-6	1.196368E-11	9.725684E+1
4.500000E-1	3.236161E-6	3.236161E-6	1.016670E-11	9.825879E+1
4.000000E-1	2.650383E-6	2.650383E-6	8.326423E-12	9.926172E+1
3.500000E-1	2.191199E-6	2.191199E-6	6.883855E-12	1.002646E+2
3.000000E-1	1.748894E-6	1.748894E-6	5.494313E-12	1.012666E+2
2.500000E-1	1.357690E-6	1.357690E-6	4.265310E-12	1.022695E+2
2.000000E-1	1.011766E-6	1.011766E-6	3.178555E-12	1.032725E+2
1.500000E-1	7.266110E-7	7.266110E-7	2.282716E-12	1.042754E+2
1.000000E-1	4.613571E-7	4.613571E-7	1.449396E-12	1.052773E+2
5.000000E-2	2.230938E-7	2.230938E-7	7.008699E-13	1.062803E+2
0.000000E+0	2.999440E-8	2.999440E-8	9.423018E-14	1.072822E+2
-5.000000E-2	1.511338E-7	-1.511338E-7	-4.748008E-13	1.082861E+2
-1.000000E-1	3.364895E-7	-3.364895E-7	-1.057113E-12	1.092881E+2
-1.500000E-1	5.482350E-7	-5.482350E-7	-1.722331E-12	1.102910E+2
-2.000000E-1	7.647777E-7	-7.647777E-7	-2.402620E-12	1.112939E+2
-2.500000E-1	9.811657E-7	-9.811657E-7	-3.082423E-12	1.122959E+2
-3.000000E-1	1.214698E-6	-1.214698E-6	-3.816086E-12	1.132988E+2
-3.500000E-1	1.539190E-6	-1.539190E-6	-4.835507E-12	1.143018E+2
-4.000000E-1	1.747057E-6	-1.747057E-6	-5.488540E-12	1.153037E+2
-4.500000E-1	2.075462E-6	-2.075462E-6	-6.520257E-12	1.163066E+2
-5.000000E-1	2.381555E-6	-2.381555E-6	-7.481876E-12	1.173096E+2
-5.000000E-1	2.325317E-6	-2.325317E-6	-7.305198E-12	1.183125E+2
-4.500000E-1	2.026323E-6	-2.026323E-6	-6.365880E-12	1.193145E+2
-4.000000E-1	1.680115E-6	-1.680115E-6	-5.278236E-12	1.203174E+2
-3.500000E-1	1.412361E-6	-1.412361E-6	-4.437062E-12	1.213203E+2
-3.000000E-1	1.088501E-6	-1.088501E-6	-3.419626E-12	1.223223E+2
-2.500000E-1	8.662020E-7	-8.662020E-7	-2.721254E-12	1.233252E+2
-2.000000E-1	5.771601E-7	-5.771601E-7	-1.813202E-12	1.243281E+2
-1.500000E-1	3.402000E-7	-3.402000E-7	-1.068770E-12	1.253301E+2
-1.000000E-1	1.086822E-7	-1.086822E-7	-3.414352E-13	1.263330E+2
-5.000000E-2	8.583522E-8	8.583522E-8	2.696593E-13	1.273359E+2
0.000000E+0	2.714029E-7	2.714029E-7	8.526374E-13	1.283379E+2
0.000000E+0	2.319685E-7	2.319685E-7	7.287504E-13	1.293418E+2
5.000000E-2	4.421458E-7	4.421458E-7	1.389042E-12	1.303438E+2
1.000000E-1	6.511522E-7	6.511522E-7	2.045655E-12	1.313467E+2
1.500000E-1	8.831119E-7	8.831119E-7	2.774378E-12	1.323496E+2
2.000000E-1	1.164745E-6	1.164745E-6	3.659156E-12	1.333516E+2
2.500000E-1	1.500162E-6	1.500162E-6	4.712897E-12	1.343545E+2
3.000000E-1	1.887743E-6	1.887743E-6	5.930520E-12	1.353574E+2
3.500000E-1	2.309900E-6	2.309900E-6	7.256765E-12	1.363594E+2
4.000000E-1	2.714515E-6	2.714515E-6	8.527901E-12	1.373623E+2
4.500000E-1	3.181831E-6	3.181831E-6	9.996018E-12	1.383652E+2
5.000000E-1	3.783571E-6	3.783571E-6	1.188644E-11	1.393672E+2
5.000000E-1	3.738438E-6	3.738438E-6	1.174465E-11	1.403701E+2
4.500000E-1	3.133319E-6	3.133319E-6	9.843612E-12	1.413730E+2
4.000000E-1	2.655838E-6	2.655838E-6	8.343562E-12	1.423750E+2
3.500000E-1	2.146088E-6	2.146088E-6	6.742135E-12	1.433779E+2
3.000000E-1	1.763379E-6	1.763379E-6	5.539819E-12	1.443799E+2
2.500000E-1	1.310358E-6	1.310358E-6	4.116610E-12	1.453828E+2
2.000000E-1	9.832773E-7	9.832773E-7	3.089057E-12	1.463857E+2
1.500000E-1	7.011841E-7	7.011841E-7	2.202835E-12	1.473877E+2
1.000000E-1	4.571738E-7	4.571738E-7	1.436254E-12	1.483906E+2
5.000000E-2	2.254837E-7	2.254837E-7	7.083778E-13	1.493936E+2
0.000000E+0	3.189389E-8	3.189389E-8	1.001976E-13	1.503955E+2
-5.000000E-2	1.532232E-7	-1.532232E-7	-4.813649E-13	1.513994E+2
-1.000000E-1	3.481072E-7	-3.481072E-7	-1.093611E-12	1.524014E+2
-1.500000E-1	5.385651E-7	-5.385651E-7	-1.691952E-12	1.534043E+2
-2.000000E-1	7.573299E-7	-7.573299E-7	-2.379222E-12	1.544072E+2
-2.500000E-1	1.007640E-6	-1.007640E-6	-3.165593E-12	1.554092E+2
-3.000000E-1	1.213770E-6	-1.213770E-6	-3.813172E-12	1.564121E+2
-3.500000E-1	1.444489E-6	-1.444489E-6	-4.537995E-12	1.574150E+2
-4.000000E-1	1.773610E-6	-1.773610E-6	-5.571960E-12	1.584170E+2
-4.500000E-1	2.045167E-6	-2.045167E-6	-6.425083E-12	1.594199E+2
-5.000000E-1	2.333692E-6	-2.333692E-6	-7.331510E-12	1.604229E+2
-5.000000E-1	2.289253E-6	-2.289253E-6	-7.191900E-12	1.614248E+2
-4.500000E-1	1.909278E-6	-1.909278E-6	-5.998174E-12	1.624277E+2
-4.000000E-1	1.618527E-6	-1.618527E-6	-5.084752E-12	1.634307E+2
-3.500000E-1	1.293461E-6	-1.293461E-6	-4.063527E-12	1.644326E+2
-3.000000E-1	1.028313E-6	-1.028313E-6	-3.230541E-12	1.654355E+2
-2.500000E-1	7.678255E-7	-7.678255E-7	-2.412195E-12	1.664385E+2
-2.000000E-1	5.503199E-7	-5.503199E-7	-1.728881E-12	1.674404E+2
-1.500000E-1	3.005271E-7	-3.005271E-7	-9.441337E-13	1.684434E+2
-1.000000E-1	1.036022E-7	-1.036022E-7	-3.254758E-13	1.694463E+2
-5.000000E-2	9.264250E-8	9.264250E-8	2.910450E-13	1.704482E+2
0.000000E+0	2.724764E-7	2.724764E-7	8.560097E-13	1.714512E+2
0.000000E+0	2.326797E-7	2.326797E-7	7.309847E-13	1.724541E+2
5.000000E-2	4.409044E-7	4.409044E-7	1.385142E-12	1.734570E+2
1.000000E-1	6.594394E-7	6.594394E-7	2.071690E-12	1.744600E+2
1.500000E-1	9.051683E-7	9.051683E-7	2.843670E-12	1.754619E+2
2.000000E-1	1.197245E-6	1.197245E-6	3.761255E-12	1.764648E+2
2.500000E-1	1.523234E-6	1.523234E-6	4.785380E-12	1.774668E+2
3.000000E-1	1.873448E-6	1.873448E-6	5.885611E-12	1.784697E+2
3.500000E-1	2.270775E-6	2.270775E-6	7.133849E-12	1.794727E+2
4.000000E-1	2.697433E-6	2.697433E-6	8.474235E-12	1.804746E+2
4.500000E-1	3.284904E-6	3.284904E-6	1.031983E-11	1.814775E+2
5.000000E-1	3.862812E-6	3.862812E-6	1.213538E-11	1.824805E+2
5.000000E-1	3.741962E-6	3.741962E-6	1.175572E-11	1.834824E+2
4.500000E-1	3.183535E-6	3.183535E-6	1.000137E-11	1.844854E+2
4.000000E-1	2.650104E-6	2.650104E-6	8.325549E-12	1.854883E+2
3.500000E-1	2.176591E-6	2.176591E-6	6.837961E-12	1.864902E+2
3.000000E-1	1.733994E-6	1.733994E-6	5.447504E-12	1.874932E+2
2.500000E-1	1.319086E-6	1.319086E-6	4.144032E-12	1.884961E+2
2.000000E-1	1.003885E-6	1.003885E-6	3.153797E-12	1.894980E+2
1.500000E-1	6.934979E-7	6.934979E-7	2.178688E-12	1.905010E+2
1.000000E-1	4.373307E-7	4.373307E-7	1.373915E-12	1.915039E+2
5.000000E-2	2.178194E-7	2.178194E-7	6.842998E-13	1.925059E+2
0.000000E+0	3.136380E-8	3.136380E-8	9.853229E-14	1.935088E+2
-5.000000E-2	1.470388E-7	-1.470388E-7	-4.619360E-13	1.945117E+2
-1.000000E-1	3.435882E-7	-3.435882E-7	-1.079414E-12	1.955146E+2
-1.500000E-1	5.427174E-7	-5.427174E-7	-1.704997E-12	1.965176E+2
-2.000000E-1	7.827918E-7	-7.827918E-7	-2.459213E-12	1.975195E+2
-2.500000E-1	1.005298E-6	-1.005298E-6	-3.158238E-12	1.985225E+2
-3.000000E-1	1.231661E-6	-1.231661E-6	-3.869377E-12	1.995254E+2
-3.500000E-1	1.498916E-6	-1.498916E-6	-4.708983E-12	2.005273E+2
-4.000000E-1	1.774405E-6	-1.774405E-6	-5.574458E-12	2.015303E+2
-4.500000E-1	2.025412E-6	-2.025412E-6	-6.363021E-12	2.025332E+2
-5.000000E-1	2.288943E-6	-2.288943E-6	-7.190928E-12	2.035352E+2
-5.000000E-1	2.200935E-6	-2.200935E-6	-6.914441E-12	2.045381E+2
-4.500000E-1	1.838308E-6	-1.838308E-6	-5.775214E-12	2.055410E+2
-4.000000E-1	1.555243E-6	-1.555243E-6	-4.885939E-12	2.065430E+2
-3.500000E-1	1.252918E-6	-1.252918E-6	-3.936157E-12	2.075459E+2
-3.000000E-1	9.806710E-7	-9.806710E-7	-3.080869E-12	2.085488E+2
-2.500000E-1	7.250252E-7	-7.250252E-7	-2.277734E-12	2.095518E+2
-2.000000E-1	4.977523E-7	-4.977523E-7	-1.563735E-12	2.105537E+2
-1.500000E-1	2.784885E-7	-2.784885E-7	-8.748974E-13	2.115566E+2
-1.000000E-1	8.537581E-8	-8.537581E-8	-2.682160E-13	2.125596E+2
-5.000000E-2	9.668443E-8	9.668443E-8	3.037431E-13	2.135615E+2
0.000000E+0	2.726000E-7	2.726000E-7	8.563983E-13	2.145645E+2
0.000000E+0	2.323660E-7	2.323660E-7	7.299994E-13	2.155684E+2
5.000000E-2	4.330415E-7	4.330415E-7	1.360440E-12	2.165703E+2
1.000000E-1	6.421010E-7	6.421010E-7	2.017220E-12	2.175732E+2
1.500000E-1	8.676819E-7	8.676819E-7	2.725903E-12	2.185762E+2
2.000000E-1	1.151719E-6	1.151719E-6	3.618231E-12	2.195781E+2
2.500000E-1	1.460162E-6	1.460162E-6	4.587233E-12	2.205811E+2
3.000000E-1	1.810173E-6	1.810173E-6	5.686826E-12	2.215840E+2
3.500000E-1	2.212805E-6	2.212805E-6	6.951731E-12	2.225869E+2
4.000000E-1	2.730696E-6	2.730696E-6	8.578735E-12	2.235889E+2
4.500000E-1	3.284184E-6	3.284184E-6	1.031757E-11	2.245918E+2
5.000000E-1	3.992621E-6	3.992621E-6	1.254319E-11	2.255947E+2
5.000000E-1	3.886510E-6	3.886510E-6	1.220983E-11	2.265967E+2
4.500000E-1	3.171225E-6	3.171225E-6	9.962697E-12	2.275996E+2
4.000000E-1	2.591441E-6	2.591441E-6	8.141252E-12	2.286025E+2
3.500000E-1	2.133940E-6	2.133940E-6	6.703971E-12	2.296055E+2
3.000000E-1	1.682072E-6	1.682072E-6	5.284384E-12	2.306074E+2
2.500000E-1	1.312906E-6	1.312906E-6	4.124617E-12	2.316104E+2
2.000000E-1	9.733426E-7	9.733426E-7	3.057846E-12	2.326133E+2
1.500000E-1	7.007423E-7	7.007423E-7	2.201447E-12	2.336152E+2
1.000000E-1	4.421767E-7	4.421767E-7	1.389139E-12	2.346182E+2
5.000000E-2	2.208984E-7	2.208984E-7	6.939727E-13	2.356211E+2
0.000000E+0	2.987513E-8	2.987513E-8	9.385548E-14	2.366230E+2
-5.000000E-2	1.567704E-7	-1.567704E-7	-4.925088E-13	2.376260E+2
-1.000000E-1	3.431024E-7	-3.431024E-7	-1.077888E-12	2.386289E+2
-1.500000E-1	5.527540E-7	-5.527540E-7	-1.736528E-12	2.396318E+2
-2.000000E-1	7.637706E-7	-7.637706E-7	-2.399456E-12	2.406338E+2
-2.500000E-1	9.901863E-7	-9.901863E-7	-3.110762E-12	2.416367E+2
-3.000000E-1	1.243553E-6	-1.243553E-6	-3.906736E-12	2.426396E+2
-3.500000E-1	1.487969E-6	-1.487969E-6	-4.674594E-12	2.436416E+2
-4.000000E-1	1.717526E-6	-1.717526E-6	-5.395767E-12	2.446445E+2
-4.500000E-1	2.027948E-6	-2.027948E-6	-6.370987E-12	2.456475E+2
-5.000000E-1	2.296184E-6	-2.296184E-6	-7.213674E-12	2.466494E+2
-5.000000E-1	2.153779E-6	-2.153779E-6	-6.766296E-12	2.476523E+2
-4.500000E-1	1.868673E-6	-1.868673E-6	-5.870610E-12	2.486553E+2
-4.000000E-1	1.573411E-6	-1.573411E-6	-4.943018E-12	2.496582E+2
-3.500000E-1	1.297693E-6	-1.297693E-6	-4.076822E-12	2.506602E+2
-3.000000E-1	1.021550E-6	-1.021550E-6	-3.209294E-12	2.516631E+2
-2.500000E-1	7.667302E-7	-7.667302E-7	-2.408754E-12	2.526660E+2
-2.000000E-1	5.156474E-7	-5.156474E-7	-1.619954E-12	2.536680E+2
-1.500000E-1	2.877828E-7	-2.877828E-7	-9.040962E-13	2.546709E+2
-1.000000E-1	9.295613E-8	-9.295613E-8	-2.920303E-13	2.556738E+2
-5.000000E-2	9.651216E-8	9.651216E-8	3.032019E-13	2.566768E+2
0.000000E+0	2.731169E-7	2.731169E-7	8.580220E-13	2.576787E+2
0.000000E+0	2.339386E-7	2.339386E-7	7.349399E-13	2.586816E+2
5.000000E-2	4.365665E-7	4.365665E-7	1.371514E-12	2.596846E+2
1.000000E-1	6.376393E-7	6.376393E-7	2.003203E-12	2.606875E+2
1.500000E-1	8.678894E-7	8.678894E-7	2.726555E-12	2.616895E+2
2.000000E-1	1.157342E-6	1.157342E-6	3.635897E-12	2.626924E+2
2.500000E-1	1.452727E-6	1.452727E-6	4.563877E-12	2.636953E+2
3.000000E-1	1.779357E-6	1.779357E-6	5.590015E-12	2.646973E+2
3.500000E-1	2.225196E-6	2.225196E-6	6.990658E-12	2.657002E+2
4.000000E-1	2.582690E-6	2.582690E-6	8.113760E-12	2.667031E+2
4.500000E-1	3.098797E-6	3.098797E-6	9.735157E-12	2.677051E+2
5.000000E-1	3.634249E-6	3.634249E-6	1.141733E-11	2.687080E+2
5.000000E-1	3.557415E-6	3.557415E-6	1.117595E-11	2.697109E+2
4.500000E-1	2.904637E-6	2.904637E-6	9.125187E-12	2.707129E+2
4.000000E-1	2.368824E-6	2.368824E-6	7.441880E-12	2.717158E+2
3.500000E-1	1.927787E-6	1.927787E-6	6.056322E-12	2.727178E+2
3.000000E-1	1.542432E-6	1.542432E-6	4.845693E-12	2.737207E+2
2.500000E-1	1.222128E-6	1.222128E-6	3.839429E-12	2.747236E+2
2.000000E-1	9.408480E-7	9.408480E-7	2.955761E-12	2.757256E+2
1.500000E-1	6.476362E-7	6.476362E-7	2.034609E-12	2.767285E+2
1.000000E-1	3.980905E-7	3.980905E-7	1.250638E-12	2.777314E+2
5.000000E-2	2.018725E-7	2.018725E-7	6.342010E-13	2.787344E+2
0.000000E+0	3.120919E-8	3.120919E-8	9.804657E-14	2.797363E+2
-5.000000E-2	1.371261E-7	-1.371261E-7	-4.307943E-13	2.807402E+2
-1.000000E-1	3.029655E-7	-3.029655E-7	-9.517942E-13	2.817422E+2
-1.500000E-1	4.926988E-7	-4.926988E-7	-1.547859E-12	2.827451E+2
-2.000000E-1	6.906176E-7	-6.906176E-7	-2.169639E-12	2.837480E+2
-2.500000E-1	9.039402E-7	-9.039402E-7	-2.839812E-12	2.847500E+2
-3.000000E-1	1.117201E-6	-1.117201E-6	-3.509790E-12	2.857529E+2
-3.500000E-1	1.350512E-6	-1.350512E-6	-4.242759E-12	2.867559E+2
-4.000000E-1	1.580374E-6	-1.580374E-6	-4.964890E-12	2.877578E+2
-4.500000E-1	1.775629E-6	-1.775629E-6	-5.578302E-12	2.887607E+2
-5.000000E-1	2.050203E-6	-2.050203E-6	-6.440903E-12	2.897637E+2
-5.000000E-1	2.015018E-6	-2.015018E-6	-6.330367E-12	2.907656E+2
-4.500000E-1	1.668188E-6	-1.668188E-6	-5.240766E-12	2.917686E+2
-4.000000E-1	1.381293E-6	-1.381293E-6	-4.339459E-12	2.927715E+2
-3.500000E-1	1.117068E-6	-1.117068E-6	-3.509373E-12	2.937734E+2
-3.000000E-1	8.496630E-7	-8.496630E-7	-2.669295E-12	2.947764E+2
-2.500000E-1	6.219087E-7	-6.219087E-7	-1.953784E-12	2.957793E+2
-2.000000E-1	4.061612E-7	-4.061612E-7	-1.275993E-12	2.967822E+2
-1.500000E-1	2.198470E-7	-2.198470E-7	-6.906697E-13	2.977842E+2
-1.000000E-1	4.628592E-8	-4.628592E-8	-1.454115E-13	2.987871E+2
-5.000000E-2	1.104624E-7	1.104624E-7	3.470280E-13	2.997900E+2
0.000000E+0	2.754979E-7	2.754979E-7	8.655021E-13	3.007920E+2
0.000000E+0	2.337752E-7	2.337752E-7	7.344264E-13	3.017959E+2
5.000000E-2	4.251254E-7	4.251254E-7	1.335571E-12	3.027979E+2
1.000000E-1	6.254913E-7	6.254913E-7	1.965039E-12	3.038008E+2
1.500000E-1	8.480727E-7	8.480727E-7	2.664299E-12	3.048037E+2
2.000000E-1	1.105521E-6	1.105521E-6	3.473097E-12	3.058057E+2
2.500000E-1	1.388873E-6	1.388873E-6	4.363274E-12	3.068086E+2
3.000000E-1	1.726012E-6	1.726012E-6	5.422426E-12	3.078105E+2
3.500000E-1	2.022475E-6	2.022475E-6	6.353792E-12	3.088135E+2
4.000000E-1	2.354679E-6	2.354679E-6	7.397444E-12	3.098164E+2
4.500000E-1	2.797152E-6	2.797152E-6	8.787512E-12	3.108184E+2
5.000000E-1	3.232800E-6	3.232800E-6	1.015614E-11	3.118213E+2
5.000000E-1	3.262107E-6	3.262107E-6	1.024821E-11	3.128242E+2
4.500000E-1	2.681685E-6	2.681685E-6	8.424761E-12	3.138262E+2
4.000000E-1	2.252420E-6	2.252420E-6	7.076187E-12	3.148291E+2
3.500000E-1	1.821601E-6	1.821601E-6	5.722728E-12	3.158320E+2
3.000000E-1	1.479793E-6	1.479793E-6	4.648906E-12	3.168350E+2
2.500000E-1	1.162095E-6	1.162095E-6	3.650830E-12	3.178369E+2
2.000000E-1	8.713217E-7	8.713217E-7	2.737338E-12	3.188398E+2
1.500000E-1	6.191879E-7	6.191879E-7	1.945236E-12	3.198428E+2
1.000000E-1	3.976929E-7	3.976929E-7	1.249389E-12	3.208447E+2
5.000000E-2	2.037454E-7	2.037454E-7	6.400852E-13	3.218477E+2
0.000000E+0	2.903140E-8	2.903140E-8	9.120482E-14	3.228496E+2
-5.000000E-2	1.390079E-7	-1.390079E-7	-4.367062E-13	3.238535E+2
-1.000000E-1	3.106474E-7	-3.106474E-7	-9.759277E-13	3.248555E+2
-1.500000E-1	5.065122E-7	-5.065122E-7	-1.591255E-12	3.258584E+2
-2.000000E-1	6.891511E-7	-6.891511E-7	-2.165032E-12	3.268613E+2
-2.500000E-1	9.259214E-7	-9.259214E-7	-2.908868E-12	3.278643E+2
-3.000000E-1	1.136081E-6	-1.136081E-6	-3.569103E-12	3.288662E+2
-3.500000E-1	1.379226E-6	-1.379226E-6	-4.332965E-12	3.298691E+2
-4.000000E-1	1.549871E-6	-1.549871E-6	-4.869063E-12	3.308721E+2
-4.500000E-1	1.632724E-6	-1.632724E-6	-5.129355E-12	3.318740E+2
-5.000000E-1	1.872132E-6	-1.872132E-6	-5.881476E-12	3.328770E+2
-5.000000E-1	1.840141E-6	-1.840141E-6	-5.780973E-12	3.338799E+2
-4.500000E-1	1.446534E-6	-1.446534E-6	-4.544420E-12	3.348818E+2
-4.000000E-1	1.261797E-6	-1.261797E-6	-3.964051E-12	3.358848E+2
-3.500000E-1	9.946079E-7	-9.946079E-7	-3.124653E-12	3.368877E+2
-3.000000E-1	7.735993E-7	-7.735993E-7	-2.430334E-12	3.378896E+2
-2.500000E-1	5.410698E-7	-5.410698E-7	-1.699821E-12	3.388926E+2
-2.000000E-1	3.317893E-7	-3.317893E-7	-1.042347E-12	3.398955E+2
-1.500000E-1	1.658483E-7	-1.658483E-7	-5.210277E-13	3.408975E+2
-1.000000E-1	9.466568E-9	-9.466568E-9	-2.974010E-14	3.419004E+2
-5.000000E-2	1.428334E-7	1.428334E-7	4.487244E-13	3.429033E+2
0.000000E+0	2.732715E-7	2.732715E-7	8.585077E-13	3.439053E+2
0.000000E+0	2.338326E-7	2.338326E-7	7.346068E-13	3.449092E+2
5.000000E-2	3.931961E-7	3.931961E-7	1.235262E-12	3.459111E+2
1.000000E-1	5.631835E-7	5.631835E-7	1.769293E-12	3.469141E+2
1.500000E-1	7.414625E-7	7.414625E-7	2.329373E-12	3.479170E+2
2.000000E-1	9.454730E-7	9.454730E-7	2.970291E-12	3.489189E+2
2.500000E-1	1.217870E-6	1.217870E-6	3.826051E-12	3.499219E+2
3.000000E-1	1.505193E-6	1.505193E-6	4.728704E-12	3.509248E+2
3.500000E-1	1.867251E-6	1.867251E-6	5.866141E-12	3.519268E+2
4.000000E-1	2.243545E-6	2.243545E-6	7.048306E-12	3.529297E+2
4.500000E-1	2.643319E-6	2.643319E-6	8.304232E-12	3.539326E+2
5.000000E-1	3.168946E-6	3.168946E-6	9.955536E-12	3.549355E+2
5.000000E-1	3.088504E-6	3.088504E-6	9.702822E-12	3.559375E+2
4.500000E-1	2.534602E-6	2.534602E-6	7.962686E-12	3.569404E+2
4.000000E-1	2.083250E-6	2.083250E-6	6.544723E-12	3.579434E+2
3.500000E-1	1.709513E-6	1.709513E-6	5.370593E-12	3.589453E+2
3.000000E-1	1.341395E-6	1.341395E-6	4.214115E-12	3.599482E+2
2.500000E-1	1.058696E-6	1.058696E-6	3.325992E-12	3.609512E+2
2.000000E-1	7.774381E-7	7.774381E-7	2.442394E-12	3.619531E+2
1.500000E-1	5.425232E-7	5.425232E-7	1.704387E-12	3.629561E+2
1.000000E-1	3.499317E-7	3.499317E-7	1.099343E-12	3.639590E+2
5.000000E-2	1.743783E-7	1.743783E-7	5.478257E-13	3.649609E+2
0.000000E+0	3.154050E-8	3.154050E-8	9.908740E-14	3.659639E+2
-5.000000E-2	1.085055E-7	-1.085055E-7	-3.408801E-13	3.669668E+2
-1.000000E-1	2.609689E-7	-2.609689E-7	-8.198581E-13	3.679697E+2
-1.500000E-1	4.264283E-7	-4.264283E-7	-1.339664E-12	3.689717E+2
-2.000000E-1	5.645751E-7	-5.645751E-7	-1.773665E-12	3.699746E+2
-2.500000E-1	7.696854E-7	-7.696854E-7	-2.418038E-12	3.709775E+2
-3.000000E-1	9.655281E-7	-9.655281E-7	-3.033296E-12	3.719805E+2
-3.500000E-1	1.119666E-6	-1.119666E-6	-3.517533E-12	3.729824E+2
-4.000000E-1	1.308661E-6	-1.308661E-6	-4.111281E-12	3.739854E+2
-4.500000E-1	1.506191E-6	-1.506191E-6	-4.731840E-12	3.749883E+2
-5.000000E-1	1.787264E-6	-1.787264E-6	-5.614856E-12	3.759902E+2
-5.000000E-1	1.784000E-6	-1.784000E-6	-5.604600E-12	3.769932E+2
-4.500000E-1	1.465873E-6	-1.465873E-6	-4.605177E-12	3.779961E+2
-4.000000E-1	1.200907E-6	-1.200907E-6	-3.772760E-12	3.789980E+2
-3.500000E-1	9.468688E-7	-9.468688E-7	-2.974676E-12	3.800010E+2
-3.000000E-1	7.303350E-7	-7.303350E-7	-2.294415E-12	3.810039E+2
-2.500000E-1	5.203739E-7	-5.203739E-7	-1.634803E-12	3.820059E+2
-2.000000E-1	3.432304E-7	-3.432304E-7	-1.078290E-12	3.830088E+2
-1.500000E-1	1.615766E-7	-1.615766E-7	-5.076078E-13	3.840117E+2
-1.000000E-1	5.937036E-9	5.937036E-9	1.865175E-14	3.850146E+2
-5.000000E-2	1.361454E-7	1.361454E-7	4.277134E-13	3.860166E+2
0.000000E+0	2.713764E-7	2.713764E-7	8.525541E-13	3.870195E+2
0.000000E+0	2.304709E-7	2.304709E-7	7.240458E-13	3.880225E+2
5.000000E-2	3.919149E-7	3.919149E-7	1.231237E-12	3.890254E+2
1.000000E-1	5.523520E-7	5.523520E-7	1.735265E-12	3.900273E+2
1.500000E-1	7.317705E-7	7.317705E-7	2.298925E-12	3.910303E+2
2.000000E-1	9.527970E-7	9.527970E-7	2.993300E-12	3.920332E+2
2.500000E-1	1.197200E-6	1.197200E-6	3.761116E-12	3.930361E+2
3.000000E-1	1.492184E-6	1.492184E-6	4.687833E-12	3.940381E+2
3.500000E-1	1.829539E-6	1.829539E-6	5.747666E-12	3.950410E+2
4.000000E-1	2.222417E-6	2.222417E-6	6.981929E-12	3.960439E+2
4.500000E-1	2.721287E-6	2.721287E-6	8.549175E-12	3.970459E+2
5.000000E-1	3.187663E-6	3.187663E-6	1.001434E-11	3.980488E+2
5.000000E-1	3.171945E-6	3.171945E-6	9.964959E-12	3.990508E+2
4.500000E-1	2.631878E-6	2.631878E-6	8.268289E-12	4.000537E+2
4.000000E-1	2.152564E-6	2.152564E-6	6.762479E-12	4.010566E+2
3.500000E-1	1.757146E-6	1.757146E-6	5.520237E-12	4.020586E+2
3.000000E-1	1.366897E-6	1.366897E-6	4.294232E-12	4.030615E+2
2.500000E-1	1.058926E-6	1.058926E-6	3.326714E-12	4.040645E+2
2.000000E-1	7.927664E-7	7.927664E-7	2.490549E-12	4.050664E+2
1.500000E-1	5.511902E-7	5.511902E-7	1.731615E-12	4.060693E+2
1.000000E-1	3.453067E-7	3.453067E-7	1.084813E-12	4.070723E+2
5.000000E-2	1.745727E-7	1.745727E-7	5.484363E-13	4.080742E+2
0.000000E+0	3.096623E-8	3.096623E-8	9.728329E-14	4.090771E+2
-5.000000E-2	9.982965E-8	-9.982965E-8	-3.136241E-13	4.100801E+2
-1.000000E-1	2.408431E-7	-2.408431E-7	-7.566309E-13	4.110830E+2
-1.500000E-1	3.982760E-7	-3.982760E-7	-1.251221E-12	4.120859E+2
-2.000000E-1	5.607363E-7	-5.607363E-7	-1.761605E-12	4.130879E+2
-2.500000E-1	7.296061E-7	-7.296061E-7	-2.292125E-12	4.140908E+2
-3.000000E-1	9.064581E-7	-9.064581E-7	-2.847722E-12	4.150938E+2
-3.500000E-1	1.094937E-6	-1.094937E-6	-3.439846E-12	4.160957E+2
-4.000000E-1	1.299747E-6	-1.299747E-6	-4.083275E-12	4.170986E+2
-4.500000E-1	1.523044E-6	-1.523044E-6	-4.784784E-12	4.181016E+2
-5.000000E-1	1.815607E-6	-1.815607E-6	-5.703896E-12	4.191035E+2
-5.000000E-1	1.863536E-6	-1.863536E-6	-5.854470E-12	4.201064E+2
-4.500000E-1	1.585511E-6	-1.585511E-6	-4.981029E-12	4.211094E+2
-4.000000E-1	1.280712E-6	-1.280712E-6	-4.023476E-12	4.221113E+2
-3.500000E-1	1.010378E-6	-1.010378E-6	-3.174197E-12	4.231143E+2
-3.000000E-1	8.138464E-7	-8.138464E-7	-2.556774E-12	4.241172E+2
-2.500000E-1	5.698495E-7	-5.698495E-7	-1.790235E-12	4.251201E+2
-2.000000E-1	3.660421E-7	-3.660421E-7	-1.149955E-12	4.261221E+2
-1.500000E-1	1.664711E-7	-1.664711E-7	-5.229844E-13	4.271250E+2
-1.000000E-1	4.687342E-8	-4.687342E-8	-1.472572E-13	4.281279E+2
-5.000000E-2	1.217136E-7	1.217136E-7	3.823747E-13	4.291299E+2
0.000000E+0	2.697022E-7	2.697022E-7	8.472945E-13	4.301328E+2
0.000000E+0	2.316415E-7	2.316415E-7	7.277234E-13	4.311357E+2
5.000000E-2	3.956169E-7	3.956169E-7	1.242867E-12	4.321387E+2
1.000000E-1	5.636342E-7	5.636342E-7	1.770709E-12	4.331406E+2
1.500000E-1	7.604840E-7	7.604840E-7	2.389131E-12	4.341436E+2
2.000000E-1	9.787319E-7	9.787319E-7	3.074777E-12	4.351465E+2
2.500000E-1	1.243478E-6	1.243478E-6	3.906500E-12	4.361484E+2
3.000000E-1	1.502101E-6	1.502101E-6	4.718989E-12	4.371514E+2
3.500000E-1	1.910153E-6	1.910153E-6	6.000922E-12	4.381533E+2
4.000000E-1	2.204266E-6	2.204266E-6	6.924905E-12	4.391563E+2
4.500000E-1	2.733431E-6	2.733431E-6	8.587325E-12	4.401582E+2
5.000000E-1	3.258503E-6	3.258503E-6	1.023689E-11	4.411611E+2
5.000000E-1	3.271140E-6	3.271140E-6	1.027659E-11	4.421631E+2
4.500000E-1	2.665539E-6	2.665539E-6	8.374038E-12	4.431660E+2
4.000000E-1	2.110651E-6	2.110651E-6	6.630807E-12	4.441689E+2
3.500000E-1	1.716342E-6	1.716342E-6	5.392048E-12	4.451709E+2
3.000000E-1	1.322241E-6	1.322241E-6	4.153941E-12	4.461738E+2
2.500000E-1	1.026904E-6	1.026904E-6	3.226114E-12	4.471758E+2
2.000000E-1	7.368196E-7	7.368196E-7	2.314787E-12	4.481787E+2
1.500000E-1	5.040383E-7	5.040383E-7	1.583483E-12	4.491807E+2
1.000000E-1	3.112084E-7	3.112084E-7	9.776902E-13	4.501836E+2
5.000000E-2	1.629372E-7	1.629372E-7	5.118822E-13	4.511865E+2
0.000000E+0	2.777684E-8	2.777684E-8	8.726353E-14	4.521885E+2
-5.000000E-2	9.103895E-8	-9.103895E-8	-2.860073E-13	4.531914E+2
-1.000000E-1	2.340844E-7	-2.340844E-7	-7.353979E-13	4.541943E+2
-1.500000E-1	3.852890E-7	-3.852890E-7	-1.210421E-12	4.551963E+2
-2.000000E-1	5.452795E-7	-5.452795E-7	-1.713046E-12	4.561992E+2
-2.500000E-1	7.237087E-7	-7.237087E-7	-2.273598E-12	4.572021E+2
-3.000000E-1	9.006668E-7	-9.006668E-7	-2.829528E-12	4.582041E+2
-3.500000E-1	1.098436E-6	-1.098436E-6	-3.450837E-12	4.592070E+2
-4.000000E-1	1.316608E-6	-1.316608E-6	-4.136247E-12	4.602090E+2
-4.500000E-1	1.580259E-6	-1.580259E-6	-4.964529E-12	4.612119E+2
-5.000000E-1	1.888101E-6	-1.888101E-6	-5.931644E-12	4.622139E+2
-5.000000E-1	2.027617E-6	-2.027617E-6	-6.369946E-12	4.632168E+2
-4.500000E-1	1.699070E-6	-1.699070E-6	-5.337786E-12	4.642197E+2
-4.000000E-1	1.362161E-6	-1.362161E-6	-4.279355E-12	4.652217E+2
-3.500000E-1	1.027072E-6	-1.027072E-6	-3.226641E-12	4.662246E+2
-3.000000E-1	7.788868E-7	-7.788868E-7	-2.446945E-12	4.672266E+2
-2.500000E-1	5.466358E-7	-5.466358E-7	-1.717307E-12	4.682295E+2
-2.000000E-1	3.497726E-7	-3.497726E-7	-1.098843E-12	4.692314E+2
-1.500000E-1	1.819012E-7	-1.819012E-7	-5.714595E-13	4.702344E+2
-1.000000E-1	1.057534E-8	-1.057534E-8	-3.322342E-14	4.712373E+2
-5.000000E-2	1.359466E-7	1.359466E-7	4.270889E-13	4.722393E+2
0.000000E+0	2.712307E-7	2.712307E-7	8.520962E-13	4.732422E+2
0.000000E+0	2.310673E-7	2.310673E-7	7.259193E-13	4.742451E+2
5.000000E-2	3.932757E-7	3.932757E-7	1.235512E-12	4.752471E+2
1.000000E-1	5.572772E-7	5.572772E-7	1.750738E-12	4.762500E+2
1.500000E-1	7.475629E-7	7.475629E-7	2.348538E-12	4.772520E+2
2.000000E-1	9.689251E-7	9.689251E-7	3.043968E-12	4.782549E+2
2.500000E-1	1.242775E-6	1.242775E-6	3.904294E-12	4.792578E+2
3.000000E-1	1.543735E-6	1.543735E-6	4.849787E-12	4.802598E+2
3.500000E-1	1.925583E-6	1.925583E-6	6.049397E-12	4.812627E+2
4.000000E-1	2.390438E-6	2.390438E-6	7.509784E-12	4.822646E+2
4.500000E-1	2.878667E-6	2.878667E-6	9.043599E-12	4.832676E+2
5.000000E-1	3.387046E-6	3.387046E-6	1.064072E-11	4.842705E+2
5.000000E-1	3.384984E-6	3.384984E-6	1.063424E-11	4.852725E+2
4.500000E-1	2.890837E-6	2.890837E-6	9.081833E-12	4.862754E+2
4.000000E-1	2.302567E-6	2.302567E-6	7.233728E-12	4.872773E+2
3.500000E-1	1.837499E-6	1.837499E-6	5.772674E-12	4.882803E+2
3.000000E-1	1.441821E-6	1.441821E-6	4.529613E-12	4.892822E+2
2.500000E-1	1.097653E-6	1.097653E-6	3.448380E-12	4.902852E+2
2.000000E-1	8.025687E-7	8.025687E-7	2.521344E-12	4.912871E+2
1.500000E-1	5.488576E-7	5.488576E-7	1.724287E-12	4.922900E+2
1.000000E-1	3.438046E-7	3.438046E-7	1.080094E-12	4.932920E+2
5.000000E-2	1.696737E-7	1.696737E-7	5.330458E-13	4.942949E+2
0.000000E+0	2.889004E-8	2.889004E-8	9.076073E-14	4.952979E+2
-5.000000E-2	1.088810E-7	-1.088810E-7	-3.420597E-13	4.963008E+2
-1.000000E-1	2.478712E-7	-2.478712E-7	-7.787104E-13	4.973027E+2
-1.500000E-1	3.928867E-7	-3.928867E-7	-1.234290E-12	4.983057E+2
-2.000000E-1	5.478107E-7	-5.478107E-7	-1.720998E-12	4.993076E+2
-2.500000E-1	6.925745E-7	-6.925745E-7	-2.175787E-12	5.003105E+2
-3.000000E-1	8.610467E-7	-8.610467E-7	-2.705058E-12	5.013135E+2
-3.500000E-1	1.030349E-6	-1.030349E-6	-3.236938E-12	5.023154E+2
-4.000000E-1	1.220799E-6	-1.220799E-6	-3.835252E-12	5.033184E+2
-4.500000E-1	1.440137E-6	-1.440137E-6	-4.524325E-12	5.043203E+2
-5.000000E-1	1.690814E-6	-1.690814E-6	-5.311848E-12	5.053232E+2
-5.000000E-1	1.644563E-6	-1.644563E-6	-5.166548E-12	5.063252E+2
-4.500000E-1	1.378885E-6	-1.378885E-6	-4.331896E-12	5.073281E+2
-4.000000E-1	1.151462E-6	-1.151462E-6	-3.617426E-12	5.083311E+2
-3.500000E-1	8.992223E-7	-8.992223E-7	-2.824990E-12	5.093330E+2
-3.000000E-1	7.302818E-7	-7.302818E-7	-2.294248E-12	5.103359E+2
-2.500000E-1	5.232101E-7	-5.232101E-7	-1.643713E-12	5.113379E+2
-2.000000E-1	3.117209E-7	-3.117209E-7	-9.793000E-13	5.123408E+2
-1.500000E-1	1.412520E-7	-1.412520E-7	-4.437561E-13	5.133438E+2
-1.000000E-1	7.553818E-10	7.553818E-10	2.373102E-15	5.143457E+2
-5.000000E-2	1.352222E-7	1.352222E-7	4.248130E-13	5.153486E+2
0.000000E+0	2.634781E-7	2.634781E-7	8.277407E-13	5.163506E+2
0.000000E+0	2.261109E-7	2.261109E-7	7.103484E-13	5.173535E+2
5.000000E-2	3.809864E-7	3.809864E-7	1.196904E-12	5.183564E+2
1.000000E-1	5.368996E-7	5.368996E-7	1.686720E-12	5.193594E+2
1.500000E-1	7.253477E-7	7.253477E-7	2.278747E-12	5.203613E+2
2.000000E-1	9.476464E-7	9.476464E-7	2.977119E-12	5.213643E+2
2.500000E-1	1.201229E-6	1.201229E-6	3.773773E-12	5.223662E+2
3.000000E-1	1.533575E-6	1.533575E-6	4.817868E-12	5.233691E+2
3.500000E-1	1.916244E-6	1.916244E-6	6.020059E-12	5.243711E+2
4.000000E-1	2.357206E-6	2.357206E-6	7.405382E-12	5.253740E+2
4.500000E-1	2.675138E-6	2.675138E-6	8.404194E-12	5.263760E+2
5.000000E-1	3.225749E-6	3.225749E-6	1.013399E-11	5.273789E+2
5.000000E-1	3.242712E-6	3.242712E-6	1.018728E-11	5.283818E+2
4.500000E-1	2.604835E-6	2.604835E-6	8.183329E-12	5.293838E+2
4.000000E-1	2.125697E-6	2.125697E-6	6.678075E-12	5.303867E+2
3.500000E-1	1.699547E-6	1.699547E-6	5.339285E-12	5.313887E+2
3.000000E-1	1.375095E-6	1.375095E-6	4.319989E-12	5.323916E+2
2.500000E-1	1.078318E-6	1.078318E-6	3.387637E-12	5.333936E+2
2.000000E-1	7.662706E-7	7.662706E-7	2.407310E-12	5.343965E+2
1.500000E-1	5.429030E-7	5.429030E-7	1.705580E-12	5.353984E+2
1.000000E-1	3.382918E-7	3.382918E-7	1.062775E-12	5.364014E+2
5.000000E-2	1.721431E-7	1.721431E-7	5.408035E-13	5.374043E+2
0.000000E+0	2.775034E-8	2.775034E-8	8.718026E-14	5.384062E+2
-5.000000E-2	1.075116E-7	-1.075116E-7	-3.377576E-13	5.394092E+2
-1.000000E-1	2.443019E-7	-2.443019E-7	-7.674972E-13	5.404121E+2
-1.500000E-1	3.929135E-7	-3.929135E-7	-1.234374E-12	5.414141E+2
-2.000000E-1	5.480449E-7	-5.480449E-7	-1.721734E-12	5.424170E+2
-2.500000E-1	7.375221E-7	-7.375221E-7	-2.316994E-12	5.434199E+2
-3.000000E-1	9.220339E-7	-9.220339E-7	-2.896655E-12	5.444219E+2
-3.500000E-1	1.117974E-6	-1.117974E-6	-3.512218E-12	5.454248E+2
-4.000000E-1	1.334866E-6	-1.334866E-6	-4.193604E-12	5.464268E+2
-4.500000E-1	1.589301E-6	-1.589301E-6	-4.992937E-12	5.474297E+2
-5.000000E-1	2.010424E-6	-2.010424E-6	-6.315934E-12	5.484316E+2
-5.000000E-1	1.915480E-6	-1.915480E-6	-6.017659E-12	5.494346E+2
-4.500000E-1	1.645146E-6	-1.645146E-6	-5.168380E-12	5.504365E+2
-4.000000E-1	1.379808E-6	-1.379808E-6	-4.334796E-12	5.514395E+2
-3.500000E-1	1.112832E-6	-1.112832E-6	-3.496065E-12	5.524424E+2
-3.000000E-1	8.241832E-7	-8.241832E-7	-2.589248E-12	5.534443E+2
-2.500000E-1	5.749826E-7	-5.749826E-7	-1.806361E-12	5.544473E+2
-2.000000E-1	3.623490E-7	-3.623490E-7	-1.138353E-12	5.554492E+2
-1.500000E-1	1.723993E-7	-1.723993E-7	-5.416084E-13	5.564521E+2
-1.000000E-1	1.869459E-8	-1.869459E-8	-5.873080E-14	5.574551E+2
-5.000000E-2	1.272752E-7	1.272752E-7	3.998468E-13	5.584570E+2
0.000000E+0	2.640700E-7	2.640700E-7	8.296003E-13	5.594600E+2
0.000000E+0	2.226830E-7	2.226830E-7	6.995793E-13	5.604629E+2
5.000000E-2	3.820508E-7	3.820508E-7	1.200248E-12	5.614648E+2
1.000000E-1	5.450586E-7	5.450586E-7	1.712352E-12	5.624678E+2
1.500000E-1	7.674369E-7	7.674369E-7	2.410974E-12	5.634697E+2
2.000000E-1	9.575191E-7	9.575191E-7	3.008135E-12	5.644727E+2
2.500000E-1	1.249786E-6	1.249786E-6	3.926318E-12	5.654746E+2
3.000000E-1	1.553997E-6	1.553997E-6	4.882025E-12	5.664775E+2
3.500000E-1	1.909274E-6	1.909274E-6	5.998160E-12	5.674805E+2
4.000000E-1	2.307382E-6	2.307382E-6	7.248854E-12	5.684824E+2
4.500000E-1	2.770948E-6	2.770948E-6	8.705189E-12	5.694854E+2
5.000000E-1	3.221783E-6	3.221783E-6	1.012153E-11	5.704873E+2
5.000000E-1	3.161988E-6	3.161988E-6	9.933679E-12	5.714902E+2
4.500000E-1	2.628773E-6	2.628773E-6	8.258533E-12	5.724922E+2
4.000000E-1	2.157945E-6	2.157945E-6	6.779383E-12	5.734951E+2
3.500000E-1	1.746611E-6	1.746611E-6	5.487139E-12	5.744980E+2
3.000000E-1	1.419459E-6	1.419459E-6	4.459363E-12	5.755000E+2
2.500000E-1	1.076865E-6	1.076865E-6	3.383072E-12	5.765029E+2
2.000000E-1	8.548492E-7	8.548492E-7	2.685588E-12	5.775049E+2
1.500000E-1	5.696770E-7	5.696770E-7	1.789693E-12	5.785078E+2
1.000000E-1	3.651364E-7	3.651364E-7	1.147110E-12	5.795098E+2
5.000000E-2	1.826963E-7	1.826963E-7	5.739575E-13	5.805127E+2
0.000000E+0	2.873101E-8	2.873101E-8	9.026113E-14	5.815146E+2
-5.000000E-2	1.044150E-7	-1.044150E-7	-3.280293E-13	5.825186E+2
-1.000000E-1	2.485162E-7	-2.485162E-7	-7.807366E-13	5.835205E+2
-1.500000E-1	3.979316E-7	-3.979316E-7	-1.250139E-12	5.845234E+2
-2.000000E-1	5.650389E-7	-5.650389E-7	-1.775122E-12	5.855254E+2
-2.500000E-1	7.704805E-7	-7.704805E-7	-2.420536E-12	5.865283E+2
-3.000000E-1	9.396950E-7	-9.396950E-7	-2.952139E-12	5.875303E+2
-3.500000E-1	1.155018E-6	-1.155018E-6	-3.628597E-12	5.885332E+2
-4.000000E-1	1.425140E-6	-1.425140E-6	-4.477210E-12	5.895352E+2
-4.500000E-1	1.636722E-6	-1.636722E-6	-5.141915E-12	5.905381E+2
-5.000000E-1	2.034870E-6	-2.034870E-6	-6.392734E-12	5.915400E+2
-5.000000E-1	2.114163E-6	-2.114163E-6	-6.641840E-12	5.925430E+2
-4.500000E-1	1.728486E-6	-1.728486E-6	-5.430198E-12	5.935459E+2
-4.000000E-1	1.499446E-6	-1.499446E-6	-4.710649E-12	5.945479E+2
-3.500000E-1	1.126477E-6	-1.126477E-6	-3.538933E-12	5.955508E+2
-3.000000E-1	8.858463E-7	-8.858463E-7	-2.782968E-12	5.965527E+2
-2.500000E-1	6.554418E-7	-6.554418E-7	-2.059131E-12	5.975557E+2
-2.000000E-1	3.869276E-7	-3.869276E-7	-1.215569E-12	5.985586E+2
-1.500000E-1	1.952242E-7	-1.952242E-7	-6.133150E-13	5.995605E+2
-1.000000E-1	2.511313E-8	-2.511313E-8	-7.889522E-14	6.005635E+2
-5.000000E-2	1.300184E-7	1.300184E-7	4.084649E-13	6.015654E+2
0.000000E+0	2.655675E-7	2.655675E-7	8.343048E-13	6.025684E+2
0.000000E+0	2.207173E-7	2.207173E-7	6.934037E-13	6.035713E+2
5.000000E-2	3.845203E-7	3.845203E-7	1.208006E-12	6.045732E+2
1.000000E-1	5.529084E-7	5.529084E-7	1.737013E-12	6.055762E+2
1.500000E-1	7.503723E-7	7.503723E-7	2.357364E-12	6.065791E+2
2.000000E-1	9.807551E-7	9.807551E-7	3.081133E-12	6.075811E+2
2.500000E-1	1.254636E-6	1.254636E-6	3.941555E-12	6.085840E+2
3.000000E-1	1.542763E-6	1.542763E-6	4.846734E-12	6.095859E+2
3.500000E-1	1.983001E-6	1.983001E-6	6.229781E-12	6.105889E+2
4.000000E-1	2.400259E-6	2.400259E-6	7.540635E-12	6.115908E+2
4.500000E-1	2.845894E-6	2.845894E-6	8.940640E-12	6.125937E+2
5.000000E-1	3.264427E-6	3.264427E-6	1.025550E-11	6.135957E+2
5.000000E-1	3.267941E-6	3.267941E-6	1.026654E-11	6.145986E+2
4.500000E-1	2.635823E-6	2.635823E-6	8.280682E-12	6.156016E+2
4.000000E-1	2.209977E-6	2.209977E-6	6.942849E-12	6.166035E+2
3.500000E-1	1.809669E-6	1.809669E-6	5.685244E-12	6.176064E+2
3.000000E-1	1.397125E-6	1.397125E-6	4.389197E-12	6.186084E+2
2.500000E-1	1.097384E-6	1.097384E-6	3.447534E-12	6.196113E+2
2.000000E-1	7.907830E-7	7.907830E-7	2.484318E-12	6.206133E+2
1.500000E-1	5.314973E-7	5.314973E-7	1.669748E-12	6.216162E+2
1.000000E-1	3.466496E-7	3.466496E-7	1.089032E-12	6.226191E+2
5.000000E-2	1.722315E-7	1.722315E-7	5.410811E-13	6.236211E+2
0.000000E+0	2.663273E-8	2.663273E-8	8.366918E-14	6.246240E+2
-5.000000E-2	1.154365E-7	-1.154365E-7	-3.626544E-13	6.256270E+2
-1.000000E-1	2.651213E-7	-2.651213E-7	-8.329032E-13	6.266289E+2
-1.500000E-1	4.425080E-7	-4.425080E-7	-1.390180E-12	6.276318E+2
-2.000000E-1	6.399451E-7	-6.399451E-7	-2.010447E-12	6.286338E+2
-2.500000E-1	8.132235E-7	-8.132235E-7	-2.554817E-12	6.296367E+2
-3.000000E-1	1.036825E-6	-1.036825E-6	-3.257283E-12	6.306396E+2
-3.500000E-1	1.298634E-6	-1.298634E-6	-4.079778E-12	6.316416E+2
-4.000000E-1	1.575413E-6	-1.575413E-6	-4.949305E-12	6.326445E+2
-4.500000E-1	1.953210E-6	-1.953210E-6	-6.136189E-12	6.336465E+2
-5.000000E-1	2.356146E-6	-2.356146E-6	-7.402051E-12	6.346494E+2
-5.000000E-1	2.400077E-6	-2.400077E-6	-7.540066E-12	6.356514E+2
-4.500000E-1	1.975531E-6	-1.975531E-6	-6.206313E-12	6.366543E+2
-4.000000E-1	1.624579E-6	-1.624579E-6	-5.103765E-12	6.376572E+2
-3.500000E-1	1.274333E-6	-1.274333E-6	-4.003436E-12	6.386592E+2
-3.000000E-1	9.247373E-7	-9.247373E-7	-2.905148E-12	6.396621E+2
-2.500000E-1	6.971776E-7	-6.971776E-7	-2.190248E-12	6.406641E+2
-2.000000E-1	4.348349E-7	-4.348349E-7	-1.366074E-12	6.416670E+2
-1.500000E-1	2.232440E-7	-2.232440E-7	-7.013418E-13	6.426689E+2
-1.000000E-1	3.719483E-8	-3.719483E-8	-1.168510E-13	6.436719E+2
-5.000000E-2	1.129053E-7	1.129053E-7	3.547024E-13	6.446738E+2
0.000000E+0	2.609115E-7	2.609115E-7	8.196777E-13	6.456768E+2
0.000000E+0	2.220027E-7	2.220027E-7	6.974421E-13	6.466797E+2
5.000000E-2	3.790425E-7	3.790425E-7	1.190797E-12	6.476826E+2
1.000000E-1	5.324029E-7	5.324029E-7	1.672593E-12	6.486846E+2
1.500000E-1	7.188539E-7	7.188539E-7	2.258346E-12	6.496875E+2
2.000000E-1	9.318716E-7	9.318716E-7	2.927561E-12	6.506895E+2
2.500000E-1	1.186329E-6	1.186329E-6	3.726963E-12	6.516924E+2
3.000000E-1	1.467428E-6	1.467428E-6	4.610062E-12	6.526953E+2
3.500000E-1	1.851626E-6	1.851626E-6	5.817055E-12	6.536973E+2
4.000000E-1	2.235245E-6	2.235245E-6	7.022230E-12	6.547002E+2
4.500000E-1	2.667655E-6	2.667655E-6	8.380685E-12	6.557021E+2
5.000000E-1	3.222601E-6	3.222601E-6	1.012410E-11	6.567051E+2
5.000000E-1	3.153701E-6	3.153701E-6	9.907644E-12	6.577070E+2
4.500000E-1	2.572247E-6	2.572247E-6	8.080953E-12	6.587100E+2
4.000000E-1	2.210344E-6	2.210344E-6	6.944001E-12	6.597129E+2
3.500000E-1	1.853380E-6	1.853380E-6	5.822565E-12	6.607148E+2
3.000000E-1	1.511978E-6	1.511978E-6	4.750020E-12	6.617178E+2
2.500000E-1	1.143719E-6	1.143719E-6	3.593098E-12	6.627197E+2
2.000000E-1	8.656542E-7	8.656542E-7	2.719533E-12	6.637227E+2
1.500000E-1	5.938141E-7	5.938141E-7	1.865522E-12	6.647246E+2
1.000000E-1	3.803017E-7	3.803017E-7	1.194753E-12	6.657275E+2
5.000000E-2	1.941066E-7	1.941066E-7	6.098039E-13	6.667295E+2
0.000000E+0	2.685802E-8	2.685802E-8	8.437695E-14	6.677324E+2
-5.000000E-2	1.267893E-7	-1.267893E-7	-3.983203E-13	6.687354E+2
-1.000000E-1	2.850528E-7	-2.850528E-7	-8.955198E-13	6.697383E+2
-1.500000E-1	4.831750E-7	-4.831750E-7	-1.517939E-12	6.707402E+2
-2.000000E-1	6.718611E-7	-6.718611E-7	-2.110714E-12	6.717432E+2
-2.500000E-1	8.699081E-7	-8.699081E-7	-2.732897E-12	6.727451E+2
-3.000000E-1	1.148520E-6	-1.148520E-6	-3.608183E-12	6.737480E+2
-3.500000E-1	1.396895E-6	-1.396895E-6	-4.388476E-12	6.747500E+2
-4.000000E-1	1.665873E-6	-1.665873E-6	-5.233494E-12	6.757529E+2
-4.500000E-1	2.034875E-6	-2.034875E-6	-6.392747E-12	6.767559E+2
-5.000000E-1	2.441663E-6	-2.441663E-6	-7.670711E-12	6.777578E+2
-5.000000E-1	2.357922E-6	-2.357922E-6	-7.407630E-12	6.787607E+2
-4.500000E-1	1.984821E-6	-1.984821E-6	-6.235498E-12	6.797627E+2
-4.000000E-1	1.629199E-6	-1.629199E-6	-5.118281E-12	6.807656E+2
-3.500000E-1	1.319771E-6	-1.319771E-6	-4.146183E-12	6.817676E+2
-3.000000E-1	1.015878E-6	-1.015878E-6	-3.191475E-12	6.827705E+2
-2.500000E-1	7.576125E-7	-7.576125E-7	-2.380110E-12	6.837734E+2
-2.000000E-1	5.187219E-7	-5.187219E-7	-1.629613E-12	6.847754E+2
-1.500000E-1	2.743493E-7	-2.743493E-7	-8.618939E-13	6.857783E+2
-1.000000E-1	9.244811E-8	-9.244811E-8	-2.904343E-13	6.867803E+2
-5.000000E-2	9.733382E-8	9.733382E-8	3.057832E-13	6.877832E+2
0.000000E+0	2.628994E-7	2.628994E-7	8.259227E-13	6.887852E+2
0.000000E+0	2.226079E-7	2.226079E-7	6.993434E-13	6.897891E+2
5.000000E-2	4.036653E-7	4.036653E-7	1.268152E-12	6.907910E+2
1.000000E-1	5.910973E-7	5.910973E-7	1.856987E-12	6.917939E+2
1.500000E-1	8.180300E-7	8.180300E-7	2.569917E-12	6.927959E+2
2.000000E-1	1.056435E-6	1.056435E-6	3.318887E-12	6.937988E+2
2.500000E-1	1.372498E-6	1.372498E-6	4.311829E-12	6.948008E+2
3.000000E-1	1.662251E-6	1.662251E-6	5.222114E-12	6.958037E+2
3.500000E-1	1.985064E-6	1.985064E-6	6.236262E-12	6.968057E+2
4.000000E-1	2.530807E-6	2.530807E-6	7.950765E-12	6.978086E+2
4.500000E-1	2.846367E-6	2.846367E-6	8.942125E-12	6.988115E+2
5.000000E-1	3.512438E-6	3.512438E-6	1.103465E-11	6.998135E+2
5.000000E-1	3.290758E-6	3.290758E-6	1.033822E-11	7.008164E+2
4.500000E-1	2.764816E-6	2.764816E-6	8.685927E-12	7.018184E+2
4.000000E-1	2.295181E-6	2.295181E-6	7.210524E-12	7.028213E+2
3.500000E-1	1.878975E-6	1.878975E-6	5.902973E-12	7.038232E+2
3.000000E-1	1.473189E-6	1.473189E-6	4.628159E-12	7.048262E+2
2.500000E-1	1.139354E-6	1.139354E-6	3.579387E-12	7.058291E+2
2.000000E-1	8.272314E-7	8.272314E-7	2.598824E-12	7.068311E+2
1.500000E-1	6.001796E-7	6.001796E-7	1.885520E-12	7.078340E+2
1.000000E-1	3.607941E-7	3.607941E-7	1.133468E-12	7.088359E+2
5.000000E-2	1.797411E-7	1.797411E-7	5.646733E-13	7.098389E+2
0.000000E+0	2.852781E-8	2.852781E-8	8.962275E-14	7.108408E+2
-5.000000E-2	1.245408E-7	-1.245408E-7	-3.912565E-13	7.118437E+2
-1.000000E-1	2.985834E-7	-2.985834E-7	-9.380274E-13	7.128467E+2
-1.500000E-1	4.897656E-7	-4.897656E-7	-1.538644E-12	7.138496E+2
-2.000000E-1	7.072492E-7	-7.072492E-7	-2.221889E-12	7.148516E+2
-2.500000E-1	8.920838E-7	-8.920838E-7	-2.802564E-12	7.158545E+2
-3.000000E-1	1.145172E-6	-1.145172E-6	-3.597664E-12	7.168564E+2
-3.500000E-1	1.390203E-6	-1.390203E-6	-4.367451E-12	7.178594E+2
-4.000000E-1	1.760070E-6	-1.760070E-6	-5.529424E-12	7.188613E+2
-4.500000E-1	2.055464E-6	-2.055464E-6	-6.457432E-12	7.198643E+2
-5.000000E-1	2.556711E-6	-2.556711E-6	-8.032144E-12	7.208672E+2
-5.000000E-1	2.670031E-6	-2.670031E-6	-8.388151E-12	7.218691E+2
-4.500000E-1	1.976684E-6	-1.976684E-6	-6.209935E-12	7.228721E+2
-4.000000E-1	1.780037E-6	-1.780037E-6	-5.592152E-12	7.238740E+2
-3.500000E-1	1.423651E-6	-1.423651E-6	-4.472533E-12	7.248770E+2
-3.000000E-1	1.085691E-6	-1.085691E-6	-3.410799E-12	7.258789E+2
-2.500000E-1	7.812104E-7	-7.812104E-7	-2.454245E-12	7.268818E+2
-2.000000E-1	5.338296E-7	-5.338296E-7	-1.677075E-12	7.278848E+2
-1.500000E-1	2.777464E-7	-2.777464E-7	-8.725659E-13	7.288867E+2
-1.000000E-1	8.570270E-8	-8.570270E-8	-2.692430E-13	7.298896E+2
-5.000000E-2	9.993568E-8	9.993568E-8	3.139572E-13	7.308916E+2
0.000000E+0	2.663228E-7	2.663228E-7	8.366779E-13	7.318945E+2
0.000000E+0	2.245251E-7	2.245251E-7	7.053663E-13	7.328975E+2
5.000000E-2	4.167014E-7	4.167014E-7	1.309106E-12	7.339004E+2
1.000000E-1	5.964952E-7	5.964952E-7	1.873945E-12	7.349023E+2
1.500000E-1	8.226461E-7	8.226461E-7	2.584419E-12	7.359053E+2
2.000000E-1	1.081203E-6	1.081203E-6	3.396700E-12	7.369072E+2
2.500000E-1	1.370276E-6	1.370276E-6	4.304848E-12	7.379102E+2
3.000000E-1	1.696229E-6	1.696229E-6	5.328862E-12	7.389121E+2
3.500000E-1	2.143570E-6	2.143570E-6	6.734224E-12	7.399150E+2
4.000000E-1	2.531858E-6	2.531858E-6	7.954068E-12	7.409170E+2
4.500000E-1	3.051111E-6	3.051111E-6	9.585346E-12	7.419199E+2
5.000000E-1	3.539233E-6	3.539233E-6	1.111883E-11	7.429229E+2
5.000000E-1	3.534303E-6	3.534303E-6	1.110334E-11	7.439248E+2
4.500000E-1	2.817251E-6	2.817251E-6	8.850656E-12	7.449277E+2
4.000000E-1	2.203042E-6	2.203042E-6	6.921061E-12	7.459297E+2
3.500000E-1	1.734083E-6	1.734083E-6	5.447781E-12	7.469326E+2
3.000000E-1	1.371018E-6	1.371018E-6	4.307180E-12	7.479346E+2
2.500000E-1	1.047635E-6	1.047635E-6	3.291242E-12	7.489375E+2
2.000000E-1	7.618843E-7	7.618843E-7	2.393530E-12	7.499395E+2
1.500000E-1	5.344346E-7	5.344346E-7	1.678976E-12	7.509424E+2
1.000000E-1	3.297792E-7	3.297792E-7	1.036032E-12	7.519443E+2
5.000000E-2	1.668378E-7	1.668378E-7	5.241363E-13	7.529473E+2
0.000000E+0	2.471556E-8	2.471556E-8	7.764622E-14	7.539492E+2
-5.000000E-2	1.104050E-7	-1.104050E-7	-3.468476E-13	7.549521E+2
-1.000000E-1	2.682312E-7	-2.682312E-7	-8.426732E-13	7.559551E+2
-1.500000E-1	4.533086E-7	-4.533086E-7	-1.424111E-12	7.569580E+2
-2.000000E-1	6.470177E-7	-6.470177E-7	-2.032666E-12	7.579600E+2
-2.500000E-1	8.601545E-7	-8.601545E-7	-2.702255E-12	7.589629E+2
-3.000000E-1	1.090753E-6	-1.090753E-6	-3.426703E-12	7.599648E+2
-3.500000E-1	1.303299E-6	-1.303299E-6	-4.094433E-12	7.609678E+2
-4.000000E-1	1.603746E-6	-1.603746E-6	-5.038317E-12	7.619697E+2
-4.500000E-1	1.987537E-6	-1.987537E-6	-6.244033E-12	7.629727E+2
-5.000000E-1	2.238050E-6	-2.238050E-6	-7.031042E-12	7.639756E+2
-5.000000E-1	2.139197E-6	-2.139197E-6	-6.720485E-12	7.649775E+2
-4.500000E-1	1.796563E-6	-1.796563E-6	-5.644069E-12	7.659805E+2
-4.000000E-1	1.440447E-6	-1.440447E-6	-4.525297E-12	7.669824E+2
-3.500000E-1	1.137587E-6	-1.137587E-6	-3.573836E-12	7.679854E+2
-3.000000E-1	8.435625E-7	-8.435625E-7	-2.650130E-12	7.689883E+2
-2.500000E-1	6.012266E-7	-6.012266E-7	-1.888809E-12	7.699902E+2
-2.000000E-1	4.206459E-7	-4.206459E-7	-1.321498E-12	7.709932E+2
-1.500000E-1	2.834979E-7	-2.834979E-7	-8.906348E-13	7.719951E+2
-1.000000E-1	3.775585E-8	-3.775585E-8	-1.186135E-13	7.729980E+2
-5.000000E-2	1.232597E-7	1.232597E-7	3.872319E-13	7.740000E+2
0.000000E+0	2.640037E-7	2.640037E-7	8.293921E-13	7.750029E+2
0.000000E+0	2.270253E-7	2.270253E-7	7.132211E-13	7.760059E+2
5.000000E-2	3.973794E-7	3.973794E-7	1.248404E-12	7.770088E+2
1.000000E-1	5.700039E-7	5.700039E-7	1.790720E-12	7.780107E+2
1.500000E-1	7.868295E-7	7.868295E-7	2.471898E-12	7.790137E+2
2.000000E-1	1.042581E-6	1.042581E-6	3.275366E-12	7.800156E+2
2.500000E-1	1.298369E-6	1.298369E-6	4.078946E-12	7.810186E+2
3.000000E-1	1.658787E-6	1.658787E-6	5.211234E-12	7.820205E+2
3.500000E-1	2.044712E-6	2.044712E-6	6.423653E-12	7.830234E+2
4.000000E-1	2.484141E-6	2.484141E-6	7.804160E-12	7.840254E+2
4.500000E-1	2.914665E-6	2.914665E-6	9.156689E-12	7.850283E+2
5.000000E-1	3.430031E-6	3.430031E-6	1.077576E-11	7.860313E+2
5.000000E-1	3.400231E-6	3.400231E-6	1.068214E-11	7.870332E+2
4.500000E-1	2.921489E-6	2.921489E-6	9.178130E-12	7.880361E+2
4.000000E-1	2.331528E-6	2.331528E-6	7.324710E-12	7.890381E+2
3.500000E-1	1.852850E-6	1.852850E-6	5.820899E-12	7.900410E+2
3.000000E-1	1.591417E-6	1.591417E-6	4.999584E-12	7.910430E+2
2.500000E-1	1.220056E-6	1.220056E-6	3.832920E-12	7.920459E+2
2.000000E-1	9.144492E-7	9.144492E-7	2.872827E-12	7.930479E+2
1.500000E-1	6.343438E-7	6.343438E-7	1.992850E-12	7.940508E+2
1.000000E-1	3.791574E-7	3.791574E-7	1.191158E-12	7.950537E+2
5.000000E-2	2.095986E-7	2.095986E-7	6.584733E-13	7.960557E+2
0.000000E+0	2.597453E-8	2.597453E-8	8.160139E-14	7.970586E+2
-5.000000E-2	1.310830E-7	-1.310830E-7	-4.118095E-13	7.980615E+2
-1.000000E-1	3.253044E-7	-3.253044E-7	-1.021974E-12	7.990635E+2
-1.500000E-1	5.382251E-7	-5.382251E-7	-1.690884E-12	8.000664E+2
-2.000000E-1	6.994261E-7	-6.994261E-7	-2.197312E-12	8.010684E+2
-2.500000E-1	9.399290E-7	-9.399290E-7	-2.952874E-12	8.020713E+2
-3.000000E-1	1.227071E-6	-1.227071E-6	-3.854958E-12	8.030742E+2
-3.500000E-1	1.437650E-6	-1.437650E-6	-4.516512E-12	8.040762E+2
-4.000000E-1	1.713935E-6	-1.713935E-6	-5.384485E-12	8.050791E+2
-4.500000E-1	1.912622E-6	-1.912622E-6	-6.008680E-12	8.060811E+2
-5.000000E-1	2.211064E-6	-2.211064E-6	-6.946263E-12	8.070840E+2
-5.000000E-1	2.080070E-6	-2.080070E-6	-6.534731E-12	8.080859E+2
-4.500000E-1	1.631735E-6	-1.631735E-6	-5.126247E-12	8.090889E+2
-4.000000E-1	1.423170E-6	-1.423170E-6	-4.471021E-12	8.100918E+2
-3.500000E-1	1.194161E-6	-1.194161E-6	-3.751569E-12	8.110938E+2
-3.000000E-1	9.150190E-7	-9.150190E-7	-2.874617E-12	8.120967E+2
-2.500000E-1	6.220635E-7	-6.220635E-7	-1.954270E-12	8.130986E+2
-2.000000E-1	4.164671E-7	-4.164671E-7	-1.308370E-12	8.141016E+2
-1.500000E-1	2.124699E-7	-2.124699E-7	-6.674938E-13	8.151045E+2
-1.000000E-1	4.777016E-8	-4.777016E-8	-1.500744E-13	8.161064E+2
-5.000000E-2	1.168015E-7	1.168015E-7	3.669426E-13	8.171094E+2
0.000000E+0	2.620379E-7	2.620379E-7	8.232165E-13	8.181113E+2
0.000000E+0	2.233765E-7	2.233765E-7	7.017581E-13	8.191143E+2
5.000000E-2	3.962353E-7	3.962353E-7	1.244810E-12	8.201172E+2
1.000000E-1	5.792275E-7	5.792275E-7	1.819697E-12	8.211201E+2
1.500000E-1	7.846959E-7	7.846959E-7	2.465195E-12	8.221221E+2
2.000000E-1	1.019677E-6	1.019677E-6	3.203410E-12	8.231250E+2
2.500000E-1	1.296681E-6	1.296681E-6	4.073644E-12	8.241270E+2
3.000000E-1	1.603534E-6	1.603534E-6	5.037651E-12	8.251299E+2
3.500000E-1	1.998550E-6	1.998550E-6	6.278630E-12	8.261318E+2
4.000000E-1	2.385001E-6	2.385001E-6	7.492701E-12	8.271348E+2
4.500000E-1	2.805081E-6	2.805081E-6	8.812423E-12	8.281367E+2
5.000000E-1	3.342432E-6	3.342432E-6	1.050056E-11	8.291396E+2
5.000000E-1	3.217231E-6	3.217231E-6	1.010723E-11	8.301426E+2
4.500000E-1	2.657720E-6	2.657720E-6	8.349474E-12	8.311445E+2
4.000000E-1	2.142660E-6	2.142660E-6	6.731365E-12	8.321475E+2
3.500000E-1	1.706779E-6	1.706779E-6	5.362003E-12	8.331494E+2
3.000000E-1	1.385874E-6	1.385874E-6	4.353851E-12	8.341523E+2
2.500000E-1	1.058484E-6	1.058484E-6	3.325326E-12	8.351543E+2
2.000000E-1	7.784185E-7	7.784185E-7	2.445474E-12	8.361572E+2
1.500000E-1	5.463706E-7	5.463706E-7	1.716474E-12	8.371592E+2
1.000000E-1	3.450416E-7	3.450416E-7	1.083980E-12	8.381621E+2
5.000000E-2	1.767814E-7	1.767814E-7	5.553752E-13	8.391650E+2
0.000000E+0	2.455653E-8	2.455653E-8	7.714662E-14	8.401670E+2
-5.000000E-2	1.149196E-7	-1.149196E-7	-3.610306E-13	8.411699E+2
-1.000000E-1	2.616051E-7	-2.616051E-7	-8.218565E-13	8.421729E+2
-1.500000E-1	4.261724E-7	-4.261724E-7	-1.338860E-12	8.431748E+2
-2.000000E-1	6.083431E-7	-6.083431E-7	-1.911166E-12	8.441777E+2
-2.500000E-1	8.159801E-7	-8.159801E-7	-2.563477E-12	8.451807E+2
-3.000000E-1	1.062831E-6	-1.062831E-6	-3.338982E-12	8.461826E+2
-3.500000E-1	1.296907E-6	-1.296907E-6	-4.074352E-12	8.471855E+2
-4.000000E-1	1.633126E-6	-1.633126E-6	-5.130618E-12	8.481875E+2
-4.500000E-1	1.934197E-6	-1.934197E-6	-6.076459E-12	8.491904E+2
-5.000000E-1	2.343349E-6	-2.343349E-6	-7.361847E-12	8.501924E+2
-5.000000E-1	2.523452E-6	-2.523452E-6	-7.927659E-12	8.511953E+2
-4.500000E-1	2.188990E-6	-2.188990E-6	-6.876916E-12	8.521982E+2
-4.000000E-1	1.654878E-6	-1.654878E-6	-5.198952E-12	8.532002E+2
-3.500000E-1	1.232244E-6	-1.232244E-6	-3.871209E-12	8.542031E+2
-3.000000E-1	8.705222E-7	-8.705222E-7	-2.734826E-12	8.552051E+2
-2.500000E-1	6.274617E-7	-6.274617E-7	-1.971229E-12	8.562080E+2
-2.000000E-1	4.000430E-7	-4.000430E-7	-1.256772E-12	8.572109E+2
-1.500000E-1	2.016516E-7	-2.016516E-7	-6.335071E-13	8.582129E+2
-1.000000E-1	3.193807E-8	-3.193807E-8	-1.003364E-13	8.592158E+2
-5.000000E-2	1.244657E-7	1.244657E-7	3.910205E-13	8.602178E+2
0.000000E+0	2.631909E-7	2.631909E-7	8.268386E-13	8.612207E+2
