voltage_6_2_21_500mv_500ms	absJ_6_2_21_500mv_500ms	J_6_2_21_500mv_500ms	current_6_2_21_500mv_500ms	time_6_2_21_500mv_500ms	
0.000000E+0	3.808197E-8	3.808197E-8	1.477013E-13	0.000000E+0
5.000000E-2	4.583552E-5	4.583552E-5	1.777735E-10	2.013672E+0
1.000000E-1	1.239130E-4	1.239130E-4	4.805976E-10	2.681641E+0
1.500000E-1	1.860058E-4	1.860058E-4	7.214252E-10	3.349609E+0
2.000000E-1	3.119072E-4	3.119072E-4	1.209735E-9	5.362305E+0
2.500000E-1	5.224481E-4	5.224481E-4	2.026320E-9	6.029297E+0
3.000000E-1	7.386627E-4	7.386627E-4	2.864910E-9	6.697266E+0
3.500000E-1	1.161011E-3	1.161011E-3	4.502992E-9	7.364258E+0
4.000000E-1	1.361332E-3	1.361332E-3	5.279939E-9	8.031250E+0
4.500000E-1	1.783213E-3	1.783213E-3	6.916208E-9	8.699219E+0
5.000000E-1	2.447987E-3	2.447987E-3	9.494540E-9	9.366211E+0
5.000000E-1	3.311816E-3	3.311816E-3	1.284491E-8	1.137891E+1
4.500000E-1	2.228569E-3	2.228569E-3	8.643528E-9	1.271875E+1
4.000000E-1	1.901266E-3	1.901266E-3	7.374080E-9	1.338574E+1
3.500000E-1	1.063971E-3	1.063971E-3	4.126620E-9	1.405273E+1
3.000000E-1	7.787937E-4	7.787937E-4	3.020559E-9	1.472070E+1
2.500000E-1	5.300828E-4	5.300828E-4	2.055931E-9	1.538770E+1
2.000000E-1	3.321108E-4	3.321108E-4	1.288095E-9	1.605469E+1
1.500000E-1	2.209590E-4	2.209590E-4	8.569916E-10	1.739453E+1
1.000000E-1	1.193018E-4	1.193018E-4	4.627130E-10	1.806250E+1
5.000000E-2	4.495578E-5	4.495578E-5	1.743614E-10	1.873047E+1
0.000000E+0	4.741015E-8	-4.741015E-8	-1.838807E-13	2.050391E+1
-5.000000E-2	4.227397E-5	-4.227397E-5	-1.639600E-10	2.251855E+1
-1.000000E-1	9.396122E-5	-9.396122E-5	-3.644295E-10	2.318652E+1
-1.500000E-1	1.456178E-4	-1.456178E-4	-5.647799E-10	2.385352E+1
-2.000000E-1	2.617307E-4	-2.617307E-4	-1.015125E-9	2.452148E+1
-2.500000E-1	5.059278E-4	-5.059278E-4	-1.962246E-9	2.653516E+1
-3.000000E-1	7.300647E-4	-7.300647E-4	-2.831563E-9	2.720215E+1
-3.500000E-1	8.772404E-4	-8.772404E-4	-3.402385E-9	2.786914E+1
-4.000000E-1	1.562379E-3	-1.562379E-3	-6.059703E-9	2.853613E+1
-4.500000E-1	1.506913E-3	-1.506913E-3	-5.844577E-9	2.920410E+1
-5.000000E-1	2.252349E-3	-2.252349E-3	-8.735756E-9	2.987109E+1
-5.000000E-1	1.935485E-3	-1.935485E-3	-7.506798E-9	3.053809E+1
-4.500000E-1	1.460354E-3	-1.460354E-3	-5.663995E-9	3.120605E+1
-4.000000E-1	1.359821E-3	-1.359821E-3	-5.274077E-9	3.187305E+1
-3.500000E-1	9.315656E-4	-9.315656E-4	-3.613086E-9	3.254004E+1
-3.000000E-1	6.717955E-4	-6.717955E-4	-2.605565E-9	3.320703E+1
-2.500000E-1	3.959449E-4	-3.959449E-4	-1.535676E-9	3.387500E+1
-2.000000E-1	2.818743E-4	-2.818743E-4	-1.093252E-9	3.656055E+1
-1.500000E-1	1.710126E-4	-1.710126E-4	-6.632740E-10	3.790039E+1
-1.000000E-1	8.127952E-5	-8.127952E-5	-3.152434E-10	3.856836E+1
-5.000000E-2	3.899565E-5	-3.899565E-5	-1.512450E-10	3.923633E+1
0.000000E+0	1.637600E-7	-1.637600E-7	-6.351447E-13	4.100977E+1
0.000000E+0	8.712017E-8	-8.712017E-8	-3.378964E-13	4.201270E+1
5.000000E-2	4.427673E-5	4.427673E-5	1.717277E-10	4.402637E+1
1.000000E-1	1.088208E-4	1.088208E-4	4.220624E-10	4.469434E+1
1.500000E-1	1.726738E-4	1.726738E-4	6.697171E-10	4.536133E+1
2.000000E-1	4.500860E-4	4.500860E-4	1.745663E-9	4.737500E+1
2.500000E-1	6.746664E-4	6.746664E-4	2.616700E-9	4.804199E+1
3.000000E-1	1.161234E-3	1.161234E-3	4.503857E-9	4.870898E+1
3.500000E-1	1.508465E-3	1.508465E-3	5.850597E-9	4.937695E+1
4.000000E-1	1.731196E-3	1.731196E-3	6.714461E-9	5.004395E+1
4.500000E-1	1.565194E-3	1.565194E-3	6.070621E-9	5.205664E+1
5.000000E-1	3.358829E-3	3.358829E-3	1.302725E-8	5.474121E+1
5.000000E-1	2.654381E-3	2.654381E-3	1.029504E-8	5.540918E+1
4.500000E-1	1.823275E-3	1.823275E-3	7.071590E-9	5.674902E+1
4.000000E-1	1.441415E-3	1.441415E-3	5.590540E-9	5.741602E+1
3.500000E-1	1.100892E-3	1.100892E-3	4.269821E-9	5.808301E+1
3.000000E-1	7.397045E-4	7.397045E-4	2.868951E-9	5.875000E+1
2.500000E-1	5.958266E-4	5.958266E-4	2.310919E-9	5.941797E+1
2.000000E-1	3.855842E-4	3.855842E-4	1.495492E-9	6.008496E+1
1.500000E-1	2.248501E-4	2.248501E-4	8.720831E-10	6.142480E+1
1.000000E-1	1.220488E-4	1.220488E-4	4.733673E-10	6.209277E+1
5.000000E-2	5.022306E-5	5.022306E-5	1.947906E-10	6.276074E+1
0.000000E+0	1.463811E-8	-1.463811E-8	-5.677403E-14	6.453418E+1
-5.000000E-2	3.042849E-5	-3.042849E-5	-1.180172E-10	6.654883E+1
-1.000000E-1	7.355950E-5	-7.355950E-5	-2.853012E-10	6.721680E+1
-1.500000E-1	1.172010E-4	-1.172010E-4	-4.545653E-10	6.788379E+1
-2.000000E-1	2.530330E-4	-2.530330E-4	-9.813909E-10	6.855176E+1
-2.500000E-1	2.926833E-4	-2.926833E-4	-1.135175E-9	7.056543E+1
-3.000000E-1	8.543991E-4	-8.543991E-4	-3.313795E-9	7.123242E+1
-3.500000E-1	1.424830E-3	-1.424830E-3	-5.526217E-9	7.189941E+1
-4.000000E-1	2.005842E-3	-2.005842E-3	-7.779676E-9	7.256738E+1
-4.500000E-1	2.485399E-3	-2.485399E-3	-9.639643E-9	7.323437E+1
-5.000000E-1	4.008081E-3	-4.008081E-3	-1.554538E-8	7.524707E+1
-5.000000E-1	4.006846E-3	-4.006846E-3	-1.554059E-8	7.591406E+1
-4.500000E-1	2.669626E-3	-2.669626E-3	-1.035417E-8	7.658105E+1
-4.000000E-1	1.575696E-3	-1.575696E-3	-6.111352E-9	7.792090E+1
-3.500000E-1	1.242094E-3	-1.242094E-3	-4.817475E-9	7.858887E+1
-3.000000E-1	8.340346E-4	-8.340346E-4	-3.234811E-9	7.925586E+1
-2.500000E-1	6.378337E-4	-6.378337E-4	-2.473844E-9	7.992285E+1
-2.000000E-1	4.076001E-4	-4.076001E-4	-1.580881E-9	8.058984E+1
-1.500000E-1	2.685944E-4	-2.685944E-4	-1.041746E-9	8.327539E+1
-1.000000E-1	1.451353E-4	-1.451353E-4	-5.629087E-10	8.461523E+1
-5.000000E-2	4.796141E-5	-4.796141E-5	-1.860188E-10	8.528320E+1
0.000000E+0	2.440209E-7	-2.440209E-7	-9.464374E-13	8.705664E+1
0.000000E+0	2.564263E-7	-2.564263E-7	-9.945517E-13	8.806055E+1
5.000000E-2	7.540064E-5	7.540064E-5	2.924421E-10	9.007324E+1
1.000000E-1	1.599760E-4	1.599760E-4	6.204683E-10	9.074121E+1
1.500000E-1	3.365396E-4	3.365396E-4	1.305272E-9	9.275391E+1
2.000000E-1	4.915543E-4	4.915543E-4	1.906498E-9	9.342187E+1
2.500000E-1	7.392765E-4	7.392765E-4	2.867291E-9	9.408887E+1
3.000000E-1	1.048418E-3	1.048418E-3	4.066299E-9	9.475586E+1
3.500000E-1	1.188818E-3	1.188818E-3	4.610843E-9	9.542383E+1
4.000000E-1	2.075063E-3	2.075063E-3	8.048152E-9	9.609082E+1
4.500000E-1	2.817863E-3	2.817863E-3	1.092911E-8	9.810352E+1
5.000000E-1	3.134823E-3	3.134823E-3	1.215844E-8	9.877051E+1
5.000000E-1	3.239474E-3	3.239474E-3	1.256433E-8	9.943750E+1
4.500000E-1	2.612934E-3	2.612934E-3	1.013429E-8	1.001055E+2
4.000000E-1	2.031637E-3	2.031637E-3	7.879722E-9	1.014453E+2
3.500000E-1	1.298796E-3	1.298796E-3	5.037394E-9	1.021123E+2
3.000000E-1	1.010883E-3	1.010883E-3	3.920721E-9	1.027793E+2
2.500000E-1	6.570942E-4	6.570942E-4	2.548546E-9	1.034473E+2
2.000000E-1	4.125224E-4	4.125224E-4	1.599972E-9	1.041143E+2
1.500000E-1	2.680638E-4	2.680638E-4	1.039688E-9	1.054541E+2
1.000000E-1	1.313358E-4	1.313358E-4	5.093871E-10	1.061221E+2
5.000000E-2	5.273467E-5	5.273467E-5	2.045319E-10	1.067900E+2
0.000000E+0	1.086283E-7	-1.086283E-7	-4.213158E-13	1.085635E+2
-5.000000E-2	6.106119E-5	-6.106119E-5	-2.368264E-10	1.105781E+2
-1.000000E-1	1.654596E-4	-1.654596E-4	-6.417368E-10	1.112461E+2
-1.500000E-1	2.954970E-4	-2.954970E-4	-1.146088E-9	1.132588E+2
-2.000000E-1	5.643668E-4	-5.643668E-4	-2.188902E-9	1.139258E+2
-2.500000E-1	9.767523E-4	-9.767523E-4	-3.788343E-9	1.145938E+2
-3.000000E-1	1.284406E-3	-1.284406E-3	-4.981579E-9	1.152607E+2
-3.500000E-1	1.825437E-3	-1.825437E-3	-7.079975E-9	1.159277E+2
-4.000000E-1	3.319582E-3	-3.319582E-3	-1.287503E-8	1.179404E+2
-4.500000E-1	4.024293E-3	-4.024293E-3	-1.560826E-8	1.186084E+2
-5.000000E-1	5.465386E-3	-5.465386E-3	-2.119755E-8	1.192754E+2
-5.000000E-1	6.031562E-3	-6.031562E-3	-2.339347E-8	1.199424E+2
-4.500000E-1	4.580267E-3	-4.580267E-3	-1.776461E-8	1.206104E+2
-4.000000E-1	3.397114E-3	-3.397114E-3	-1.317574E-8	1.212773E+2
-3.500000E-1	2.230007E-3	-2.230007E-3	-8.649104E-9	1.226172E+2
-3.000000E-1	1.781622E-3	-1.781622E-3	-6.910036E-9	1.232842E+2
-2.500000E-1	1.242443E-3	-1.242443E-3	-4.818827E-9	1.239521E+2
-2.000000E-1	8.323244E-4	-8.323244E-4	-3.228178E-9	1.246191E+2
-1.500000E-1	4.814589E-4	-4.814589E-4	-1.867343E-9	1.252861E+2
-1.000000E-1	2.356779E-4	-2.356779E-4	-9.140789E-10	1.266260E+2
-5.000000E-2	1.016882E-4	-1.016882E-4	-3.943987E-10	1.272939E+2
0.000000E+0	3.306329E-7	-3.306329E-7	-1.282363E-12	1.290674E+2
0.000000E+0	2.560434E-7	-2.560434E-7	-9.930667E-13	1.300713E+2
5.000000E-2	1.050507E-4	1.050507E-4	4.074400E-10	1.320840E+2
1.000000E-1	2.589750E-4	2.589750E-4	1.004437E-9	1.327520E+2
1.500000E-1	6.101661E-4	6.101661E-4	2.366535E-9	1.347646E+2
2.000000E-1	9.090018E-4	9.090018E-4	3.525572E-9	1.354326E+2
2.500000E-1	1.453942E-3	1.453942E-3	5.639126E-9	1.360996E+2
3.000000E-1	2.220303E-3	2.220303E-3	8.611464E-9	1.367666E+2
3.500000E-1	2.878629E-3	2.878629E-3	1.116479E-8	1.387793E+2
4.000000E-1	3.502629E-3	3.502629E-3	1.358498E-8	1.394463E+2
4.500000E-1	4.446020E-3	4.446020E-3	1.724393E-8	1.401143E+2
5.000000E-1	5.849894E-3	5.849894E-3	2.268887E-8	1.407812E+2
5.000000E-1	5.874631E-3	5.874631E-3	2.278481E-8	1.414482E+2
4.500000E-1	4.504890E-3	4.504890E-3	1.747226E-8	1.421152E+2
4.000000E-1	3.271267E-3	3.271267E-3	1.268764E-8	1.427832E+2
3.500000E-1	2.277166E-3	2.277166E-3	8.832012E-9	1.441230E+2
3.000000E-1	1.837806E-3	1.837806E-3	7.127950E-9	1.447900E+2
2.500000E-1	1.185012E-3	1.185012E-3	4.596079E-9	1.454570E+2
2.000000E-1	7.043838E-4	7.043838E-4	2.731959E-9	1.461250E+2
1.500000E-1	4.506718E-4	4.506718E-4	1.747935E-9	1.467920E+2
1.000000E-1	2.244074E-4	2.244074E-4	8.703662E-10	1.481318E+2
5.000000E-2	8.286083E-5	8.286083E-5	3.213765E-10	1.487998E+2
0.000000E+0	1.546930E-7	-1.546930E-7	-5.999784E-13	1.505732E+2
-5.000000E-2	1.011634E-4	-1.011634E-4	-3.923634E-10	1.525879E+2
-1.000000E-1	2.349141E-4	-2.349141E-4	-9.111166E-10	1.532559E+2
-1.500000E-1	3.517511E-4	-3.517511E-4	-1.364270E-9	1.552686E+2
-2.000000E-1	6.379180E-4	-6.379180E-4	-2.474171E-9	1.559355E+2
-2.500000E-1	1.149517E-3	-1.149517E-3	-4.458413E-9	1.566035E+2
-3.000000E-1	1.663940E-3	-1.663940E-3	-6.453608E-9	1.572705E+2
-3.500000E-1	2.523161E-3	-2.523161E-3	-9.786105E-9	1.579375E+2
-4.000000E-1	3.430488E-3	-3.430488E-3	-1.330518E-8	1.599502E+2
-4.500000E-1	4.480311E-3	-4.480311E-3	-1.737693E-8	1.606172E+2
-5.000000E-1	6.353941E-3	-6.353941E-3	-2.464382E-8	1.612842E+2
-5.000000E-1	5.266500E-3	-5.266500E-3	-2.042617E-8	1.619521E+2
-4.500000E-1	4.979972E-3	-4.979972E-3	-1.931487E-8	1.626191E+2
-4.000000E-1	3.633886E-3	-3.633886E-3	-1.409406E-8	1.632861E+2
-3.500000E-1	2.521740E-3	-2.521740E-3	-9.780592E-9	1.659717E+2
-3.000000E-1	1.358065E-3	-1.358065E-3	-5.267268E-9	1.673115E+2
-2.500000E-1	1.359504E-3	-1.359504E-3	-5.272848E-9	1.679785E+2
-2.000000E-1	1.051122E-3	-1.051122E-3	-4.076788E-9	1.686455E+2
-1.500000E-1	6.072183E-4	-6.072183E-4	-2.355102E-9	1.693135E+2
-1.000000E-1	3.142351E-4	-3.142351E-4	-1.218764E-9	1.699805E+2
-5.000000E-2	1.334790E-4	-1.334790E-4	-5.176997E-10	1.713203E+2
0.000000E+0	3.259456E-7	-3.259456E-7	-1.264183E-12	1.730938E+2
0.000000E+0	3.612903E-7	-3.612903E-7	-1.401268E-12	1.740967E+2
5.000000E-2	9.531185E-5	9.531185E-5	3.696679E-10	1.761104E+2
1.000000E-1	2.803394E-4	2.803394E-4	1.087299E-9	1.787900E+2
1.500000E-1	5.344252E-4	5.344252E-4	2.072773E-9	1.794570E+2
2.000000E-1	9.044132E-4	9.044132E-4	3.507775E-9	1.801250E+2
2.500000E-1	1.362537E-3	1.362537E-3	5.284611E-9	1.807920E+2
3.000000E-1	2.421515E-3	2.421515E-3	9.391869E-9	1.814590E+2
3.500000E-1	2.800635E-3	2.800635E-3	1.086229E-8	1.834717E+2
4.000000E-1	3.891319E-3	3.891319E-3	1.509252E-8	1.841387E+2
4.500000E-1	4.867772E-3	4.867772E-3	1.887970E-8	1.848066E+2
5.000000E-1	6.944670E-3	6.944670E-3	2.693497E-8	1.854736E+2
5.000000E-1	7.470558E-3	7.470558E-3	2.897463E-8	1.861406E+2
4.500000E-1	5.650820E-3	5.650820E-3	2.191676E-8	1.868076E+2
4.000000E-1	4.688626E-3	4.688626E-3	1.818488E-8	1.874756E+2
3.500000E-1	2.835290E-3	2.835290E-3	1.099670E-8	1.881426E+2
3.000000E-1	2.097226E-3	2.097226E-3	8.134112E-9	1.894824E+2
2.500000E-1	1.361915E-3	1.361915E-3	5.282200E-9	1.901494E+2
2.000000E-1	9.253145E-4	9.253145E-4	3.588841E-9	1.908174E+2
1.500000E-1	5.255068E-4	5.255068E-4	2.038183E-9	1.914844E+2
1.000000E-1	3.570810E-4	3.570810E-4	1.384942E-9	1.921514E+2
5.000000E-2	1.818225E-4	1.818225E-4	7.052002E-10	1.934912E+2
0.000000E+0	6.807811E-7	-6.807811E-7	-2.640416E-12	1.952646E+2
-5.000000E-2	2.482643E-4	-2.482643E-4	-9.628954E-10	1.972793E+2
-1.000000E-1	3.382629E-4	-3.382629E-4	-1.311956E-9	1.992920E+2
-1.500000E-1	6.220346E-4	-6.220346E-4	-2.412567E-9	1.999590E+2
-2.000000E-1	1.114437E-3	-1.114437E-3	-4.322353E-9	2.006270E+2
-2.500000E-1	1.777763E-3	-1.777763E-3	-6.895070E-9	2.012939E+2
-3.000000E-1	2.614144E-3	-2.614144E-3	-1.013898E-8	2.019609E+2
-3.500000E-1	3.160848E-3	-3.160848E-3	-1.225938E-8	2.039736E+2
-4.000000E-1	4.582167E-3	-4.582167E-3	-1.777198E-8	2.046416E+2
-4.500000E-1	6.374023E-3	-6.374023E-3	-2.472171E-8	2.053086E+2
-5.000000E-1	6.833043E-3	-6.833043E-3	-2.650202E-8	2.059756E+2
-5.000000E-1	7.496315E-3	-7.496315E-3	-2.907453E-8	2.066426E+2
-4.500000E-1	6.195058E-3	-6.195058E-3	-2.402759E-8	2.073105E+2
-4.000000E-1	4.774840E-3	-4.774840E-3	-1.851926E-8	2.079775E+2
-3.500000E-1	3.466205E-3	-3.466205E-3	-1.344371E-8	2.086445E+2
-3.000000E-1	2.605998E-3	-2.605998E-3	-1.010739E-8	2.099844E+2
-2.500000E-1	1.669042E-3	-1.669042E-3	-6.473397E-9	2.106523E+2
-2.000000E-1	1.147043E-3	-1.147043E-3	-4.448817E-9	2.113193E+2
-1.500000E-1	5.523320E-4	-5.523320E-4	-2.142225E-9	2.119863E+2
-1.000000E-1	2.885980E-4	-2.885980E-4	-1.119330E-9	2.126543E+2
-5.000000E-2	1.060002E-4	-1.060002E-4	-4.111226E-10	2.139941E+2
0.000000E+0	2.409044E-7	-2.409044E-7	-9.343498E-13	2.157676E+2
0.000000E+0	3.101016E-7	-3.101016E-7	-1.202732E-12	2.167705E+2
5.000000E-2	1.266408E-4	1.266408E-4	4.911777E-10	2.187842E+2
1.000000E-1	3.226966E-4	3.226966E-4	1.251582E-9	2.207969E+2
1.500000E-1	6.296272E-4	6.296272E-4	2.442015E-9	2.214639E+2
2.000000E-1	9.803823E-4	9.803823E-4	3.802422E-9	2.221318E+2
2.500000E-1	1.595273E-3	1.595273E-3	6.187280E-9	2.227988E+2
3.000000E-1	2.540742E-3	2.540742E-3	9.854293E-9	2.234658E+2
3.500000E-1	3.771807E-3	3.771807E-3	1.462899E-8	2.254785E+2
4.000000E-1	5.261792E-3	5.261792E-3	2.040791E-8	2.261455E+2
4.500000E-1	7.142084E-3	7.142084E-3	2.770064E-8	2.268135E+2
5.000000E-1	7.625216E-3	7.625216E-3	2.957447E-8	2.274805E+2
5.000000E-1	9.005746E-3	9.005746E-3	3.492887E-8	2.281475E+2
4.500000E-1	8.136548E-3	8.136548E-3	3.155768E-8	2.288145E+2
4.000000E-1	5.759321E-3	5.759321E-3	2.233758E-8	2.294814E+2
3.500000E-1	4.414521E-3	4.414521E-3	1.712176E-8	2.301494E+2
3.000000E-1	2.652815E-3	2.652815E-3	1.028897E-8	2.308164E+2
2.500000E-1	2.061111E-3	2.061111E-3	7.994039E-9	2.321563E+2
2.000000E-1	1.105458E-3	1.105458E-3	4.287528E-9	2.328232E+2
1.500000E-1	5.899774E-4	5.899774E-4	2.288233E-9	2.334912E+2
1.000000E-1	3.365002E-4	3.365002E-4	1.305119E-9	2.341582E+2
5.000000E-2	1.466210E-4	1.466210E-4	5.686711E-10	2.354980E+2
0.000000E+0	2.780416E-7	-2.780416E-7	-1.078387E-12	2.372725E+2
-5.000000E-2	1.493545E-4	-1.493545E-4	-5.792730E-10	2.392861E+2
-1.000000E-1	3.906021E-4	-3.906021E-4	-1.514954E-9	2.412988E+2
-1.500000E-1	7.298216E-4	-7.298216E-4	-2.830620E-9	2.419658E+2
-2.000000E-1	1.023561E-3	-1.023561E-3	-3.969890E-9	2.426338E+2
-2.500000E-1	1.168534E-3	-1.168534E-3	-4.532169E-9	2.433008E+2
-3.000000E-1	1.896073E-3	-1.896073E-3	-7.353939E-9	2.439678E+2
-3.500000E-1	2.760102E-3	-2.760102E-3	-1.070508E-8	2.459805E+2
-4.000000E-1	4.112990E-3	-4.112990E-3	-1.595227E-8	2.466475E+2
-4.500000E-1	5.701389E-3	-5.701389E-3	-2.211289E-8	2.473154E+2
-5.000000E-1	7.014323E-3	-7.014323E-3	-2.720512E-8	2.479824E+2
-5.000000E-1	6.400013E-3	-6.400013E-3	-2.482251E-8	2.486494E+2
-4.500000E-1	5.260237E-3	-5.260237E-3	-2.040188E-8	2.493164E+2
-4.000000E-1	4.011500E-3	-4.011500E-3	-1.555864E-8	2.499844E+2
-3.500000E-1	2.920266E-3	-2.920266E-3	-1.132628E-8	2.506514E+2
-3.000000E-1	1.924173E-3	-1.924173E-3	-7.462922E-9	2.519912E+2
-2.500000E-1	1.527946E-3	-1.527946E-3	-5.926151E-9	2.526582E+2
-2.000000E-1	9.843506E-4	-9.843506E-4	-3.817813E-9	2.533262E+2
-1.500000E-1	5.583063E-4	-5.583063E-4	-2.165396E-9	2.539932E+2
-1.000000E-1	2.924402E-4	-2.924402E-4	-1.134232E-9	2.546602E+2
-5.000000E-2	1.273672E-4	-1.273672E-4	-4.939950E-10	2.560010E+2
0.000000E+0	2.658903E-7	-2.658903E-7	-1.031258E-12	2.577744E+2
0.000000E+0	2.341596E-7	-2.341596E-7	-9.081902E-13	2.587773E+2
5.000000E-2	1.361877E-4	1.361877E-4	5.282052E-10	2.607910E+2
1.000000E-1	3.508056E-4	3.508056E-4	1.360603E-9	2.628037E+2
1.500000E-1	5.696856E-4	5.696856E-4	2.209531E-9	2.634707E+2
2.000000E-1	9.905561E-4	9.905561E-4	3.841881E-9	2.641387E+2
2.500000E-1	1.639168E-3	1.639168E-3	6.357529E-9	2.648057E+2
3.000000E-1	2.682368E-3	2.682368E-3	1.040359E-8	2.654727E+2
3.500000E-1	3.966753E-3	3.966753E-3	1.538509E-8	2.674854E+2
4.000000E-1	5.860473E-3	5.860473E-3	2.272990E-8	2.681533E+2
4.500000E-1	8.265853E-3	8.265853E-3	3.205919E-8	2.688203E+2
5.000000E-1	1.003120E-2	1.003120E-2	3.890612E-8	2.694873E+2
5.000000E-1	1.028339E-2	1.028339E-2	3.988421E-8	2.701543E+2
4.500000E-1	6.474714E-3	6.474714E-3	2.511224E-8	2.708223E+2
4.000000E-1	5.163889E-3	5.163889E-3	2.002819E-8	2.714893E+2
3.500000E-1	3.852769E-3	3.852769E-3	1.494300E-8	2.721563E+2
3.000000E-1	2.844784E-3	2.844784E-3	1.103352E-8	2.728232E+2
2.500000E-1	2.364978E-3	2.364978E-3	9.172591E-9	2.741641E+2
2.000000E-1	1.215576E-3	1.215576E-3	4.714622E-9	2.748311E+2
1.500000E-1	7.644101E-4	7.644101E-4	2.964772E-9	2.754980E+2
1.000000E-1	4.013624E-4	4.013624E-4	1.556688E-9	2.761650E+2
5.000000E-2	1.858242E-4	1.858242E-4	7.207208E-10	2.775049E+2
0.000000E+0	2.854555E-7	-2.854555E-7	-1.107142E-12	2.792793E+2
-5.000000E-2	1.350883E-4	-1.350883E-4	-5.239411E-10	2.812930E+2
-1.000000E-1	3.470612E-4	-3.470612E-4	-1.346080E-9	2.833066E+2
-1.500000E-1	6.917637E-4	-6.917637E-4	-2.683012E-9	2.839736E+2
-2.000000E-1	1.238874E-3	-1.238874E-3	-4.804986E-9	2.846406E+2
-2.500000E-1	2.109526E-3	-2.109526E-3	-8.181815E-9	2.853076E+2
-3.000000E-1	3.872261E-3	-3.872261E-3	-1.501860E-8	2.873203E+2
-3.500000E-1	4.407739E-3	-4.407739E-3	-1.709546E-8	2.879873E+2
-4.000000E-1	6.681317E-3	-6.681317E-3	-2.591355E-8	2.886553E+2
-4.500000E-1	8.504205E-3	-8.504205E-3	-3.298364E-8	2.893223E+2
-5.000000E-1	1.181851E-2	-1.181851E-2	-4.583821E-8	2.899893E+2
-5.000000E-1	1.349188E-2	-1.349188E-2	-5.232840E-8	2.906572E+2
-4.500000E-1	1.002246E-2	-1.002246E-2	-3.887220E-8	2.913242E+2
-4.000000E-1	6.880324E-3	-6.880324E-3	-2.668540E-8	2.919912E+2
-3.500000E-1	5.425587E-3	-5.425587E-3	-2.104319E-8	2.926582E+2
-3.000000E-1	3.871302E-3	-3.871302E-3	-1.501488E-8	2.933262E+2
-2.500000E-1	2.015505E-3	-2.015505E-3	-7.817154E-9	2.946660E+2
-2.000000E-1	9.298637E-4	-9.298637E-4	-3.606485E-9	2.953330E+2
-1.500000E-1	6.444852E-4	-6.444852E-4	-2.499642E-9	2.960010E+2
-1.000000E-1	3.367482E-4	-3.367482E-4	-1.306081E-9	2.966680E+2
-5.000000E-2	1.437865E-4	-1.437865E-4	-5.576773E-10	2.980078E+2
0.000000E+0	4.742695E-7	-4.742695E-7	-1.839459E-12	2.997813E+2
0.000000E+0	3.733522E-7	-3.733522E-7	-1.448050E-12	3.007842E+2
5.000000E-2	1.535646E-4	1.535646E-4	5.956018E-10	3.027979E+2
1.000000E-1	3.219175E-4	3.219175E-4	1.248560E-9	3.048105E+2
1.500000E-1	5.954622E-4	5.954622E-4	2.309506E-9	3.054785E+2
2.000000E-1	8.798604E-4	8.798604E-4	3.412547E-9	3.061455E+2
2.500000E-1	1.569284E-3	1.569284E-3	6.086482E-9	3.068125E+2
3.000000E-1	2.384094E-3	2.384094E-3	9.246732E-9	3.074805E+2
3.500000E-1	4.078649E-3	4.078649E-3	1.581908E-8	3.094932E+2
4.000000E-1	5.211623E-3	5.211623E-3	2.021333E-8	3.101602E+2
4.500000E-1	7.724094E-3	7.724094E-3	2.995797E-8	3.108271E+2
5.000000E-1	1.081615E-2	1.081615E-2	4.195054E-8	3.114941E+2
5.000000E-1	1.020836E-2	1.020836E-2	3.959321E-8	3.121621E+2
4.500000E-1	7.277773E-3	7.277773E-3	2.822691E-8	3.128291E+2
4.000000E-1	5.184683E-3	5.184683E-3	2.010884E-8	3.134961E+2
3.500000E-1	3.584302E-3	3.584302E-3	1.390175E-8	3.141631E+2
3.000000E-1	2.667806E-3	2.667806E-3	1.034711E-8	3.148311E+2
2.500000E-1	1.631859E-3	1.631859E-3	6.329180E-9	3.161709E+2
2.000000E-1	1.237513E-3	1.237513E-3	4.799705E-9	3.168379E+2
1.500000E-1	6.028698E-4	6.028698E-4	2.338236E-9	3.175049E+2
1.000000E-1	3.284762E-4	3.284762E-4	1.273998E-9	3.181729E+2
5.000000E-2	9.391982E-5	9.391982E-5	3.642689E-10	3.195127E+2
0.000000E+0	1.953405E-7	-1.953405E-7	-7.576301E-13	3.212861E+2
-5.000000E-2	1.459030E-4	-1.459030E-4	-5.658863E-10	3.232998E+2
-1.000000E-1	3.462761E-4	-3.462761E-4	-1.343035E-9	3.253135E+2
-1.500000E-1	5.870389E-4	-5.870389E-4	-2.276836E-9	3.259805E+2
-2.000000E-1	1.013513E-3	-1.013513E-3	-3.930919E-9	3.266475E+2
-2.500000E-1	1.693276E-3	-1.693276E-3	-6.567386E-9	3.273154E+2
-3.000000E-1	3.333345E-3	-3.333345E-3	-1.292841E-8	3.293281E+2
-3.500000E-1	4.939253E-3	-4.939253E-3	-1.915694E-8	3.299951E+2
-4.000000E-1	6.214080E-3	-6.214080E-3	-2.410137E-8	3.306621E+2
-4.500000E-1	7.878264E-3	-7.878264E-3	-3.055592E-8	3.313291E+2
-5.000000E-1	1.110438E-2	-1.110438E-2	-4.306843E-8	3.319971E+2
-5.000000E-1	1.109965E-2	-1.109965E-2	-4.305009E-8	3.326641E+2
-4.500000E-1	8.432306E-3	-8.432306E-3	-3.270478E-8	3.333311E+2
-4.000000E-1	6.274297E-3	-6.274297E-3	-2.433492E-8	3.339980E+2
-3.500000E-1	4.495093E-3	-4.495093E-3	-1.743426E-8	3.346660E+2
-3.000000E-1	3.188408E-3	-3.188408E-3	-1.236627E-8	3.353330E+2
-2.500000E-1	2.267952E-3	-2.267952E-3	-8.796275E-9	3.366729E+2
-2.000000E-1	1.409910E-3	-1.409910E-3	-5.468350E-9	3.373398E+2
-1.500000E-1	7.817328E-4	-7.817328E-4	-3.031958E-9	3.380078E+2
-1.000000E-1	4.118781E-4	-4.118781E-4	-1.597473E-9	3.386748E+2
-5.000000E-2	1.667907E-4	-1.667907E-4	-6.468995E-10	3.400146E+2
0.000000E+0	4.596709E-7	-4.596709E-7	-1.782838E-12	3.417881E+2
0.000000E+0	2.734831E-7	-2.734831E-7	-1.060707E-12	3.427910E+2
5.000000E-2	1.805530E-4	1.805530E-4	7.002766E-10	3.448047E+2
1.000000E-1	3.780339E-4	3.780339E-4	1.466208E-9	3.468184E+2
1.500000E-1	8.608740E-4	8.608740E-4	3.338908E-9	3.474854E+2
2.000000E-1	1.526028E-3	1.526028E-3	5.918714E-9	3.481523E+2
2.500000E-1	2.323669E-3	2.323669E-3	9.012370E-9	3.488203E+2
3.000000E-1	3.647873E-3	3.647873E-3	1.414831E-8	3.508320E+2
3.500000E-1	5.033895E-3	5.033895E-3	1.952401E-8	3.515000E+2
4.000000E-1	6.731127E-3	6.731127E-3	2.610674E-8	3.521670E+2
4.500000E-1	9.939602E-3	9.939602E-3	3.855084E-8	3.528340E+2
5.000000E-1	1.304412E-2	1.304412E-2	5.059174E-8	3.535010E+2
5.000000E-1	1.345493E-2	1.345493E-2	5.218507E-8	3.541689E+2
4.500000E-1	9.454238E-3	9.454238E-3	3.666835E-8	3.548359E+2
4.000000E-1	6.329027E-3	6.329027E-3	2.454719E-8	3.555029E+2
3.500000E-1	4.534005E-3	4.534005E-3	1.758518E-8	3.561709E+2
3.000000E-1	3.273469E-3	3.273469E-3	1.269618E-8	3.568379E+2
2.500000E-1	2.211179E-3	2.211179E-3	8.576077E-9	3.581777E+2
2.000000E-1	1.321975E-3	1.321975E-3	5.127292E-9	3.588447E+2
1.500000E-1	8.049580E-4	8.049580E-4	3.122037E-9	3.595127E+2
1.000000E-1	4.073459E-4	4.073459E-4	1.579895E-9	3.601797E+2
5.000000E-2	1.458657E-4	1.458657E-4	5.657417E-10	3.615195E+2
0.000000E+0	2.557214E-7	-2.557214E-7	-9.918177E-13	3.632930E+2
-5.000000E-2	1.439395E-4	-1.439395E-4	-5.582707E-10	3.653076E+2
-1.000000E-1	3.218053E-4	-3.218053E-4	-1.248125E-9	3.673203E+2
-1.500000E-1	5.297499E-4	-5.297499E-4	-2.054640E-9	3.679873E+2
-2.000000E-1	1.071079E-3	-1.071079E-3	-4.154189E-9	3.686543E+2
-2.500000E-1	1.898654E-3	-1.898654E-3	-7.363947E-9	3.693223E+2
-3.000000E-1	2.481670E-3	-2.481670E-3	-9.625182E-9	3.713350E+2
-3.500000E-1	3.708169E-3	-3.708169E-3	-1.438217E-8	3.720020E+2
-4.000000E-1	5.208088E-3	-5.208088E-3	-2.019962E-8	3.726689E+2
-4.500000E-1	6.945844E-3	-6.945844E-3	-2.693952E-8	3.733359E+2
-5.000000E-1	1.036804E-2	-1.036804E-2	-4.021254E-8	3.740039E+2
-5.000000E-1	9.818239E-3	-9.818239E-3	-3.808013E-8	3.746709E+2
-4.500000E-1	7.898849E-3	-7.898849E-3	-3.063576E-8	3.753379E+2
-4.000000E-1	5.636964E-3	-5.636964E-3	-2.186302E-8	3.760059E+2
-3.500000E-1	4.251682E-3	-4.251682E-3	-1.649019E-8	3.766729E+2
-3.000000E-1	3.058043E-3	-3.058043E-3	-1.186065E-8	3.773398E+2
-2.500000E-1	2.076392E-3	-2.076392E-3	-8.053305E-9	3.786797E+2
-2.000000E-1	1.221812E-3	-1.221812E-3	-4.738809E-9	3.793477E+2
-1.500000E-1	6.328911E-4	-6.328911E-4	-2.454674E-9	3.800146E+2
-1.000000E-1	3.465914E-4	-3.465914E-4	-1.344258E-9	3.806816E+2
-5.000000E-2	1.541765E-4	-1.541765E-4	-5.979751E-10	3.820215E+2
0.000000E+0	3.825266E-7	-3.825266E-7	-1.483633E-12	3.837959E+2
0.000000E+0	2.430942E-7	-2.430942E-7	-9.428430E-13	3.847988E+2
5.000000E-2	2.132125E-4	2.132125E-4	8.269468E-10	3.868125E+2
1.000000E-1	4.707476E-4	4.707476E-4	1.825799E-9	3.888252E+2
1.500000E-1	9.912230E-4	9.912230E-4	3.844468E-9	3.894922E+2
2.000000E-1	1.650528E-3	1.650528E-3	6.401588E-9	3.901602E+2
2.500000E-1	2.487374E-3	2.487374E-3	9.647303E-9	3.908271E+2
3.000000E-1	2.498045E-3	2.498045E-3	9.688692E-9	3.914941E+2
3.500000E-1	4.641252E-3	4.641252E-3	1.800114E-8	3.935068E+2
4.000000E-1	6.702203E-3	6.702203E-3	2.599456E-8	3.941738E+2
4.500000E-1	8.551780E-3	8.551780E-3	3.316816E-8	3.948418E+2
5.000000E-1	1.084390E-2	1.084390E-2	4.205815E-8	3.955088E+2
5.000000E-1	1.150153E-2	1.150153E-2	4.460879E-8	3.961758E+2
4.500000E-1	9.334756E-3	9.334756E-3	3.620494E-8	3.968428E+2
4.000000E-1	6.883825E-3	6.883825E-3	2.669898E-8	3.975107E+2
3.500000E-1	4.430896E-3	4.430896E-3	1.718527E-8	3.981777E+2
3.000000E-1	3.205435E-3	3.205435E-3	1.243231E-8	3.988447E+2
2.500000E-1	2.033292E-3	2.033292E-3	7.886142E-9	4.001846E+2
2.000000E-1	1.263812E-3	1.263812E-3	4.901707E-9	4.008525E+2
1.500000E-1	7.503743E-4	7.503743E-4	2.910334E-9	4.015195E+2
1.000000E-1	3.801347E-4	3.801347E-4	1.474356E-9	4.021865E+2
5.000000E-2	1.470755E-4	1.470755E-4	5.704338E-10	4.035264E+2
0.000000E+0	3.658346E-7	-3.658346E-7	-1.418893E-12	4.052998E+2
-5.000000E-2	2.022919E-4	-2.022919E-4	-7.845909E-10	4.073145E+2
-1.000000E-1	4.819860E-4	-4.819860E-4	-1.869387E-9	4.093271E+2
-1.500000E-1	9.081736E-4	-9.081736E-4	-3.522360E-9	4.099951E+2
-2.000000E-1	1.140424E-3	-1.140424E-3	-4.423147E-9	4.106621E+2
-2.500000E-1	2.129266E-3	-2.129266E-3	-8.258380E-9	4.113291E+2
-3.000000E-1	3.292587E-3	-3.292587E-3	-1.277033E-8	4.133418E+2
-3.500000E-1	3.811709E-3	-3.811709E-3	-1.478375E-8	4.140088E+2
-4.000000E-1	6.695038E-3	-6.695038E-3	-2.596677E-8	4.146768E+2
-4.500000E-1	9.426750E-3	-9.426750E-3	-3.656174E-8	4.153437E+2
-5.000000E-1	9.951039E-3	-9.951039E-3	-3.859520E-8	4.160107E+2
-5.000000E-1	1.263254E-2	-1.263254E-2	-4.899542E-8	4.166777E+2
-4.500000E-1	1.078449E-2	-1.078449E-2	-4.182773E-8	4.173457E+2
-4.000000E-1	9.113692E-3	-9.113692E-3	-3.534754E-8	4.180127E+2
-3.500000E-1	7.226082E-3	-7.226082E-3	-2.802643E-8	4.186797E+2
-3.000000E-1	4.098912E-3	-4.098912E-3	-1.589767E-8	4.193477E+2
-2.500000E-1	2.377864E-3	-2.377864E-3	-9.222567E-9	4.206875E+2
-2.000000E-1	1.742615E-3	-1.742615E-3	-6.758747E-9	4.213545E+2
-1.500000E-1	8.687794E-4	-8.687794E-4	-3.369569E-9	4.220215E+2
-1.000000E-1	4.388485E-4	-4.388485E-4	-1.702078E-9	4.226895E+2
-5.000000E-2	1.795455E-4	-1.795455E-4	-6.963689E-10	4.240293E+2
0.000000E+0	5.163878E-7	-5.163878E-7	-2.002815E-12	4.258027E+2
0.000000E+0	3.966709E-7	-3.966709E-7	-1.538492E-12	4.268057E+2
5.000000E-2	1.816831E-4	1.816831E-4	7.046596E-10	4.288193E+2
1.000000E-1	4.518465E-4	4.518465E-4	1.752491E-9	4.308320E+2
1.500000E-1	7.766566E-4	7.766566E-4	3.012270E-9	4.315000E+2
2.000000E-1	1.405611E-3	1.405611E-3	5.451676E-9	4.321670E+2
2.500000E-1	2.389531E-3	2.389531E-3	9.267819E-9	4.328340E+2
3.000000E-1	3.800169E-3	3.800169E-3	1.473899E-8	4.348467E+2
3.500000E-1	5.751692E-3	5.751692E-3	2.230799E-8	4.355137E+2
4.000000E-1	7.651220E-3	7.651220E-3	2.967533E-8	4.361807E+2
4.500000E-1	1.095345E-2	1.095345E-2	4.248307E-8	4.368477E+2
5.000000E-1	1.188594E-2	1.188594E-2	4.609975E-8	4.375156E+2
5.000000E-1	1.284955E-2	1.284955E-2	4.983711E-8	4.381826E+2
4.500000E-1	1.053408E-2	1.053408E-2	4.085652E-8	4.388496E+2
4.000000E-1	8.190907E-3	8.190907E-3	3.176851E-8	4.395166E+2
3.500000E-1	5.023342E-3	5.023342E-3	1.948308E-8	4.401836E+2
3.000000E-1	3.331697E-3	3.331697E-3	1.292202E-8	4.408516E+2
2.500000E-1	2.479456E-3	2.479456E-3	9.616594E-9	4.421904E+2
2.000000E-1	1.539592E-3	1.539592E-3	5.971323E-9	4.428584E+2
1.500000E-1	8.301560E-4	8.301560E-4	3.219768E-9	4.435254E+2
1.000000E-1	4.187913E-4	4.187913E-4	1.624286E-9	4.441924E+2
5.000000E-2	1.678950E-4	1.678950E-4	6.511825E-10	4.455322E+2
0.000000E+0	4.486038E-7	-4.486038E-7	-1.739914E-12	4.473057E+2
-5.000000E-2	2.218611E-4	-2.218611E-4	-8.604905E-10	4.493193E+2
-1.000000E-1	4.699311E-4	-4.699311E-4	-1.822632E-9	4.513330E+2
-1.500000E-1	8.189154E-4	-8.189154E-4	-3.176171E-9	4.520000E+2
-2.000000E-1	1.147737E-3	-1.147737E-3	-4.451508E-9	4.526670E+2
-2.500000E-1	2.169936E-3	-2.169936E-3	-8.416117E-9	4.533340E+2
-3.000000E-1	3.814300E-3	-3.814300E-3	-1.479380E-8	4.553467E+2
-3.500000E-1	5.912859E-3	-5.912859E-3	-2.293308E-8	4.560137E+2
-4.000000E-1	7.671135E-3	-7.671135E-3	-2.975257E-8	4.566807E+2
-4.500000E-1	1.053844E-2	-1.053844E-2	-4.087343E-8	4.573477E+2
-5.000000E-1	1.191780E-2	-1.191780E-2	-4.622328E-8	4.580156E+2
-5.000000E-1	1.156028E-2	-1.156028E-2	-4.483665E-8	4.586826E+2
-4.500000E-1	1.124692E-2	-1.124692E-2	-4.362128E-8	4.593496E+2
-4.000000E-1	9.320253E-3	-9.320253E-3	-3.614869E-8	4.600166E+2
-3.500000E-1	6.992281E-3	-6.992281E-3	-2.711963E-8	4.606836E+2
-3.000000E-1	3.129377E-3	-3.129377E-3	-1.213732E-8	4.613516E+2
-2.500000E-1	2.863317E-3	-2.863317E-3	-1.110540E-8	4.640361E+2
-2.000000E-1	1.590492E-3	-1.590492E-3	-6.168738E-9	4.653760E+2
-1.500000E-1	7.658636E-4	-7.658636E-4	-2.970409E-9	4.660430E+2
-1.000000E-1	4.317014E-4	-4.317014E-4	-1.674358E-9	4.667100E+2
-5.000000E-2	1.860384E-4	-1.860384E-4	-7.215516E-10	4.680498E+2
0.000000E+0	5.444259E-7	-5.444259E-7	-2.111561E-12	4.698232E+2
0.000000E+0	4.141534E-7	-4.141534E-7	-1.606298E-12	4.708262E+2
5.000000E-2	2.175797E-4	2.175797E-4	8.438848E-10	4.728398E+2
1.000000E-1	4.861839E-4	4.861839E-4	1.885669E-9	4.748525E+2
1.500000E-1	9.419446E-4	9.419446E-4	3.653341E-9	4.755195E+2
2.000000E-1	7.902634E-4	7.902634E-4	3.065044E-9	4.761875E+2
2.500000E-1	1.723142E-3	1.723142E-3	6.683223E-9	4.768545E+2
3.000000E-1	2.598604E-3	2.598604E-3	1.007871E-8	4.775215E+2
3.500000E-1	3.745903E-3	3.745903E-3	1.452852E-8	4.795342E+2
4.000000E-1	5.384530E-3	5.384530E-3	2.088395E-8	4.802012E+2
4.500000E-1	7.516093E-3	7.516093E-3	2.915124E-8	4.808682E+2
5.000000E-1	1.037056E-2	1.037056E-2	4.022232E-8	4.815352E+2
5.000000E-1	1.104933E-2	1.104933E-2	4.285494E-8	4.822021E+2
4.500000E-1	7.855923E-3	7.855923E-3	3.046927E-8	4.828701E+2
4.000000E-1	6.458030E-3	6.458030E-3	2.504753E-8	4.835371E+2
3.500000E-1	4.907220E-3	4.907220E-3	1.903270E-8	4.842041E+2
3.000000E-1	3.365907E-3	3.365907E-3	1.305470E-8	4.848711E+2
2.500000E-1	1.965666E-3	1.965666E-3	7.623854E-9	4.862109E+2
2.000000E-1	1.280955E-3	1.280955E-3	4.968197E-9	4.868779E+2
1.500000E-1	7.342793E-4	7.342793E-4	2.847909E-9	4.875459E+2
1.000000E-1	4.054243E-4	4.054243E-4	1.572442E-9	4.882129E+2
5.000000E-2	1.434263E-4	1.434263E-4	5.562801E-10	4.895527E+2
0.000000E+0	1.036779E-6	1.036779E-6	4.021158E-12	4.913262E+2
-5.000000E-2	1.934567E-4	-1.934567E-4	-7.503235E-10	4.933398E+2
-1.000000E-1	4.109906E-4	-4.109906E-4	-1.594031E-9	4.953525E+2
-1.500000E-1	8.017972E-4	-8.017972E-4	-3.109778E-9	4.960195E+2
-2.000000E-1	1.314006E-3	-1.314006E-3	-5.096386E-9	4.966875E+2
-2.500000E-1	2.093055E-3	-2.093055E-3	-8.117934E-9	4.973545E+2
-3.000000E-1	3.317465E-3	-3.317465E-3	-1.286682E-8	4.993662E+2
-3.500000E-1	4.993235E-3	-4.993235E-3	-1.936631E-8	5.000342E+2
-4.000000E-1	6.095231E-3	-6.095231E-3	-2.364041E-8	5.007012E+2
-4.500000E-1	7.607095E-3	-7.607095E-3	-2.950419E-8	5.013682E+2
-5.000000E-1	1.128415E-2	-1.128415E-2	-4.376570E-8	5.020352E+2
-5.000000E-1	1.166408E-2	-1.166408E-2	-4.523926E-8	5.027021E+2
-4.500000E-1	9.097750E-3	-9.097750E-3	-3.528571E-8	5.033701E+2
-4.000000E-1	6.687094E-3	-6.687094E-3	-2.593596E-8	5.040371E+2
-3.500000E-1	5.441247E-3	-5.441247E-3	-2.110393E-8	5.047041E+2
-3.000000E-1	3.634613E-3	-3.634613E-3	-1.409688E-8	5.053711E+2
-2.500000E-1	2.715316E-3	-2.715316E-3	-1.053138E-8	5.060381E+2
-2.000000E-1	1.631155E-3	-1.631155E-3	-6.326450E-9	5.073779E+2
-1.500000E-1	1.251611E-3	-1.251611E-3	-4.854384E-9	5.080459E+2
-1.000000E-1	6.423326E-4	-6.423326E-4	-2.491293E-9	5.087129E+2
-5.000000E-2	2.145226E-4	-2.145226E-4	-8.320281E-10	5.100527E+2
0.000000E+0	4.765274E-7	-4.765274E-7	-1.848216E-12	5.118262E+2
0.000000E+0	4.929868E-7	-4.929868E-7	-1.912054E-12	5.128291E+2
5.000000E-2	1.918180E-4	1.918180E-4	7.439681E-10	5.148428E+2
1.000000E-1	5.177358E-4	5.177358E-4	2.008043E-9	5.168555E+2
1.500000E-1	9.427779E-4	9.427779E-4	3.656573E-9	5.175225E+2
2.000000E-1	1.664142E-3	1.664142E-3	6.454392E-9	5.181895E+2
2.500000E-1	2.699937E-3	2.699937E-3	1.047173E-8	5.188574E+2
3.000000E-1	4.161452E-3	4.161452E-3	1.614023E-8	5.208691E+2
3.500000E-1	6.557873E-3	6.557873E-3	2.543477E-8	5.215361E+2
4.000000E-1	9.249316E-3	9.249316E-3	3.587356E-8	5.222041E+2
4.500000E-1	1.255830E-2	1.255830E-2	4.870747E-8	5.228711E+2
5.000000E-1	1.593091E-2	1.593091E-2	6.178819E-8	5.235381E+2
5.000000E-1	1.613265E-2	1.613265E-2	6.257065E-8	5.242051E+2
4.500000E-1	1.094322E-2	1.094322E-2	4.244338E-8	5.248721E+2
4.000000E-1	7.788657E-3	7.788657E-3	3.020838E-8	5.255400E+2
3.500000E-1	5.540750E-3	5.540750E-3	2.148985E-8	5.262070E+2
3.000000E-1	3.834922E-3	3.834922E-3	1.487378E-8	5.268740E+2
2.500000E-1	2.774058E-3	2.774058E-3	1.075921E-8	5.275410E+2
2.000000E-1	1.768344E-3	1.768344E-3	6.858540E-9	5.288809E+2
1.500000E-1	9.945012E-4	9.945012E-4	3.857182E-9	5.295479E+2
1.000000E-1	5.170190E-4	5.170190E-4	2.005263E-9	5.302148E+2
5.000000E-2	2.311830E-4	2.311830E-4	8.966456E-10	5.315547E+2
0.000000E+0	4.370643E-7	-4.370643E-7	-1.695158E-12	5.333281E+2
-5.000000E-2	1.998846E-4	-1.998846E-4	-7.752542E-10	5.353428E+2
-1.000000E-1	4.999070E-4	-4.999070E-4	-1.938894E-9	5.373555E+2
-1.500000E-1	1.030974E-3	-1.030974E-3	-3.998642E-9	5.380225E+2
-2.000000E-1	1.695463E-3	-1.695463E-3	-6.575870E-9	5.386895E+2
-2.500000E-1	3.114993E-3	-3.114993E-3	-1.208153E-8	5.407021E+2
-3.000000E-1	4.762049E-3	-4.762049E-3	-1.846965E-8	5.413691E+2
-3.500000E-1	6.955337E-3	-6.955337E-3	-2.697634E-8	5.420361E+2
-4.000000E-1	9.827234E-3	-9.827234E-3	-3.811502E-8	5.427031E+2
-4.500000E-1	1.316408E-2	-1.316408E-2	-5.105701E-8	5.433711E+2
-5.000000E-1	1.726625E-2	-1.726625E-2	-6.696730E-8	5.440381E+2
-5.000000E-1	1.683147E-2	-1.683147E-2	-6.528103E-8	5.447051E+2
-4.500000E-1	1.342335E-2	-1.342335E-2	-5.206257E-8	5.453721E+2
-4.000000E-1	1.018837E-2	-1.018837E-2	-3.951568E-8	5.460391E+2
-3.500000E-1	7.394135E-3	-7.394135E-3	-2.867822E-8	5.467070E+2
-3.000000E-1	4.022994E-3	-4.022994E-3	-1.560322E-8	5.473740E+2
-2.500000E-1	2.757116E-3	-2.757116E-3	-1.069350E-8	5.480410E+2
-2.000000E-1	1.927497E-3	-1.927497E-3	-7.475815E-9	5.493809E+2
-1.500000E-1	1.102034E-3	-1.102034E-3	-4.274248E-9	5.500479E+2
-1.000000E-1	4.207568E-4	-4.207568E-4	-1.631909E-9	5.507148E+2
-5.000000E-2	2.319854E-4	-2.319854E-4	-8.997577E-10	5.520547E+2
0.000000E+0	5.552138E-7	-5.552138E-7	-2.153402E-12	5.538281E+2
0.000000E+0	4.243798E-7	-4.243798E-7	-1.645961E-12	5.548320E+2
5.000000E-2	1.786084E-4	1.786084E-4	6.927344E-10	5.568447E+2
1.000000E-1	5.332162E-4	5.332162E-4	2.068084E-9	5.588574E+2
1.500000E-1	9.394287E-4	9.394287E-4	3.643583E-9	5.595254E+2
2.000000E-1	1.649071E-3	1.649071E-3	6.395938E-9	5.601924E+2
2.500000E-1	2.706890E-3	2.706890E-3	1.049870E-8	5.608594E+2
3.000000E-1	4.207065E-3	4.207065E-3	1.631714E-8	5.628721E+2
3.500000E-1	6.341240E-3	6.341240E-3	2.459456E-8	5.635391E+2
4.000000E-1	9.403403E-3	9.403403E-3	3.647119E-8	5.642061E+2
4.500000E-1	1.264205E-2	1.264205E-2	4.903232E-8	5.648730E+2
5.000000E-1	1.651511E-2	1.651511E-2	6.405401E-8	5.655400E+2
5.000000E-1	1.689937E-2	1.689937E-2	6.554435E-8	5.662080E+2
4.500000E-1	1.228773E-2	1.228773E-2	4.765809E-8	5.668750E+2
4.000000E-1	9.856596E-3	9.856596E-3	3.822890E-8	5.675420E+2
3.500000E-1	7.201449E-3	7.201449E-3	2.793089E-8	5.682090E+2
3.000000E-1	5.097662E-3	5.097662E-3	1.977133E-8	5.688760E+2
2.500000E-1	3.427595E-3	3.427595E-3	1.329396E-8	5.695439E+2
2.000000E-1	2.012826E-3	2.012826E-3	7.806766E-9	5.708838E+2
1.500000E-1	1.241823E-3	1.241823E-3	4.816422E-9	5.715508E+2
1.000000E-1	6.379110E-4	6.379110E-4	2.474144E-9	5.722178E+2
5.000000E-2	2.749685E-4	2.749685E-4	1.066468E-9	5.728848E+2
0.000000E+0	6.190370E-7	-6.190370E-7	-2.400941E-12	5.746582E+2
-5.000000E-2	2.706555E-4	-2.706555E-4	-1.049740E-9	5.766719E+2
-1.000000E-1	6.248852E-4	-6.248852E-4	-2.423623E-9	5.773389E+2
-1.500000E-1	1.248676E-3	-1.248676E-3	-4.843003E-9	5.780059E+2
-2.000000E-1	1.893693E-3	-1.893693E-3	-7.344707E-9	5.786729E+2
-2.500000E-1	3.095001E-3	-3.095001E-3	-1.200399E-8	5.806855E+2
-3.000000E-1	4.127299E-3	-4.127299E-3	-1.600777E-8	5.813525E+2
-3.500000E-1	5.525365E-3	-5.525365E-3	-2.143018E-8	5.820195E+2
-4.000000E-1	7.902732E-3	-7.902732E-3	-3.065082E-8	5.826865E+2
-4.500000E-1	1.073118E-2	-1.073118E-2	-4.162098E-8	5.833545E+2
-5.000000E-1	1.373826E-2	-1.373826E-2	-5.328397E-8	5.840215E+2
-5.000000E-1	1.325013E-2	-1.325013E-2	-5.139074E-8	5.846885E+2
-4.500000E-1	9.802707E-3	-9.802707E-3	-3.801989E-8	5.853555E+2
-4.000000E-1	7.613262E-3	-7.613262E-3	-2.952811E-8	5.860225E+2
-3.500000E-1	5.518713E-3	-5.518713E-3	-2.140438E-8	5.866904E+2
-3.000000E-1	3.772893E-3	-3.772893E-3	-1.463320E-8	5.873574E+2
-2.500000E-1	2.652179E-3	-2.652179E-3	-1.028650E-8	5.880244E+2
-2.000000E-1	2.045093E-3	-2.045093E-3	-7.931914E-9	5.893643E+2
-1.500000E-1	1.139769E-3	-1.139769E-3	-4.420603E-9	5.900313E+2
-1.000000E-1	6.201192E-4	-6.201192E-4	-2.405138E-9	5.906982E+2
-5.000000E-2	2.634981E-4	-2.634981E-4	-1.021980E-9	5.913662E+2
0.000000E+0	7.551667E-7	-7.551667E-7	-2.928921E-12	5.931387E+2
0.000000E+0	6.883129E-7	-6.883129E-7	-2.669628E-12	5.941416E+2
5.000000E-2	2.768662E-4	2.768662E-4	1.073828E-9	5.961553E+2
1.000000E-1	6.693179E-4	6.693179E-4	2.595956E-9	5.968223E+2
1.500000E-1	1.364192E-3	1.364192E-3	5.291032E-9	5.974893E+2
2.000000E-1	2.378701E-3	2.378701E-3	9.225814E-9	5.981562E+2
2.500000E-1	2.657598E-3	2.657598E-3	1.030752E-8	5.988242E+2
3.000000E-1	3.902955E-3	3.902955E-3	1.513765E-8	6.008359E+2
3.500000E-1	6.133387E-3	6.133387E-3	2.378840E-8	6.015039E+2
4.000000E-1	8.452371E-3	8.452371E-3	3.278260E-8	6.021709E+2
4.500000E-1	1.104914E-2	1.104914E-2	4.285418E-8	6.028379E+2
5.000000E-1	1.502789E-2	1.502789E-2	5.828581E-8	6.035049E+2
5.000000E-1	1.475057E-2	1.475057E-2	5.721022E-8	6.041719E+2
4.500000E-1	1.112651E-2	1.112651E-2	4.315428E-8	6.048398E+2
4.000000E-1	8.199436E-3	8.199436E-3	3.180159E-8	6.055068E+2
3.500000E-1	5.675490E-3	5.675490E-3	2.201244E-8	6.061738E+2
3.000000E-1	4.099356E-3	4.099356E-3	1.589939E-8	6.068408E+2
2.500000E-1	3.009715E-3	3.009715E-3	1.167321E-8	6.075078E+2
2.000000E-1	1.925397E-3	1.925397E-3	7.467669E-9	6.088477E+2
1.500000E-1	1.039502E-3	1.039502E-3	4.031717E-9	6.095146E+2
1.000000E-1	5.756415E-4	5.756415E-4	2.232631E-9	6.101826E+2
5.000000E-2	2.231419E-4	2.231419E-4	8.654581E-10	6.115225E+2
0.000000E+0	4.617212E-7	-4.617212E-7	-1.790790E-12	6.132959E+2
-5.000000E-2	2.000280E-4	-2.000280E-4	-7.758106E-10	6.153096E+2
-1.000000E-1	5.873156E-4	-5.873156E-4	-2.277909E-9	6.173223E+2
-1.500000E-1	1.072417E-3	-1.072417E-3	-4.159378E-9	6.179893E+2
-2.000000E-1	1.684915E-3	-1.684915E-3	-6.534958E-9	6.186562E+2
-2.500000E-1	2.904154E-3	-2.904154E-3	-1.126379E-8	6.206689E+2
-3.000000E-1	4.381462E-3	-4.381462E-3	-1.699354E-8	6.213359E+2
-3.500000E-1	6.285126E-3	-6.285126E-3	-2.437692E-8	6.220029E+2
-4.000000E-1	8.645535E-3	-8.645535E-3	-3.353179E-8	6.226709E+2
-4.500000E-1	1.111689E-2	-1.111689E-2	-4.311696E-8	6.233379E+2
-5.000000E-1	1.483916E-2	-1.483916E-2	-5.755382E-8	6.240049E+2
-5.000000E-1	1.611847E-2	-1.611847E-2	-6.251565E-8	6.246719E+2
-4.500000E-1	1.222301E-2	-1.222301E-2	-4.740706E-8	6.253389E+2
-4.000000E-1	9.579466E-3	-9.579466E-3	-3.715405E-8	6.260068E+2
-3.500000E-1	6.853612E-3	-6.853612E-3	-2.658180E-8	6.266738E+2
-3.000000E-1	4.878049E-3	-4.878049E-3	-1.891956E-8	6.273408E+2
-2.500000E-1	3.113036E-3	-3.113036E-3	-1.207394E-8	6.280078E+2
-2.000000E-1	2.088024E-3	-2.088024E-3	-8.098421E-9	6.293477E+2
-1.500000E-1	1.220279E-3	-1.220279E-3	-4.732864E-9	6.300146E+2
-1.000000E-1	6.141099E-4	-6.141099E-4	-2.381831E-9	6.306816E+2
-5.000000E-2	2.363097E-4	-2.363097E-4	-9.165294E-10	6.320215E+2
0.000000E+0	6.870786E-7	-6.870786E-7	-2.664841E-12	6.337959E+2
0.000000E+0	6.205147E-7	-6.205147E-7	-2.406672E-12	6.347988E+2
5.000000E-2	2.086685E-4	2.086685E-4	8.093227E-10	6.374844E+2
1.000000E-1	5.539468E-4	5.539468E-4	2.148488E-9	6.394971E+2
1.500000E-1	1.094213E-3	1.094213E-3	4.243915E-9	6.401641E+2
2.000000E-1	1.933512E-3	1.933512E-3	7.499143E-9	6.408311E+2
2.500000E-1	3.199394E-3	3.199394E-3	1.240888E-8	6.428437E+2
3.000000E-1	4.743990E-3	4.743990E-3	1.839961E-8	6.435107E+2
3.500000E-1	6.980009E-3	6.980009E-3	2.707203E-8	6.441777E+2
4.000000E-1	9.740623E-3	9.740623E-3	3.777910E-8	6.448457E+2
4.500000E-1	1.312698E-2	1.312698E-2	5.091312E-8	6.455127E+2
5.000000E-1	1.563212E-2	1.563212E-2	6.062933E-8	6.461797E+2
5.000000E-1	1.709720E-2	1.709720E-2	6.631167E-8	6.468467E+2
4.500000E-1	1.407147E-2	1.407147E-2	5.457633E-8	6.475137E+2
4.000000E-1	8.443512E-3	8.443512E-3	3.274824E-8	6.481816E+2
3.500000E-1	5.805475E-3	5.805475E-3	2.251659E-8	6.488486E+2
3.000000E-1	4.629291E-3	4.629291E-3	1.795475E-8	6.495156E+2
2.500000E-1	3.370197E-3	3.370197E-3	1.307134E-8	6.501826E+2
2.000000E-1	2.217751E-3	2.217751E-3	8.601567E-9	6.515225E+2
1.500000E-1	1.378186E-3	1.378186E-3	5.345306E-9	6.521895E+2
1.000000E-1	6.785429E-4	6.785429E-4	2.631735E-9	6.528564E+2
5.000000E-2	3.161235E-4	3.161235E-4	1.226088E-9	6.535244E+2
0.000000E+0	4.831864E-7	-4.831864E-7	-1.874043E-12	6.552969E+2
-5.000000E-2	2.490988E-4	-2.490988E-4	-9.661322E-10	6.573105E+2
-1.000000E-1	6.390099E-4	-6.390099E-4	-2.478406E-9	6.593232E+2
-1.500000E-1	1.155833E-3	-1.155833E-3	-4.482911E-9	6.599912E+2
-2.000000E-1	1.971122E-3	-1.971122E-3	-7.645014E-9	6.606582E+2
-2.500000E-1	2.583276E-3	-2.583276E-3	-1.001926E-8	6.613252E+2
-3.000000E-1	5.000398E-3	-5.000398E-3	-1.939409E-8	6.633379E+2
-3.500000E-1	6.262496E-3	-6.262496E-3	-2.428915E-8	6.640049E+2
-4.000000E-1	8.599223E-3	-8.599223E-3	-3.335217E-8	6.646719E+2
-4.500000E-1	1.199291E-2	-1.199291E-2	-4.651461E-8	6.653389E+2
-5.000000E-1	1.550088E-2	-1.550088E-2	-6.012031E-8	6.660068E+2
-5.000000E-1	1.573384E-2	-1.573384E-2	-6.102385E-8	6.666738E+2
-4.500000E-1	1.061145E-2	-1.061145E-2	-4.115662E-8	6.673408E+2
-4.000000E-1	7.930992E-3	-7.930992E-3	-3.076043E-8	6.680078E+2
-3.500000E-1	6.035071E-3	-6.035071E-3	-2.340708E-8	6.686748E+2
-3.000000E-1	4.491576E-3	-4.491576E-3	-1.742062E-8	6.693428E+2
-2.500000E-1	3.093547E-3	-3.093547E-3	-1.199835E-8	6.700098E+2
-2.000000E-1	1.834908E-3	-1.834908E-3	-7.116708E-9	6.713496E+2
-1.500000E-1	1.171626E-3	-1.171626E-3	-4.544163E-9	6.720166E+2
-1.000000E-1	5.510573E-4	-5.510573E-4	-2.137281E-9	6.726836E+2
-5.000000E-2	2.314414E-4	-2.314414E-4	-8.976476E-10	6.740234E+2
0.000000E+0	6.994445E-7	-6.994445E-7	-2.712802E-12	6.757969E+2
0.000000E+0	5.346827E-7	-5.346827E-7	-2.073772E-12	6.767998E+2
5.000000E-2	2.946356E-4	2.946356E-4	1.142747E-9	6.788135E+2
1.000000E-1	6.614005E-4	6.614005E-4	2.565248E-9	6.794805E+2
1.500000E-1	1.197014E-3	1.197014E-3	4.642630E-9	6.801475E+2
2.000000E-1	2.069697E-3	2.069697E-3	8.027341E-9	6.808145E+2
2.500000E-1	3.157368E-3	3.157368E-3	1.224588E-8	6.828271E+2
3.000000E-1	4.753468E-3	4.753468E-3	1.843637E-8	6.834941E+2
3.500000E-1	6.947012E-3	6.947012E-3	2.694405E-8	6.841611E+2
4.000000E-1	9.838338E-3	9.838338E-3	3.815809E-8	6.848291E+2
4.500000E-1	1.299712E-2	1.299712E-2	5.040945E-8	6.854961E+2
5.000000E-1	1.468094E-2	1.468094E-2	5.694015E-8	6.861631E+2
5.000000E-1	1.515300E-2	1.515300E-2	5.877106E-8	6.868301E+2
4.500000E-1	1.235284E-2	1.235284E-2	4.791059E-8	6.874971E+2
4.000000E-1	8.018191E-3	8.018191E-3	3.109863E-8	6.881650E+2
3.500000E-1	6.504968E-3	6.504968E-3	2.522958E-8	6.888320E+2
3.000000E-1	5.030778E-3	5.030778E-3	1.951192E-8	6.894990E+2
2.500000E-1	3.342276E-3	3.342276E-3	1.296305E-8	6.901660E+2
2.000000E-1	2.063023E-3	2.063023E-3	8.001453E-9	6.915059E+2
1.500000E-1	9.433748E-4	9.433748E-4	3.658888E-9	6.921729E+2
1.000000E-1	5.653324E-4	5.653324E-4	2.192647E-9	6.928398E+2
5.000000E-2	2.628414E-4	2.628414E-4	1.019433E-9	6.935078E+2
0.000000E+0	2.165695E-7	-2.165695E-7	-8.399670E-13	6.952803E+2
-5.000000E-2	1.995258E-4	-1.995258E-4	-7.738626E-10	6.979668E+2
-1.000000E-1	5.644617E-4	-5.644617E-4	-2.189270E-9	6.999795E+2
-1.500000E-1	1.109036E-3	-1.109036E-3	-4.301405E-9	7.006475E+2
-2.000000E-1	1.925511E-3	-1.925511E-3	-7.468112E-9	7.013145E+2
-2.500000E-1	3.146142E-3	-3.146142E-3	-1.220234E-8	7.033262E+2
-3.000000E-1	4.540167E-3	-4.540167E-3	-1.760908E-8	7.039941E+2
-3.500000E-1	5.919351E-3	-5.919351E-3	-2.295826E-8	7.046611E+2
-4.000000E-1	9.207986E-3	-9.207986E-3	-3.571326E-8	7.053281E+2
-4.500000E-1	1.273707E-2	-1.273707E-2	-4.940084E-8	7.059951E+2
-5.000000E-1	1.414749E-2	-1.414749E-2	-5.487119E-8	7.066621E+2
-5.000000E-1	1.254903E-2	-1.254903E-2	-4.867152E-8	7.073301E+2
-4.500000E-1	1.145676E-2	-1.145676E-2	-4.443517E-8	7.079971E+2
-4.000000E-1	8.405116E-3	-8.405116E-3	-3.259932E-8	7.086641E+2
-3.500000E-1	6.705053E-3	-6.705053E-3	-2.600561E-8	7.093311E+2
-3.000000E-1	4.274549E-3	-4.274549E-3	-1.657888E-8	7.099980E+2
-2.500000E-1	2.979696E-3	-2.979696E-3	-1.155678E-8	7.106660E+2
-2.000000E-1	2.018047E-3	-2.018047E-3	-7.827013E-9	7.120059E+2
-1.500000E-1	1.190255E-3	-1.190255E-3	-4.616415E-9	7.126729E+2
-1.000000E-1	6.209231E-4	-6.209231E-4	-2.408256E-9	7.133398E+2
-5.000000E-2	2.581811E-4	-2.581811E-4	-1.001358E-9	7.140068E+2
0.000000E+0	1.456833E-7	-1.456833E-7	-5.650341E-13	7.157803E+2
0.000000E+0	1.708504E-6	-1.708504E-6	-6.626449E-12	7.167832E+2
5.000000E-2	2.379218E-4	2.379218E-4	9.227818E-10	7.187959E+2
1.000000E-1	6.250022E-4	6.250022E-4	2.424077E-9	7.208096E+2
1.500000E-1	1.221864E-3	1.221864E-3	4.739010E-9	7.214766E+2
2.000000E-1	2.060998E-3	2.060998E-3	7.993600E-9	7.221436E+2
2.500000E-1	3.046289E-3	3.046289E-3	1.181506E-8	7.241563E+2
3.000000E-1	5.007653E-3	5.007653E-3	1.942223E-8	7.248232E+2
3.500000E-1	6.784439E-3	6.784439E-3	2.631351E-8	7.254902E+2
4.000000E-1	9.827185E-3	9.827185E-3	3.811483E-8	7.261572E+2
4.500000E-1	1.305361E-2	1.305361E-2	5.062855E-8	7.268252E+2
5.000000E-1	1.739996E-2	1.739996E-2	6.748590E-8	7.274922E+2
5.000000E-1	1.626926E-2	1.626926E-2	6.310047E-8	7.281592E+2
4.500000E-1	1.140818E-2	1.140818E-2	4.424673E-8	7.288262E+2
4.000000E-1	8.348844E-3	8.348844E-3	3.238107E-8	7.294932E+2
3.500000E-1	6.538125E-3	6.538125E-3	2.535818E-8	7.301611E+2
3.000000E-1	4.737709E-3	4.737709E-3	1.837525E-8	7.308281E+2
2.500000E-1	3.308591E-3	3.308591E-3	1.283240E-8	7.314951E+2
2.000000E-1	1.951425E-3	1.951425E-3	7.568621E-9	7.328350E+2
1.500000E-1	1.119887E-3	1.119887E-3	4.343493E-9	7.335020E+2
1.000000E-1	6.134999E-4	6.134999E-4	2.379465E-9	7.341689E+2
5.000000E-2	2.729002E-4	2.729002E-4	1.058446E-9	7.348359E+2
0.000000E+0	6.876368E-7	-6.876368E-7	-2.667006E-12	7.366094E+2
-5.000000E-2	2.875744E-4	-2.875744E-4	-1.115360E-9	7.386230E+2
-1.000000E-1	7.140408E-4	-7.140408E-4	-2.769414E-9	7.392900E+2
-1.500000E-1	1.237476E-3	-1.237476E-3	-4.799563E-9	7.399580E+2
-2.000000E-1	1.935906E-3	-1.935906E-3	-7.508430E-9	7.406250E+2
-2.500000E-1	3.344803E-3	-3.344803E-3	-1.297285E-8	7.426367E+2
-3.000000E-1	4.924389E-3	-4.924389E-3	-1.909929E-8	7.433047E+2
-3.500000E-1	6.880141E-3	-6.880141E-3	-2.668469E-8	7.439717E+2
-4.000000E-1	9.433604E-3	-9.433604E-3	-3.658832E-8	7.446387E+2
-4.500000E-1	1.357817E-2	-1.357817E-2	-5.266307E-8	7.453057E+2
-5.000000E-1	1.768327E-2	-1.768327E-2	-6.858473E-8	7.459727E+2
-5.000000E-1	1.326322E-2	-1.326322E-2	-5.144152E-8	7.466406E+2
-4.500000E-1	1.104895E-2	-1.104895E-2	-4.285346E-8	7.473076E+2
-4.000000E-1	8.639571E-3	-8.639571E-3	-3.350866E-8	7.479746E+2
-3.500000E-1	6.534299E-3	-6.534299E-3	-2.534334E-8	7.486416E+2
-3.000000E-1	4.866055E-3	-4.866055E-3	-1.887304E-8	7.493086E+2
-2.500000E-1	3.287985E-3	-3.287985E-3	-1.275248E-8	7.499766E+2
-2.000000E-1	2.074991E-3	-2.074991E-3	-8.047873E-9	7.513164E+2
-1.500000E-1	1.326103E-3	-1.326103E-3	-5.143305E-9	7.519834E+2
-1.000000E-1	5.431074E-4	-5.431074E-4	-2.106447E-9	7.526504E+2
-5.000000E-2	2.484618E-4	-2.484618E-4	-9.636615E-10	7.539902E+2
0.000000E+0	7.055058E-7	-7.055058E-7	-2.736311E-12	7.557637E+2
0.000000E+0	6.787845E-7	-6.787845E-7	-2.632672E-12	7.567666E+2
5.000000E-2	2.503847E-4	2.503847E-4	9.711194E-10	7.594521E+2
1.000000E-1	5.345677E-4	5.345677E-4	2.073326E-9	7.614658E+2
1.500000E-1	9.689449E-4	9.689449E-4	3.758062E-9	7.621328E+2
2.000000E-1	1.912529E-3	1.912529E-3	7.417760E-9	7.627998E+2
2.500000E-1	3.298649E-3	3.298649E-3	1.279384E-8	7.648125E+2
3.000000E-1	4.709557E-3	4.709557E-3	1.826606E-8	7.654795E+2
3.500000E-1	6.524697E-3	6.524697E-3	2.530610E-8	7.661465E+2
4.000000E-1	9.476522E-3	9.476522E-3	3.675478E-8	7.668135E+2
4.500000E-1	1.276563E-2	1.276563E-2	4.951163E-8	7.674814E+2
5.000000E-1	1.681897E-2	1.681897E-2	6.523252E-8	7.681484E+2
5.000000E-1	1.793032E-2	1.793032E-2	6.954291E-8	7.688154E+2
4.500000E-1	1.292185E-2	1.292185E-2	5.011752E-8	7.694824E+2
4.000000E-1	9.782642E-3	9.782642E-3	3.794207E-8	7.701494E+2
3.500000E-1	6.695781E-3	6.695781E-3	2.596965E-8	7.708174E+2
3.000000E-1	4.849157E-3	4.849157E-3	1.880750E-8	7.714844E+2
2.500000E-1	3.383431E-3	3.383431E-3	1.312267E-8	7.721514E+2
2.000000E-1	2.181858E-3	2.181858E-3	8.462358E-9	7.734912E+2
1.500000E-1	1.304605E-3	1.304605E-3	5.059922E-9	7.741582E+2
1.000000E-1	6.204510E-4	6.204510E-4	2.406425E-9	7.748252E+2
5.000000E-2	2.924438E-4	2.924438E-4	1.134246E-9	7.754922E+2
0.000000E+0	5.736521E-7	-5.736521E-7	-2.224915E-12	7.772656E+2
-5.000000E-2	2.210466E-4	-2.210466E-4	-8.573312E-10	7.792793E+2
-1.000000E-1	4.949118E-4	-4.949118E-4	-1.919520E-9	7.812920E+2
-1.500000E-1	1.003498E-3	-1.003498E-3	-3.892077E-9	7.819600E+2
-2.000000E-1	1.713125E-3	-1.713125E-3	-6.644373E-9	7.826270E+2
-2.500000E-1	2.317421E-3	-2.317421E-3	-8.988139E-9	7.832939E+2
-3.000000E-1	4.263344E-3	-4.263344E-3	-1.653542E-8	7.853066E+2
-3.500000E-1	6.279549E-3	-6.279549E-3	-2.435529E-8	7.859736E+2
-4.000000E-1	6.946583E-3	-6.946583E-3	-2.694239E-8	7.866406E+2
-4.500000E-1	1.031768E-2	-1.031768E-2	-4.001723E-8	7.873076E+2
-5.000000E-1	1.446999E-2	-1.446999E-2	-5.612198E-8	7.879756E+2
-5.000000E-1	1.483349E-2	-1.483349E-2	-5.753182E-8	7.886426E+2
-4.500000E-1	1.001963E-2	-1.001963E-2	-3.886124E-8	7.893096E+2
-4.000000E-1	7.067630E-3	-7.067630E-3	-2.741187E-8	7.899766E+2
-3.500000E-1	6.275823E-3	-6.275823E-3	-2.434084E-8	7.906436E+2
-3.000000E-1	4.627422E-3	-4.627422E-3	-1.794750E-8	7.913115E+2
-2.500000E-1	2.986023E-3	-2.986023E-3	-1.158132E-8	7.919785E+2
-2.000000E-1	1.986718E-3	-1.986718E-3	-7.705503E-9	7.933184E+2
-1.500000E-1	1.158665E-3	-1.158665E-3	-4.493894E-9	7.939854E+2
-1.000000E-1	5.545963E-4	-5.545963E-4	-2.151007E-9	7.946523E+2
-5.000000E-2	2.361776E-4	-2.361776E-4	-9.160172E-10	7.959922E+2
0.000000E+0	7.651890E-7	-7.651890E-7	-2.967793E-12	7.977656E+2
0.000000E+0	6.252915E-7	-6.252915E-7	-2.425199E-12	7.987686E+2
5.000000E-2	2.319462E-4	2.319462E-4	8.996055E-10	8.007822E+2
1.000000E-1	4.995991E-4	4.995991E-4	1.937700E-9	8.027949E+2
1.500000E-1	9.763879E-4	9.763879E-4	3.786930E-9	8.034619E+2
2.000000E-1	1.745785E-3	1.745785E-3	6.771042E-9	8.041299E+2
2.500000E-1	2.928012E-3	2.928012E-3	1.135632E-8	8.061416E+2
3.000000E-1	4.348330E-3	4.348330E-3	1.686504E-8	8.068086E+2
3.500000E-1	5.463661E-3	5.463661E-3	2.119086E-8	8.074766E+2
4.000000E-1	7.083842E-3	7.083842E-3	2.747475E-8	8.081436E+2
4.500000E-1	1.093725E-2	1.093725E-2	4.242023E-8	8.088105E+2
5.000000E-1	1.516843E-2	1.516843E-2	5.883090E-8	8.094775E+2
5.000000E-1	1.492113E-2	1.492113E-2	5.787174E-8	8.101445E+2
4.500000E-1	1.142366E-2	1.142366E-2	4.430677E-8	8.108125E+2
4.000000E-1	8.890632E-3	8.890632E-3	3.448240E-8	8.114795E+2
3.500000E-1	6.597908E-3	6.597908E-3	2.559005E-8	8.121465E+2
3.000000E-1	4.462892E-3	4.462892E-3	1.730937E-8	8.128135E+2
2.500000E-1	2.951838E-3	2.951838E-3	1.144873E-8	8.134805E+2
2.000000E-1	1.769932E-3	1.769932E-3	6.864698E-9	8.148203E+2
1.500000E-1	9.830565E-4	9.830565E-4	3.812794E-9	8.154883E+2
1.000000E-1	5.274583E-4	5.274583E-4	2.045752E-9	8.161553E+2
5.000000E-2	2.135254E-4	2.135254E-4	8.281604E-10	8.174951E+2
0.000000E+0	4.937740E-7	-4.937740E-7	-1.915107E-12	8.192686E+2
-5.000000E-2	2.286228E-4	-2.286228E-4	-8.867157E-10	8.212822E+2
-1.000000E-1	5.410401E-4	-5.410401E-4	-2.098429E-9	8.232949E+2
-1.500000E-1	1.001540E-3	-1.001540E-3	-3.884483E-9	8.239629E+2
-2.000000E-1	1.741542E-3	-1.741542E-3	-6.754589E-9	8.246299E+2
-2.500000E-1	2.597227E-3	-2.597227E-3	-1.007337E-8	8.252969E+2
-3.000000E-1	4.102630E-3	-4.102630E-3	-1.591209E-8	8.273096E+2
-3.500000E-1	6.017980E-3	-6.017980E-3	-2.334079E-8	8.279766E+2
-4.000000E-1	8.388872E-3	-8.388872E-3	-3.253632E-8	8.286436E+2
-4.500000E-1	1.096271E-2	-1.096271E-2	-4.251898E-8	8.293105E+2
-5.000000E-1	1.412676E-2	-1.412676E-2	-5.479076E-8	8.299775E+2
-5.000000E-1	1.457344E-2	-1.457344E-2	-5.652323E-8	8.306455E+2
-4.500000E-1	8.683836E-3	-8.683836E-3	-3.368034E-8	8.313125E+2
-4.000000E-1	7.324817E-3	-7.324817E-3	-2.840937E-8	8.319795E+2
-3.500000E-1	5.720393E-3	-5.720393E-3	-2.218660E-8	8.326465E+2
-3.000000E-1	3.871145E-3	-3.871145E-3	-1.501427E-8	8.333135E+2
-2.500000E-1	2.718080E-3	-2.718080E-3	-1.054210E-8	8.339814E+2
-2.000000E-1	1.824700E-3	-1.824700E-3	-7.077115E-9	8.353213E+2
-1.500000E-1	1.065571E-3	-1.065571E-3	-4.132828E-9	8.359883E+2
-1.000000E-1	5.954764E-4	-5.954764E-4	-2.309561E-9	8.366553E+2
-5.000000E-2	1.922670E-4	-1.922670E-4	-7.457092E-10	8.379951E+2
0.000000E+0	5.536717E-7	-5.536717E-7	-2.147421E-12	8.397686E+2
