voltage_8_2_21_500mV_500ms	absJ_8_2_21_500mV_500ms	J_8_2_21_500mV_500ms	current_8_2_21_500mV_500ms	time_8_2_21_500mV_500ms	
0.000000E+0	4.029975E-7	-4.029975E-7	-1.000339E-12	0.000000E+0
5.000000E-2	1.250966E-5	1.250966E-5	3.105206E-11	7.031250E-1
1.000000E-1	3.217880E-5	3.217880E-5	7.987569E-11	1.406250E+0
1.500000E-1	6.617213E-5	6.617213E-5	1.642555E-10	2.521484E+0
2.000000E-1	1.032984E-4	1.032984E-4	2.564121E-10	2.890625E+0
2.500000E-1	1.526599E-4	1.526599E-4	3.789395E-10	3.258789E+0
3.000000E-1	2.542315E-4	2.542315E-4	6.310652E-10	3.626953E+0
3.500000E-1	3.514528E-4	3.514528E-4	8.723924E-10	3.996094E+0
4.000000E-1	7.045349E-4	7.045349E-4	1.748829E-9	5.110352E+0
4.500000E-1	9.937315E-4	9.937315E-4	2.466686E-9	5.478516E+0
5.000000E-1	1.194096E-3	1.194096E-3	2.964039E-9	5.846680E+0
5.000000E-1	1.259140E-3	1.259140E-3	3.125495E-9	6.213867E+0
4.500000E-1	9.123201E-4	9.123201E-4	2.264603E-9	6.582031E+0
4.000000E-1	6.799797E-4	6.799797E-4	1.687877E-9	6.950195E+0
3.500000E-1	5.067459E-4	5.067459E-4	1.257868E-9	7.317383E+0
3.000000E-1	3.722141E-4	3.722141E-4	9.239270E-10	8.059570E+0
2.500000E-1	2.629497E-4	2.629497E-4	6.527059E-10	8.427734E+0
2.000000E-1	1.574585E-4	1.574585E-4	3.908507E-10	8.795898E+0
1.500000E-1	9.271985E-5	9.271985E-5	2.301535E-10	9.164063E+0
1.000000E-1	4.276510E-5	4.276510E-5	1.061535E-10	9.533203E+0
5.000000E-2	1.698136E-5	1.698136E-5	4.215191E-11	1.070801E+1
0.000000E+0	1.677357E-7	-1.677357E-7	-4.163614E-13	1.141113E+1
-5.000000E-2	1.546747E-5	-1.546747E-5	-3.839407E-11	1.211523E+1
-1.000000E-1	3.485920E-5	-3.485920E-5	-8.652910E-11	1.281836E+1
-1.500000E-1	7.519158E-5	-7.519158E-5	-1.866440E-10	1.393359E+1
-2.000000E-1	1.178449E-4	-1.178449E-4	-2.925201E-10	1.430176E+1
-2.500000E-1	1.710286E-4	-1.710286E-4	-4.245351E-10	1.466992E+1
-3.000000E-1	2.243376E-4	-2.243376E-4	-5.568610E-10	1.503906E+1
-3.500000E-1	3.225899E-4	-3.225899E-4	-8.007475E-10	1.540723E+1
-4.000000E-1	3.827058E-4	-3.827058E-4	-9.499699E-10	1.689062E+1
-4.500000E-1	4.729036E-4	-4.729036E-4	-1.173863E-9	1.725781E+1
-5.000000E-1	6.185539E-4	-6.185539E-4	-1.535403E-9	1.762598E+1
-5.000000E-1	6.533152E-4	-6.533152E-4	-1.621689E-9	1.799316E+1
-4.500000E-1	5.280246E-4	-5.280246E-4	-1.310687E-9	1.836133E+1
-4.000000E-1	4.256911E-4	-4.256911E-4	-1.056670E-9	1.872949E+1
-3.500000E-1	3.163998E-4	-3.163998E-4	-7.853822E-10	1.947070E+1
-3.000000E-1	2.160684E-4	-2.160684E-4	-5.363348E-10	1.983887E+1
-2.500000E-1	1.720940E-4	-1.720940E-4	-4.271797E-10	2.020703E+1
-2.000000E-1	1.121464E-4	-1.121464E-4	-2.783750E-10	2.057617E+1
-1.500000E-1	6.309399E-5	-6.309399E-5	-1.566148E-10	2.094434E+1
-1.000000E-1	2.827534E-5	-2.827534E-5	-7.018634E-11	2.211914E+1
-5.000000E-2	1.315018E-5	-1.315018E-5	-3.264199E-11	2.282227E+1
0.000000E+0	5.273260E-7	-5.273260E-7	-1.308953E-12	2.352539E+1
0.000000E+0	4.114620E-7	-4.114620E-7	-1.021350E-12	2.422949E+1
5.000000E-2	1.170915E-5	1.170915E-5	2.906500E-11	2.493262E+1
1.000000E-1	2.735962E-5	2.735962E-5	6.791331E-11	2.563574E+1
1.500000E-1	5.711146E-5	5.711146E-5	1.417647E-10	2.675098E+1
2.000000E-1	9.158246E-5	9.158246E-5	2.273302E-10	2.711914E+1
2.500000E-1	1.522231E-4	1.522231E-4	3.778552E-10	2.748828E+1
3.000000E-1	2.241556E-4	2.241556E-4	5.564093E-10	2.785645E+1
3.500000E-1	3.338732E-4	3.338732E-4	8.287555E-10	2.822461E+1
4.000000E-1	1.149372E-3	1.149372E-3	2.853023E-9	2.933984E+1
4.500000E-1	1.415236E-3	1.415236E-3	3.512964E-9	2.970801E+1
5.000000E-1	2.019442E-3	2.019442E-3	5.012752E-9	3.007520E+1
5.000000E-1	1.662620E-3	1.662620E-3	4.127031E-9	3.044336E+1
4.500000E-1	1.229180E-3	1.229180E-3	3.051127E-9	3.081152E+1
4.000000E-1	1.013309E-3	1.013309E-3	2.515281E-9	3.117871E+1
3.500000E-1	6.276255E-4	6.276255E-4	1.557921E-9	3.154688E+1
3.000000E-1	4.421411E-4	4.421411E-4	1.097503E-9	3.191504E+1
2.500000E-1	3.559702E-4	3.559702E-4	8.836055E-10	3.265625E+1
2.000000E-1	1.990385E-4	1.990385E-4	4.940626E-10	3.302441E+1
1.500000E-1	1.272837E-4	1.272837E-4	3.159494E-10	3.339258E+1
1.000000E-1	6.856528E-5	6.856528E-5	1.701959E-10	3.376172E+1
5.000000E-2	2.455080E-5	2.455080E-5	6.094113E-11	3.493652E+1
0.000000E+0	1.428063E-7	-1.428063E-7	-3.544803E-13	3.563965E+1
-5.000000E-2	2.608243E-5	-2.608243E-5	-6.474300E-11	3.634277E+1
-1.000000E-1	3.445505E-5	-3.445505E-5	-8.552592E-11	3.745898E+1
-1.500000E-1	7.359673E-5	-7.359673E-5	-1.826852E-10	3.782715E+1
-2.000000E-1	1.100124E-4	-1.100124E-4	-2.730779E-10	3.819531E+1
-2.500000E-1	1.753334E-4	-1.753334E-4	-4.352207E-10	3.856445E+1
-3.000000E-1	3.002794E-4	-3.002794E-4	-7.453673E-10	3.893262E+1
-3.500000E-1	4.723593E-4	-4.723593E-4	-1.172512E-9	4.004785E+1
-4.000000E-1	5.707190E-4	-5.707190E-4	-1.416665E-9	4.041602E+1
-4.500000E-1	7.543463E-4	-7.543463E-4	-1.872473E-9	4.078320E+1
-5.000000E-1	1.004391E-3	-1.004391E-3	-2.493146E-9	4.115137E+1
-5.000000E-1	9.209458E-4	-9.209458E-4	-2.286014E-9	4.151953E+1
-4.500000E-1	7.624735E-4	-7.624735E-4	-1.892647E-9	4.188672E+1
-4.000000E-1	5.844151E-4	-5.844151E-4	-1.450662E-9	4.225488E+1
-3.500000E-1	4.148336E-4	-4.148336E-4	-1.029719E-9	4.262305E+1
-3.000000E-1	3.253472E-4	-3.253472E-4	-8.075918E-10	4.336426E+1
-2.500000E-1	2.294979E-4	-2.294979E-4	-5.696703E-10	4.373242E+1
-2.000000E-1	1.516728E-4	-1.516728E-4	-3.764893E-10	4.410059E+1
-1.500000E-1	9.292741E-5	-9.292741E-5	-2.306687E-10	4.446973E+1
-1.000000E-1	4.365877E-5	-4.365877E-5	-1.083718E-10	4.483789E+1
-5.000000E-2	1.662656E-5	-1.662656E-5	-4.127122E-11	4.601270E+1
0.000000E+0	5.059805E-7	-5.059805E-7	-1.255968E-12	4.671582E+1
0.000000E+0	3.702072E-7	-3.702072E-7	-9.189455E-13	4.741992E+1
5.000000E-2	1.512819E-5	1.512819E-5	3.755189E-11	4.812305E+1
1.000000E-1	3.955290E-5	3.955290E-5	9.818002E-11	4.882617E+1
1.500000E-1	7.295280E-5	7.295280E-5	1.810868E-10	4.994141E+1
2.000000E-1	1.045122E-4	1.045122E-4	2.594250E-10	5.030957E+1
2.500000E-1	1.784804E-4	1.784804E-4	4.430324E-10	5.067871E+1
3.000000E-1	3.484535E-4	3.484535E-4	8.649473E-10	5.104687E+1
3.500000E-1	8.060208E-4	8.060208E-4	2.000742E-9	5.216211E+1
4.000000E-1	1.011095E-3	1.011095E-3	2.509787E-9	5.253027E+1
4.500000E-1	1.429219E-3	1.429219E-3	3.547674E-9	5.289746E+1
5.000000E-1	1.683974E-3	1.683974E-3	4.180039E-9	5.326562E+1
5.000000E-1	1.887776E-3	1.887776E-3	4.685925E-9	5.363379E+1
4.500000E-1	1.449779E-3	1.449779E-3	3.598707E-9	5.400098E+1
4.000000E-1	1.082476E-3	1.082476E-3	2.686972E-9	5.436914E+1
3.500000E-1	7.533076E-4	7.533076E-4	1.869895E-9	5.473730E+1
3.000000E-1	4.988543E-4	4.988543E-4	1.238279E-9	5.510449E+1
2.500000E-1	2.854746E-4	2.854746E-4	7.086182E-10	5.584570E+1
2.000000E-1	1.822205E-4	1.822205E-4	4.523162E-10	5.621484E+1
1.500000E-1	9.201420E-5	9.201420E-5	2.284019E-10	5.658301E+1
1.000000E-1	4.884576E-5	4.884576E-5	1.212472E-10	5.695117E+1
5.000000E-2	1.984995E-5	1.984995E-5	4.927246E-11	5.812695E+1
0.000000E+0	1.119338E-7	-1.119338E-7	-2.778472E-13	5.883008E+1
-5.000000E-2	1.798573E-5	-1.798573E-5	-4.464500E-11	5.953320E+1
-1.000000E-1	5.035568E-5	-5.035568E-5	-1.249952E-10	6.064844E+1
-1.500000E-1	9.328596E-5	-9.328596E-5	-2.315587E-10	6.101758E+1
-2.000000E-1	1.275786E-4	-1.275786E-4	-3.166815E-10	6.138574E+1
-2.500000E-1	2.308800E-4	-2.308800E-4	-5.731009E-10	6.175391E+1
-3.000000E-1	3.365882E-4	-3.365882E-4	-8.354946E-10	6.212305E+1
-3.500000E-1	4.479218E-4	-4.479218E-4	-1.111852E-9	6.323730E+1
-4.000000E-1	6.845635E-4	-6.845635E-4	-1.699255E-9	6.360547E+1
-4.500000E-1	6.805220E-4	-6.805220E-4	-1.689223E-9	6.397363E+1
-5.000000E-1	1.052553E-3	-1.052553E-3	-2.612695E-9	6.434180E+1
-5.000000E-1	1.170219E-3	-1.170219E-3	-2.904772E-9	6.470898E+1
-4.500000E-1	8.279437E-4	-8.279437E-4	-2.055160E-9	6.507715E+1
-4.000000E-1	6.125634E-4	-6.125634E-4	-1.520533E-9	6.544531E+1
-3.500000E-1	5.318562E-4	-5.318562E-4	-1.320198E-9	6.581250E+1
-3.000000E-1	4.145218E-4	-4.145218E-4	-1.028945E-9	6.618066E+1
-2.500000E-1	2.056922E-4	-2.056922E-4	-5.105787E-10	6.692188E+1
-2.000000E-1	1.551073E-4	-1.551073E-4	-3.850145E-10	6.729004E+1
-1.500000E-1	9.926015E-5	-9.926015E-5	-2.463881E-10	6.765918E+1
-1.000000E-1	5.019260E-5	-5.019260E-5	-1.245904E-10	6.802734E+1
-5.000000E-2	2.257899E-5	-2.257899E-5	-5.604660E-11	6.920215E+1
0.000000E+0	5.317261E-7	-5.317261E-7	-1.319875E-12	6.990527E+1
0.000000E+0	3.481850E-7	-3.481850E-7	-8.642809E-13	7.060937E+1
5.000000E-2	1.837039E-5	1.837039E-5	4.559982E-11	7.131250E+1
1.000000E-1	5.569758E-5	5.569758E-5	1.382551E-10	7.259473E+1
1.500000E-1	9.326666E-5	9.326666E-5	2.315108E-10	7.296387E+1
2.000000E-1	1.414079E-4	1.414079E-4	3.510093E-10	7.333203E+1
2.500000E-1	2.664925E-4	2.664925E-4	6.615001E-10	7.370020E+1
3.000000E-1	4.589936E-4	4.589936E-4	1.139335E-9	7.481543E+1
3.500000E-1	6.928729E-4	6.928729E-4	1.719881E-9	7.518359E+1
4.000000E-1	8.644276E-4	8.644276E-4	2.145722E-9	7.555078E+1
4.500000E-1	1.101209E-3	1.101209E-3	2.733471E-9	7.591895E+1
5.000000E-1	1.817987E-3	1.817987E-3	4.512691E-9	7.628711E+1
5.000000E-1	1.359634E-3	1.359634E-3	3.374945E-9	7.665430E+1
4.500000E-1	9.877062E-4	9.877062E-4	2.451730E-9	7.702246E+1
4.000000E-1	7.345722E-4	7.345722E-4	1.823389E-9	7.739063E+1
3.500000E-1	5.291562E-4	5.291562E-4	1.313496E-9	7.775879E+1
3.000000E-1	3.790014E-4	3.790014E-4	9.407748E-10	7.850000E+1
2.500000E-1	2.664797E-4	2.664797E-4	6.614681E-10	7.886816E+1
2.000000E-1	1.539302E-4	1.539302E-4	3.820927E-10	7.923633E+1
1.500000E-1	8.939912E-5	8.939912E-5	2.219106E-10	7.960449E+1
1.000000E-1	3.820664E-5	3.820664E-5	9.483827E-11	8.078027E+1
5.000000E-2	1.905036E-5	1.905036E-5	4.728767E-11	8.148340E+1
0.000000E+0	2.316276E-8	-2.316276E-8	-5.749567E-14	8.218652E+1
-5.000000E-2	1.956883E-5	-1.956883E-5	-4.857466E-11	8.289063E+1
-1.000000E-1	4.673247E-5	-4.673247E-5	-1.160015E-10	8.400586E+1
-1.500000E-1	7.835996E-5	-7.835996E-5	-1.945087E-10	8.437402E+1
-2.000000E-1	7.900933E-5	-7.900933E-5	-1.961206E-10	8.474316E+1
-2.500000E-1	1.593598E-4	-1.593598E-4	-3.955702E-10	8.511133E+1
-3.000000E-1	2.323657E-4	-2.323657E-4	-5.767888E-10	8.547949E+1
-3.500000E-1	3.346814E-4	-3.346814E-4	-8.307615E-10	8.584863E+1
-4.000000E-1	4.496194E-4	-4.496194E-4	-1.116066E-9	8.696289E+1
-4.500000E-1	5.956295E-4	-5.956295E-4	-1.478499E-9	8.733105E+1
-5.000000E-1	7.910127E-4	-7.910127E-4	-1.963488E-9	8.769922E+1
-5.000000E-1	8.288965E-4	-8.288965E-4	-2.057525E-9	8.806641E+1
-4.500000E-1	6.788058E-4	-6.788058E-4	-1.684963E-9	8.843457E+1
-4.000000E-1	5.098423E-4	-5.098423E-4	-1.265554E-9	8.880273E+1
-3.500000E-1	4.375239E-4	-4.375239E-4	-1.086042E-9	8.916992E+1
-3.000000E-1	2.691238E-4	-2.691238E-4	-6.680314E-10	8.991113E+1
-2.500000E-1	1.599856E-4	-1.599856E-4	-3.971237E-10	9.028027E+1
-2.000000E-1	1.011450E-4	-1.011450E-4	-2.510669E-10	9.064844E+1
-1.500000E-1	6.133099E-5	-6.133099E-5	-1.522386E-10	9.101758E+1
-1.000000E-1	3.388100E-5	-3.388100E-5	-8.410099E-11	9.219238E+1
-5.000000E-2	1.298068E-5	-1.298068E-5	-3.222125E-11	9.289551E+1
0.000000E+0	4.698358E-7	-4.698358E-7	-1.166248E-12	9.359863E+1
0.000000E+0	3.764746E-7	-3.764746E-7	-9.345025E-13	9.430273E+1
5.000000E-2	1.226730E-5	1.226730E-5	3.045045E-11	9.500586E+1
1.000000E-1	3.365900E-5	3.365900E-5	8.354991E-11	9.570898E+1
1.500000E-1	9.606413E-5	9.606413E-5	2.384548E-10	9.682422E+1
2.000000E-1	1.603794E-4	1.603794E-4	3.981011E-10	9.719238E+1
2.500000E-1	2.728879E-4	2.728879E-4	6.773749E-10	9.756152E+1
3.000000E-1	4.114991E-4	4.114991E-4	1.021442E-9	9.792969E+1
3.500000E-1	6.522408E-4	6.522408E-4	1.619022E-9	9.904492E+1
4.000000E-1	9.093369E-4	9.093369E-4	2.257198E-9	9.941211E+1
4.500000E-1	1.046206E-3	1.046206E-3	2.596941E-9	9.978027E+1
5.000000E-1	2.127006E-3	2.127006E-3	5.279753E-9	1.001484E+2
5.000000E-1	1.643077E-3	1.643077E-3	4.078522E-9	1.005156E+2
4.500000E-1	9.487118E-4	9.487118E-4	2.354936E-9	1.008838E+2
4.000000E-1	7.066278E-4	7.066278E-4	1.754024E-9	1.012520E+2
3.500000E-1	4.840717E-4	4.840717E-4	1.201585E-9	1.016191E+2
3.000000E-1	3.317418E-4	3.317418E-4	8.234647E-10	1.023604E+2
2.500000E-1	2.102929E-4	2.102929E-4	5.219986E-10	1.027295E+2
2.000000E-1	1.229032E-4	1.229032E-4	3.050760E-10	1.030977E+2
1.500000E-1	7.218479E-5	7.218479E-5	1.791804E-10	1.034668E+2
1.000000E-1	2.673957E-5	2.673957E-5	6.637420E-11	1.046416E+2
5.000000E-2	1.123909E-5	1.123909E-5	2.789818E-11	1.053447E+2
0.000000E+0	1.360246E-7	-1.360246E-7	-3.376466E-13	1.060479E+2
-5.000000E-2	1.068196E-5	-1.068196E-5	-2.651525E-11	1.067520E+2
-1.000000E-1	2.706816E-5	-2.706816E-5	-6.718982E-11	1.074551E+2
-1.500000E-1	5.438776E-5	-5.438776E-5	-1.350038E-10	1.085703E+2
-2.000000E-1	8.795478E-5	-8.795478E-5	-2.183254E-10	1.089385E+2
-2.500000E-1	1.398006E-4	-1.398006E-4	-3.470194E-10	1.093066E+2
-3.000000E-1	2.209477E-4	-2.209477E-4	-5.484465E-10	1.096758E+2
-3.500000E-1	3.195773E-4	-3.195773E-4	-7.932695E-10	1.100439E+2
-4.000000E-1	4.003041E-4	-4.003041E-4	-9.936534E-10	1.104121E+2
-4.500000E-1	5.334302E-4	-5.334302E-4	-1.324105E-9	1.115273E+2
-5.000000E-1	6.826579E-4	-6.826579E-4	-1.694525E-9	1.118955E+2
-5.000000E-1	7.113759E-4	-7.113759E-4	-1.765810E-9	1.122627E+2
-4.500000E-1	5.300901E-4	-5.300901E-4	-1.315814E-9	1.126309E+2
-4.000000E-1	4.162581E-4	-4.162581E-4	-1.033255E-9	1.129990E+2
-3.500000E-1	2.950492E-4	-2.950492E-4	-7.323848E-10	1.137402E+2
-3.000000E-1	1.847381E-4	-1.847381E-4	-4.585655E-10	1.141084E+2
-2.500000E-1	1.574119E-4	-1.574119E-4	-3.907351E-10	1.144766E+2
-2.000000E-1	9.253418E-5	-9.253418E-5	-2.296926E-10	1.148457E+2
-1.500000E-1	5.537908E-5	-5.537908E-5	-1.374645E-10	1.152139E+2
-1.000000E-1	3.137843E-5	-3.137843E-5	-7.788899E-11	1.163887E+2
-5.000000E-2	1.475680E-5	-1.475680E-5	-3.663002E-11	1.170918E+2
0.000000E+0	5.144671E-7	-5.144671E-7	-1.277034E-12	1.177949E+2
0.000000E+0	3.798011E-7	-3.798011E-7	-9.427598E-13	1.184990E+2
5.000000E-2	1.376640E-5	1.376640E-5	3.417159E-11	1.192021E+2
1.000000E-1	2.697597E-5	2.697597E-5	6.696099E-11	1.199053E+2
1.500000E-1	5.823004E-5	5.823004E-5	1.445413E-10	1.210205E+2
2.000000E-1	1.018829E-4	1.018829E-4	2.528984E-10	1.213887E+2
2.500000E-1	1.905284E-4	1.905284E-4	4.729384E-10	1.217578E+2
3.000000E-1	2.982966E-4	2.982966E-4	7.404455E-10	1.221260E+2
3.500000E-1	3.683250E-4	3.683250E-4	9.142732E-10	1.224941E+2
4.000000E-1	5.957085E-4	5.957085E-4	1.478695E-9	1.236094E+2
4.500000E-1	7.249858E-4	7.249858E-4	1.799593E-9	1.239775E+2
5.000000E-1	1.014414E-3	1.014414E-3	2.518026E-9	1.243447E+2
5.000000E-1	9.947882E-4	9.947882E-4	2.469309E-9	1.247129E+2
4.500000E-1	7.135948E-4	7.135948E-4	1.771318E-9	1.250811E+2
4.000000E-1	4.920298E-4	4.920298E-4	1.221339E-9	1.254482E+2
3.500000E-1	3.414709E-4	3.414709E-4	8.476148E-10	1.261895E+2
3.000000E-1	2.301642E-4	2.301642E-4	5.713241E-10	1.265586E+2
2.500000E-1	1.509128E-4	1.509128E-4	3.746027E-10	1.269268E+2
2.000000E-1	9.199624E-5	9.199624E-5	2.283573E-10	1.272949E+2
1.500000E-1	5.229965E-5	5.229965E-5	1.298206E-10	1.276641E+2
1.000000E-1	2.520666E-5	2.520666E-5	6.256913E-11	1.288389E+2
5.000000E-2	1.012217E-5	1.012217E-5	2.512571E-11	1.295420E+2
0.000000E+0	1.671990E-7	-1.671990E-7	-4.150291E-13	1.302451E+2
-5.000000E-2	9.757792E-6	-9.757792E-6	-2.422124E-11	1.309492E+2
-1.000000E-1	2.574862E-5	-2.574862E-5	-6.391442E-11	1.316523E+2
-1.500000E-1	5.496304E-5	-5.496304E-5	-1.364318E-10	1.327676E+2
-2.000000E-1	8.908831E-5	-8.908831E-5	-2.211391E-10	1.331357E+2
-2.500000E-1	1.471091E-4	-1.471091E-4	-3.651610E-10	1.335049E+2
-3.000000E-1	2.139325E-4	-2.139325E-4	-5.310332E-10	1.338730E+2
-3.500000E-1	2.980024E-4	-2.980024E-4	-7.397154E-10	1.342412E+2
-4.000000E-1	3.942366E-4	-3.942366E-4	-9.785923E-10	1.346104E+2
-4.500000E-1	4.497226E-4	-4.497226E-4	-1.116322E-9	1.357256E+2
-5.000000E-1	5.769928E-4	-5.769928E-4	-1.432238E-9	1.360928E+2
-5.000000E-1	5.609617E-4	-5.609617E-4	-1.392445E-9	1.364609E+2
-4.500000E-1	4.331227E-4	-4.331227E-4	-1.075117E-9	1.368291E+2
-4.000000E-1	3.473752E-4	-3.473752E-4	-8.622707E-10	1.375693E+2
-3.500000E-1	2.577344E-4	-2.577344E-4	-6.397602E-10	1.379385E+2
-3.000000E-1	1.778425E-4	-1.778425E-4	-4.414489E-10	1.383066E+2
-2.500000E-1	1.296138E-4	-1.296138E-4	-3.217333E-10	1.386758E+2
-2.000000E-1	8.416236E-5	-8.416236E-5	-2.089117E-10	1.390439E+2
-1.500000E-1	4.860445E-5	-4.860445E-5	-1.206482E-10	1.394121E+2
-1.000000E-1	2.223662E-5	-2.223662E-5	-5.519675E-11	1.405879E+2
-5.000000E-2	9.131741E-6	-9.131741E-6	-2.266723E-11	1.412910E+2
0.000000E+0	4.051722E-7	-4.051722E-7	-1.005737E-12	1.419941E+2
0.000000E+0	3.542287E-7	-3.542287E-7	-8.792828E-13	1.426973E+2
5.000000E-2	8.613220E-6	8.613220E-6	2.138013E-11	1.434004E+2
1.000000E-1	2.369424E-5	2.369424E-5	5.881493E-11	1.441035E+2
1.500000E-1	4.998288E-5	4.998288E-5	1.240698E-10	1.452197E+2
2.000000E-1	8.902550E-5	8.902550E-5	2.209832E-10	1.455879E+2
2.500000E-1	1.575787E-4	1.575787E-4	3.911492E-10	1.459561E+2
3.000000E-1	2.540870E-4	2.540870E-4	6.307064E-10	1.463252E+2
3.500000E-1	3.267996E-4	3.267996E-4	8.111971E-10	1.466934E+2
4.000000E-1	4.875435E-4	4.875435E-4	1.210203E-9	1.478086E+2
4.500000E-1	5.951380E-4	5.951380E-4	1.477279E-9	1.481758E+2
5.000000E-1	9.228070E-4	9.228070E-4	2.290634E-9	1.485439E+2
5.000000E-1	8.857949E-4	8.857949E-4	2.198761E-9	1.489121E+2
4.500000E-1	8.209674E-4	8.209674E-4	2.037843E-9	1.492793E+2
4.000000E-1	5.181674E-4	5.181674E-4	1.286219E-9	1.496475E+2
3.500000E-1	3.733289E-4	3.733289E-4	9.266943E-10	1.503887E+2
3.000000E-1	2.951008E-4	2.951008E-4	7.325127E-10	1.507568E+2
2.500000E-1	2.088558E-4	2.088558E-4	5.184314E-10	1.511260E+2
2.000000E-1	1.335951E-4	1.335951E-4	3.316160E-10	1.514941E+2
1.500000E-1	5.786836E-5	5.786836E-5	1.436435E-10	1.518623E+2
1.000000E-1	2.792467E-5	2.792467E-5	6.931591E-11	1.530381E+2
5.000000E-2	1.332619E-5	1.332619E-5	3.307889E-11	1.537412E+2
0.000000E+0	8.172659E-8	-8.172659E-8	-2.028655E-13	1.544443E+2
-5.000000E-2	1.264289E-5	-1.264289E-5	-3.138276E-11	1.551484E+2
-1.000000E-1	3.315966E-5	-3.315966E-5	-8.231044E-11	1.558516E+2
-1.500000E-1	5.100099E-5	-5.100099E-5	-1.265970E-10	1.569668E+2
-2.000000E-1	8.889852E-5	-8.889852E-5	-2.206680E-10	1.573350E+2
-2.500000E-1	1.440149E-4	-1.440149E-4	-3.574803E-10	1.577031E+2
-3.000000E-1	2.354020E-4	-2.354020E-4	-5.843257E-10	1.580723E+2
-3.500000E-1	2.848433E-4	-2.848433E-4	-7.070511E-10	1.584404E+2
-4.000000E-1	3.683507E-4	-3.683507E-4	-9.143371E-10	1.588086E+2
-4.500000E-1	4.302369E-4	-4.302369E-4	-1.067954E-9	1.599238E+2
-5.000000E-1	5.684481E-4	-5.684481E-4	-1.411028E-9	1.602920E+2
-5.000000E-1	5.898896E-4	-5.898896E-4	-1.464251E-9	1.606592E+2
-4.500000E-1	5.168762E-4	-5.168762E-4	-1.283014E-9	1.610273E+2
-4.000000E-1	3.759878E-4	-3.759878E-4	-9.332943E-10	1.617686E+2
-3.500000E-1	2.853529E-4	-2.853529E-4	-7.083161E-10	1.621367E+2
-3.000000E-1	2.085886E-4	-2.085886E-4	-5.177682E-10	1.625059E+2
-2.500000E-1	1.664381E-4	-1.664381E-4	-4.131404E-10	1.628740E+2
-2.000000E-1	1.065923E-4	-1.065923E-4	-2.645882E-10	1.632422E+2
-1.500000E-1	6.234769E-5	-6.234769E-5	-1.547623E-10	1.636104E+2
-1.000000E-1	2.889987E-5	-2.889987E-5	-7.173659E-11	1.647861E+2
-5.000000E-2	1.303219E-5	-1.303219E-5	-3.234910E-11	1.654893E+2
0.000000E+0	4.852497E-7	-4.852497E-7	-1.204509E-12	1.661924E+2
0.000000E+0	3.701961E-7	-3.701961E-7	-9.189177E-13	1.668965E+2
5.000000E-2	1.121007E-5	1.121007E-5	2.782616E-11	1.675996E+2
1.000000E-1	2.644259E-5	2.644259E-5	6.563700E-11	1.683027E+2
1.500000E-1	5.407780E-5	5.407780E-5	1.342344E-10	1.694180E+2
2.000000E-1	9.015714E-5	9.015714E-5	2.237922E-10	1.697861E+2
2.500000E-1	1.547984E-4	1.547984E-4	3.842477E-10	1.701553E+2
3.000000E-1	2.238318E-4	2.238318E-4	5.556056E-10	1.705234E+2
3.500000E-1	3.108444E-4	3.108444E-4	7.715923E-10	1.708916E+2
4.000000E-1	4.217769E-4	4.217769E-4	1.046954E-9	1.712607E+2
4.500000E-1	7.426037E-4	7.426037E-4	1.843325E-9	1.723760E+2
5.000000E-1	9.441111E-4	9.441111E-4	2.343516E-9	1.727432E+2
5.000000E-1	9.486356E-4	9.486356E-4	2.354747E-9	1.731113E+2
4.500000E-1	6.992446E-4	6.992446E-4	1.735697E-9	1.734785E+2
4.000000E-1	5.272902E-4	5.272902E-4	1.308864E-9	1.738467E+2
3.500000E-1	4.122726E-4	4.122726E-4	1.023362E-9	1.742148E+2
3.000000E-1	2.902838E-4	2.902838E-4	7.205558E-10	1.749551E+2
2.500000E-1	1.764700E-4	1.764700E-4	4.380420E-10	1.753242E+2
2.000000E-1	1.175799E-4	1.175799E-4	2.918622E-10	1.756924E+2
1.500000E-1	6.368035E-5	6.368035E-5	1.580703E-10	1.760605E+2
1.000000E-1	3.048367E-5	3.048367E-5	7.566796E-11	1.772354E+2
5.000000E-2	1.248138E-5	1.248138E-5	3.098186E-11	1.779385E+2
0.000000E+0	1.128003E-7	-1.128003E-7	-2.799982E-13	1.786416E+2
-5.000000E-2	1.250430E-5	-1.250430E-5	-3.103875E-11	1.793457E+2
-1.000000E-1	3.402892E-5	-3.402892E-5	-8.446815E-11	1.800488E+2
-1.500000E-1	6.250235E-5	-6.250235E-5	-1.551462E-10	1.811631E+2
-2.000000E-1	9.120030E-5	-9.120030E-5	-2.263816E-10	1.815322E+2
-2.500000E-1	1.467308E-4	-1.467308E-4	-3.642220E-10	1.819004E+2
-3.000000E-1	1.897082E-4	-1.897082E-4	-4.709023E-10	1.822686E+2
-3.500000E-1	2.393059E-4	-2.393059E-4	-5.940162E-10	1.826367E+2
-4.000000E-1	3.181407E-4	-3.181407E-4	-7.897036E-10	1.830059E+2
-4.500000E-1	3.877416E-4	-3.877416E-4	-9.624701E-10	1.833740E+2
-5.000000E-1	5.198534E-4	-5.198534E-4	-1.290404E-9	1.844893E+2
-5.000000E-1	5.345127E-4	-5.345127E-4	-1.326792E-9	1.848564E+2
-4.500000E-1	4.535493E-4	-4.535493E-4	-1.125821E-9	1.852246E+2
-4.000000E-1	3.228271E-4	-3.228271E-4	-8.013363E-10	1.859658E+2
-3.500000E-1	2.517361E-4	-2.517361E-4	-6.248710E-10	1.863340E+2
-3.000000E-1	1.690354E-4	-1.690354E-4	-4.195875E-10	1.867021E+2
-2.500000E-1	1.085880E-4	-1.085880E-4	-2.695421E-10	1.870703E+2
-2.000000E-1	7.682051E-5	-7.682051E-5	-1.906874E-10	1.874385E+2
-1.500000E-1	4.140601E-5	-4.140601E-5	-1.027799E-10	1.878076E+2
-1.000000E-1	2.153983E-5	-2.153983E-5	-5.346715E-11	1.889824E+2
-5.000000E-2	9.753848E-6	-9.753848E-6	-2.421145E-11	1.896855E+2
0.000000E+0	4.098631E-7	-4.098631E-7	-1.017381E-12	1.903887E+2
0.000000E+0	3.473855E-7	-3.473855E-7	-8.622963E-13	1.910918E+2
5.000000E-2	8.950893E-6	8.950893E-6	2.221832E-11	1.917949E+2
1.000000E-1	2.574170E-5	2.574170E-5	6.389724E-11	1.924980E+2
1.500000E-1	4.896912E-5	4.896912E-5	1.215534E-10	1.936133E+2
2.000000E-1	7.372871E-5	7.372871E-5	1.830128E-10	1.939814E+2
2.500000E-1	1.276633E-4	1.276633E-4	3.168917E-10	1.943506E+2
3.000000E-1	1.905402E-4	1.905402E-4	4.729677E-10	1.947188E+2
3.500000E-1	3.200540E-4	3.200540E-4	7.944528E-10	1.950869E+2
4.000000E-1	4.961321E-4	4.961321E-4	1.231522E-9	1.962012E+2
4.500000E-1	6.658889E-4	6.658889E-4	1.652900E-9	1.965693E+2
5.000000E-1	7.376162E-4	7.376162E-4	1.830945E-9	1.969375E+2
5.000000E-1	8.528598E-4	8.528598E-4	2.117008E-9	1.973047E+2
4.500000E-1	5.992537E-4	5.992537E-4	1.487495E-9	1.976729E+2
4.000000E-1	4.508316E-4	4.508316E-4	1.119075E-9	1.980400E+2
3.500000E-1	3.393426E-4	3.393426E-4	8.423317E-10	1.987813E+2
3.000000E-1	2.529558E-4	2.529558E-4	6.278985E-10	1.991494E+2
2.500000E-1	1.593429E-4	1.593429E-4	3.955283E-10	1.995186E+2
2.000000E-1	9.446396E-5	9.446396E-5	2.344828E-10	1.998867E+2
1.500000E-1	5.434860E-5	5.434860E-5	1.349066E-10	2.002549E+2
1.000000E-1	2.722408E-5	2.722408E-5	6.757686E-11	2.014297E+2
5.000000E-2	1.129121E-5	1.129121E-5	2.802755E-11	2.021328E+2
0.000000E+0	1.262966E-7	-1.262966E-7	-3.134992E-13	2.028359E+2
-5.000000E-2	1.070014E-5	-1.070014E-5	-2.656039E-11	2.035391E+2
-1.000000E-1	2.370911E-5	-2.370911E-5	-5.885184E-11	2.042422E+2
-1.500000E-1	4.114173E-5	-4.114173E-5	-1.021239E-10	2.053574E+2
-2.000000E-1	6.771291E-5	-6.771291E-5	-1.680801E-10	2.057256E+2
-2.500000E-1	9.882212E-5	-9.882212E-5	-2.453008E-10	2.060938E+2
-3.000000E-1	1.447393E-4	-1.447393E-4	-3.592785E-10	2.064629E+2
-3.500000E-1	2.126288E-4	-2.126288E-4	-5.277971E-10	2.068311E+2
-4.000000E-1	2.897252E-4	-2.897252E-4	-7.191692E-10	2.071992E+2
-4.500000E-1	4.036332E-4	-4.036332E-4	-1.001917E-9	2.075674E+2
-5.000000E-1	5.781409E-4	-5.781409E-4	-1.435088E-9	2.086826E+2
-5.000000E-1	5.447953E-4	-5.447953E-4	-1.352316E-9	2.090508E+2
-4.500000E-1	4.140806E-4	-4.140806E-4	-1.027850E-9	2.094180E+2
-4.000000E-1	3.342665E-4	-3.342665E-4	-8.297318E-10	2.101592E+2
-3.500000E-1	2.399445E-4	-2.399445E-4	-5.956013E-10	2.105273E+2
-3.000000E-1	1.807934E-4	-1.807934E-4	-4.487736E-10	2.108965E+2
-2.500000E-1	1.197083E-4	-1.197083E-4	-2.971455E-10	2.112646E+2
-2.000000E-1	7.778335E-5	-7.778335E-5	-1.930774E-10	2.116328E+2
-1.500000E-1	4.498543E-5	-4.498543E-5	-1.116649E-10	2.120010E+2
-1.000000E-1	2.557661E-5	-2.557661E-5	-6.348745E-11	2.131758E+2
-5.000000E-2	1.039389E-5	-1.039389E-5	-2.580020E-11	2.138789E+2
0.000000E+0	4.225375E-7	-4.225375E-7	-1.048842E-12	2.145820E+2
0.000000E+0	3.556600E-7	-3.556600E-7	-8.828355E-13	2.152861E+2
5.000000E-2	1.230112E-5	1.230112E-5	3.053441E-11	2.159893E+2
1.000000E-1	3.004273E-5	3.004273E-5	7.457345E-11	2.166924E+2
1.500000E-1	5.045064E-5	5.045064E-5	1.252309E-10	2.178066E+2
2.000000E-1	8.977269E-5	8.977269E-5	2.228379E-10	2.181758E+2
2.500000E-1	1.601882E-4	1.601882E-4	3.976265E-10	2.185439E+2
3.000000E-1	2.249514E-4	2.249514E-4	5.583847E-10	2.189121E+2
3.500000E-1	3.200143E-4	3.200143E-4	7.943542E-10	2.192803E+2
4.000000E-1	4.769547E-4	4.769547E-4	1.183919E-9	2.203955E+2
4.500000E-1	6.888793E-4	6.888793E-4	1.709968E-9	2.207627E+2
5.000000E-1	8.041830E-4	8.041830E-4	1.996180E-9	2.211309E+2
5.000000E-1	7.506419E-4	7.506419E-4	1.863278E-9	2.214990E+2
4.500000E-1	6.377603E-4	6.377603E-4	1.583078E-9	2.218662E+2
4.000000E-1	4.863579E-4	4.863579E-4	1.207260E-9	2.222344E+2
3.500000E-1	3.034309E-4	3.034309E-4	7.531901E-10	2.229756E+2
3.000000E-1	2.055266E-4	2.055266E-4	5.101675E-10	2.233437E+2
2.500000E-1	1.364873E-4	1.364873E-4	3.387950E-10	2.237119E+2
2.000000E-1	8.795949E-5	8.795949E-5	2.183371E-10	2.240801E+2
1.500000E-1	5.005040E-5	5.005040E-5	1.242374E-10	2.244492E+2
1.000000E-1	2.383862E-5	2.383862E-5	5.917331E-11	2.256230E+2
5.000000E-2	8.878181E-6	8.878181E-6	2.203783E-11	2.263262E+2
0.000000E+0	1.805331E-7	-1.805331E-7	-4.481276E-13	2.270293E+2
-5.000000E-2	8.857446E-6	-8.857446E-6	-2.198636E-11	2.277334E+2
-1.000000E-1	2.123705E-5	-2.123705E-5	-5.271558E-11	2.284365E+2
-1.500000E-1	4.200031E-5	-4.200031E-5	-1.042551E-10	2.291396E+2
-2.000000E-1	6.776862E-5	-6.776862E-5	-1.682184E-10	2.302549E+2
-2.500000E-1	1.081579E-4	-1.081579E-4	-2.684745E-10	2.306230E+2
-3.000000E-1	1.512825E-4	-1.512825E-4	-3.755204E-10	2.309912E+2
-3.500000E-1	2.123113E-4	-2.123113E-4	-5.270090E-10	2.313594E+2
-4.000000E-1	3.073808E-4	-3.073808E-4	-7.629948E-10	2.317285E+2
-4.500000E-1	3.877334E-4	-3.877334E-4	-9.624497E-10	2.328428E+2
-5.000000E-1	4.919589E-4	-4.919589E-4	-1.221163E-9	2.332109E+2
-5.000000E-1	4.790307E-4	-4.790307E-4	-1.189072E-9	2.335781E+2
-4.500000E-1	4.171919E-4	-4.171919E-4	-1.035573E-9	2.343193E+2
-4.000000E-1	2.988541E-4	-2.988541E-4	-7.418293E-10	2.346875E+2
-3.500000E-1	2.268166E-4	-2.268166E-4	-5.630145E-10	2.350557E+2
-3.000000E-1	1.546246E-4	-1.546246E-4	-3.838163E-10	2.354248E+2
-2.500000E-1	1.077028E-4	-1.077028E-4	-2.673448E-10	2.357930E+2
-2.000000E-1	6.914258E-5	-6.914258E-5	-1.716289E-10	2.361611E+2
-1.500000E-1	4.218595E-5	-4.218595E-5	-1.047159E-10	2.365293E+2
-1.000000E-1	2.074068E-5	-2.074068E-5	-5.148346E-11	2.377041E+2
-5.000000E-2	8.450165E-6	-8.450165E-6	-2.097539E-11	2.384072E+2
0.000000E+0	3.937670E-7	-3.937670E-7	-9.774265E-13	2.391104E+2
0.000000E+0	3.507177E-7	-3.507177E-7	-8.705675E-13	2.398145E+2
5.000000E-2	7.408190E-6	7.408190E-6	1.838895E-11	2.405176E+2
1.000000E-1	1.844349E-5	1.844349E-5	4.578128E-11	2.412207E+2
1.500000E-1	3.647071E-5	3.647071E-5	9.052928E-11	2.419238E+2
2.000000E-1	1.033821E-4	1.033821E-4	2.566197E-10	2.430391E+2
2.500000E-1	1.107816E-4	1.107816E-4	2.749871E-10	2.434072E+2
3.000000E-1	1.777304E-4	1.777304E-4	4.411705E-10	2.437754E+2
3.500000E-1	2.834389E-4	2.834389E-4	7.035652E-10	2.441436E+2
4.000000E-1	3.567118E-4	3.567118E-4	8.854465E-10	2.445127E+2
4.500000E-1	6.217414E-4	6.217414E-4	1.543315E-9	2.456270E+2
5.000000E-1	8.385172E-4	8.385172E-4	2.081406E-9	2.459951E+2
5.000000E-1	8.112153E-4	8.112153E-4	2.013636E-9	2.463623E+2
4.500000E-1	6.896347E-4	6.896347E-4	1.711843E-9	2.467305E+2
4.000000E-1	5.278635E-4	5.278635E-4	1.310287E-9	2.470986E+2
3.500000E-1	3.809534E-4	3.809534E-4	9.456201E-10	2.478398E+2
3.000000E-1	2.655856E-4	2.655856E-4	6.592489E-10	2.482080E+2
2.500000E-1	1.302546E-4	1.302546E-4	3.233240E-10	2.485762E+2
2.000000E-1	7.969565E-5	7.969565E-5	1.978242E-10	2.489443E+2
1.500000E-1	4.575397E-5	4.575397E-5	1.135726E-10	2.493125E+2
1.000000E-1	2.226361E-5	2.226361E-5	5.526377E-11	2.504873E+2
5.000000E-2	9.068203E-6	9.068203E-6	2.250951E-11	2.511904E+2
0.000000E+0	1.663883E-7	-1.663883E-7	-4.130168E-13	2.518936E+2
-5.000000E-2	9.886010E-6	-9.886010E-6	-2.453951E-11	2.525977E+2
-1.000000E-1	2.383810E-5	-2.383810E-5	-5.917203E-11	2.533008E+2
-1.500000E-1	4.009713E-5	-4.009713E-5	-9.953094E-11	2.544160E+2
-2.000000E-1	7.587890E-5	-7.587890E-5	-1.883501E-10	2.547842E+2
-2.500000E-1	1.093161E-4	-1.093161E-4	-2.713494E-10	2.551523E+2
-3.000000E-1	1.732668E-4	-1.732668E-4	-4.300907E-10	2.555205E+2
-3.500000E-1	2.332734E-4	-2.332734E-4	-5.790419E-10	2.558887E+2
-4.000000E-1	3.105193E-4	-3.105193E-4	-7.707854E-10	2.562578E+2
-4.500000E-1	3.674370E-4	-3.674370E-4	-9.120691E-10	2.566260E+2
-5.000000E-1	6.409759E-4	-6.409759E-4	-1.591060E-9	2.577402E+2
-5.000000E-1	6.141361E-4	-6.141361E-4	-1.524437E-9	2.581084E+2
-4.500000E-1	4.685253E-4	-4.685253E-4	-1.162995E-9	2.584766E+2
-4.000000E-1	2.856146E-4	-2.856146E-4	-7.089656E-10	2.592168E+2
-3.500000E-1	2.007826E-4	-2.007826E-4	-4.983919E-10	2.595859E+2
-3.000000E-1	1.519307E-4	-1.519307E-4	-3.771295E-10	2.599541E+2
-2.500000E-1	9.596647E-5	-9.596647E-5	-2.382124E-10	2.603223E+2
-2.000000E-1	5.768900E-5	-5.768900E-5	-1.431983E-10	2.606904E+2
-1.500000E-1	3.315629E-5	-3.315629E-5	-8.230208E-11	2.618652E+2
-1.000000E-1	1.694602E-5	-1.694602E-5	-4.206420E-11	2.625693E+2
-5.000000E-2	8.934715E-6	-8.934715E-6	-2.217816E-11	2.632725E+2
0.000000E+0	4.194065E-7	-4.194065E-7	-1.041070E-12	2.639756E+2
0.000000E+0	3.579074E-7	-3.579074E-7	-8.884143E-13	2.646787E+2
5.000000E-2	6.589443E-6	6.589443E-6	1.635662E-11	2.653818E+2
1.000000E-1	1.633888E-5	1.633888E-5	4.055711E-11	2.668643E+2
1.500000E-1	3.730246E-5	3.730246E-5	9.259389E-11	2.680391E+2
2.000000E-1	5.981168E-5	5.981168E-5	1.484673E-10	2.691543E+2
2.500000E-1	9.717381E-5	9.717381E-5	2.412093E-10	2.695225E+2
3.000000E-1	1.704596E-4	1.704596E-4	4.231228E-10	2.698906E+2
3.500000E-1	2.137808E-4	2.137808E-4	5.306566E-10	2.702588E+2
4.000000E-1	3.226110E-4	3.226110E-4	8.008000E-10	2.706279E+2
4.500000E-1	5.698383E-4	5.698383E-4	1.414479E-9	2.717422E+2
5.000000E-1	1.004423E-3	1.004423E-3	2.493225E-9	2.721104E+2
5.000000E-1	1.066648E-3	1.066648E-3	2.647683E-9	2.724775E+2
4.500000E-1	8.702248E-4	8.702248E-4	2.160112E-9	2.728457E+2
4.000000E-1	5.640992E-4	5.640992E-4	1.400233E-9	2.732139E+2
3.500000E-1	3.988384E-4	3.988384E-4	9.900150E-10	2.739541E+2
3.000000E-1	2.901595E-4	2.901595E-4	7.202472E-10	2.743232E+2
2.500000E-1	1.251625E-4	1.251625E-4	3.106840E-10	2.746914E+2
2.000000E-1	6.646456E-5	6.646456E-5	1.649814E-10	2.750596E+2
1.500000E-1	4.238077E-5	4.238077E-5	1.051995E-10	2.754277E+2
1.000000E-1	2.079416E-5	2.079416E-5	5.161622E-11	2.766025E+2
5.000000E-2	7.628514E-6	7.628514E-6	1.893585E-11	2.773057E+2
0.000000E+0	1.968919E-7	-1.968919E-7	-4.887341E-13	2.780088E+2
-5.000000E-2	9.361900E-6	-9.361900E-6	-2.323854E-11	2.787129E+2
-1.000000E-1	1.813006E-5	-1.813006E-5	-4.500327E-11	2.794160E+2
-1.500000E-1	3.695230E-5	-3.695230E-5	-9.172471E-11	2.801191E+2
-2.000000E-1	5.938537E-5	-5.938537E-5	-1.474091E-10	2.812344E+2
-2.500000E-1	9.723202E-5	-9.723202E-5	-2.413538E-10	2.816025E+2
-3.000000E-1	1.374321E-4	-1.374321E-4	-3.411402E-10	2.819707E+2
-3.500000E-1	2.103770E-4	-2.103770E-4	-5.222074E-10	2.823389E+2
-4.000000E-1	2.881362E-4	-2.881362E-4	-7.152250E-10	2.827080E+2
-4.500000E-1	3.832836E-4	-3.832836E-4	-9.514043E-10	2.841904E+2
-5.000000E-1	4.563992E-4	-4.563992E-4	-1.132895E-9	2.845576E+2
-5.000000E-1	4.476321E-4	-4.476321E-4	-1.111133E-9	2.849258E+2
-4.500000E-1	3.742878E-4	-3.742878E-4	-9.290744E-10	2.856670E+2
-4.000000E-1	2.980418E-4	-2.980418E-4	-7.398131E-10	2.860352E+2
-3.500000E-1	2.348112E-4	-2.348112E-4	-5.828591E-10	2.864033E+2
-3.000000E-1	1.572110E-4	-1.572110E-4	-3.902363E-10	2.867715E+2
-2.500000E-1	1.130467E-4	-1.130467E-4	-2.806098E-10	2.871396E+2
-2.000000E-1	7.274174E-5	-7.274174E-5	-1.805629E-10	2.875088E+2
-1.500000E-1	4.193621E-5	-4.193621E-5	-1.040960E-10	2.878770E+2
-1.000000E-1	1.818656E-5	-1.818656E-5	-4.514351E-11	2.890518E+2
-5.000000E-2	1.097431E-5	-1.097431E-5	-2.724093E-11	2.897549E+2
0.000000E+0	4.127588E-7	-4.127588E-7	-1.024569E-12	2.904580E+2
0.000000E+0	3.396702E-7	-3.396702E-7	-8.431450E-13	2.911621E+2
5.000000E-2	7.358288E-6	7.358288E-6	1.826508E-11	2.918643E+2
1.000000E-1	1.730983E-5	1.730983E-5	4.296726E-11	2.925674E+2
1.500000E-1	3.684299E-5	3.684299E-5	9.145337E-11	2.932705E+2
2.000000E-1	6.972318E-5	6.972318E-5	1.730701E-10	2.943857E+2
2.500000E-1	1.082577E-4	1.082577E-4	2.687223E-10	2.947539E+2
3.000000E-1	1.435865E-4	1.435865E-4	3.564170E-10	2.951221E+2
3.500000E-1	2.696053E-4	2.696053E-4	6.692267E-10	2.954912E+2
4.000000E-1	6.278854E-4	6.278854E-4	1.558566E-9	2.966055E+2
4.500000E-1	8.036271E-4	8.036271E-4	1.994800E-9	2.969736E+2
5.000000E-1	1.247480E-3	1.247480E-3	3.096552E-9	2.973408E+2
5.000000E-1	1.152062E-3	1.152062E-3	2.859702E-9	2.977090E+2
4.500000E-1	8.293118E-4	8.293118E-4	2.058556E-9	2.980771E+2
4.000000E-1	5.520714E-4	5.520714E-4	1.370377E-9	2.984443E+2
3.500000E-1	4.158544E-4	4.158544E-4	1.032253E-9	2.988125E+2
3.000000E-1	1.989338E-4	1.989338E-4	4.938027E-10	2.995537E+2
2.500000E-1	1.087696E-4	1.087696E-4	2.699928E-10	2.999219E+2
2.000000E-1	6.583441E-5	6.583441E-5	1.634172E-10	3.002900E+2
1.500000E-1	4.057354E-5	4.057354E-5	1.007135E-10	3.006582E+2
1.000000E-1	2.677182E-5	2.677182E-5	6.645425E-11	3.018330E+2
5.000000E-2	9.407363E-6	9.407363E-6	2.335139E-11	3.025361E+2
0.000000E+0	1.495600E-7	-1.495600E-7	-3.712447E-13	3.032393E+2
-5.000000E-2	7.520137E-6	-7.520137E-6	-1.866683E-11	3.039434E+2
-1.000000E-1	1.718537E-5	-1.718537E-5	-4.265831E-11	3.046465E+2
-1.500000E-1	3.345119E-5	-3.345119E-5	-8.303409E-11	3.053496E+2
-2.000000E-1	4.777407E-5	-4.777407E-5	-1.185870E-10	3.064639E+2
-2.500000E-1	7.436189E-5	-7.436189E-5	-1.845845E-10	3.068330E+2
-3.000000E-1	1.188872E-4	-1.188872E-4	-2.951072E-10	3.072012E+2
-3.500000E-1	1.682663E-4	-1.682663E-4	-4.176784E-10	3.075693E+2
-4.000000E-1	2.468763E-4	-2.468763E-4	-6.128078E-10	3.079375E+2
-4.500000E-1	3.131605E-4	-3.131605E-4	-7.773415E-10	3.083066E+2
-5.000000E-1	3.664926E-4	-3.664926E-4	-9.097247E-10	3.086748E+2
-5.000000E-1	3.522224E-4	-3.522224E-4	-8.743026E-10	3.090430E+2
-4.500000E-1	3.176619E-4	-3.176619E-4	-7.885150E-10	3.094111E+2
-4.000000E-1	2.262138E-4	-2.262138E-4	-5.615184E-10	3.097803E+2
-3.500000E-1	1.585666E-4	-1.585666E-4	-3.936014E-10	3.101484E+2
-3.000000E-1	1.162412E-4	-1.162412E-4	-2.885393E-10	3.105166E+2
-2.500000E-1	7.681217E-5	-7.681217E-5	-1.906667E-10	3.108848E+2
-2.000000E-1	4.960064E-5	-4.960064E-5	-1.231210E-10	3.112529E+2
-1.500000E-1	3.049248E-5	-3.049248E-5	-7.568984E-11	3.124287E+2
-1.000000E-1	1.634024E-5	-1.634024E-5	-4.056049E-11	3.131309E+2
-5.000000E-2	6.631148E-6	-6.631148E-6	-1.646014E-11	3.138350E+2
0.000000E+0	3.888918E-7	-3.888918E-7	-9.653250E-13	3.145371E+2
0.000000E+0	3.504325E-7	-3.504325E-7	-8.698597E-13	3.152412E+2
5.000000E-2	6.883021E-6	6.883021E-6	1.708535E-11	3.159443E+2
1.000000E-1	1.692579E-5	1.692579E-5	4.201398E-11	3.166475E+2
1.500000E-1	3.427692E-5	3.427692E-5	8.508376E-11	3.173506E+2
2.000000E-1	6.665830E-5	6.665830E-5	1.654623E-10	3.184658E+2
2.500000E-1	1.005928E-4	1.005928E-4	2.496960E-10	3.188340E+2
3.000000E-1	1.373690E-4	1.373690E-4	3.409836E-10	3.192021E+2
3.500000E-1	1.998877E-4	1.998877E-4	4.961705E-10	3.195703E+2
4.000000E-1	3.040028E-4	3.040028E-4	7.546097E-10	3.199395E+2
4.500000E-1	4.924480E-4	4.924480E-4	1.222377E-9	3.210537E+2
5.000000E-1	6.212877E-4	6.212877E-4	1.542189E-9	3.214219E+2
5.000000E-1	6.295601E-4	6.295601E-4	1.562723E-9	3.217891E+2
4.500000E-1	4.016116E-4	4.016116E-4	9.968989E-10	3.225303E+2
4.000000E-1	3.592409E-4	3.592409E-4	8.917243E-10	3.228984E+2
3.500000E-1	2.474242E-4	2.474242E-4	6.141677E-10	3.232676E+2
3.000000E-1	2.026115E-4	2.026115E-4	5.029316E-10	3.236357E+2
2.500000E-1	1.509905E-4	1.509905E-4	3.747955E-10	3.240039E+2
2.000000E-1	8.327345E-5	8.327345E-5	2.067052E-10	3.243721E+2
1.500000E-1	4.740143E-5	4.740143E-5	1.176620E-10	3.247402E+2
1.000000E-1	1.486656E-5	1.486656E-5	3.690245E-11	3.259150E+2
5.000000E-2	5.625196E-6	5.625196E-6	1.396312E-11	3.266182E+2
0.000000E+0	2.357704E-7	-2.357704E-7	-5.852402E-13	3.273213E+2
-5.000000E-2	6.059488E-6	-6.059488E-6	-1.504114E-11	3.280254E+2
-1.000000E-1	1.364557E-5	-1.364557E-5	-3.387166E-11	3.287285E+2
-1.500000E-1	2.336304E-5	-2.336304E-5	-5.799281E-11	3.294316E+2
-2.000000E-1	4.137491E-5	-4.137491E-5	-1.027027E-10	3.307139E+2
-2.500000E-1	6.695541E-5	-6.695541E-5	-1.661998E-10	3.310820E+2
-3.000000E-1	9.800084E-5	-9.800084E-5	-2.432622E-10	3.314502E+2
-3.500000E-1	1.432257E-4	-1.432257E-4	-3.555214E-10	3.318193E+2
-4.000000E-1	2.023348E-4	-2.023348E-4	-5.022447E-10	3.321875E+2
-4.500000E-1	2.464733E-4	-2.464733E-4	-6.118073E-10	3.325557E+2
-5.000000E-1	2.960922E-4	-2.960922E-4	-7.349736E-10	3.329238E+2
-5.000000E-1	2.959365E-4	-2.959365E-4	-7.345873E-10	3.332920E+2
-4.500000E-1	2.351926E-4	-2.351926E-4	-5.838059E-10	3.336611E+2
-4.000000E-1	1.703096E-4	-1.703096E-4	-4.227503E-10	3.340293E+2
-3.500000E-1	1.294974E-4	-1.294974E-4	-3.214444E-10	3.343975E+2
-3.000000E-1	9.367238E-5	-9.367238E-5	-2.325179E-10	3.347656E+2
-2.500000E-1	6.238898E-5	-6.238898E-5	-1.548648E-10	3.351348E+2
-2.000000E-1	4.202670E-5	-4.202670E-5	-1.043206E-10	3.355029E+2
-1.500000E-1	2.543605E-5	-2.543605E-5	-6.313854E-11	3.366777E+2
-1.000000E-1	1.420378E-5	-1.420378E-5	-3.525728E-11	3.373809E+2
-5.000000E-2	5.809352E-6	-5.809352E-6	-1.442024E-11	3.380840E+2
0.000000E+0	3.516010E-7	-3.516010E-7	-8.727602E-13	3.387871E+2
0.000000E+0	3.290868E-7	-3.290868E-7	-8.168743E-13	3.394912E+2
5.000000E-2	5.564263E-6	5.564263E-6	1.381187E-11	3.401934E+2
1.000000E-1	1.369054E-5	1.369054E-5	3.398330E-11	3.408965E+2
1.500000E-1	2.734701E-5	2.734701E-5	6.788201E-11	3.415996E+2
2.000000E-1	4.977113E-5	4.977113E-5	1.235442E-10	3.427148E+2
2.500000E-1	8.576152E-5	8.576152E-5	2.128812E-10	3.430830E+2
3.000000E-1	1.217603E-4	1.217603E-4	3.022391E-10	3.434521E+2
3.500000E-1	1.879772E-4	1.879772E-4	4.666057E-10	3.438203E+2
4.000000E-1	2.508993E-4	2.508993E-4	6.227938E-10	3.441885E+2
4.500000E-1	4.156663E-4	4.156663E-4	1.031786E-9	3.445566E+2
5.000000E-1	6.041315E-4	6.041315E-4	1.499603E-9	3.456719E+2
5.000000E-1	6.451307E-4	6.451307E-4	1.601373E-9	3.460391E+2
4.500000E-1	4.706572E-4	4.706572E-4	1.168287E-9	3.464072E+2
4.000000E-1	3.549374E-4	3.549374E-4	8.810421E-10	3.471484E+2
3.500000E-1	2.367566E-4	2.367566E-4	5.876882E-10	3.475166E+2
3.000000E-1	1.690223E-4	1.690223E-4	4.195549E-10	3.478848E+2
2.500000E-1	1.010540E-4	1.010540E-4	2.508408E-10	3.482529E+2
2.000000E-1	4.774490E-5	4.774490E-5	1.185146E-10	3.486221E+2
1.500000E-1	2.611914E-5	2.611914E-5	6.483414E-11	3.497969E+2
1.000000E-1	1.378514E-5	1.378514E-5	3.421810E-11	3.505000E+2
5.000000E-2	5.347758E-6	5.347758E-6	1.327445E-11	3.512031E+2
0.000000E+0	2.220953E-7	-2.220953E-7	-5.512951E-13	3.519063E+2
-5.000000E-2	5.866252E-6	-5.866252E-6	-1.456148E-11	3.526094E+2
-1.000000E-1	1.280296E-5	-1.280296E-5	-3.178009E-11	3.533125E+2
-1.500000E-1	2.376476E-5	-2.376476E-5	-5.898999E-11	3.540156E+2
-2.000000E-1	4.085691E-5	-4.085691E-5	-1.014169E-10	3.547188E+2
-2.500000E-1	6.713686E-5	-6.713686E-5	-1.666502E-10	3.558340E+2
-3.000000E-1	9.845776E-5	-9.845776E-5	-2.443964E-10	3.562021E+2
-3.500000E-1	1.536825E-4	-1.536825E-4	-3.814777E-10	3.565703E+2
-4.000000E-1	1.889990E-4	-1.889990E-4	-4.691421E-10	3.569395E+2
-4.500000E-1	2.456327E-4	-2.456327E-4	-6.097207E-10	3.573076E+2
-5.000000E-1	2.849724E-4	-2.849724E-4	-7.073717E-10	3.576758E+2
-5.000000E-1	3.801635E-4	-3.801635E-4	-9.436594E-10	3.580439E+2
-4.500000E-1	3.273473E-4	-3.273473E-4	-8.125565E-10	3.584131E+2
-4.000000E-1	2.605058E-4	-2.605058E-4	-6.466394E-10	3.587813E+2
-3.500000E-1	1.447957E-4	-1.447957E-4	-3.594186E-10	3.591494E+2
-3.000000E-1	1.046424E-4	-1.046424E-4	-2.597482E-10	3.595176E+2
-2.500000E-1	6.958154E-5	-6.958154E-5	-1.727185E-10	3.598867E+2
-2.000000E-1	4.981041E-5	-4.981041E-5	-1.236417E-10	3.602549E+2
-1.500000E-1	2.545956E-5	-2.545956E-5	-6.319689E-11	3.614297E+2
-1.000000E-1	1.325875E-5	-1.325875E-5	-3.291149E-11	3.621328E+2
-5.000000E-2	6.028786E-6	-6.028786E-6	-1.496493E-11	3.628359E+2
0.000000E+0	3.542958E-7	-3.542958E-7	-8.794493E-13	3.635391E+2
0.000000E+0	3.479782E-7	-3.479782E-7	-8.637674E-13	3.642422E+2
5.000000E-2	5.178403E-6	5.178403E-6	1.285407E-11	3.649453E+2
1.000000E-1	1.297188E-5	1.297188E-5	3.219939E-11	3.656484E+2
1.500000E-1	2.459152E-5	2.459152E-5	6.104219E-11	3.663516E+2
2.000000E-1	4.363766E-5	4.363766E-5	1.083194E-10	3.678008E+2
2.500000E-1	7.114102E-5	7.114102E-5	1.765895E-10	3.681699E+2
3.000000E-1	1.061739E-4	1.061739E-4	2.635498E-10	3.685381E+2
3.500000E-1	1.507630E-4	1.507630E-4	3.742308E-10	3.689062E+2
4.000000E-1	2.198558E-4	2.198558E-4	5.457363E-10	3.692744E+2
4.500000E-1	3.089120E-4	3.089120E-4	7.667956E-10	3.696426E+2
5.000000E-1	3.831170E-4	3.831170E-4	9.509907E-10	3.700117E+2
5.000000E-1	5.035121E-4	5.035121E-4	1.249841E-9	3.711260E+2
4.500000E-1	3.480718E-4	3.480718E-4	8.639998E-10	3.718672E+2
4.000000E-1	2.908440E-4	2.908440E-4	7.219463E-10	3.722354E+2
3.500000E-1	2.150041E-4	2.150041E-4	5.336932E-10	3.726035E+2
3.000000E-1	1.260064E-4	1.260064E-4	3.127788E-10	3.729727E+2
2.500000E-1	7.601998E-5	7.601998E-5	1.887003E-10	3.733408E+2
2.000000E-1	4.677357E-5	4.677357E-5	1.161035E-10	3.737090E+2
1.500000E-1	2.718520E-5	2.718520E-5	6.748036E-11	3.748838E+2
1.000000E-1	1.216041E-5	1.216041E-5	3.018512E-11	3.755869E+2
5.000000E-2	4.995492E-6	4.995492E-6	1.240004E-11	3.762900E+2
0.000000E+0	2.203621E-7	-2.203621E-7	-5.469930E-13	3.769932E+2
-5.000000E-2	4.905839E-6	-4.905839E-6	-1.217750E-11	3.776963E+2
-1.000000E-1	1.046877E-5	-1.046877E-5	-2.598607E-11	3.783994E+2
-1.500000E-1	2.053915E-5	-2.053915E-5	-5.098322E-11	3.791025E+2
-2.000000E-1	3.464032E-5	-3.464032E-5	-8.598579E-11	3.798057E+2
-2.500000E-1	5.480540E-5	-5.480540E-5	-1.360405E-10	3.809209E+2
-3.000000E-1	8.077688E-5	-8.077688E-5	-2.005081E-10	3.812891E+2
-3.500000E-1	1.103030E-4	-1.103030E-4	-2.737993E-10	3.816572E+2
-4.000000E-1	1.441813E-4	-1.441813E-4	-3.578934E-10	3.820264E+2
-4.500000E-1	1.868008E-4	-1.868008E-4	-4.636856E-10	3.823945E+2
-5.000000E-1	2.639093E-4	-2.639093E-4	-6.550878E-10	3.827627E+2
-5.000000E-1	2.573075E-4	-2.573075E-4	-6.387006E-10	3.831318E+2
-4.500000E-1	2.000316E-4	-2.000316E-4	-4.965277E-10	3.835000E+2
-4.000000E-1	1.547560E-4	-1.547560E-4	-3.841424E-10	3.838682E+2
-3.500000E-1	1.171762E-4	-1.171762E-4	-2.908602E-10	3.842363E+2
-3.000000E-1	8.389414E-5	-8.389414E-5	-2.082459E-10	3.846055E+2
-2.500000E-1	5.392108E-5	-5.392108E-5	-1.338454E-10	3.849736E+2
-2.000000E-1	3.051700E-5	-3.051700E-5	-7.575071E-11	3.861484E+2
-1.500000E-1	1.762797E-5	-1.762797E-5	-4.375697E-11	3.868516E+2
-1.000000E-1	9.839649E-6	-9.839649E-6	-2.442443E-11	3.875547E+2
-5.000000E-2	4.150797E-6	-4.150797E-6	-1.030330E-11	3.882578E+2
0.000000E+0	3.345266E-7	-3.345266E-7	-8.303774E-13	3.889609E+2
0.000000E+0	3.327096E-7	-3.327096E-7	-8.258672E-13	3.896650E+2
5.000000E-2	3.878250E-6	3.878250E-6	9.626772E-12	3.903682E+2
1.000000E-1	1.037980E-5	1.037980E-5	2.576521E-11	3.910703E+2
1.500000E-1	2.009041E-5	2.009041E-5	4.986935E-11	3.917734E+2
2.000000E-1	3.819912E-5	3.819912E-5	9.481962E-11	3.924766E+2
2.500000E-1	6.306752E-5	6.306752E-5	1.565491E-10	3.935918E+2
3.000000E-1	9.783761E-5	9.783761E-5	2.428570E-10	3.939600E+2
3.500000E-1	1.458624E-4	1.458624E-4	3.620664E-10	3.943281E+2
4.000000E-1	2.265288E-4	2.265288E-4	5.623003E-10	3.946973E+2
4.500000E-1	3.403797E-4	3.403797E-4	8.449062E-10	3.950654E+2
5.000000E-1	5.458967E-4	5.458967E-4	1.355050E-9	3.961797E+2
5.000000E-1	5.843446E-4	5.843446E-4	1.450487E-9	3.965479E+2
4.500000E-1	4.410071E-4	4.410071E-4	1.094688E-9	3.969160E+2
4.000000E-1	3.489839E-4	3.489839E-4	8.662639E-10	3.976563E+2
3.500000E-1	3.086257E-4	3.086257E-4	7.660848E-10	3.980254E+2
3.000000E-1	1.488381E-4	1.488381E-4	3.694528E-10	3.983936E+2
2.500000E-1	1.255813E-4	1.255813E-4	3.117236E-10	3.987617E+2
2.000000E-1	7.453315E-5	7.453315E-5	1.850096E-10	3.991299E+2
1.500000E-1	4.122033E-5	4.122033E-5	1.023190E-10	3.994990E+2
1.000000E-1	1.530825E-5	1.530825E-5	3.799884E-11	4.006738E+2
5.000000E-2	5.134346E-6	5.134346E-6	1.274471E-11	4.013770E+2
0.000000E+0	2.485175E-7	-2.485175E-7	-6.168815E-13	4.020801E+2
-5.000000E-2	6.169328E-6	-6.169328E-6	-1.531379E-11	4.027832E+2
-1.000000E-1	1.361416E-5	-1.361416E-5	-3.379369E-11	4.034863E+2
-1.500000E-1	2.706691E-5	-2.706691E-5	-6.718673E-11	4.041895E+2
-2.000000E-1	3.801107E-5	-3.801107E-5	-9.435283E-11	4.048926E+2
-2.500000E-1	5.207763E-5	-5.207763E-5	-1.292695E-10	4.060078E+2
-3.000000E-1	7.649737E-5	-7.649737E-5	-1.898853E-10	4.063760E+2
-3.500000E-1	1.138428E-4	-1.138428E-4	-2.825858E-10	4.067441E+2
-4.000000E-1	1.610982E-4	-1.610982E-4	-3.998853E-10	4.071133E+2
-4.500000E-1	1.924764E-4	-1.924764E-4	-4.777737E-10	4.074814E+2
-5.000000E-1	2.483975E-4	-2.483975E-4	-6.165837E-10	4.078496E+2
-5.000000E-1	2.696119E-4	-2.696119E-4	-6.692431E-10	4.082178E+2
-4.500000E-1	2.137910E-4	-2.137910E-4	-5.306819E-10	4.085869E+2
-4.000000E-1	1.777058E-4	-1.777058E-4	-4.411096E-10	4.089551E+2
-3.500000E-1	1.285417E-4	-1.285417E-4	-3.190722E-10	4.093232E+2
-3.000000E-1	9.328846E-5	-9.328846E-5	-2.315649E-10	4.096914E+2
-2.500000E-1	5.920807E-5	-5.920807E-5	-1.469690E-10	4.100605E+2
-2.000000E-1	3.638068E-5	-3.638068E-5	-9.030579E-11	4.112354E+2
-1.500000E-1	2.258935E-5	-2.258935E-5	-5.607233E-11	4.119385E+2
-1.000000E-1	1.126300E-5	-1.126300E-5	-2.795754E-11	4.126416E+2
-5.000000E-2	4.808242E-6	-4.808242E-6	-1.193524E-11	4.133447E+2
0.000000E+0	3.473800E-7	-3.473800E-7	-8.622825E-13	4.140479E+2
0.000000E+0	3.358125E-7	-3.358125E-7	-8.335693E-13	4.147510E+2
5.000000E-2	3.850761E-6	3.850761E-6	9.558535E-12	4.154541E+2
1.000000E-1	9.396880E-6	9.396880E-6	2.332537E-11	4.161572E+2
1.500000E-1	2.077238E-5	2.077238E-5	5.156216E-11	4.168604E+2
2.000000E-1	3.471278E-5	3.471278E-5	8.616566E-11	4.175635E+2
2.500000E-1	7.164133E-5	7.164133E-5	1.778314E-10	4.186787E+2
3.000000E-1	1.047216E-4	1.047216E-4	2.599447E-10	4.190469E+2
3.500000E-1	1.527627E-4	1.527627E-4	3.791945E-10	4.194150E+2
4.000000E-1	1.972058E-4	1.972058E-4	4.895132E-10	4.197832E+2
4.500000E-1	2.406071E-4	2.406071E-4	5.972460E-10	4.201523E+2
5.000000E-1	3.318074E-4	3.318074E-4	8.236276E-10	4.205205E+2
5.000000E-1	3.085114E-4	3.085114E-4	7.658013E-10	4.208887E+2
4.500000E-1	2.566549E-4	2.566549E-4	6.370806E-10	4.212568E+2
4.000000E-1	2.063004E-4	2.063004E-4	5.120884E-10	4.216260E+2
3.500000E-1	1.239224E-4	1.239224E-4	3.076059E-10	4.219941E+2
3.000000E-1	9.557848E-5	9.557848E-5	2.372493E-10	4.223623E+2
2.500000E-1	5.679288E-5	5.679288E-5	1.409739E-10	4.227305E+2
2.000000E-1	4.118850E-5	4.118850E-5	1.022400E-10	4.239053E+2
1.500000E-1	2.182122E-5	2.182122E-5	5.416564E-11	4.246084E+2
1.000000E-1	1.082465E-5	1.082465E-5	2.686945E-11	4.253115E+2
5.000000E-2	4.658825E-6	4.658825E-6	1.156435E-11	4.260146E+2
0.000000E+0	1.927435E-7	-1.927435E-7	-4.784367E-13	4.267178E+2
-5.000000E-2	5.891112E-6	-5.891112E-6	-1.462319E-11	4.274219E+2
-1.000000E-1	1.447016E-5	-1.447016E-5	-3.591850E-11	4.281250E+2
-1.500000E-1	2.703895E-5	-2.703895E-5	-6.711733E-11	4.288281E+2
-2.000000E-1	4.094050E-5	-4.094050E-5	-1.016244E-10	4.295312E+2
-2.500000E-1	7.259200E-5	-7.259200E-5	-1.801912E-10	4.306465E+2
-3.000000E-1	9.150704E-5	-9.150704E-5	-2.271430E-10	4.310146E+2
-3.500000E-1	1.098358E-4	-1.098358E-4	-2.726395E-10	4.313828E+2
-4.000000E-1	1.641627E-4	-1.641627E-4	-4.074923E-10	4.317510E+2
-4.500000E-1	2.022191E-4	-2.022191E-4	-5.019575E-10	4.321191E+2
-5.000000E-1	2.711528E-4	-2.711528E-4	-6.730680E-10	4.324883E+2
-5.000000E-1	3.205261E-4	-3.205261E-4	-7.956247E-10	4.328564E+2
-4.500000E-1	2.219876E-4	-2.219876E-4	-5.510277E-10	4.332246E+2
-4.000000E-1	1.583370E-4	-1.583370E-4	-3.930314E-10	4.335928E+2
-3.500000E-1	1.172102E-4	-1.172102E-4	-2.909446E-10	4.339619E+2
-3.000000E-1	8.040222E-5	-8.040222E-5	-1.995781E-10	4.343301E+2
-2.500000E-1	6.171322E-5	-6.171322E-5	-1.531874E-10	4.346982E+2
-2.000000E-1	3.876125E-5	-3.876125E-5	-9.621497E-11	4.358730E+2
-1.500000E-1	2.526024E-5	-2.526024E-5	-6.270214E-11	4.365771E+2
-1.000000E-1	1.163522E-5	-1.163522E-5	-2.888149E-11	4.372793E+2
-5.000000E-2	4.825335E-6	-4.825335E-6	-1.197767E-11	4.379824E+2
0.000000E+0	3.642642E-7	-3.642642E-7	-9.041934E-13	4.386855E+2
0.000000E+0	3.519197E-7	-3.519197E-7	-8.735512E-13	4.393896E+2
5.000000E-2	4.878670E-6	4.878670E-6	1.211006E-11	4.400928E+2
1.000000E-1	1.151770E-5	1.151770E-5	2.858976E-11	4.407959E+2
1.500000E-1	2.342715E-5	2.342715E-5	5.815196E-11	4.414990E+2
2.000000E-1	3.842033E-5	3.842033E-5	9.536871E-11	4.431484E+2
2.500000E-1	6.320985E-5	6.320985E-5	1.569024E-10	4.435166E+2
3.000000E-1	1.048840E-4	1.048840E-4	2.603479E-10	4.438857E+2
3.500000E-1	1.560462E-4	1.560462E-4	3.873450E-10	4.442539E+2
4.000000E-1	2.180841E-4	2.180841E-4	5.413385E-10	4.446221E+2
4.500000E-1	3.213835E-4	3.213835E-4	7.977528E-10	4.449902E+2
5.000000E-1	3.821564E-4	3.821564E-4	9.486063E-10	4.453594E+2
5.000000E-1	3.424239E-4	3.424239E-4	8.499803E-10	4.457275E+2
4.500000E-1	2.517129E-4	2.517129E-4	6.248133E-10	4.460957E+2
4.000000E-1	1.906284E-4	1.906284E-4	4.731866E-10	4.464639E+2
3.500000E-1	1.388907E-4	1.388907E-4	3.447609E-10	4.468320E+2
3.000000E-1	1.014127E-4	1.014127E-4	2.517313E-10	4.472012E+2
2.500000E-1	6.392396E-5	6.392396E-5	1.586750E-10	4.475693E+2
2.000000E-1	3.870085E-5	3.870085E-5	9.606503E-11	4.487441E+2
1.500000E-1	2.172583E-5	2.172583E-5	5.392886E-11	4.494473E+2
1.000000E-1	1.115287E-5	1.115287E-5	2.768417E-11	4.501504E+2
5.000000E-2	4.521631E-6	4.521631E-6	1.122380E-11	4.508535E+2
0.000000E+0	2.002240E-7	-2.002240E-7	-4.970052E-13	4.515566E+2
-5.000000E-2	4.628449E-6	-4.628449E-6	-1.148895E-11	4.522598E+2
-1.000000E-1	1.025069E-5	-1.025069E-5	-2.544474E-11	4.529629E+2
-1.500000E-1	1.746947E-5	-1.746947E-5	-4.336352E-11	4.536660E+2
-2.000000E-1	2.912275E-5	-2.912275E-5	-7.228984E-11	4.543691E+2
-2.500000E-1	4.515028E-5	-4.515028E-5	-1.120741E-10	4.556514E+2
-3.000000E-1	6.087144E-5	-6.087144E-5	-1.510979E-10	4.560195E+2
-3.500000E-1	8.527156E-5	-8.527156E-5	-2.116650E-10	4.563887E+2
-4.000000E-1	1.206007E-4	-1.206007E-4	-2.993606E-10	4.567568E+2
-4.500000E-1	1.582081E-4	-1.582081E-4	-3.927113E-10	4.571250E+2
-5.000000E-1	1.882557E-4	-1.882557E-4	-4.672970E-10	4.574932E+2
-5.000000E-1	1.918241E-4	-1.918241E-4	-4.761546E-10	4.578623E+2
-4.500000E-1	1.633713E-4	-1.633713E-4	-4.055277E-10	4.582305E+2
-4.000000E-1	1.241442E-4	-1.241442E-4	-3.081564E-10	4.585986E+2
-3.500000E-1	9.337060E-5	-9.337060E-5	-2.317688E-10	4.589668E+2
-3.000000E-1	6.898071E-5	-6.898071E-5	-1.712271E-10	4.593359E+2
-2.500000E-1	4.665239E-5	-4.665239E-5	-1.158027E-10	4.597041E+2
-2.000000E-1	2.764496E-5	-2.764496E-5	-6.862159E-11	4.608789E+2
-1.500000E-1	1.726394E-5	-1.726394E-5	-4.285335E-11	4.615820E+2
-1.000000E-1	8.590143E-6	-8.590143E-6	-2.132285E-11	4.622852E+2
-5.000000E-2	3.845952E-6	-3.845952E-6	-9.546600E-12	4.629883E+2
0.000000E+0	3.051301E-7	-3.051301E-7	-7.574080E-13	4.636914E+2
0.000000E+0	3.164963E-7	-3.164963E-7	-7.856216E-13	4.643955E+2
5.000000E-2	3.133743E-6	3.133743E-6	7.778722E-12	4.650986E+2
1.000000E-1	8.140966E-6	8.140966E-6	2.020788E-11	4.658018E+2
1.500000E-1	1.568233E-5	1.568233E-5	3.892740E-11	4.665039E+2
2.000000E-1	2.732926E-5	2.732926E-5	6.783796E-11	4.672070E+2
2.500000E-1	4.972347E-5	4.972347E-5	1.234259E-10	4.683223E+2
3.000000E-1	6.740758E-5	6.740758E-5	1.673222E-10	4.686904E+2
3.500000E-1	9.991423E-5	9.991423E-5	2.480117E-10	4.690596E+2
4.000000E-1	1.363884E-4	1.363884E-4	3.385496E-10	4.694277E+2
4.500000E-1	2.006550E-4	2.006550E-4	4.980752E-10	4.697959E+2
5.000000E-1	2.680124E-4	2.680124E-4	6.652726E-10	4.701641E+2
5.000000E-1	2.814535E-4	2.814535E-4	6.986368E-10	4.705332E+2
4.500000E-1	2.163798E-4	2.163798E-4	5.371079E-10	4.709014E+2
4.000000E-1	1.567354E-4	1.567354E-4	3.890559E-10	4.712695E+2
3.500000E-1	1.088230E-4	1.088230E-4	2.701255E-10	4.716377E+2
3.000000E-1	8.270566E-5	8.270566E-5	2.052958E-10	4.720059E+2
2.500000E-1	4.985598E-5	4.985598E-5	1.237548E-10	4.723750E+2
2.000000E-1	2.955660E-5	2.955660E-5	7.336674E-11	4.735488E+2
1.500000E-1	1.849802E-5	1.849802E-5	4.591665E-11	4.742520E+2
1.000000E-1	9.030362E-6	9.030362E-6	2.241558E-11	4.749551E+2
5.000000E-2	3.494916E-6	3.494916E-6	8.675241E-12	4.756582E+2
0.000000E+0	2.354070E-7	-2.354070E-7	-5.843381E-13	4.763613E+2
-5.000000E-2	3.657586E-6	-3.657586E-6	-9.079029E-12	4.770654E+2
-1.000000E-1	8.589898E-6	-8.589898E-6	-2.132224E-11	4.777686E+2
-1.500000E-1	1.536400E-5	-1.536400E-5	-3.813724E-11	4.784717E+2
-2.000000E-1	2.590245E-5	-2.590245E-5	-6.429626E-11	4.791748E+2
-2.500000E-1	3.732662E-5	-3.732662E-5	-9.265386E-11	4.798779E+2
-3.000000E-1	6.439712E-5	-6.439712E-5	-1.598495E-10	4.809932E+2
-3.500000E-1	8.963636E-5	-8.963636E-5	-2.224995E-10	4.813613E+2
-4.000000E-1	1.155356E-4	-1.155356E-4	-2.867877E-10	4.817295E+2
-4.500000E-1	1.471146E-4	-1.471146E-4	-3.651747E-10	4.820977E+2
-5.000000E-1	1.941275E-4	-1.941275E-4	-4.818721E-10	4.824668E+2
-5.000000E-1	1.881239E-4	-1.881239E-4	-4.669697E-10	4.828350E+2
-4.500000E-1	1.567973E-4	-1.567973E-4	-3.892094E-10	4.832031E+2
-4.000000E-1	1.238032E-4	-1.238032E-4	-3.073100E-10	4.835713E+2
-3.500000E-1	9.136056E-5	-9.136056E-5	-2.267794E-10	4.839395E+2
-3.000000E-1	6.962034E-5	-6.962034E-5	-1.728148E-10	4.843086E+2
-2.500000E-1	4.652713E-5	-4.652713E-5	-1.154918E-10	4.846768E+2
-2.000000E-1	2.915751E-5	-2.915751E-5	-7.237611E-11	4.858516E+2
-1.500000E-1	1.733770E-5	-1.733770E-5	-4.303644E-11	4.865547E+2
-1.000000E-1	9.265145E-6	-9.265145E-6	-2.299837E-11	4.872578E+2
-5.000000E-2	3.927321E-6	-3.927321E-6	-9.748577E-12	4.879609E+2
0.000000E+0	3.164627E-7	-3.164627E-7	-7.855383E-13	4.886641E+2
