voltage_4_2_21	absJ_4_2_21	J_4_2_21	current_4_2_21	time_4_2_21	
0.000000E+0	1.031412E-8	1.031412E-8	1.444123E-13	0.000000E+0
5.000000E-2	5.157270E-6	5.157270E-6	7.220909E-11	5.234375E-1
1.000000E-1	7.538686E-5	7.538686E-5	1.055523E-9	1.516602E+0
1.500000E-1	1.343349E-4	1.343349E-4	1.880879E-9	1.705078E+0
2.000000E-1	2.147764E-4	2.147764E-4	3.007174E-9	1.892578E+0
2.500000E-1	2.893673E-4	2.893673E-4	4.051553E-9	2.081055E+0
3.000000E-1	4.904029E-4	4.904029E-4	6.866336E-9	2.269531E+0
3.500000E-1	6.950815E-4	6.950815E-4	9.732127E-9	2.457031E+0
4.000000E-1	6.235111E-4	6.235111E-4	8.730041E-9	3.032227E+0
4.500000E-1	7.637726E-4	7.637726E-4	1.069390E-8	3.220703E+0
5.000000E-1	9.308778E-4	9.308778E-4	1.303361E-8	3.408203E+0
5.000000E-1	9.217294E-4	9.217294E-4	1.290552E-8	3.596680E+0
4.500000E-1	7.516538E-4	7.516538E-4	1.052422E-8	3.785156E+0
4.000000E-1	5.738373E-4	5.738373E-4	8.034537E-9	4.166016E+0
3.500000E-1	4.478814E-4	4.478814E-4	6.270975E-9	4.354492E+0
3.000000E-1	3.372394E-4	3.372394E-4	4.721830E-9	4.542969E+0
2.500000E-1	2.443132E-4	2.443132E-4	3.420731E-9	4.730469E+0
2.000000E-1	1.666820E-4	1.666820E-4	2.333784E-9	4.918945E+0
1.500000E-1	1.069124E-4	1.069124E-4	1.496925E-9	5.107422E+0
1.000000E-1	4.829424E-5	4.829424E-5	6.761879E-10	5.518555E+0
5.000000E-2	2.387902E-5	2.387902E-5	3.343402E-10	5.707031E+0
0.000000E+0	5.926602E-8	5.926602E-8	8.298084E-13	6.602539E+0
-5.000000E-2	2.009254E-5	-2.009254E-5	-2.813241E-10	7.208984E+0
-1.000000E-1	4.736233E-5	-4.736233E-5	-6.631399E-10	7.398438E+0
-1.500000E-1	5.453430E-5	-5.453430E-5	-7.635576E-10	7.586914E+0
-2.000000E-1	1.482375E-4	-1.482375E-4	-2.075536E-9	8.162109E+0
-2.500000E-1	2.147069E-4	-2.147069E-4	-3.006202E-9	8.350586E+0
-3.000000E-1	2.963880E-4	-2.963880E-4	-4.149852E-9	8.539063E+0
-3.500000E-1	3.941730E-4	-3.941730E-4	-5.518981E-9	8.726563E+0
-4.000000E-1	4.984448E-4	-4.984448E-4	-6.978935E-9	8.915039E+0
-4.500000E-1	5.844856E-4	-5.844856E-4	-8.183628E-9	9.103516E+0
-5.000000E-1	7.718424E-4	-7.718424E-4	-1.080689E-8	9.678711E+0
-5.000000E-1	7.739858E-4	-7.739858E-4	-1.083690E-8	9.866211E+0
-4.500000E-1	6.079338E-4	-6.079338E-4	-8.511936E-9	1.024805E+1
-4.000000E-1	5.200917E-4	-5.200917E-4	-7.282022E-9	1.043652E+1
-3.500000E-1	4.100596E-4	-4.100596E-4	-5.741416E-9	1.062402E+1
-3.000000E-1	3.162093E-4	-3.162093E-4	-4.427379E-9	1.081250E+1
-2.500000E-1	2.308400E-4	-2.308400E-4	-3.232088E-9	1.100000E+1
-2.000000E-1	1.600240E-4	-1.600240E-4	-2.240563E-9	1.118848E+1
-1.500000E-1	1.027804E-4	-1.027804E-4	-1.439072E-9	1.137695E+1
-1.000000E-1	4.850827E-5	-4.850827E-5	-6.791846E-10	1.178809E+1
-5.000000E-2	2.513302E-5	-2.513302E-5	-3.518980E-10	1.197754E+1
0.000000E+0	3.038481E-7	3.038481E-7	4.254305E-12	1.287207E+1
0.000000E+0	5.000404E-7	-5.000404E-7	-7.001275E-12	1.339648E+1
5.000000E-2	2.583898E-5	2.583898E-5	3.617824E-10	1.433691E+1
1.000000E-1	4.757621E-5	4.757621E-5	6.661345E-10	1.452539E+1
1.500000E-1	5.657424E-5	5.657424E-5	7.921197E-10	1.471484E+1
2.000000E-1	1.666077E-4	1.666077E-4	2.332744E-9	1.529004E+1
2.500000E-1	2.462549E-4	2.462549E-4	3.447918E-9	1.547852E+1
3.000000E-1	3.329195E-4	3.329195E-4	4.661346E-9	1.566602E+1
3.500000E-1	4.435993E-4	4.435993E-4	6.211020E-9	1.585449E+1
4.000000E-1	5.527596E-4	5.527596E-4	7.739419E-9	1.604297E+1
4.500000E-1	6.464643E-4	6.464643E-4	9.051417E-9	1.623047E+1
5.000000E-1	9.199717E-4	9.199717E-4	1.288091E-8	1.680566E+1
5.000000E-1	9.140402E-4	9.140402E-4	1.279786E-8	1.699414E+1
4.500000E-1	7.355933E-4	7.355933E-4	1.029935E-8	1.718164E+1
4.000000E-1	5.674283E-4	5.674283E-4	7.944801E-9	1.756348E+1
3.500000E-1	4.474134E-4	4.474134E-4	6.264423E-9	1.775195E+1
3.000000E-1	3.246271E-4	3.246271E-4	4.545240E-9	1.793945E+1
2.500000E-1	2.310652E-4	2.310652E-4	3.235240E-9	1.812793E+1
2.000000E-1	1.562635E-4	1.562635E-4	2.187910E-9	1.831641E+1
1.500000E-1	9.890254E-5	9.890254E-5	1.384776E-9	1.850391E+1
1.000000E-1	4.752914E-5	4.752914E-5	6.654754E-10	1.891602E+1
5.000000E-2	2.416423E-5	2.416423E-5	3.383335E-10	1.910449E+1
0.000000E+0	1.364147E-8	1.364147E-8	1.910000E-13	2.000000E+1
-5.000000E-2	5.084192E-6	-5.084192E-6	-7.118590E-11	2.052344E+1
-1.000000E-1	5.605102E-6	-5.605102E-6	-7.847938E-11	2.104687E+1
-1.500000E-1	8.733765E-5	-8.733765E-5	-1.222851E-9	2.162305E+1
-2.000000E-1	1.441402E-4	-1.441402E-4	-2.018167E-9	2.181152E+1
-2.500000E-1	2.107529E-4	-2.107529E-4	-2.950840E-9	2.200000E+1
-3.000000E-1	2.917266E-4	-2.917266E-4	-4.084587E-9	2.218750E+1
-3.500000E-1	3.814891E-4	-3.814891E-4	-5.341388E-9	2.237598E+1
-4.000000E-1	4.875562E-4	-4.875562E-4	-6.826479E-9	2.256348E+1
-4.500000E-1	5.818104E-4	-5.818104E-4	-8.146172E-9	2.275195E+1
-5.000000E-1	6.654940E-4	-6.654940E-4	-9.317860E-9	2.294043E+1
-5.000000E-1	6.678469E-4	-6.678469E-4	-9.350805E-9	2.312793E+1
-4.500000E-1	6.844908E-4	-6.844908E-4	-9.583843E-9	2.389160E+1
-4.000000E-1	5.288781E-4	-5.288781E-4	-7.405044E-9	2.427246E+1
-3.500000E-1	4.134467E-4	-4.134467E-4	-5.788840E-9	2.446094E+1
-3.000000E-1	3.127298E-4	-3.127298E-4	-4.378661E-9	2.464941E+1
-2.500000E-1	2.280982E-4	-2.280982E-4	-3.193698E-9	2.483691E+1
-2.000000E-1	1.571245E-4	-1.571245E-4	-2.199966E-9	2.502539E+1
-1.500000E-1	1.000082E-4	-1.000082E-4	-1.400257E-9	2.521387E+1
-1.000000E-1	4.812396E-5	-4.812396E-5	-6.738038E-10	2.562500E+1
-5.000000E-2	2.501546E-5	-2.501546E-5	-3.502520E-10	2.581348E+1
0.000000E+0	3.254170E-7	3.254170E-7	4.556300E-12	2.670898E+1
0.000000E+0	1.048162E-8	-1.048162E-8	-1.467576E-13	2.723340E+1
5.000000E-2	5.130355E-6	5.130355E-6	7.183225E-11	2.775684E+1
1.000000E-1	4.796019E-5	4.796019E-5	6.715107E-10	2.836230E+1
1.500000E-1	5.689953E-5	5.689953E-5	7.966742E-10	2.855176E+1
2.000000E-1	6.443797E-5	6.443797E-5	9.022231E-10	2.874023E+1
2.500000E-1	2.406737E-4	2.406737E-4	3.369773E-9	2.931543E+1
3.000000E-1	3.328676E-4	3.328676E-4	4.660618E-9	2.950391E+1
3.500000E-1	4.430937E-4	4.430937E-4	6.203941E-9	2.969238E+1
4.000000E-1	5.969801E-4	5.969801E-4	8.358569E-9	3.026758E+1
4.500000E-1	7.381387E-4	7.381387E-4	1.033499E-8	3.045508E+1
5.000000E-1	9.017514E-4	9.017514E-4	1.262580E-8	3.064355E+1
5.000000E-1	9.060760E-4	9.060760E-4	1.268635E-8	3.083105E+1
4.500000E-1	7.249522E-4	7.249522E-4	1.015036E-8	3.101953E+1
4.000000E-1	5.564619E-4	5.564619E-4	7.791256E-9	3.140137E+1
3.500000E-1	4.392364E-4	4.392364E-4	6.149933E-9	3.158984E+1
3.000000E-1	3.295985E-4	3.295985E-4	4.614847E-9	3.177734E+1
2.500000E-1	2.346571E-4	2.346571E-4	3.285532E-9	3.196582E+1
2.000000E-1	1.570542E-4	1.570542E-4	2.198982E-9	3.215332E+1
1.500000E-1	9.847781E-5	9.847781E-5	1.378829E-9	3.234180E+1
1.000000E-1	4.723898E-5	4.723898E-5	6.614128E-10	3.275391E+1
5.000000E-2	2.309106E-5	2.309106E-5	3.233076E-10	3.294238E+1
0.000000E+0	3.577529E-8	3.577529E-8	5.009049E-13	3.383789E+1
-5.000000E-2	1.922874E-5	-1.922874E-5	-2.692296E-10	3.444434E+1
-1.000000E-1	4.703071E-5	-4.703071E-5	-6.584967E-10	3.463281E+1
-1.500000E-1	5.429226E-5	-5.429226E-5	-7.601687E-10	3.482129E+1
-2.000000E-1	1.509834E-4	-1.509834E-4	-2.113982E-9	3.539746E+1
-2.500000E-1	2.196822E-4	-2.196822E-4	-3.075863E-9	3.558496E+1
-3.000000E-1	3.036124E-4	-3.036124E-4	-4.251005E-9	3.577344E+1
-3.500000E-1	3.991199E-4	-3.991199E-4	-5.588245E-9	3.596191E+1
-4.000000E-1	5.135263E-4	-5.135263E-4	-7.190097E-9	3.614941E+1
-4.500000E-1	5.996457E-4	-5.996457E-4	-8.395890E-9	3.633789E+1
-5.000000E-1	8.247064E-4	-8.247064E-4	-1.154706E-8	3.691309E+1
-5.000000E-1	8.111585E-4	-8.111585E-4	-1.135737E-8	3.710156E+1
-4.500000E-1	6.247463E-4	-6.247463E-4	-8.747335E-9	3.748340E+1
-4.000000E-1	5.397053E-4	-5.397053E-4	-7.556640E-9	3.767090E+1
-3.500000E-1	4.224540E-4	-4.224540E-4	-5.914956E-9	3.785938E+1
-3.000000E-1	3.241195E-4	-3.241195E-4	-4.538133E-9	3.804688E+1
-2.500000E-1	2.398506E-4	-2.398506E-4	-3.358249E-9	3.823535E+1
-2.000000E-1	1.678016E-4	-1.678016E-4	-2.349461E-9	3.842383E+1
-1.500000E-1	1.069001E-4	-1.069001E-4	-1.496753E-9	3.861133E+1
-1.000000E-1	4.887181E-5	-4.887181E-5	-6.842747E-10	3.902344E+1
-5.000000E-2	2.636660E-5	-2.636660E-5	-3.691698E-10	3.921191E+1
0.000000E+0	3.116665E-7	3.116665E-7	4.363773E-12	4.010742E+1
0.000000E+0	7.553963E-7	7.553963E-7	1.057662E-11	4.063184E+1
5.000000E-2	2.566787E-5	2.566787E-5	3.593866E-10	4.157129E+1
1.000000E-1	4.761252E-5	4.761252E-5	6.666429E-10	4.176074E+1
1.500000E-1	5.718391E-5	5.718391E-5	8.006559E-10	4.194922E+1
2.000000E-1	1.725597E-4	1.725597E-4	2.416080E-9	4.252539E+1
2.500000E-1	2.491995E-4	2.491995E-4	3.489146E-9	4.271289E+1
3.000000E-1	3.443903E-4	3.443903E-4	4.821953E-9	4.290137E+1
3.500000E-1	4.526356E-4	4.526356E-4	6.337541E-9	4.308887E+1
4.000000E-1	5.657993E-4	5.657993E-4	7.921994E-9	4.327734E+1
4.500000E-1	6.584774E-4	6.584774E-4	9.219618E-9	4.346582E+1
5.000000E-1	9.484446E-4	9.484446E-4	1.327957E-8	4.404102E+1
5.000000E-1	9.441872E-4	9.441872E-4	1.321996E-8	4.422852E+1
4.500000E-1	7.543149E-4	7.543149E-4	1.056148E-8	4.441699E+1
4.000000E-1	5.699533E-4	5.699533E-4	7.980155E-9	4.479883E+1
3.500000E-1	4.540183E-4	4.540183E-4	6.356901E-9	4.498633E+1
3.000000E-1	3.345020E-4	3.345020E-4	4.683502E-9	4.517480E+1
2.500000E-1	2.389204E-4	2.389204E-4	3.345225E-9	4.536230E+1
2.000000E-1	1.616175E-4	1.616175E-4	2.262875E-9	4.555078E+1
1.500000E-1	1.004698E-4	1.004698E-4	1.406720E-9	4.573926E+1
1.000000E-1	4.765017E-5	4.765017E-5	6.671700E-10	4.615039E+1
5.000000E-2	2.443075E-5	2.443075E-5	3.420652E-10	4.633887E+1
0.000000E+0	3.452939E-8	3.452939E-8	4.834605E-13	4.723438E+1
-5.000000E-2	5.103725E-6	-5.103725E-6	-7.145939E-11	4.775879E+1
-1.000000E-1	5.658489E-6	-5.658489E-6	-7.922688E-11	4.828223E+1
-1.500000E-1	9.477782E-5	-9.477782E-5	-1.327024E-9	4.885840E+1
-2.000000E-1	1.568584E-4	-1.568584E-4	-2.196240E-9	4.904590E+1
-2.500000E-1	2.284809E-4	-2.284809E-4	-3.199057E-9	4.923438E+1
-3.000000E-1	3.154150E-4	-3.154150E-4	-4.416258E-9	4.942285E+1
-3.500000E-1	4.115697E-4	-4.115697E-4	-5.762560E-9	4.961035E+1
-4.000000E-1	5.247693E-4	-5.247693E-4	-7.347515E-9	4.979883E+1
-4.500000E-1	6.149314E-4	-6.149314E-4	-8.609913E-9	4.998633E+1
-5.000000E-1	7.008709E-4	-7.008709E-4	-9.813187E-9	5.017480E+1
-5.000000E-1	7.042016E-4	-7.042016E-4	-9.859821E-9	5.036328E+1
-4.500000E-1	7.253572E-4	-7.253572E-4	-1.015603E-8	5.093848E+1
-4.000000E-1	5.645697E-4	-5.645697E-4	-7.904777E-9	5.131934E+1
-3.500000E-1	4.552523E-4	-4.552523E-4	-6.374178E-9	5.150781E+1
-3.000000E-1	3.455488E-4	-3.455488E-4	-4.838174E-9	5.169629E+1
-2.500000E-1	2.524600E-4	-2.524600E-4	-3.534799E-9	5.188379E+1
-2.000000E-1	1.714226E-4	-1.714226E-4	-2.400160E-9	5.207227E+1
-1.500000E-1	1.099698E-4	-1.099698E-4	-1.539733E-9	5.226074E+1
-1.000000E-1	6.264347E-5	-6.264347E-5	-8.770975E-10	5.305859E+1
-5.000000E-2	2.772390E-5	-2.772390E-5	-3.881739E-10	5.347070E+1
0.000000E+0	2.496222E-7	2.496222E-7	3.495065E-12	5.436621E+1
0.000000E+0	1.638483E-7	-1.638483E-7	-2.294109E-12	5.488965E+1
5.000000E-2	2.764356E-5	2.764356E-5	3.870490E-10	5.549609E+1
1.000000E-1	4.827732E-5	4.827732E-5	6.759510E-10	5.568457E+1
1.500000E-1	5.777539E-5	5.777539E-5	8.089375E-10	5.587305E+1
2.000000E-1	1.708003E-4	1.708003E-4	2.391447E-9	5.644922E+1
2.500000E-1	2.503522E-4	2.503522E-4	3.505286E-9	5.663672E+1
3.000000E-1	3.481634E-4	3.481634E-4	4.874782E-9	5.682520E+1
3.500000E-1	4.604441E-4	4.604441E-4	6.446871E-9	5.701367E+1
4.000000E-1	5.748759E-4	5.748759E-4	8.049078E-9	5.720117E+1
4.500000E-1	6.752286E-4	6.752286E-4	9.454159E-9	5.738965E+1
5.000000E-1	9.667170E-4	9.667170E-4	1.353541E-8	5.796484E+1
5.000000E-1	9.560495E-4	9.560495E-4	1.338605E-8	5.815234E+1
4.500000E-1	7.673143E-4	7.673143E-4	1.074349E-8	5.834082E+1
4.000000E-1	5.782904E-4	5.782904E-4	8.096886E-9	5.872266E+1
3.500000E-1	4.605267E-4	4.605267E-4	6.448027E-9	5.891016E+1
3.000000E-1	3.364086E-4	3.364086E-4	4.710198E-9	5.909863E+1
2.500000E-1	2.412488E-4	2.412488E-4	3.377825E-9	5.928711E+1
2.000000E-1	1.637834E-4	1.637834E-4	2.293200E-9	5.947461E+1
1.500000E-1	1.047651E-4	1.047651E-4	1.466860E-9	5.966309E+1
1.000000E-1	4.799284E-5	4.799284E-5	6.719678E-10	6.007422E+1
5.000000E-2	2.511490E-5	2.511490E-5	3.516442E-10	6.026367E+1
0.000000E+0	3.813130E-8	3.813130E-8	5.338924E-13	6.115820E+1
-5.000000E-2	5.094867E-6	-5.094867E-6	-7.133537E-11	6.168262E+1
-1.000000E-1	4.678541E-5	-4.678541E-5	-6.550621E-10	6.245605E+1
-1.500000E-1	1.006040E-4	-1.006040E-4	-1.408599E-9	6.303125E+1
-2.000000E-1	1.650945E-4	-1.650945E-4	-2.311557E-9	6.321973E+1
-2.500000E-1	2.413987E-4	-2.413987E-4	-3.379924E-9	6.340820E+1
-3.000000E-1	3.402286E-4	-3.402286E-4	-4.763683E-9	6.359570E+1
-3.500000E-1	4.455406E-4	-4.455406E-4	-6.238201E-9	6.378418E+1
-4.000000E-1	5.499114E-4	-5.499114E-4	-7.699541E-9	6.397168E+1
-4.500000E-1	6.484587E-4	-6.484587E-4	-9.079342E-9	6.416016E+1
-5.000000E-1	7.184479E-4	-7.184479E-4	-1.005929E-8	6.434863E+1
-5.000000E-1	9.005459E-4	-9.005459E-4	-1.260892E-8	6.492383E+1
-4.500000E-1	7.479856E-4	-7.479856E-4	-1.047286E-8	6.511133E+1
-4.000000E-1	5.767554E-4	-5.767554E-4	-8.075395E-9	6.549316E+1
-3.500000E-1	4.641731E-4	-4.641731E-4	-6.499082E-9	6.568164E+1
-3.000000E-1	3.605513E-4	-3.605513E-4	-5.048230E-9	6.586914E+1
-2.500000E-1	2.577654E-4	-2.577654E-4	-3.609081E-9	6.605762E+1
-2.000000E-1	1.817629E-4	-1.817629E-4	-2.544938E-9	6.624609E+1
-1.500000E-1	1.165670E-4	-1.165670E-4	-1.632104E-9	6.643359E+1
-1.000000E-1	5.900884E-5	-5.900884E-5	-8.262075E-10	6.723242E+1
-5.000000E-2	2.588805E-5	-2.588805E-5	-3.624694E-10	6.764453E+1
0.000000E+0	2.156856E-7	2.156856E-7	3.019904E-12	6.853906E+1
0.000000E+0	5.010841E-7	5.010841E-7	7.015888E-12	6.906348E+1
5.000000E-2	2.580905E-5	2.580905E-5	3.613633E-10	6.966992E+1
1.000000E-1	4.728615E-5	4.728615E-5	6.620732E-10	6.985840E+1
1.500000E-1	5.704155E-5	5.704155E-5	7.986626E-10	7.004688E+1
2.000000E-1	1.677713E-4	1.677713E-4	2.349036E-9	7.062305E+1
2.500000E-1	2.466538E-4	2.466538E-4	3.453503E-9	7.081055E+1
3.000000E-1	3.449848E-4	3.449848E-4	4.830277E-9	7.099902E+1
3.500000E-1	4.567876E-4	4.567876E-4	6.395674E-9	7.118652E+1
4.000000E-1	5.684955E-4	5.684955E-4	7.959744E-9	7.137500E+1
4.500000E-1	6.643366E-4	6.643366E-4	9.301655E-9	7.156348E+1
5.000000E-1	9.467633E-4	9.467633E-4	1.325603E-8	7.213867E+1
5.000000E-1	9.217573E-4	9.217573E-4	1.290591E-8	7.232617E+1
4.500000E-1	7.434853E-4	7.434853E-4	1.040985E-8	7.251465E+1
4.000000E-1	5.625477E-4	5.625477E-4	7.876466E-9	7.289648E+1
3.500000E-1	4.452391E-4	4.452391E-4	6.233979E-9	7.308398E+1
3.000000E-1	3.276030E-4	3.276030E-4	4.586907E-9	7.327246E+1
2.500000E-1	2.370699E-4	2.370699E-4	3.319315E-9	7.345996E+1
2.000000E-1	1.604499E-4	1.604499E-4	2.246527E-9	7.364844E+1
1.500000E-1	1.007281E-4	1.007281E-4	1.410337E-9	7.383691E+1
1.000000E-1	4.765134E-5	4.765134E-5	6.671864E-10	7.424805E+1
5.000000E-2	2.382093E-5	2.382093E-5	3.335268E-10	7.443652E+1
0.000000E+0	1.051810E-7	1.051810E-7	1.472683E-12	7.533203E+1
-5.000000E-2	5.094305E-6	-5.094305E-6	-7.132750E-11	7.585645E+1
-1.000000E-1	5.574176E-5	-5.574176E-5	-7.804637E-10	7.684961E+1
-1.500000E-1	9.898525E-5	-9.898525E-5	-1.385934E-9	7.703711E+1
-2.000000E-1	1.562010E-4	-1.562010E-4	-2.187035E-9	7.722559E+1
-2.500000E-1	2.268706E-4	-2.268706E-4	-3.176511E-9	7.741309E+1
-3.000000E-1	3.131448E-4	-3.131448E-4	-4.384471E-9	7.760156E+1
-3.500000E-1	4.107353E-4	-4.107353E-4	-5.750877E-9	7.779004E+1
-4.000000E-1	5.257188E-4	-5.257188E-4	-7.360809E-9	7.797754E+1
-4.500000E-1	6.176676E-4	-6.176676E-4	-8.648223E-9	7.816602E+1
-5.000000E-1	6.989044E-4	-6.989044E-4	-9.785653E-9	7.835449E+1
-5.000000E-1	8.570510E-4	-8.570510E-4	-1.199993E-8	7.892969E+1
-4.500000E-1	7.681457E-4	-7.681457E-4	-1.075513E-8	7.969824E+1
-4.000000E-1	5.817053E-4	-5.817053E-4	-8.144699E-9	8.008008E+1
-3.500000E-1	4.773505E-4	-4.773505E-4	-6.683585E-9	8.026758E+1
-3.000000E-1	3.597268E-4	-3.597268E-4	-5.036686E-9	8.045605E+1
-2.500000E-1	2.610873E-4	-2.610873E-4	-3.655593E-9	8.064355E+1
-2.000000E-1	1.777114E-4	-1.777114E-4	-2.488212E-9	8.083203E+1
-1.500000E-1	1.127419E-4	-1.127419E-4	-1.578546E-9	8.102051E+1
-1.000000E-1	6.282280E-5	-6.282280E-5	-8.796084E-10	8.181836E+1
-5.000000E-2	2.750748E-5	-2.750748E-5	-3.851438E-10	8.223047E+1
0.000000E+0	2.655434E-7	2.655434E-7	3.717984E-12	8.312598E+1
0.000000E+0	5.923569E-7	5.923569E-7	8.293838E-12	8.364941E+1
5.000000E-2	2.807058E-5	2.807058E-5	3.930279E-10	8.425586E+1
1.000000E-1	4.838275E-5	4.838275E-5	6.774272E-10	8.444434E+1
1.500000E-1	5.827468E-5	5.827468E-5	8.159282E-10	8.463281E+1
2.000000E-1	1.838281E-4	1.838281E-4	2.573854E-9	8.520898E+1
2.500000E-1	2.723197E-4	2.723197E-4	3.812862E-9	8.539746E+1
3.000000E-1	3.743766E-4	3.743766E-4	5.241804E-9	8.558496E+1
3.500000E-1	4.940973E-4	4.940973E-4	6.918064E-9	8.577344E+1
4.000000E-1	6.012259E-4	6.012259E-4	8.418016E-9	8.596094E+1
4.500000E-1	8.065697E-4	8.065697E-4	1.129312E-8	8.653613E+1
5.000000E-1	1.002253E-3	1.002253E-3	1.403296E-8	8.672461E+1
5.000000E-1	1.006833E-3	1.006833E-3	1.409709E-8	8.691309E+1
4.500000E-1	8.015959E-4	8.015959E-4	1.122348E-8	8.710059E+1
4.000000E-1	5.943296E-4	5.943296E-4	8.321458E-9	8.748242E+1
3.500000E-1	4.890102E-4	4.890102E-4	6.846837E-9	8.767090E+1
3.000000E-1	3.565303E-4	3.565303E-4	4.991930E-9	8.785840E+1
2.500000E-1	2.570691E-4	2.570691E-4	3.599332E-9	8.804688E+1
2.000000E-1	1.755561E-4	1.755561E-4	2.458034E-9	8.823535E+1
1.500000E-1	1.107618E-4	1.107618E-4	1.550822E-9	8.842285E+1
1.000000E-1	4.885024E-5	4.885024E-5	6.839727E-10	8.883496E+1
5.000000E-2	2.567581E-5	2.567581E-5	3.594978E-10	8.902344E+1
0.000000E+0	1.719918E-7	1.719918E-7	2.408129E-12	8.991895E+1
-5.000000E-2	5.116423E-6	-5.116423E-6	-7.163718E-11	9.044238E+1
-1.000000E-1	6.153939E-5	-6.153939E-5	-8.616388E-10	9.143555E+1
-1.500000E-1	1.088577E-4	-1.088577E-4	-1.524162E-9	9.162402E+1
-2.000000E-1	1.684953E-4	-1.684953E-4	-2.359174E-9	9.181152E+1
-2.500000E-1	2.434198E-4	-2.434198E-4	-3.408223E-9	9.200000E+1
-3.000000E-1	3.332888E-4	-3.332888E-4	-4.666516E-9	9.218848E+1
-3.500000E-1	4.392635E-4	-4.392635E-4	-6.150312E-9	9.237598E+1
-4.000000E-1	5.551442E-4	-5.551442E-4	-7.772806E-9	9.256445E+1
-4.500000E-1	6.434703E-4	-6.434703E-4	-9.009497E-9	9.275195E+1
-5.000000E-1	9.422902E-4	-9.422902E-4	-1.319340E-8	9.332715E+1
-5.000000E-1	9.404125E-4	-9.404125E-4	-1.316711E-8	9.351563E+1
-4.500000E-1	7.867238E-4	-7.867238E-4	-1.101525E-8	9.370410E+1
-4.000000E-1	6.046574E-4	-6.046574E-4	-8.466062E-9	9.408594E+1
-3.500000E-1	4.939459E-4	-4.939459E-4	-6.915943E-9	9.427344E+1
-3.000000E-1	3.646220E-4	-3.646220E-4	-5.105225E-9	9.446191E+1
-2.500000E-1	2.588500E-4	-2.588500E-4	-3.624267E-9	9.464941E+1
-2.000000E-1	1.786895E-4	-1.786895E-4	-2.501906E-9	9.483789E+1
-1.500000E-1	1.130316E-4	-1.130316E-4	-1.582603E-9	9.502637E+1
-1.000000E-1	4.946897E-5	-4.946897E-5	-6.926358E-10	9.543750E+1
-5.000000E-2	2.780042E-5	-2.780042E-5	-3.892453E-10	9.562598E+1
0.000000E+0	3.547467E-7	3.547467E-7	4.966957E-12	9.652148E+1
0.000000E+0	5.779275E-7	-5.779275E-7	-8.091805E-12	9.704590E+1
5.000000E-2	5.183565E-6	5.183565E-6	7.257727E-11	9.756934E+1
1.000000E-1	4.935426E-5	4.935426E-5	6.910296E-10	9.817480E+1
1.500000E-1	5.851708E-5	5.851708E-5	8.193222E-10	9.836328E+1
2.000000E-1	1.840338E-4	1.840338E-4	2.576734E-9	9.893945E+1
2.500000E-1	2.713354E-4	2.713354E-4	3.799080E-9	9.912793E+1
3.000000E-1	3.828968E-4	3.828968E-4	5.361099E-9	9.931543E+1
3.500000E-1	5.104866E-4	5.104866E-4	7.147537E-9	9.950391E+1
4.000000E-1	6.206955E-4	6.206955E-4	8.690618E-9	9.969238E+1
4.500000E-1	7.099519E-4	7.099519E-4	9.940335E-9	9.987988E+1
5.000000E-1	1.031283E-3	1.031283E-3	1.443943E-8	1.004551E+2
5.000000E-1	1.054712E-3	1.054712E-3	1.476747E-8	1.006436E+2
4.500000E-1	8.246614E-4	8.246614E-4	1.154643E-8	1.008311E+2
4.000000E-1	6.031242E-4	6.031242E-4	8.444594E-9	1.012129E+2
3.500000E-1	4.883643E-4	4.883643E-4	6.837793E-9	1.014014E+2
3.000000E-1	3.659121E-4	3.659121E-4	5.123289E-9	1.015889E+2
2.500000E-1	2.601233E-4	2.601233E-4	3.642095E-9	1.017773E+2
2.000000E-1	1.754950E-4	1.754950E-4	2.457179E-9	1.019658E+2
1.500000E-1	1.108354E-4	1.108354E-4	1.551853E-9	1.021533E+2
1.000000E-1	4.886722E-5	4.886722E-5	6.842104E-10	1.025654E+2
5.000000E-2	2.668822E-5	2.668822E-5	3.736729E-10	1.027539E+2
0.000000E+0	2.427276E-8	2.427276E-8	3.398531E-13	1.036494E+2
-5.000000E-2	5.131897E-6	-5.131897E-6	-7.185384E-11	1.041729E+2
-1.000000E-1	4.795539E-5	-4.795539E-5	-6.714435E-10	1.047793E+2
-1.500000E-1	5.711421E-5	-5.711421E-5	-7.996800E-10	1.049678E+2
-2.000000E-1	6.456064E-5	-6.456064E-5	-9.039406E-10	1.051562E+2
-2.500000E-1	2.478489E-4	-2.478489E-4	-3.470237E-9	1.057324E+2
-3.000000E-1	3.437894E-4	-3.437894E-4	-4.813540E-9	1.059209E+2
-3.500000E-1	4.538494E-4	-4.538494E-4	-6.354536E-9	1.061084E+2
-4.000000E-1	6.287646E-4	-6.287646E-4	-8.803596E-9	1.066836E+2
-4.500000E-1	7.771655E-4	-7.771655E-4	-1.088142E-8	1.068721E+2
-5.000000E-1	9.387148E-4	-9.387148E-4	-1.314334E-8	1.070596E+2
-5.000000E-1	9.352009E-4	-9.352009E-4	-1.309414E-8	1.072480E+2
-4.500000E-1	7.674451E-4	-7.674451E-4	-1.074532E-8	1.074365E+2
-4.000000E-1	5.882029E-4	-5.882029E-4	-8.235675E-9	1.078174E+2
-3.500000E-1	4.832409E-4	-4.832409E-4	-6.766058E-9	1.080059E+2
-3.000000E-1	3.673733E-4	-3.673733E-4	-5.143747E-9	1.081943E+2
-2.500000E-1	2.668401E-4	-2.668401E-4	-3.736140E-9	1.083818E+2
-2.000000E-1	1.843882E-4	-1.843882E-4	-2.581697E-9	1.085703E+2
-1.500000E-1	1.181940E-4	-1.181940E-4	-1.654884E-9	1.087588E+2
-1.000000E-1	4.991690E-5	-4.991690E-5	-6.989075E-10	1.091699E+2
-5.000000E-2	2.887416E-5	-2.887416E-5	-4.042792E-10	1.093584E+2
0.000000E+0	3.552443E-7	3.552443E-7	4.973924E-12	1.102539E+2
0.000000E+0	2.768923E-7	-2.768923E-7	-3.876885E-12	1.107783E+2
5.000000E-2	5.198314E-6	5.198314E-6	7.278378E-11	1.113018E+2
1.000000E-1	6.580900E-5	6.580900E-5	9.214194E-10	1.122949E+2
1.500000E-1	1.181641E-4	1.181641E-4	1.654465E-9	1.124824E+2
2.000000E-1	1.894087E-4	1.894087E-4	2.651990E-9	1.126709E+2
2.500000E-1	2.820135E-4	2.820135E-4	3.948589E-9	1.128594E+2
3.000000E-1	3.914004E-4	3.914004E-4	5.480161E-9	1.130469E+2
3.500000E-1	5.211200E-4	5.211200E-4	7.296419E-9	1.132354E+2
4.000000E-1	6.519015E-4	6.519015E-4	9.127547E-9	1.138105E+2
4.500000E-1	8.188998E-4	8.188998E-4	1.146576E-8	1.139980E+2
5.000000E-1	1.017468E-3	1.017468E-3	1.424600E-8	1.141865E+2
5.000000E-1	1.014563E-3	1.014563E-3	1.420532E-8	1.143750E+2
4.500000E-1	8.125469E-4	8.125469E-4	1.137681E-8	1.145625E+2
4.000000E-1	6.043695E-4	6.043695E-4	8.462031E-9	1.149443E+2
3.500000E-1	4.956755E-4	4.956755E-4	6.940161E-9	1.151328E+2
3.000000E-1	3.660282E-4	3.660282E-4	5.124914E-9	1.153203E+2
2.500000E-1	2.608290E-4	2.608290E-4	3.651976E-9	1.155088E+2
2.000000E-1	1.762323E-4	1.762323E-4	2.467502E-9	1.156963E+2
1.500000E-1	1.109417E-4	1.109417E-4	1.553341E-9	1.158848E+2
1.000000E-1	4.876381E-5	4.876381E-5	6.827625E-10	1.162969E+2
5.000000E-2	2.593544E-5	2.593544E-5	3.631329E-10	1.164854E+2
0.000000E+0	2.112282E-8	2.112282E-8	2.957495E-13	1.173809E+2
-5.000000E-2	2.553130E-5	-2.553130E-5	-3.574745E-10	1.179873E+2
-1.000000E-1	4.869416E-5	-4.869416E-5	-6.817874E-10	1.181758E+2
-1.500000E-1	1.069229E-4	-1.069229E-4	-1.497072E-9	1.187520E+2
-2.000000E-1	1.693426E-4	-1.693426E-4	-2.371037E-9	1.189395E+2
-2.500000E-1	2.446896E-4	-2.446896E-4	-3.426001E-9	1.191279E+2
-3.000000E-1	3.360059E-4	-3.360059E-4	-4.704559E-9	1.193164E+2
-3.500000E-1	4.450064E-4	-4.450064E-4	-6.230721E-9	1.195039E+2
-4.000000E-1	5.572503E-4	-5.572503E-4	-7.802296E-9	1.196924E+2
-4.500000E-1	7.981634E-4	-7.981634E-4	-1.117542E-8	1.202676E+2
-5.000000E-1	9.632545E-4	-9.632545E-4	-1.348693E-8	1.204551E+2
-5.000000E-1	9.574373E-4	-9.574373E-4	-1.340548E-8	1.206436E+2
-4.500000E-1	7.865124E-4	-7.865124E-4	-1.101229E-8	1.208320E+2
-4.000000E-1	6.023408E-4	-6.023408E-4	-8.433625E-9	1.212129E+2
-3.500000E-1	4.984424E-4	-4.984424E-4	-6.978901E-9	1.214014E+2
-3.000000E-1	3.790161E-4	-3.790161E-4	-5.306763E-9	1.215898E+2
-2.500000E-1	2.735776E-4	-2.735776E-4	-3.830474E-9	1.217773E+2
-2.000000E-1	1.884438E-4	-1.884438E-4	-2.638480E-9	1.219658E+2
-1.500000E-1	1.209848E-4	-1.209848E-4	-1.693959E-9	1.221543E+2
-1.000000E-1	5.001922E-5	-5.001922E-5	-7.003401E-10	1.225654E+2
-5.000000E-2	2.944066E-5	-2.944066E-5	-4.122110E-10	1.227539E+2
0.000000E+0	2.488768E-7	2.488768E-7	3.484629E-12	1.236494E+2
0.000000E+0	8.136754E-7	8.136754E-7	1.139261E-11	1.241738E+2
5.000000E-2	5.209573E-6	5.209573E-6	7.294142E-11	1.246973E+2
1.000000E-1	5.898864E-6	5.898864E-6	8.259247E-11	1.252207E+2
1.500000E-1	1.217412E-4	1.217412E-4	1.704549E-9	1.257969E+2
2.000000E-1	1.946793E-4	1.946793E-4	2.725787E-9	1.259844E+2
2.500000E-1	2.883049E-4	2.883049E-4	4.036677E-9	1.261729E+2
3.000000E-1	3.984046E-4	3.984046E-4	5.578230E-9	1.263604E+2
3.500000E-1	5.258596E-4	5.258596E-4	7.362780E-9	1.265488E+2
4.000000E-1	6.341031E-4	6.341031E-4	8.878343E-9	1.267373E+2
4.500000E-1	8.535185E-4	8.535185E-4	1.195047E-8	1.273125E+2
5.000000E-1	1.055207E-3	1.055207E-3	1.477439E-8	1.275000E+2
5.000000E-1	1.048787E-3	1.048787E-3	1.468450E-8	1.276885E+2
4.500000E-1	8.412726E-4	8.412726E-4	1.177901E-8	1.278760E+2
4.000000E-1	6.799722E-4	6.799722E-4	9.520576E-9	1.286455E+2
3.500000E-1	5.189138E-4	5.189138E-4	7.265530E-9	1.290264E+2
3.000000E-1	3.820572E-4	3.820572E-4	5.349343E-9	1.292148E+2
2.500000E-1	2.721529E-4	2.721529E-4	3.810527E-9	1.294033E+2
2.000000E-1	1.847440E-4	1.847440E-4	2.586678E-9	1.295908E+2
1.500000E-1	1.143207E-4	1.143207E-4	1.600652E-9	1.297793E+2
1.000000E-1	4.903383E-5	4.903383E-5	6.865432E-10	1.301904E+2
5.000000E-2	2.613900E-5	2.613900E-5	3.659831E-10	1.303789E+2
0.000000E+0	1.586606E-7	1.586606E-7	2.221473E-12	1.312744E+2
-5.000000E-2	5.133532E-6	-5.133532E-6	-7.187673E-11	1.317988E+2
-1.000000E-1	6.071702E-5	-6.071702E-5	-8.501244E-10	1.327920E+2
-1.500000E-1	1.074948E-4	-1.074948E-4	-1.505080E-9	1.329795E+2
-2.000000E-1	1.684213E-4	-1.684213E-4	-2.358137E-9	1.331680E+2
-2.500000E-1	2.462130E-4	-2.462130E-4	-3.447331E-9	1.333564E+2
-3.000000E-1	3.413209E-4	-3.413209E-4	-4.778977E-9	1.335439E+2
-3.500000E-1	4.494546E-4	-4.494546E-4	-6.293002E-9	1.337324E+2
-4.000000E-1	5.674880E-4	-5.674880E-4	-7.945637E-9	1.339199E+2
-4.500000E-1	6.631140E-4	-6.631140E-4	-9.284538E-9	1.341084E+2
-5.000000E-1	9.626574E-4	-9.626574E-4	-1.347857E-8	1.346836E+2
-5.000000E-1	9.609347E-4	-9.609347E-4	-1.345445E-8	1.348721E+2
-4.500000E-1	7.852540E-4	-7.852540E-4	-1.099467E-8	1.350596E+2
-4.000000E-1	5.951098E-4	-5.951098E-4	-8.332382E-9	1.354414E+2
-3.500000E-1	4.960374E-4	-4.960374E-4	-6.945227E-9	1.356299E+2
-3.000000E-1	3.731182E-4	-3.731182E-4	-5.224184E-9	1.358174E+2
-2.500000E-1	2.700839E-4	-2.700839E-4	-3.781558E-9	1.360059E+2
-2.000000E-1	1.848645E-4	-1.848645E-4	-2.588365E-9	1.361943E+2
-1.500000E-1	1.183742E-4	-1.183742E-4	-1.657407E-9	1.363818E+2
-1.000000E-1	5.000690E-5	-5.000690E-5	-7.001676E-10	1.367939E+2
-5.000000E-2	2.925885E-5	-2.925885E-5	-4.096654E-10	1.369824E+2
0.000000E+0	3.832309E-7	3.832309E-7	5.365777E-12	1.378779E+2
0.000000E+0	5.307448E-7	-5.307448E-7	-7.431181E-12	1.384014E+2
5.000000E-2	5.204955E-6	5.204955E-6	7.287675E-11	1.389248E+2
1.000000E-1	6.755758E-5	6.755758E-5	9.459020E-10	1.399180E+2
1.500000E-1	1.224020E-4	1.224020E-4	1.713802E-9	1.401064E+2
2.000000E-1	1.949172E-4	1.949172E-4	2.729118E-9	1.402939E+2
2.500000E-1	2.891852E-4	2.891852E-4	4.049003E-9	1.404824E+2
3.000000E-1	4.018751E-4	4.018751E-4	5.626822E-9	1.406699E+2
3.500000E-1	5.298764E-4	5.298764E-4	7.419021E-9	1.408584E+2
4.000000E-1	6.366252E-4	6.366252E-4	8.913656E-9	1.410469E+2
4.500000E-1	7.193792E-4	7.193792E-4	1.007233E-8	1.412344E+2
5.000000E-1	1.065661E-3	1.065661E-3	1.492076E-8	1.418096E+2
5.000000E-1	1.058822E-3	1.058822E-3	1.482501E-8	1.419980E+2
4.500000E-1	8.477070E-4	8.477070E-4	1.186910E-8	1.421855E+2
4.000000E-1	6.246958E-4	6.246958E-4	8.746627E-9	1.425674E+2
3.500000E-1	5.142969E-4	5.142969E-4	7.200886E-9	1.427559E+2
3.000000E-1	3.835709E-4	3.835709E-4	5.370537E-9	1.429434E+2
2.500000E-1	2.669818E-4	2.669818E-4	3.738124E-9	1.431318E+2
2.000000E-1	1.787602E-4	1.787602E-4	2.502896E-9	1.433203E+2
1.500000E-1	1.124816E-4	1.124816E-4	1.574902E-9	1.435078E+2
1.000000E-1	4.889188E-5	4.889188E-5	6.845557E-10	1.439199E+2
5.000000E-2	2.662334E-5	2.662334E-5	3.727646E-10	1.441084E+2
0.000000E+0	9.604441E-10	9.604441E-10	1.344758E-14	1.450039E+2
-5.000000E-2	5.133719E-6	-5.133719E-6	-7.187935E-11	1.455273E+2
-1.000000E-1	5.723694E-6	-5.723694E-6	-8.013983E-11	1.460508E+2
-1.500000E-1	1.036911E-4	-1.036911E-4	-1.451823E-9	1.466270E+2
-2.000000E-1	1.705876E-4	-1.705876E-4	-2.388468E-9	1.468154E+2
-2.500000E-1	2.503495E-4	-2.503495E-4	-3.505248E-9	1.470039E+2
-3.000000E-1	3.475546E-4	-3.475546E-4	-4.866257E-9	1.471914E+2
-3.500000E-1	4.579726E-4	-4.579726E-4	-6.412266E-9	1.473799E+2
-4.000000E-1	5.640044E-4	-5.640044E-4	-7.896862E-9	1.475674E+2
-4.500000E-1	8.009895E-4	-8.009895E-4	-1.121499E-8	1.481426E+2
-5.000000E-1	9.725407E-4	-9.725407E-4	-1.361695E-8	1.483311E+2
-5.000000E-1	9.682704E-4	-9.682704E-4	-1.355716E-8	1.485195E+2
-4.500000E-1	7.959150E-4	-7.959150E-4	-1.114394E-8	1.487070E+2
-4.000000E-1	7.020659E-4	-7.020659E-4	-9.829918E-9	1.496641E+2
-3.500000E-1	5.390146E-4	-5.390146E-4	-7.546969E-9	1.500459E+2
-3.000000E-1	4.092634E-4	-4.092634E-4	-5.730268E-9	1.502334E+2
-2.500000E-1	2.972314E-4	-2.972314E-4	-4.161661E-9	1.504219E+2
-2.000000E-1	2.032945E-4	-2.032945E-4	-2.846411E-9	1.506104E+2
-1.500000E-1	1.289643E-4	-1.289643E-4	-1.805683E-9	1.507979E+2
-1.000000E-1	7.279033E-5	-7.279033E-5	-1.019168E-9	1.509863E+2
-5.000000E-2	3.191484E-5	-3.191484E-5	-4.468530E-10	1.513975E+2
0.000000E+0	2.583990E-7	2.583990E-7	3.617953E-12	1.522930E+2
0.000000E+0	8.710089E-7	8.710089E-7	1.219536E-11	1.528174E+2
5.000000E-2	5.247211E-6	5.247211E-6	7.346840E-11	1.533408E+2
1.000000E-1	5.971962E-6	5.971962E-6	8.361594E-11	1.538643E+2
1.500000E-1	1.318927E-4	1.318927E-4	1.846685E-9	1.544395E+2
2.000000E-1	2.126713E-4	2.126713E-4	2.977700E-9	1.546279E+2
2.500000E-1	3.138958E-4	3.138958E-4	4.394987E-9	1.548164E+2
3.000000E-1	4.385580E-4	4.385580E-4	6.140434E-9	1.550039E+2
3.500000E-1	5.643615E-4	5.643615E-4	7.901862E-9	1.551924E+2
4.000000E-1	7.533729E-4	7.533729E-4	1.054829E-8	1.557676E+2
4.500000E-1	9.525913E-4	9.525913E-4	1.333763E-8	1.559561E+2
5.000000E-1	1.173375E-3	1.173375E-3	1.642891E-8	1.561436E+2
5.000000E-1	1.158878E-3	1.158878E-3	1.622594E-8	1.563320E+2
4.500000E-1	9.259725E-4	9.259725E-4	1.296493E-8	1.565195E+2
4.000000E-1	7.298967E-4	7.298967E-4	1.021959E-8	1.567080E+2
3.500000E-1	5.483813E-4	5.483813E-4	7.678117E-9	1.570898E+2
3.000000E-1	4.123714E-4	4.123714E-4	5.773784E-9	1.572783E+2
2.500000E-1	2.913677E-4	2.913677E-4	4.079561E-9	1.574658E+2
2.000000E-1	1.948215E-4	1.948215E-4	2.727778E-9	1.576543E+2
1.500000E-1	1.213270E-4	1.213270E-4	1.698750E-9	1.578418E+2
1.000000E-1	6.745780E-5	6.745780E-5	9.445049E-10	1.586406E+2
5.000000E-2	2.954538E-5	2.954538E-5	4.136773E-10	1.590527E+2
0.000000E+0	1.725429E-7	1.725429E-7	2.415845E-12	1.599473E+2
-5.000000E-2	5.163259E-6	-5.163259E-6	-7.229295E-11	1.604717E+2
-1.000000E-1	6.693414E-5	-6.693414E-5	-9.371730E-10	1.614648E+2
-1.500000E-1	1.189419E-4	-1.189419E-4	-1.665355E-9	1.616523E+2
-2.000000E-1	1.886389E-4	-1.886389E-4	-2.641212E-9	1.618408E+2
-2.500000E-1	2.749274E-4	-2.749274E-4	-3.849374E-9	1.620293E+2
-3.000000E-1	3.794762E-4	-3.794762E-4	-5.313206E-9	1.622168E+2
-3.500000E-1	5.022108E-4	-5.022108E-4	-7.031664E-9	1.624053E+2
-4.000000E-1	7.014021E-4	-7.014021E-4	-9.820624E-9	1.631680E+2
-4.500000E-1	8.697168E-4	-8.697168E-4	-1.217727E-8	1.633564E+2
-5.000000E-1	1.056899E-3	-1.056899E-3	-1.479808E-8	1.635439E+2
-5.000000E-1	1.058645E-3	-1.058645E-3	-1.482253E-8	1.637324E+2
-4.500000E-1	8.683534E-4	-8.683534E-4	-1.215818E-8	1.639209E+2
-4.000000E-1	6.398861E-4	-6.398861E-4	-8.959313E-9	1.643018E+2
-3.500000E-1	5.361829E-4	-5.361829E-4	-7.507321E-9	1.644902E+2
-3.000000E-1	4.126252E-4	-4.126252E-4	-5.777338E-9	1.646787E+2
-2.500000E-1	2.984932E-4	-2.984932E-4	-4.179329E-9	1.648662E+2
-2.000000E-1	2.041964E-4	-2.041964E-4	-2.859039E-9	1.650547E+2
-1.500000E-1	1.288621E-4	-1.288621E-4	-1.804253E-9	1.652422E+2
-1.000000E-1	7.293668E-5	-7.293668E-5	-1.021217E-9	1.654307E+2
-5.000000E-2	3.190318E-5	-3.190318E-5	-4.466898E-10	1.658428E+2
0.000000E+0	3.713964E-7	3.713964E-7	5.200076E-12	1.667373E+2
0.000000E+0	6.126184E-7	-6.126184E-7	-8.577528E-12	1.672617E+2
5.000000E-2	5.262599E-6	5.262599E-6	7.368385E-11	1.677852E+2
1.000000E-1	7.561455E-5	7.561455E-5	1.058711E-9	1.683613E+2
1.500000E-1	1.356038E-4	1.356038E-4	1.898646E-9	1.685488E+2
2.000000E-1	2.182854E-4	2.182854E-4	3.056305E-9	1.687373E+2
2.500000E-1	3.255485E-4	3.255485E-4	4.558141E-9	1.689258E+2
3.000000E-1	4.519952E-4	4.519952E-4	6.328574E-9	1.691133E+2
3.500000E-1	5.808438E-4	5.808438E-4	8.132638E-9	1.693018E+2
4.000000E-1	6.913016E-4	6.913016E-4	9.679203E-9	1.694893E+2
4.500000E-1	7.380502E-4	7.380502E-4	1.033375E-8	1.696777E+2
5.000000E-1	1.213272E-3	1.213272E-3	1.698753E-8	1.702529E+2
5.000000E-1	1.198058E-3	1.198058E-3	1.677451E-8	1.704414E+2
4.500000E-1	9.604498E-4	9.604498E-4	1.344766E-8	1.706289E+2
4.000000E-1	7.551042E-4	7.551042E-4	1.057253E-8	1.708174E+2
3.500000E-1	5.648836E-4	5.648836E-4	7.909172E-9	1.711992E+2
3.000000E-1	4.322452E-4	4.322452E-4	6.052047E-9	1.713867E+2
2.500000E-1	3.077813E-4	3.077813E-4	4.309375E-9	1.715752E+2
2.000000E-1	2.070111E-4	2.070111E-4	2.898449E-9	1.717627E+2
1.500000E-1	1.282335E-4	1.282335E-4	1.795451E-9	1.719512E+2
1.000000E-1	5.073080E-5	5.073080E-5	7.103032E-10	1.723633E+2
5.000000E-2	3.075814E-5	3.075814E-5	4.306576E-10	1.725518E+2
0.000000E+0	3.635810E-8	3.635810E-8	5.090650E-13	1.734473E+2
-5.000000E-2	5.189126E-6	-5.189126E-6	-7.265513E-11	1.739707E+2
-1.000000E-1	5.831699E-6	-5.831699E-6	-8.165206E-11	1.744941E+2
-1.500000E-1	1.176392E-4	-1.176392E-4	-1.647116E-9	1.750703E+2
-2.000000E-1	1.939372E-4	-1.939372E-4	-2.715396E-9	1.752588E+2
-2.500000E-1	2.833362E-4	-2.833362E-4	-3.967109E-9	1.754463E+2
-3.000000E-1	3.939514E-4	-3.939514E-4	-5.515879E-9	1.756348E+2
-3.500000E-1	5.216626E-4	-5.216626E-4	-7.304017E-9	1.758232E+2
-4.000000E-1	6.188083E-4	-6.188083E-4	-8.664195E-9	1.760107E+2
-4.500000E-1	9.654707E-4	-9.654707E-4	-1.351796E-8	1.765859E+2
-5.000000E-1	1.171778E-3	-1.171778E-3	-1.640655E-8	1.767744E+2
-5.000000E-1	1.174914E-3	-1.174914E-3	-1.645046E-8	1.769619E+2
-4.500000E-1	9.639473E-4	-9.639473E-4	-1.349663E-8	1.771504E+2
-4.000000E-1	7.713761E-4	-7.713761E-4	-1.080036E-8	1.773389E+2
-3.500000E-1	5.773706E-4	-5.773706E-4	-8.084008E-9	1.777197E+2
-3.000000E-1	4.545359E-4	-4.545359E-4	-6.364148E-9	1.779082E+2
-2.500000E-1	3.270459E-4	-3.270459E-4	-4.579107E-9	1.780967E+2
-2.000000E-1	2.208649E-4	-2.208649E-4	-3.092422E-9	1.782842E+2
-1.500000E-1	1.412183E-4	-1.412183E-4	-1.977257E-9	1.784727E+2
-1.000000E-1	7.995525E-5	-7.995525E-5	-1.119487E-9	1.786611E+2
-5.000000E-2	3.482207E-5	-3.482207E-5	-4.875584E-10	1.790723E+2
0.000000E+0	2.982332E-7	2.982332E-7	4.175688E-12	1.799678E+2
0.000000E+0	9.155415E-7	9.155415E-7	1.281888E-11	1.804922E+2
5.000000E-2	5.322088E-6	5.322088E-6	7.451678E-11	1.810156E+2
1.000000E-1	6.093558E-6	6.093558E-6	8.531846E-11	1.815391E+2
1.500000E-1	1.460512E-4	1.460512E-4	2.044924E-9	1.821143E+2
2.000000E-1	2.365412E-4	2.365412E-4	3.311913E-9	1.823027E+2
2.500000E-1	3.473431E-4	3.473431E-4	4.863296E-9	1.824912E+2
3.000000E-1	4.931484E-4	4.931484E-4	6.904777E-9	1.826787E+2
3.500000E-1	6.131504E-4	6.131504E-4	8.584975E-9	1.828672E+2
4.000000E-1	8.270226E-4	8.270226E-4	1.157949E-8	1.834424E+2
4.500000E-1	1.067856E-3	1.067856E-3	1.495150E-8	1.836299E+2
5.000000E-1	1.299595E-3	1.299595E-3	1.819618E-8	1.838184E+2
5.000000E-1	1.280752E-3	1.280752E-3	1.793235E-8	1.840068E+2
4.500000E-1	1.017928E-3	1.017928E-3	1.425244E-8	1.841943E+2
4.000000E-1	7.946795E-4	7.946795E-4	1.112664E-8	1.843828E+2
3.500000E-1	5.844686E-4	5.844686E-4	8.183390E-9	1.847646E+2
3.000000E-1	4.510969E-4	4.510969E-4	6.315996E-9	1.849521E+2
2.500000E-1	3.216166E-4	3.216166E-4	4.503089E-9	1.851406E+2
2.000000E-1	2.184931E-4	2.184931E-4	3.059213E-9	1.853281E+2
1.500000E-1	1.350905E-4	1.350905E-4	1.891458E-9	1.855166E+2
1.000000E-1	7.458487E-5	7.458487E-5	1.044294E-9	1.857051E+2
5.000000E-2	3.239898E-5	3.239898E-5	4.536317E-10	1.861162E+2
0.000000E+0	1.747294E-7	1.747294E-7	2.446460E-12	1.870117E+2
-5.000000E-2	2.655184E-5	-2.655184E-5	-3.717634E-10	1.877852E+2
-1.000000E-1	5.041144E-5	-5.041144E-5	-7.058317E-10	1.879746E+2
-1.500000E-1	5.972444E-5	-5.972444E-5	-8.362270E-10	1.881631E+2
-2.000000E-1	2.062050E-4	-2.062050E-4	-2.887163E-9	1.887383E+2
-2.500000E-1	3.025178E-4	-3.025178E-4	-4.235678E-9	1.889268E+2
-3.000000E-1	4.169933E-4	-4.169933E-4	-5.838498E-9	1.891152E+2
-3.500000E-1	5.936714E-4	-5.936714E-4	-8.312242E-9	1.896904E+2
-4.000000E-1	7.578003E-4	-7.578003E-4	-1.061028E-8	1.898779E+2
-4.500000E-1	9.339846E-4	-9.339846E-4	-1.307711E-8	1.900664E+2
-5.000000E-1	1.137180E-3	-1.137180E-3	-1.592214E-8	1.902539E+2
-5.000000E-1	1.143184E-3	-1.143184E-3	-1.600620E-8	1.904424E+2
-4.500000E-1	9.402290E-4	-9.402290E-4	-1.316454E-8	1.906309E+2
-4.000000E-1	7.570054E-4	-7.570054E-4	-1.059915E-8	1.908184E+2
-3.500000E-1	5.712133E-4	-5.712133E-4	-7.997796E-9	1.912002E+2
-3.000000E-1	4.419012E-4	-4.419012E-4	-6.187244E-9	1.913887E+2
-2.500000E-1	3.203400E-4	-3.203400E-4	-4.485214E-9	1.915762E+2
-2.000000E-1	2.203759E-4	-2.203759E-4	-3.085576E-9	1.917646E+2
-1.500000E-1	1.381081E-4	-1.381081E-4	-1.933710E-9	1.919531E+2
-1.000000E-1	7.817293E-5	-7.817293E-5	-1.094532E-9	1.921406E+2
-5.000000E-2	3.467710E-5	-3.467710E-5	-4.855286E-10	1.925527E+2
0.000000E+0	3.665882E-7	3.665882E-7	5.132755E-12	1.934482E+2
0.000000E+0	6.462221E-7	-6.462221E-7	-9.048026E-12	1.939717E+2
5.000000E-2	5.321769E-6	5.321769E-6	7.451231E-11	1.944951E+2
1.000000E-1	8.057826E-5	8.057826E-5	1.128210E-9	1.950713E+2
1.500000E-1	1.466896E-4	1.466896E-4	2.053863E-9	1.952598E+2
2.000000E-1	2.363650E-4	2.363650E-4	3.309446E-9	1.954473E+2
2.500000E-1	3.450705E-4	3.450705E-4	4.831477E-9	1.956357E+2
3.000000E-1	4.822697E-4	4.822697E-4	6.752461E-9	1.958232E+2
3.500000E-1	6.036777E-4	6.036777E-4	8.452345E-9	1.960117E+2
4.000000E-1	8.281582E-4	8.281582E-4	1.159539E-8	1.965869E+2
4.500000E-1	1.043819E-3	1.043819E-3	1.461495E-8	1.967744E+2
5.000000E-1	1.289838E-3	1.289838E-3	1.805956E-8	1.969629E+2
5.000000E-1	1.274570E-3	1.274570E-3	1.784579E-8	1.971514E+2
4.500000E-1	1.021645E-3	1.021645E-3	1.430448E-8	1.973389E+2
4.000000E-1	8.076674E-4	8.076674E-4	1.130849E-8	1.975273E+2
3.500000E-1	5.878582E-4	5.878582E-4	8.230849E-9	1.979092E+2
3.000000E-1	4.564175E-4	4.564175E-4	6.390493E-9	1.980967E+2
2.500000E-1	3.260886E-4	3.260886E-4	4.565704E-9	1.982852E+2
2.000000E-1	2.174742E-4	2.174742E-4	3.044948E-9	1.984736E+2
1.500000E-1	1.348970E-4	1.348970E-4	1.888749E-9	1.986611E+2
1.000000E-1	7.424904E-5	7.424904E-5	1.039592E-9	1.988496E+2
5.000000E-2	3.282812E-5	3.282812E-5	4.596403E-10	1.992607E+2
0.000000E+0	6.157645E-8	6.157645E-8	8.621576E-13	2.001562E+2
-5.000000E-2	3.135126E-5	-3.135126E-5	-4.389622E-10	2.007627E+2
-1.000000E-1	5.098998E-5	-5.098998E-5	-7.139321E-10	2.009521E+2
-1.500000E-1	1.311606E-4	-1.311606E-4	-1.836435E-9	2.015273E+2
-2.000000E-1	2.072641E-4	-2.072641E-4	-2.901992E-9	2.017158E+2
-2.500000E-1	3.019176E-4	-3.019176E-4	-4.227275E-9	2.019033E+2
-3.000000E-1	4.165027E-4	-4.165027E-4	-5.831629E-9	2.020918E+2
-3.500000E-1	5.445336E-4	-5.445336E-4	-7.624243E-9	2.022803E+2
-4.000000E-1	6.482356E-4	-6.482356E-4	-9.076219E-9	2.024678E+2
-4.500000E-1	9.882813E-4	-9.882813E-4	-1.383734E-8	2.030430E+2
-5.000000E-1	1.186590E-3	-1.186590E-3	-1.661395E-8	2.032314E+2
-5.000000E-1	1.183994E-3	-1.183994E-3	-1.657759E-8	2.034199E+2
-4.500000E-1	9.759004E-4	-9.759004E-4	-1.366399E-8	2.036074E+2
-4.000000E-1	7.761392E-4	-7.761392E-4	-1.086705E-8	2.037959E+2
-3.500000E-1	5.814263E-4	-5.814263E-4	-8.140793E-9	2.041777E+2
-3.000000E-1	4.566107E-4	-4.566107E-4	-6.393197E-9	2.043652E+2
-2.500000E-1	3.298621E-4	-3.298621E-4	-4.618538E-9	2.045537E+2
-2.000000E-1	2.257028E-4	-2.257028E-4	-3.160160E-9	2.047412E+2
-1.500000E-1	1.418953E-4	-1.418953E-4	-1.986736E-9	2.049297E+2
-1.000000E-1	8.083259E-5	-8.083259E-5	-1.131771E-9	2.051182E+2
-5.000000E-2	3.576697E-5	-3.576697E-5	-5.007883E-10	2.055293E+2
0.000000E+0	2.757346E-7	2.757346E-7	3.860676E-12	2.064248E+2
0.000000E+0	5.301174E-7	5.301174E-7	7.422396E-12	2.069492E+2
5.000000E-2	3.583957E-5	3.583957E-5	5.018048E-10	2.075547E+2
1.000000E-1	5.221452E-5	5.221452E-5	7.310774E-10	2.077432E+2
1.500000E-1	6.282062E-5	6.282062E-5	8.795778E-10	2.079326E+2
2.000000E-1	2.372121E-4	2.372121E-4	3.321306E-9	2.085078E+2
2.500000E-1	3.543603E-4	3.543603E-4	4.961547E-9	2.086963E+2
3.000000E-1	4.975379E-4	4.975379E-4	6.966236E-9	2.088838E+2
3.500000E-1	6.197137E-4	6.197137E-4	8.676872E-9	2.090723E+2
4.000000E-1	7.185250E-4	7.185250E-4	1.006037E-8	2.092607E+2
4.500000E-1	1.078635E-3	1.078635E-3	1.510242E-8	2.098359E+2
5.000000E-1	1.344299E-3	1.344299E-3	1.882209E-8	2.100234E+2
5.000000E-1	1.333238E-3	1.333238E-3	1.866722E-8	2.102119E+2
4.500000E-1	1.066140E-3	1.066140E-3	1.492748E-8	2.103994E+2
4.000000E-1	8.309686E-4	8.309686E-4	1.163474E-8	2.105879E+2
3.500000E-1	6.406893E-4	6.406893E-4	8.970559E-9	2.113564E+2
3.000000E-1	4.689268E-4	4.689268E-4	6.565641E-9	2.117383E+2
2.500000E-1	3.297501E-4	3.297501E-4	4.616969E-9	2.119268E+2
2.000000E-1	2.206548E-4	2.206548E-4	3.089481E-9	2.121143E+2
1.500000E-1	1.363397E-4	1.363397E-4	1.908949E-9	2.123027E+2
1.000000E-1	7.494283E-5	7.494283E-5	1.049306E-9	2.124912E+2
5.000000E-2	3.286735E-5	3.286735E-5	4.601895E-10	2.129023E+2
0.000000E+0	6.886352E-8	6.886352E-8	9.641871E-13	2.137979E+2
-5.000000E-2	5.225156E-6	-5.225156E-6	-7.315960E-11	2.143213E+2
-1.000000E-1	5.912624E-6	-5.912624E-6	-8.278513E-11	2.148447E+2
-1.500000E-1	1.277539E-4	-1.277539E-4	-1.788736E-9	2.154209E+2
-2.000000E-1	2.084167E-4	-2.084167E-4	-2.918130E-9	2.156094E+2
-2.500000E-1	3.056854E-4	-3.056854E-4	-4.280029E-9	2.157969E+2
-3.000000E-1	4.225299E-4	-4.225299E-4	-5.916018E-9	2.159854E+2
-3.500000E-1	5.508969E-4	-5.508969E-4	-7.713338E-9	2.161738E+2
-4.000000E-1	6.532623E-4	-6.532623E-4	-9.146600E-9	2.163613E+2
-4.500000E-1	9.959805E-4	-9.959805E-4	-1.394514E-8	2.169365E+2
-5.000000E-1	1.207425E-3	-1.207425E-3	-1.690566E-8	2.171250E+2
-5.000000E-1	1.207328E-3	-1.207328E-3	-1.690431E-8	2.173125E+2
-4.500000E-1	9.933986E-4	-9.933986E-4	-1.390899E-8	2.175010E+2
-4.000000E-1	8.003110E-4	-8.003110E-4	-1.120549E-8	2.176895E+2
-3.500000E-1	5.936556E-4	-5.936556E-4	-8.312020E-9	2.180703E+2
-3.000000E-1	4.656717E-4	-4.656717E-4	-6.520064E-9	2.182588E+2
-2.500000E-1	3.367715E-4	-3.367715E-4	-4.715279E-9	2.184473E+2
-2.000000E-1	2.279253E-4	-2.279253E-4	-3.191278E-9	2.186348E+2
-1.500000E-1	1.446516E-4	-1.446516E-4	-2.025327E-9	2.188232E+2
-1.000000E-1	8.196405E-5	-8.196405E-5	-1.147613E-9	2.190107E+2
-5.000000E-2	3.552015E-5	-3.552015E-5	-4.973325E-10	2.194229E+2
0.000000E+0	2.799035E-7	2.799035E-7	3.919046E-12	2.203184E+2
0.000000E+0	8.828591E-7	8.828591E-7	1.236128E-11	2.208418E+2
5.000000E-2	5.341430E-6	5.341430E-6	7.478760E-11	2.213652E+2
1.000000E-1	6.120433E-6	6.120433E-6	8.569474E-11	2.218887E+2
1.500000E-1	1.501941E-4	1.501941E-4	2.102931E-9	2.224648E+2
2.000000E-1	2.402826E-4	2.402826E-4	3.364298E-9	2.226533E+2
2.500000E-1	3.564989E-4	3.564989E-4	4.991490E-9	2.228408E+2
3.000000E-1	5.032921E-4	5.032921E-4	7.046803E-9	2.230293E+2
3.500000E-1	6.289256E-4	6.289256E-4	8.805851E-9	2.232168E+2
4.000000E-1	7.229289E-4	7.229289E-4	1.012203E-8	2.234053E+2
4.500000E-1	1.085145E-3	1.085145E-3	1.519357E-8	2.239805E+2
5.000000E-1	1.342626E-3	1.342626E-3	1.879867E-8	2.241689E+2
5.000000E-1	1.332893E-3	1.332893E-3	1.866240E-8	2.243564E+2
4.500000E-1	1.068627E-3	1.068627E-3	1.496230E-8	2.245449E+2
4.000000E-1	8.356810E-4	8.356810E-4	1.170072E-8	2.247324E+2
3.500000E-1	6.067501E-4	6.067501E-4	8.495363E-9	2.251143E+2
3.000000E-1	4.742212E-4	4.742212E-4	6.639770E-9	2.253027E+2
2.500000E-1	3.344996E-4	3.344996E-4	4.683469E-9	2.254902E+2
2.000000E-1	2.228642E-4	2.228642E-4	3.120415E-9	2.256787E+2
1.500000E-1	1.380330E-4	1.380330E-4	1.932658E-9	2.258672E+2
1.000000E-1	7.648639E-5	7.648639E-5	1.070918E-9	2.260547E+2
5.000000E-2	3.343352E-5	3.343352E-5	4.681167E-10	2.264668E+2
0.000000E+0	2.197027E-7	2.197027E-7	3.076150E-12	2.273623E+2
-5.000000E-2	5.235528E-6	-5.235528E-6	-7.330483E-11	2.278857E+2
-1.000000E-1	7.570811E-5	-7.570811E-5	-1.060021E-9	2.288789E+2
-1.500000E-1	1.340621E-4	-1.340621E-4	-1.877059E-9	2.290674E+2
-2.000000E-1	2.116498E-4	-2.116498E-4	-2.963398E-9	2.292549E+2
-2.500000E-1	3.091196E-4	-3.091196E-4	-4.328113E-9	2.294434E+2
-3.000000E-1	4.305254E-4	-4.305254E-4	-6.027966E-9	2.296318E+2
-3.500000E-1	5.566490E-4	-5.566490E-4	-7.793876E-9	2.298193E+2
-4.000000E-1	6.588381E-4	-6.588381E-4	-9.224669E-9	2.300078E+2
-4.500000E-1	7.267978E-4	-7.267978E-4	-1.017620E-8	2.301953E+2
-5.000000E-1	1.239871E-3	-1.239871E-3	-1.735995E-8	2.307705E+2
-5.000000E-1	1.235583E-3	-1.235583E-3	-1.729991E-8	2.309590E+2
-4.500000E-1	1.012694E-3	-1.012694E-3	-1.417916E-8	2.311475E+2
-4.000000E-1	8.135254E-4	-8.135254E-4	-1.139051E-8	2.313350E+2
-3.500000E-1	5.996152E-4	-5.996152E-4	-8.395464E-9	2.317168E+2
-3.000000E-1	4.712474E-4	-4.712474E-4	-6.598132E-9	2.319053E+2
-2.500000E-1	3.378633E-4	-3.378633E-4	-4.730566E-9	2.320928E+2
-2.000000E-1	2.301316E-4	-2.301316E-4	-3.222169E-9	2.322812E+2
-1.500000E-1	1.457526E-4	-1.457526E-4	-2.040743E-9	2.324697E+2
-1.000000E-1	8.216431E-5	-8.216431E-5	-1.150417E-9	2.326572E+2
-5.000000E-2	3.619070E-5	-3.619070E-5	-5.067211E-10	2.330693E+2
0.000000E+0	4.365559E-7	4.365559E-7	6.112402E-12	2.339648E+2
0.000000E+0	3.256202E-7	-3.256202E-7	-4.559145E-12	2.344883E+2
5.000000E-2	5.361396E-6	5.361396E-6	7.506715E-11	2.350117E+2
1.000000E-1	8.598129E-5	8.598129E-5	1.203860E-9	2.355879E+2
1.500000E-1	1.552723E-4	1.552723E-4	2.174033E-9	2.357764E+2
2.000000E-1	2.496053E-4	2.496053E-4	3.494828E-9	2.359639E+2
2.500000E-1	3.692235E-4	3.692235E-4	5.169653E-9	2.361523E+2
3.000000E-1	5.185195E-4	5.185195E-4	7.260008E-9	2.363398E+2
3.500000E-1	6.390684E-4	6.390684E-4	8.947865E-9	2.365283E+2
4.000000E-1	8.863795E-4	8.863795E-4	1.241057E-8	2.371035E+2
4.500000E-1	1.123228E-3	1.123228E-3	1.572678E-8	2.372920E+2
5.000000E-1	1.397400E-3	1.397400E-3	1.956559E-8	2.374795E+2
5.000000E-1	1.389392E-3	1.389392E-3	1.945346E-8	2.376680E+2
4.500000E-1	1.104924E-3	1.104924E-3	1.547050E-8	2.378555E+2
4.000000E-1	8.680992E-4	8.680992E-4	1.215462E-8	2.380439E+2
3.500000E-1	6.246487E-4	6.246487E-4	8.745968E-9	2.384258E+2
3.000000E-1	4.919726E-4	4.919726E-4	6.888315E-9	2.386143E+2
2.500000E-1	3.492234E-4	3.492234E-4	4.889623E-9	2.388018E+2
2.000000E-1	2.334678E-4	2.334678E-4	3.268881E-9	2.389902E+2
1.500000E-1	1.459823E-4	1.459823E-4	2.043960E-9	2.391777E+2
1.000000E-1	7.685128E-5	7.685128E-5	1.076027E-9	2.393662E+2
5.000000E-2	3.467898E-5	3.467898E-5	4.855550E-10	2.397773E+2
0.000000E+0	6.892498E-8	6.892498E-8	9.650475E-13	2.406729E+2
-5.000000E-2	2.889411E-5	-2.889411E-5	-4.045586E-10	2.412793E+2
-1.000000E-1	5.171939E-5	-5.171939E-5	-7.241449E-10	2.414687E+2
-1.500000E-1	6.078883E-5	-6.078883E-5	-8.511299E-10	2.416572E+2
-2.000000E-1	2.233655E-4	-2.233655E-4	-3.127434E-9	2.422324E+2
-2.500000E-1	3.275289E-4	-3.275289E-4	-4.585869E-9	2.424209E+2
-3.000000E-1	4.498108E-4	-4.498108E-4	-6.297990E-9	2.426094E+2
-3.500000E-1	5.767444E-4	-5.767444E-4	-8.075240E-9	2.427969E+2
-4.000000E-1	6.801468E-4	-6.801468E-4	-9.523021E-9	2.429854E+2
-4.500000E-1	1.098409E-3	-1.098409E-3	-1.537929E-8	2.435605E+2
-5.000000E-1	1.325281E-3	-1.325281E-3	-1.855582E-8	2.437480E+2
-5.000000E-1	1.324810E-3	-1.324810E-3	-1.854922E-8	2.439365E+2
-4.500000E-1	1.089210E-3	-1.089210E-3	-1.525049E-8	2.441250E+2
-4.000000E-1	8.691176E-4	-8.691176E-4	-1.216888E-8	2.443125E+2
-3.500000E-1	7.472550E-4	-7.472550E-4	-1.046263E-8	2.450820E+2
-3.000000E-1	5.526571E-4	-5.526571E-4	-7.737984E-9	2.454629E+2
-2.500000E-1	4.018773E-4	-4.018773E-4	-5.626852E-9	2.456514E+2
-2.000000E-1	2.723536E-4	-2.723536E-4	-3.813337E-9	2.458398E+2
-1.500000E-1	1.715905E-4	-1.715905E-4	-2.402510E-9	2.460273E+2
-1.000000E-1	9.586671E-5	-9.586671E-5	-1.342270E-9	2.462158E+2
-5.000000E-2	4.209012E-5	-4.209012E-5	-5.893214E-10	2.466270E+2
0.000000E+0	4.272865E-7	4.272865E-7	5.982617E-12	2.475225E+2
0.000000E+0	6.162422E-7	-6.162422E-7	-8.628265E-12	2.480469E+2
5.000000E-2	5.479200E-6	5.479200E-6	7.671658E-11	2.485703E+2
1.000000E-1	9.933936E-5	9.933936E-5	1.390892E-9	2.491465E+2
1.500000E-1	1.807930E-4	1.807930E-4	2.531359E-9	2.493340E+2
2.000000E-1	2.910694E-4	2.910694E-4	4.075384E-9	2.495225E+2
2.500000E-1	4.336329E-4	4.336329E-4	6.071476E-9	2.497100E+2
3.000000E-1	5.812269E-4	5.812269E-4	8.138001E-9	2.498984E+2
3.500000E-1	7.988747E-4	7.988747E-4	1.118538E-8	2.504736E+2
4.000000E-1	1.033522E-3	1.033522E-3	1.447078E-8	2.506621E+2
4.500000E-1	1.314815E-3	1.314815E-3	1.840928E-8	2.508496E+2
5.000000E-1	1.607228E-3	1.607228E-3	2.250347E-8	2.510381E+2
5.000000E-1	1.607321E-3	1.607321E-3	2.250478E-8	2.512266E+2
4.500000E-1	1.285000E-3	1.285000E-3	1.799182E-8	2.514141E+2
4.000000E-1	1.006764E-3	1.006764E-3	1.409613E-8	2.516025E+2
3.500000E-1	7.726867E-4	7.726867E-4	1.081871E-8	2.517900E+2
3.000000E-1	5.546117E-4	5.546117E-4	7.765351E-9	2.521719E+2
2.500000E-1	4.016786E-4	4.016786E-4	5.624070E-9	2.523604E+2
2.000000E-1	2.686621E-4	2.686621E-4	3.761651E-9	2.525479E+2
1.500000E-1	1.667548E-4	1.667548E-4	2.334804E-9	2.527363E+2
1.000000E-1	9.169027E-5	9.169027E-5	1.283794E-9	2.529248E+2
5.000000E-2	3.982000E-5	3.982000E-5	5.575366E-10	2.533359E+2
0.000000E+0	1.006573E-7	1.006573E-7	1.409345E-12	2.542314E+2
-5.000000E-2	3.539054E-5	-3.539054E-5	-4.955178E-10	2.548379E+2
-1.000000E-1	5.374823E-5	-5.374823E-5	-7.525515E-10	2.550264E+2
-1.500000E-1	1.584831E-4	-1.584831E-4	-2.218989E-9	2.556025E+2
-2.000000E-1	2.508185E-4	-2.508185E-4	-3.511815E-9	2.557900E+2
-2.500000E-1	3.666838E-4	-3.666838E-4	-5.134094E-9	2.559785E+2
-3.000000E-1	5.099832E-4	-5.099832E-4	-7.140489E-9	2.561670E+2
-3.500000E-1	6.279537E-4	-6.279537E-4	-8.792243E-9	2.563545E+2
-4.000000E-1	7.201698E-4	-7.201698E-4	-1.008340E-8	2.565430E+2
-4.500000E-1	1.215984E-3	-1.215984E-3	-1.702550E-8	2.571182E+2
-5.000000E-1	1.471951E-3	-1.471951E-3	-2.060941E-8	2.573066E+2
-5.000000E-1	1.464071E-3	-1.464071E-3	-2.049907E-8	2.574941E+2
-4.500000E-1	1.196804E-3	-1.196804E-3	-1.675696E-8	2.576826E+2
-4.000000E-1	9.602155E-4	-9.602155E-4	-1.344438E-8	2.578701E+2
-3.500000E-1	7.478721E-4	-7.478721E-4	-1.047127E-8	2.580586E+2
-3.000000E-1	5.524853E-4	-5.524853E-4	-7.735578E-9	2.584404E+2
-2.500000E-1	4.013955E-4	-4.013955E-4	-5.620107E-9	2.586279E+2
-2.000000E-1	2.734381E-4	-2.734381E-4	-3.828521E-9	2.588164E+2
-1.500000E-1	1.720396E-4	-1.720396E-4	-2.408798E-9	2.590049E+2
-1.000000E-1	9.664206E-5	-9.664206E-5	-1.353126E-9	2.591924E+2
-5.000000E-2	4.271365E-5	-4.271365E-5	-5.980517E-10	2.596045E+2
0.000000E+0	3.168622E-7	3.168622E-7	4.436521E-12	2.605000E+2
0.000000E+0	3.658171E-7	3.658171E-7	5.121958E-12	2.610234E+2
5.000000E-2	4.342350E-5	4.342350E-5	6.079906E-10	2.616299E+2
1.000000E-1	5.587269E-5	5.587269E-5	7.822969E-10	2.618184E+2
1.500000E-1	6.612564E-5	6.612564E-5	9.258528E-10	2.620068E+2
2.000000E-1	2.913031E-4	2.913031E-4	4.078657E-9	2.625830E+2
2.500000E-1	4.314105E-4	4.314105E-4	6.040359E-9	2.627705E+2
3.000000E-1	5.816366E-4	5.816366E-4	8.143737E-9	2.629590E+2
3.500000E-1	8.108550E-4	8.108550E-4	1.135312E-8	2.635342E+2
4.000000E-1	1.062067E-3	1.062067E-3	1.487045E-8	2.637227E+2
4.500000E-1	1.343680E-3	1.343680E-3	1.881343E-8	2.639102E+2
5.000000E-1	1.661417E-3	1.661417E-3	2.326220E-8	2.640986E+2
5.000000E-1	1.657976E-3	1.657976E-3	2.321401E-8	2.642861E+2
4.500000E-1	1.330647E-3	1.330647E-3	1.863094E-8	2.644746E+2
4.000000E-1	1.036963E-3	1.036963E-3	1.451895E-8	2.646631E+2
3.500000E-1	7.886144E-4	7.886144E-4	1.104172E-8	2.648506E+2
3.000000E-1	5.641842E-4	5.641842E-4	7.899380E-9	2.652324E+2
2.500000E-1	4.081493E-4	4.081493E-4	5.714670E-9	2.654209E+2
2.000000E-1	2.716694E-4	2.716694E-4	3.803757E-9	2.656084E+2
1.500000E-1	1.676294E-4	1.676294E-4	2.347050E-9	2.657969E+2
1.000000E-1	9.333933E-5	9.333933E-5	1.306883E-9	2.659854E+2
5.000000E-2	4.029736E-5	4.029736E-5	5.642202E-10	2.663965E+2
0.000000E+0	1.411406E-7	1.411406E-7	1.976169E-12	2.672920E+2
-5.000000E-2	5.349350E-6	-5.349350E-6	-7.489850E-11	2.678154E+2
-1.000000E-1	8.456528E-5	-8.456528E-5	-1.184034E-9	2.683916E+2
-1.500000E-1	1.591839E-4	-1.591839E-4	-2.228800E-9	2.685801E+2
-2.000000E-1	2.543246E-4	-2.543246E-4	-3.560906E-9	2.687676E+2
-2.500000E-1	3.739517E-4	-3.739517E-4	-5.235854E-9	2.689561E+2
-3.000000E-1	5.226337E-4	-5.226337E-4	-7.317613E-9	2.691445E+2
-3.500000E-1	6.419392E-4	-6.419392E-4	-8.988060E-9	2.693320E+2
-4.000000E-1	1.037438E-3	-1.037438E-3	-1.452561E-8	2.699072E+2
-4.500000E-1	1.288683E-3	-1.288683E-3	-1.804339E-8	2.700957E+2
-5.000000E-1	1.561224E-3	-1.561224E-3	-2.185935E-8	2.702842E+2
-5.000000E-1	1.551179E-3	-1.551179E-3	-2.171871E-8	2.704717E+2
-4.500000E-1	1.261636E-3	-1.261636E-3	-1.766469E-8	2.706602E+2
-4.000000E-1	1.012010E-3	-1.012010E-3	-1.416957E-8	2.708477E+2
-3.500000E-1	7.896214E-4	-7.896214E-4	-1.105582E-8	2.710361E+2
-3.000000E-1	5.736025E-4	-5.736025E-4	-8.031249E-9	2.714180E+2
-2.500000E-1	4.255962E-4	-4.255962E-4	-5.958951E-9	2.716064E+2
-2.000000E-1	2.863857E-4	-2.863857E-4	-4.009806E-9	2.717939E+2
-1.500000E-1	1.800594E-4	-1.800594E-4	-2.521087E-9	2.719824E+2
-1.000000E-1	1.009755E-4	-1.009755E-4	-1.413801E-9	2.721699E+2
-5.000000E-2	4.462643E-5	-4.462643E-5	-6.248334E-10	2.725820E+2
0.000000E+0	3.483249E-7	3.483249E-7	4.877043E-12	2.734775E+2
