voltage_3_2_21_500mV_500ms	absJ_3_2_21_500mV_500ms	J_3_2_21_500mV_500ms	current_3_2_21_500mV_500ms	time_3_2_21_500mV_500ms	
0.000000E+0	1.710741E-9	-1.710741E-9	-5.971612E-14	0.000000E+0
5.000000E-2	6.404562E-8	6.404562E-8	2.235614E-12	7.031250E-1
1.000000E-1	1.213401E-7	1.213401E-7	4.235570E-12	1.407227E+0
1.500000E-1	2.475175E-7	2.475175E-7	8.639992E-12	2.110352E+0
2.000000E-1	4.288168E-7	4.288168E-7	1.496853E-11	2.813477E+0
2.500000E-1	6.360619E-7	6.360619E-7	2.220275E-11	3.516602E+0
3.000000E-1	8.014187E-7	8.014187E-7	2.797479E-11	4.219727E+0
3.500000E-1	1.100793E-6	1.100793E-6	3.842493E-11	4.922852E+0
4.000000E-1	1.581737E-6	1.581737E-6	5.521303E-11	5.625977E+0
4.500000E-1	1.708375E-6	1.708375E-6	5.963354E-11	6.329102E+0
5.000000E-1	2.276637E-6	2.276637E-6	7.946961E-11	7.032227E+0
5.000000E-1	2.353316E-6	2.353316E-6	8.214621E-11	7.735352E+0
4.500000E-1	1.780576E-6	1.780576E-6	6.215382E-11	8.438477E+0
4.000000E-1	1.583092E-6	1.583092E-6	5.526032E-11	9.141602E+0
3.500000E-1	1.194716E-6	1.194716E-6	4.170345E-11	9.844727E+0
3.000000E-1	9.723277E-7	9.723277E-7	3.394064E-11	1.054785E+1
2.500000E-1	7.202647E-7	7.202647E-7	2.514198E-11	1.125098E+1
2.000000E-1	4.487666E-7	4.487666E-7	1.566491E-11	1.195410E+1
1.500000E-1	2.547103E-7	2.547103E-7	8.891068E-12	1.265723E+1
1.000000E-1	1.531242E-7	1.531242E-7	5.345044E-12	1.336035E+1
5.000000E-2	5.690769E-8	5.690769E-8	1.986453E-12	1.406348E+1
0.000000E+0	1.467667E-8	-1.467667E-8	-5.123124E-13	1.476660E+1
-5.000000E-2	8.645979E-8	-8.645979E-8	-3.018016E-12	1.546973E+1
-1.000000E-1	1.695971E-7	-1.695971E-7	-5.920056E-12	1.617285E+1
-1.500000E-1	2.856611E-7	-2.856611E-7	-9.971454E-12	1.687598E+1
-2.000000E-1	4.105945E-7	-4.105945E-7	-1.433245E-11	1.758008E+1
-2.500000E-1	6.131803E-7	-6.131803E-7	-2.140403E-11	1.828320E+1
-3.000000E-1	8.545116E-7	-8.545116E-7	-2.982808E-11	1.898633E+1
-3.500000E-1	1.027612E-6	-1.027612E-6	-3.587042E-11	1.968945E+1
-4.000000E-1	1.406559E-6	-1.406559E-6	-4.909818E-11	2.039258E+1
-4.500000E-1	1.599936E-6	-1.599936E-6	-5.584831E-11	2.109570E+1
-5.000000E-1	1.841946E-6	-1.841946E-6	-6.429605E-11	2.179883E+1
-5.000000E-1	1.762187E-6	-1.762187E-6	-6.151192E-11	2.250195E+1
-4.500000E-1	1.494149E-6	-1.494149E-6	-5.215564E-11	2.320508E+1
-4.000000E-1	1.208024E-6	-1.208024E-6	-4.216798E-11	2.390820E+1
-3.500000E-1	9.603446E-7	-9.603446E-7	-3.352235E-11	2.461133E+1
-3.000000E-1	7.836768E-7	-7.836768E-7	-2.735548E-11	2.531445E+1
-2.500000E-1	5.687488E-7	-5.687488E-7	-1.985308E-11	2.601758E+1
-2.000000E-1	4.024562E-7	-4.024562E-7	-1.404837E-11	2.672070E+1
-1.500000E-1	2.477871E-7	-2.477871E-7	-8.649401E-12	2.742383E+1
-1.000000E-1	1.274687E-7	-1.274687E-7	-4.449496E-12	2.812695E+1
-5.000000E-2	4.877739E-8	-4.877739E-8	-1.702652E-12	2.883008E+1
0.000000E+0	1.343506E-8	1.343506E-8	4.689721E-13	2.953320E+1
0.000000E+0	5.653833E-9	5.653833E-9	1.973560E-13	3.023730E+1
5.000000E-2	9.684869E-8	9.684869E-8	3.380657E-12	3.094043E+1
1.000000E-1	1.839971E-7	1.839971E-7	6.422710E-12	3.164355E+1
1.500000E-1	3.581634E-7	3.581634E-7	1.250226E-11	3.234668E+1
2.000000E-1	5.089352E-7	5.089352E-7	1.776519E-11	3.304980E+1
2.500000E-1	7.318167E-7	7.318167E-7	2.554522E-11	3.375293E+1
3.000000E-1	1.133672E-6	1.133672E-6	3.957263E-11	3.445605E+1
3.500000E-1	1.322485E-6	1.322485E-6	4.616343E-11	3.515918E+1
4.000000E-1	1.870145E-6	1.870145E-6	6.528038E-11	3.586230E+1
4.500000E-1	2.522480E-6	2.522480E-6	8.805116E-11	3.656543E+1
5.000000E-1	2.820298E-6	2.820298E-6	9.844696E-11	3.726855E+1
5.000000E-1	2.773986E-6	2.773986E-6	9.683038E-11	3.797168E+1
4.500000E-1	2.488357E-6	2.488357E-6	8.686006E-11	3.867480E+1
4.000000E-1	2.409476E-6	2.409476E-6	8.410657E-11	3.937793E+1
3.500000E-1	1.428598E-6	1.428598E-6	4.986747E-11	4.008105E+1
3.000000E-1	1.121966E-6	1.121966E-6	3.916400E-11	4.078418E+1
2.500000E-1	7.952915E-7	7.952915E-7	2.776091E-11	4.148730E+1
2.000000E-1	5.604183E-7	5.604183E-7	1.956229E-11	4.219043E+1
1.500000E-1	3.092866E-7	3.092866E-7	1.079614E-11	4.289355E+1
1.000000E-1	1.708455E-7	1.708455E-7	5.963632E-12	4.359668E+1
5.000000E-2	6.987361E-8	6.987361E-8	2.439049E-12	4.429980E+1
0.000000E+0	1.320368E-8	-1.320368E-8	-4.608952E-13	4.500293E+1
-5.000000E-2	1.067720E-7	-1.067720E-7	-3.727046E-12	4.570605E+1
-1.000000E-1	2.217268E-7	-2.217268E-7	-7.739726E-12	4.641016E+1
-1.500000E-1	3.537221E-7	-3.537221E-7	-1.234723E-11	4.711328E+1
-2.000000E-1	5.534572E-7	-5.534572E-7	-1.931930E-11	4.781641E+1
-2.500000E-1	8.172741E-7	-8.172741E-7	-2.852825E-11	4.851953E+1
-3.000000E-1	1.090131E-6	-1.090131E-6	-3.805276E-11	4.922266E+1
-3.500000E-1	1.357134E-6	-1.357134E-6	-4.737291E-11	4.992578E+1
-4.000000E-1	1.613987E-6	-1.613987E-6	-5.633878E-11	5.062891E+1
-4.500000E-1	1.994958E-6	-1.994958E-6	-6.963716E-11	5.133203E+1
-5.000000E-1	2.368019E-6	-2.368019E-6	-8.265946E-11	5.203516E+1
-5.000000E-1	2.415059E-6	-2.415059E-6	-8.430145E-11	5.273828E+1
-4.500000E-1	2.078482E-6	-2.078482E-6	-7.255269E-11	5.344141E+1
-4.000000E-1	1.624616E-6	-1.624616E-6	-5.670979E-11	5.414453E+1
-3.500000E-1	1.297517E-6	-1.297517E-6	-4.529188E-11	5.484766E+1
-3.000000E-1	1.044328E-6	-1.044328E-6	-3.645394E-11	5.555078E+1
-2.500000E-1	7.705354E-7	-7.705354E-7	-2.689676E-11	5.625391E+1
-2.000000E-1	5.452845E-7	-5.452845E-7	-1.903402E-11	5.695703E+1
-1.500000E-1	3.616673E-7	-3.616673E-7	-1.262457E-11	5.766016E+1
-1.000000E-1	2.020392E-7	-2.020392E-7	-7.052497E-12	5.836328E+1
-5.000000E-2	9.187269E-8	-9.187269E-8	-3.206962E-12	5.906641E+1
0.000000E+0	1.178912E-8	1.178912E-8	4.115180E-13	5.976953E+1
0.000000E+0	4.603853E-9	4.603853E-9	1.607048E-13	6.047363E+1
5.000000E-2	1.178077E-7	1.178077E-7	4.112266E-12	6.117676E+1
1.000000E-1	2.473720E-7	2.473720E-7	8.634912E-12	6.187988E+1
1.500000E-1	4.410045E-7	4.410045E-7	1.539396E-11	6.258301E+1
2.000000E-1	7.100228E-7	7.100228E-7	2.478447E-11	6.328613E+1
2.500000E-1	9.813261E-7	9.813261E-7	3.425474E-11	6.398926E+1
3.000000E-1	1.325528E-6	1.325528E-6	4.626965E-11	6.469238E+1
3.500000E-1	1.547226E-6	1.547226E-6	5.400839E-11	6.539551E+1
4.000000E-1	2.079665E-6	2.079665E-6	7.259401E-11	6.609863E+1
4.500000E-1	2.607257E-6	2.607257E-6	9.101042E-11	6.680176E+1
5.000000E-1	2.355023E-6	2.355023E-6	8.220580E-11	6.791699E+1
5.000000E-1	2.483149E-6	2.483149E-6	8.667824E-11	6.909180E+1
4.500000E-1	1.990079E-6	1.990079E-6	6.946686E-11	6.979492E+1
4.000000E-1	1.588310E-6	1.588310E-6	5.544247E-11	7.049805E+1
3.500000E-1	1.300092E-6	1.300092E-6	4.538176E-11	7.120117E+1
3.000000E-1	9.397920E-7	9.397920E-7	3.280493E-11	7.190430E+1
2.500000E-1	6.216240E-7	6.216240E-7	2.169877E-11	7.260742E+1
2.000000E-1	4.245087E-7	4.245087E-7	1.481815E-11	7.331055E+1
1.500000E-1	2.704931E-7	2.704931E-7	9.441989E-12	7.401367E+1
1.000000E-1	1.378989E-7	1.378989E-7	4.813580E-12	7.471680E+1
5.000000E-2	7.408428E-8	7.408428E-8	2.586029E-12	7.541992E+1
0.000000E+0	1.447391E-8	-1.447391E-8	-5.052347E-13	7.612305E+1
-5.000000E-2	9.329601E-8	-9.329601E-8	-3.256645E-12	7.682715E+1
-1.000000E-1	1.610454E-7	-1.610454E-7	-5.621545E-12	7.753027E+1
-1.500000E-1	3.018256E-7	-3.018256E-7	-1.053570E-11	7.823340E+1
-2.000000E-1	4.889762E-7	-4.889762E-7	-1.706849E-11	7.893652E+1
-2.500000E-1	6.883647E-7	-6.883647E-7	-2.402846E-11	7.963965E+1
-3.000000E-1	9.284584E-7	-9.284584E-7	-3.240931E-11	8.034277E+1
-3.500000E-1	1.118753E-6	-1.118753E-6	-3.905183E-11	8.104590E+1
-4.000000E-1	1.313577E-6	-1.313577E-6	-4.585249E-11	8.174902E+1
-4.500000E-1	1.732146E-6	-1.732146E-6	-6.046330E-11	8.245215E+1
-5.000000E-1	2.075929E-6	-2.075929E-6	-7.246360E-11	8.315527E+1
-5.000000E-1	2.138552E-6	-2.138552E-6	-7.464955E-11	8.385840E+1
-4.500000E-1	1.704993E-6	-1.704993E-6	-5.951548E-11	8.456152E+1
-4.000000E-1	1.366705E-6	-1.366705E-6	-4.770701E-11	8.526465E+1
-3.500000E-1	1.079611E-6	-1.079611E-6	-3.768555E-11	8.596777E+1
-3.000000E-1	8.352416E-7	-8.352416E-7	-2.915543E-11	8.667090E+1
-2.500000E-1	5.226260E-7	-5.226260E-7	-1.824309E-11	8.737402E+1
-2.000000E-1	4.464811E-7	-4.464811E-7	-1.558513E-11	8.807715E+1
-1.500000E-1	2.755068E-7	-2.755068E-7	-9.617002E-12	8.878027E+1
-1.000000E-1	1.499632E-7	-1.499632E-7	-5.234702E-12	8.948340E+1
-5.000000E-2	5.830513E-8	-5.830513E-8	-2.035233E-12	9.018652E+1
0.000000E+0	1.290351E-8	1.290351E-8	4.504175E-13	9.088965E+1
0.000000E+0	5.034021E-9	5.034021E-9	1.757205E-13	9.159375E+1
5.000000E-2	8.199272E-8	8.199272E-8	2.862086E-12	9.229688E+1
1.000000E-1	1.713623E-7	1.713623E-7	5.981673E-12	9.300000E+1
1.500000E-1	2.979873E-7	2.979873E-7	1.040172E-11	9.370313E+1
2.000000E-1	4.795167E-7	4.795167E-7	1.673829E-11	9.440625E+1
2.500000E-1	7.148270E-7	7.148270E-7	2.495217E-11	9.510937E+1
3.000000E-1	1.050517E-6	1.050517E-6	3.666997E-11	9.581250E+1
3.500000E-1	1.305564E-6	1.305564E-6	4.557279E-11	9.651563E+1
4.000000E-1	1.676540E-6	1.676540E-6	5.852227E-11	9.721875E+1
4.500000E-1	1.831857E-6	1.831857E-6	6.394386E-11	9.792188E+1
5.000000E-1	2.426045E-6	2.426045E-6	8.468494E-11	9.862500E+1
5.000000E-1	2.305312E-6	2.305312E-6	8.047057E-11	9.932813E+1
4.500000E-1	1.902838E-6	1.902838E-6	6.642158E-11	1.000312E+2
4.000000E-1	1.474541E-6	1.474541E-6	5.147120E-11	1.007344E+2
3.500000E-1	1.144581E-6	1.144581E-6	3.995342E-11	1.014375E+2
3.000000E-1	8.793416E-7	8.793416E-7	3.069481E-11	1.021406E+2
2.500000E-1	6.116324E-7	6.116324E-7	2.135000E-11	1.028437E+2
2.000000E-1	4.290382E-7	4.290382E-7	1.497626E-11	1.035469E+2
1.500000E-1	2.522343E-7	2.522343E-7	8.804638E-12	1.042500E+2
1.000000E-1	1.342254E-7	1.342254E-7	4.685349E-12	1.049531E+2
5.000000E-2	5.646995E-8	5.646995E-8	1.971173E-12	1.056563E+2
0.000000E+0	1.472915E-8	-1.472915E-8	-5.141443E-13	1.063594E+2
-5.000000E-2	7.068744E-8	-7.068744E-8	-2.467457E-12	1.070635E+2
-1.000000E-1	1.478755E-7	-1.478755E-7	-5.161829E-12	1.077666E+2
-1.500000E-1	2.552153E-7	-2.552153E-7	-8.908693E-12	1.084697E+2
-2.000000E-1	4.315799E-7	-4.315799E-7	-1.506498E-11	1.091729E+2
-2.500000E-1	6.892135E-7	-6.892135E-7	-2.405809E-11	1.098760E+2
-3.000000E-1	7.571457E-7	-7.571457E-7	-2.642937E-11	1.105791E+2
-3.500000E-1	1.176965E-6	-1.176965E-6	-4.108384E-11	1.112822E+2
-4.000000E-1	1.483631E-6	-1.483631E-6	-5.178848E-11	1.119854E+2
-4.500000E-1	1.648419E-6	-1.648419E-6	-5.754069E-11	1.126885E+2
-5.000000E-1	1.767905E-6	-1.767905E-6	-6.171152E-11	1.133916E+2
-5.000000E-1	1.965053E-6	-1.965053E-6	-6.859328E-11	1.140947E+2
-4.500000E-1	1.668078E-6	-1.668078E-6	-5.822691E-11	1.147979E+2
-4.000000E-1	1.419551E-6	-1.419551E-6	-4.955168E-11	1.155010E+2
-3.500000E-1	1.138263E-6	-1.138263E-6	-3.973288E-11	1.162041E+2
-3.000000E-1	8.419712E-7	-8.419712E-7	-2.939034E-11	1.169072E+2
-2.500000E-1	5.478860E-7	-5.478860E-7	-1.912483E-11	1.176104E+2
-2.000000E-1	3.925560E-7	-3.925560E-7	-1.370279E-11	1.183135E+2
-1.500000E-1	2.400687E-7	-2.400687E-7	-8.379977E-12	1.190166E+2
-1.000000E-1	1.261805E-7	-1.261805E-7	-4.404532E-12	1.197197E+2
-5.000000E-2	5.005001E-8	-5.005001E-8	-1.747075E-12	1.204229E+2
0.000000E+0	1.344222E-8	1.344222E-8	4.692219E-13	1.211260E+2
0.000000E+0	5.346513E-9	5.346513E-9	1.866285E-13	1.218301E+2
5.000000E-2	7.440869E-8	7.440869E-8	2.597353E-12	1.225332E+2
1.000000E-1	1.764333E-7	1.764333E-7	6.158685E-12	1.232363E+2
1.500000E-1	2.816536E-7	2.816536E-7	9.831566E-12	1.239395E+2
2.000000E-1	4.564133E-7	4.564133E-7	1.593183E-11	1.246426E+2
2.500000E-1	7.481210E-7	7.481210E-7	2.611435E-11	1.253457E+2
3.000000E-1	9.729659E-7	9.729659E-7	3.396292E-11	1.260488E+2
3.500000E-1	1.230108E-6	1.230108E-6	4.293887E-11	1.267520E+2
4.000000E-1	1.569286E-6	1.569286E-6	5.477842E-11	1.274551E+2
4.500000E-1	2.014534E-6	2.014534E-6	7.032050E-11	1.281582E+2
5.000000E-1	2.204999E-6	2.204999E-6	7.696897E-11	1.288613E+2
5.000000E-1	2.230633E-6	2.230633E-6	7.786377E-11	1.295645E+2
4.500000E-1	1.941949E-6	1.941949E-6	6.778682E-11	1.302676E+2
4.000000E-1	1.548440E-6	1.548440E-6	5.405076E-11	1.309707E+2
3.500000E-1	1.307139E-6	1.307139E-6	4.562777E-11	1.316738E+2
3.000000E-1	1.001237E-6	1.001237E-6	3.494975E-11	1.323770E+2
2.500000E-1	6.593289E-7	6.593289E-7	2.301492E-11	1.330801E+2
2.000000E-1	4.402954E-7	4.402954E-7	1.536921E-11	1.337832E+2
1.500000E-1	2.919607E-7	2.919607E-7	1.019135E-11	1.344863E+2
1.000000E-1	1.716422E-7	1.716422E-7	5.991443E-12	1.351895E+2
5.000000E-2	4.866646E-8	4.866646E-8	1.698780E-12	1.358926E+2
0.000000E+0	1.445244E-8	-1.445244E-8	-5.044853E-13	1.365957E+2
-5.000000E-2	7.323148E-8	-7.323148E-8	-2.556261E-12	1.372988E+2
-1.000000E-1	1.642816E-7	-1.642816E-7	-5.734510E-12	1.380020E+2
-1.500000E-1	3.304551E-7	-3.304551E-7	-1.153506E-11	1.387051E+2
-2.000000E-1	5.022614E-7	-5.022614E-7	-1.753223E-11	1.394092E+2
-2.500000E-1	7.353742E-7	-7.353742E-7	-2.566940E-11	1.401123E+2
-3.000000E-1	9.209821E-7	-9.209821E-7	-3.214834E-11	1.408154E+2
-3.500000E-1	1.178552E-6	-1.178552E-6	-4.113923E-11	1.415186E+2
-4.000000E-1	1.594994E-6	-1.594994E-6	-5.567578E-11	1.422217E+2
-4.500000E-1	2.030155E-6	-2.030155E-6	-7.086577E-11	1.429248E+2
-5.000000E-1	2.373786E-6	-2.373786E-6	-8.286077E-11	1.436279E+2
-5.000000E-1	2.206111E-6	-2.206111E-6	-7.700779E-11	1.443311E+2
-4.500000E-1	1.724351E-6	-1.724351E-6	-6.019121E-11	1.450342E+2
-4.000000E-1	1.367364E-6	-1.367364E-6	-4.773001E-11	1.457373E+2
-3.500000E-1	9.953861E-7	-9.953861E-7	-3.474553E-11	1.464404E+2
-3.000000E-1	8.351198E-7	-8.351198E-7	-2.915118E-11	1.471436E+2
-2.500000E-1	6.058201E-7	-6.058201E-7	-2.114711E-11	1.478467E+2
-2.000000E-1	4.113917E-7	-4.113917E-7	-1.436028E-11	1.485498E+2
-1.500000E-1	2.964320E-7	-2.964320E-7	-1.034743E-11	1.492529E+2
-1.000000E-1	1.378727E-7	-1.378727E-7	-4.812664E-12	1.499561E+2
-5.000000E-2	6.239215E-8	-6.239215E-8	-2.177897E-12	1.506592E+2
0.000000E+0	1.252582E-8	1.252582E-8	4.372336E-13	1.513623E+2
0.000000E+0	4.866646E-9	4.866646E-9	1.698780E-13	1.520664E+2
5.000000E-2	8.363468E-8	8.363468E-8	2.919401E-12	1.527695E+2
1.000000E-1	1.567672E-7	1.567672E-7	5.472206E-12	1.534727E+2
1.500000E-1	2.899556E-7	2.899556E-7	1.012136E-11	1.541758E+2
2.000000E-1	4.526052E-7	4.526052E-7	1.579890E-11	1.548789E+2
2.500000E-1	7.208370E-7	7.208370E-7	2.516196E-11	1.555820E+2
3.000000E-1	1.007124E-6	1.007124E-6	3.515525E-11	1.562852E+2
3.500000E-1	1.337338E-6	1.337338E-6	4.668189E-11	1.569883E+2
4.000000E-1	1.444900E-6	1.444900E-6	5.043654E-11	1.576914E+2
4.500000E-1	1.668781E-6	1.668781E-6	5.825146E-11	1.583945E+2
5.000000E-1	1.846736E-6	1.846736E-6	6.446325E-11	1.590977E+2
5.000000E-1	1.889984E-6	1.889984E-6	6.597288E-11	1.598008E+2
4.500000E-1	1.613691E-6	1.613691E-6	5.632846E-11	1.605039E+2
4.000000E-1	1.274665E-6	1.274665E-6	4.449419E-11	1.612070E+2
3.500000E-1	9.804053E-7	9.804053E-7	3.422260E-11	1.619102E+2
3.000000E-1	7.490140E-7	7.490140E-7	2.614552E-11	1.626133E+2
2.500000E-1	5.501818E-7	5.501818E-7	1.920497E-11	1.633164E+2
2.000000E-1	3.205937E-7	3.205937E-7	1.119083E-11	1.640195E+2
1.500000E-1	1.947966E-7	1.947966E-7	6.799686E-12	1.647227E+2
1.000000E-1	1.060210E-7	1.060210E-7	3.700831E-12	1.654258E+2
5.000000E-2	3.622294E-8	3.622294E-8	1.264419E-12	1.661289E+2
0.000000E+0	1.553264E-8	-1.553264E-8	-5.421913E-13	1.668320E+2
-5.000000E-2	6.754264E-8	-6.754264E-8	-2.357683E-12	1.675361E+2
-1.000000E-1	1.489840E-7	-1.489840E-7	-5.200521E-12	1.682393E+2
-1.500000E-1	2.261327E-7	-2.261327E-7	-7.893519E-12	1.689424E+2
-2.000000E-1	3.675722E-7	-3.675722E-7	-1.283069E-11	1.696455E+2
-2.500000E-1	5.193791E-7	-5.193791E-7	-1.812975E-11	1.703486E+2
-3.000000E-1	7.281867E-7	-7.281867E-7	-2.541851E-11	1.710518E+2
-3.500000E-1	9.620423E-7	-9.620423E-7	-3.358161E-11	1.717549E+2
-4.000000E-1	1.231594E-6	-1.231594E-6	-4.299075E-11	1.724580E+2
-4.500000E-1	1.468277E-6	-1.468277E-6	-5.125252E-11	1.731611E+2
-5.000000E-1	1.818047E-6	-1.818047E-6	-6.346182E-11	1.738643E+2
-5.000000E-1	1.979065E-6	-1.979065E-6	-6.908241E-11	1.745674E+2
-4.500000E-1	1.666691E-6	-1.666691E-6	-5.817849E-11	1.752705E+2
-4.000000E-1	1.311935E-6	-1.311935E-6	-4.579517E-11	1.759736E+2
-3.500000E-1	9.788371E-7	-9.788371E-7	-3.416786E-11	1.766768E+2
-3.000000E-1	7.243854E-7	-7.243854E-7	-2.528582E-11	1.773799E+2
-2.500000E-1	5.333337E-7	-5.333337E-7	-1.861686E-11	1.780830E+2
-2.000000E-1	3.764897E-7	-3.764897E-7	-1.314197E-11	1.787861E+2
-1.500000E-1	2.400691E-7	-2.400691E-7	-8.379991E-12	1.794893E+2
-1.000000E-1	1.231753E-7	-1.231753E-7	-4.299630E-12	1.801924E+2
-5.000000E-2	4.321222E-8	-4.321222E-8	-1.508391E-12	1.808955E+2
0.000000E+0	1.351617E-8	1.351617E-8	4.718032E-13	1.815986E+2
0.000000E+0	5.392232E-9	5.392232E-9	1.882244E-13	1.823027E+2
5.000000E-2	7.578905E-8	7.578905E-8	2.645537E-12	1.830059E+2
1.000000E-1	1.492595E-7	1.492595E-7	5.210138E-12	1.837090E+2
1.500000E-1	3.014927E-7	3.014927E-7	1.052408E-11	1.844121E+2
2.000000E-1	4.670652E-7	4.670652E-7	1.630365E-11	1.851152E+2
2.500000E-1	6.780643E-7	6.780643E-7	2.366891E-11	1.858184E+2
3.000000E-1	9.566656E-7	9.566656E-7	3.339393E-11	1.865215E+2
3.500000E-1	1.480888E-6	1.480888E-6	5.169275E-11	1.872246E+2
4.000000E-1	1.488158E-6	1.488158E-6	5.194653E-11	1.879277E+2
4.500000E-1	1.747032E-6	1.747032E-6	6.098293E-11	1.886309E+2
5.000000E-1	2.285687E-6	2.285687E-6	7.978554E-11	1.893340E+2
5.000000E-1	2.352573E-6	2.352573E-6	8.212028E-11	1.900371E+2
4.500000E-1	2.127989E-6	2.127989E-6	7.428082E-11	1.907402E+2
4.000000E-1	1.527480E-6	1.527480E-6	5.331912E-11	1.914434E+2
3.500000E-1	1.216038E-6	1.216038E-6	4.244775E-11	1.921465E+2
3.000000E-1	8.604801E-7	8.604801E-7	3.003642E-11	1.928486E+2
2.500000E-1	5.566801E-7	5.566801E-7	1.943180E-11	1.935518E+2
2.000000E-1	3.845673E-7	3.845673E-7	1.342393E-11	1.942559E+2
1.500000E-1	2.417297E-7	2.417297E-7	8.437959E-12	1.949580E+2
1.000000E-1	1.278965E-7	1.278965E-7	4.464429E-12	1.956611E+2
5.000000E-2	3.809470E-8	3.809470E-8	1.329756E-12	1.963652E+2
0.000000E+0	1.526945E-8	-1.526945E-8	-5.330042E-13	1.970674E+2
-5.000000E-2	6.700793E-8	-6.700793E-8	-2.339018E-12	1.977715E+2
-1.000000E-1	1.416321E-7	-1.416321E-7	-4.943893E-12	1.984746E+2
-1.500000E-1	2.321710E-7	-2.321710E-7	-8.104295E-12	1.991777E+2
-2.000000E-1	4.226861E-7	-4.226861E-7	-1.475453E-11	1.998809E+2
-2.500000E-1	6.155956E-7	-6.155956E-7	-2.148834E-11	2.005840E+2
-3.000000E-1	6.716484E-7	-6.716484E-7	-2.344495E-11	2.012871E+2
-3.500000E-1	8.932039E-7	-8.932039E-7	-3.117870E-11	2.019902E+2
-4.000000E-1	1.063742E-6	-1.063742E-6	-3.713160E-11	2.026934E+2
-4.500000E-1	1.269915E-6	-1.269915E-6	-4.432839E-11	2.033965E+2
-5.000000E-1	1.700554E-6	-1.700554E-6	-5.936053E-11	2.040996E+2
-5.000000E-1	1.778912E-6	-1.778912E-6	-6.209573E-11	2.048027E+2
-4.500000E-1	1.483556E-6	-1.483556E-6	-5.178588E-11	2.055059E+2
-4.000000E-1	1.132842E-6	-1.132842E-6	-3.954366E-11	2.062090E+2
-3.500000E-1	8.270480E-7	-8.270480E-7	-2.886942E-11	2.069121E+2
-3.000000E-1	5.916019E-7	-5.916019E-7	-2.065080E-11	2.076152E+2
-2.500000E-1	4.998154E-7	-4.998154E-7	-1.744685E-11	2.083184E+2
-2.000000E-1	3.413811E-7	-3.413811E-7	-1.191645E-11	2.090215E+2
-1.500000E-1	2.132121E-7	-2.132121E-7	-7.442505E-12	2.097246E+2
-1.000000E-1	1.043803E-7	-1.043803E-7	-3.643558E-12	2.104277E+2
-5.000000E-2	5.673949E-8	-5.673949E-8	-1.980582E-12	2.111309E+2
0.000000E+0	1.227813E-8	1.227813E-8	4.285877E-13	2.118340E+2
0.000000E+0	5.247517E-9	5.247517E-9	1.831729E-13	2.125381E+2
5.000000E-2	7.537756E-8	7.537756E-8	2.631173E-12	2.132402E+2
1.000000E-1	1.503146E-7	1.503146E-7	5.246970E-12	2.139443E+2
1.500000E-1	2.619107E-7	2.619107E-7	9.142409E-12	2.146475E+2
2.000000E-1	4.087106E-7	4.087106E-7	1.426669E-11	2.153496E+2
2.500000E-1	6.724811E-7	6.724811E-7	2.347402E-11	2.160527E+2
3.000000E-1	9.748157E-7	9.748157E-7	3.402749E-11	2.167559E+2
3.500000E-1	1.334162E-6	1.334162E-6	4.657105E-11	2.174590E+2
4.000000E-1	1.691862E-6	1.691862E-6	5.905711E-11	2.181621E+2
4.500000E-1	1.891559E-6	1.891559E-6	6.602786E-11	2.188652E+2
5.000000E-1	2.493719E-6	2.493719E-6	8.704721E-11	2.195684E+2
5.000000E-1	2.499631E-6	2.499631E-6	8.725357E-11	2.202715E+2
4.500000E-1	2.085287E-6	2.085287E-6	7.279024E-11	2.209746E+2
4.000000E-1	1.576435E-6	1.576435E-6	5.502798E-11	2.216777E+2
3.500000E-1	1.397584E-6	1.397584E-6	4.878490E-11	2.223809E+2
3.000000E-1	1.181046E-6	1.181046E-6	4.122628E-11	2.230840E+2
2.500000E-1	7.878628E-7	7.878628E-7	2.750160E-11	2.237871E+2
2.000000E-1	4.621466E-7	4.621466E-7	1.613196E-11	2.244902E+2
1.500000E-1	2.528652E-7	2.528652E-7	8.826662E-12	2.251934E+2
1.000000E-1	1.426940E-7	1.426940E-7	4.980960E-12	2.258965E+2
5.000000E-2	6.136283E-8	6.136283E-8	2.141967E-12	2.265996E+2
0.000000E+0	1.403142E-8	-1.403142E-8	-4.897888E-13	2.273027E+2
-5.000000E-2	7.632815E-8	-7.632815E-8	-2.664355E-12	2.280059E+2
-1.000000E-1	1.414114E-7	-1.414114E-7	-4.936190E-12	2.287090E+2
-1.500000E-1	2.508822E-7	-2.508822E-7	-8.757439E-12	2.294121E+2
-2.000000E-1	3.944763E-7	-3.944763E-7	-1.376982E-11	2.301152E+2
-2.500000E-1	5.832816E-7	-5.832816E-7	-2.036037E-11	2.308184E+2
-3.000000E-1	9.267541E-7	-9.267541E-7	-3.234982E-11	2.315215E+2
-3.500000E-1	1.220003E-6	-1.220003E-6	-4.258613E-11	2.322246E+2
-4.000000E-1	1.601914E-6	-1.601914E-6	-5.591735E-11	2.329277E+2
-4.500000E-1	1.862924E-6	-1.862924E-6	-6.502832E-11	2.336309E+2
-5.000000E-1	2.209499E-6	-2.209499E-6	-7.712607E-11	2.343340E+2
-5.000000E-1	2.165583E-6	-2.165583E-6	-7.559312E-11	2.350371E+2
-4.500000E-1	2.094466E-6	-2.094466E-6	-7.311067E-11	2.357402E+2
-4.000000E-1	1.710332E-6	-1.710332E-6	-5.970185E-11	2.364434E+2
-3.500000E-1	1.393750E-6	-1.393750E-6	-4.865106E-11	2.371465E+2
-3.000000E-1	8.180998E-7	-8.180998E-7	-2.855707E-11	2.378496E+2
-2.500000E-1	5.414784E-7	-5.414784E-7	-1.890116E-11	2.385527E+2
-2.000000E-1	3.827103E-7	-3.827103E-7	-1.335911E-11	2.392559E+2
-1.500000E-1	2.474615E-7	-2.474615E-7	-8.638035E-12	2.399590E+2
-1.000000E-1	1.323321E-7	-1.323321E-7	-4.619263E-12	2.406621E+2
-5.000000E-2	5.244177E-8	-5.244177E-8	-1.830563E-12	2.413652E+2
0.000000E+0	1.321839E-8	1.321839E-8	4.614087E-13	2.420684E+2
0.000000E+0	5.319079E-9	5.319079E-9	1.856709E-13	2.427725E+2
5.000000E-2	7.772482E-8	7.772482E-8	2.713108E-12	2.434756E+2
1.000000E-1	1.688986E-7	1.688986E-7	5.895673E-12	2.441787E+2
1.500000E-1	3.107929E-7	3.107929E-7	1.084872E-11	2.448818E+2
2.000000E-1	4.393205E-7	4.393205E-7	1.533518E-11	2.455850E+2
2.500000E-1	6.789409E-7	6.789409E-7	2.369951E-11	2.462881E+2
3.000000E-1	9.366287E-7	9.366287E-7	3.269451E-11	2.469912E+2
3.500000E-1	1.184485E-6	1.184485E-6	4.134632E-11	2.476943E+2
4.000000E-1	1.615145E-6	1.615145E-6	5.637921E-11	2.483975E+2
4.500000E-1	2.058495E-6	2.058495E-6	7.185502E-11	2.491006E+2
5.000000E-1	2.398534E-6	2.398534E-6	8.372464E-11	2.498037E+2
5.000000E-1	2.472664E-6	2.472664E-6	8.631226E-11	2.505068E+2
4.500000E-1	2.015481E-6	2.015481E-6	7.035356E-11	2.512100E+2
4.000000E-1	1.566059E-6	1.566059E-6	5.466577E-11	2.519131E+2
3.500000E-1	1.146848E-6	1.146848E-6	4.003255E-11	2.526152E+2
3.000000E-1	9.410920E-7	9.410920E-7	3.285031E-11	2.533184E+2
2.500000E-1	6.078323E-7	6.078323E-7	2.121735E-11	2.540215E+2
2.000000E-1	4.138354E-7	4.138354E-7	1.444558E-11	2.547246E+2
1.500000E-1	2.488995E-7	2.488995E-7	8.688231E-12	2.554277E+2
1.000000E-1	1.274102E-7	1.274102E-7	4.447456E-12	2.561309E+2
5.000000E-2	4.814407E-8	4.814407E-8	1.680545E-12	2.568340E+2
0.000000E+0	1.486552E-8	-1.486552E-8	-5.189044E-13	2.575371E+2
-5.000000E-2	7.699845E-8	-7.699845E-8	-2.687753E-12	2.582412E+2
-1.000000E-1	1.408545E-7	-1.408545E-7	-4.916748E-12	2.589443E+2
-1.500000E-1	2.556446E-7	-2.556446E-7	-8.923681E-12	2.596475E+2
-2.000000E-1	3.970202E-7	-3.970202E-7	-1.385862E-11	2.603506E+2
-2.500000E-1	6.280583E-7	-6.280583E-7	-2.192337E-11	2.610537E+2
-3.000000E-1	8.540512E-7	-8.540512E-7	-2.981201E-11	2.617568E+2
-3.500000E-1	1.138662E-6	-1.138662E-6	-3.974679E-11	2.624600E+2
-4.000000E-1	1.313190E-6	-1.313190E-6	-4.583899E-11	2.631631E+2
-4.500000E-1	1.785558E-6	-1.785558E-6	-6.232774E-11	2.638662E+2
-5.000000E-1	2.302513E-6	-2.302513E-6	-8.037288E-11	2.645693E+2
-5.000000E-1	2.500037E-6	-2.500037E-6	-8.726775E-11	2.652725E+2
-4.500000E-1	1.888793E-6	-1.888793E-6	-6.593132E-11	2.659756E+2
-4.000000E-1	1.408731E-6	-1.408731E-6	-4.917398E-11	2.666787E+2
-3.500000E-1	1.196962E-6	-1.196962E-6	-4.178186E-11	2.673818E+2
-3.000000E-1	1.714490E-5	-1.714490E-5	-5.984698E-10	2.688701E+2
-2.500000E-1	4.082697E-5	-4.082697E-5	-1.425130E-9	2.699844E+2
-2.000000E-1	3.937337E-5	-3.937337E-5	-1.374390E-9	2.703525E+2
-1.500000E-1	2.888114E-5	-2.888114E-5	-1.008142E-9	2.710928E+2
-1.000000E-1	1.972750E-5	-1.972750E-5	-6.886195E-10	2.714619E+2
-5.000000E-2	9.000348E-6	-9.000348E-6	-3.141714E-10	2.718301E+2
0.000000E+0	3.093963E-8	-3.093963E-8	-1.079997E-12	2.730049E+2
0.000000E+0	2.633221E-8	-2.633221E-8	-9.191675E-13	2.737090E+2
5.000000E-2	5.323741E-7	5.323741E-7	1.858336E-11	2.748232E+2
1.000000E-1	9.026205E-7	9.026205E-7	3.150740E-11	2.759980E+2
1.500000E-1	1.498447E-6	1.498447E-6	5.230567E-11	2.767012E+2
2.000000E-1	1.098753E-6	1.098753E-6	3.835373E-11	2.774043E+2
2.500000E-1	1.549425E-6	1.549425E-6	5.408515E-11	2.781074E+2
3.000000E-1	2.480257E-6	2.480257E-6	8.657731E-11	2.788105E+2
3.500000E-1	4.749691E-6	4.749691E-6	1.657955E-10	2.799258E+2
4.000000E-1	5.639893E-6	5.639893E-6	1.968694E-10	2.802939E+2
4.500000E-1	6.175986E-6	6.175986E-6	2.155826E-10	2.806621E+2
5.000000E-1	8.856049E-6	8.856049E-6	3.091344E-10	2.810313E+2
5.000000E-1	9.715307E-6	9.715307E-6	3.391282E-10	2.813994E+2
4.500000E-1	8.506730E-6	8.506730E-6	2.969409E-10	2.817676E+2
4.000000E-1	7.367641E-6	7.367641E-6	2.571792E-10	2.821357E+2
3.500000E-1	4.979072E-6	4.979072E-6	1.738024E-10	2.825039E+2
3.000000E-1	4.335108E-6	4.335108E-6	1.513238E-10	2.828730E+2
2.500000E-1	3.052373E-6	3.052373E-6	1.065479E-10	2.832412E+2
2.000000E-1	2.345885E-6	2.345885E-6	8.188685E-11	2.844160E+2
1.500000E-1	1.757820E-6	1.757820E-6	6.135949E-11	2.851191E+2
1.000000E-1	1.102796E-6	1.102796E-6	3.849484E-11	2.858223E+2
5.000000E-2	5.075753E-7	5.075753E-7	1.771772E-11	2.865254E+2
0.000000E+0	1.296076E-9	-1.296076E-9	-4.524159E-14	2.872285E+2
-5.000000E-2	4.341934E-7	-4.341934E-7	-1.515621E-11	2.879316E+2
-1.000000E-1	7.742639E-7	-7.742639E-7	-2.702691E-11	2.886348E+2
-1.500000E-1	1.255910E-6	-1.255910E-6	-4.383953E-11	2.893379E+2
-2.000000E-1	1.618887E-6	-1.618887E-6	-5.650980E-11	2.900410E+2
-2.500000E-1	2.148424E-6	-2.148424E-6	-7.499415E-11	2.907441E+2
-3.000000E-1	2.495088E-6	-2.495088E-6	-8.709500E-11	2.914473E+2
-3.500000E-1	3.146472E-6	-3.146472E-6	-1.098326E-10	2.925625E+2
-4.000000E-1	3.636572E-6	-3.636572E-6	-1.269403E-10	2.929307E+2
-4.500000E-1	4.049691E-6	-4.049691E-6	-1.413609E-10	2.932988E+2
-5.000000E-1	4.407893E-6	-4.407893E-6	-1.538645E-10	2.936680E+2
-5.000000E-1	4.610924E-6	-4.610924E-6	-1.609516E-10	2.940361E+2
-4.500000E-1	4.010501E-6	-4.010501E-6	-1.399929E-10	2.944043E+2
-4.000000E-1	3.454308E-6	-3.454308E-6	-1.205781E-10	2.947725E+2
-3.500000E-1	2.887690E-6	-2.887690E-6	-1.007994E-10	2.951416E+2
-3.000000E-1	2.344821E-6	-2.344821E-6	-8.184969E-11	2.963164E+2
-2.500000E-1	1.813741E-6	-1.813741E-6	-6.331149E-11	2.970195E+2
-2.000000E-1	1.411440E-6	-1.411440E-6	-4.926855E-11	2.977227E+2
-1.500000E-1	1.039074E-6	-1.039074E-6	-3.627054E-11	2.984258E+2
-1.000000E-1	6.206500E-7	-6.206500E-7	-2.166477E-11	2.991289E+2
-5.000000E-2	3.122339E-7	-3.122339E-7	-1.089902E-11	2.998320E+2
0.000000E+0	2.916570E-9	2.916570E-9	1.018075E-13	3.005352E+2
0.000000E+0	7.792358E-11	7.792358E-11	2.720046E-15	3.012383E+2
5.000000E-2	2.878477E-7	2.878477E-7	1.004778E-11	3.019414E+2
1.000000E-1	6.412272E-7	6.412272E-7	2.238305E-11	3.026445E+2
1.500000E-1	1.075159E-6	1.075159E-6	3.753013E-11	3.033477E+2
2.000000E-1	1.718682E-6	1.718682E-6	5.999332E-11	3.040508E+2
2.500000E-1	2.431971E-6	2.431971E-6	8.489179E-11	3.047539E+2
3.000000E-1	2.915550E-6	2.915550E-6	1.017719E-10	3.058691E+2
3.500000E-1	3.835408E-6	3.835408E-6	1.338810E-10	3.062373E+2
4.000000E-1	4.066508E-6	4.066508E-6	1.419479E-10	3.066055E+2
4.500000E-1	5.798794E-6	5.798794E-6	2.024161E-10	3.069736E+2
5.000000E-1	8.098440E-6	8.098440E-6	2.826889E-10	3.073428E+2
5.000000E-1	8.589886E-6	8.589886E-6	2.998436E-10	3.077109E+2
4.500000E-1	6.619845E-6	6.619845E-6	2.310762E-10	3.080791E+2
4.000000E-1	5.047793E-6	5.047793E-6	1.762012E-10	3.084473E+2
3.500000E-1	4.056719E-6	4.056719E-6	1.416062E-10	3.088164E+2
3.000000E-1	3.312604E-6	3.312604E-6	1.156317E-10	3.091846E+2
2.500000E-1	2.311290E-6	2.311290E-6	8.067925E-11	3.103594E+2
2.000000E-1	1.655969E-6	1.655969E-6	5.780423E-11	3.110625E+2
1.500000E-1	1.133293E-6	1.133293E-6	3.955940E-11	3.117656E+2
1.000000E-1	7.112864E-7	7.112864E-7	2.482858E-11	3.124687E+2
5.000000E-2	3.539475E-7	3.539475E-7	1.235510E-11	3.131719E+2
0.000000E+0	3.773729E-9	-3.773729E-9	-1.317280E-13	3.138750E+2
-5.000000E-2	2.305485E-7	-2.305485E-7	-8.047660E-12	3.145781E+2
-1.000000E-1	4.973620E-7	-4.973620E-7	-1.736121E-11	3.152813E+2
-1.500000E-1	9.677223E-7	-9.677223E-7	-3.377988E-11	3.159844E+2
-2.000000E-1	1.510061E-6	-1.510061E-6	-5.271106E-11	3.166875E+2
-2.500000E-1	2.092521E-6	-2.092521E-6	-7.304277E-11	3.173906E+2
-3.000000E-1	2.432211E-6	-2.432211E-6	-8.490016E-11	3.180938E+2
-3.500000E-1	2.886261E-6	-2.886261E-6	-1.007495E-10	3.193760E+2
-4.000000E-1	3.308794E-6	-3.308794E-6	-1.154987E-10	3.197441E+2
-4.500000E-1	3.876131E-6	-3.876131E-6	-1.353025E-10	3.201133E+2
-5.000000E-1	4.491485E-6	-4.491485E-6	-1.567824E-10	3.204814E+2
-5.000000E-1	4.733505E-6	-4.733505E-6	-1.652305E-10	3.208496E+2
-4.500000E-1	3.930196E-6	-3.930196E-6	-1.371897E-10	3.212178E+2
-4.000000E-1	3.236071E-6	-3.236071E-6	-1.129602E-10	3.215869E+2
-3.500000E-1	2.758440E-6	-2.758440E-6	-9.628773E-11	3.227617E+2
-3.000000E-1	2.317114E-6	-2.317114E-6	-8.088255E-11	3.234648E+2
-2.500000E-1	1.898219E-6	-1.898219E-6	-6.626034E-11	3.241680E+2
-2.000000E-1	1.412457E-6	-1.412457E-6	-4.930406E-11	3.248711E+2
-1.500000E-1	1.121391E-6	-1.121391E-6	-3.914394E-11	3.255742E+2
-1.000000E-1	6.704938E-7	-6.704938E-7	-2.340465E-11	3.262773E+2
-5.000000E-2	3.207464E-7	-3.207464E-7	-1.119616E-11	3.269805E+2
0.000000E+0	1.575965E-9	1.575965E-9	5.501155E-14	3.276836E+2
0.000000E+0	4.023401E-10	-4.023401E-10	-1.404432E-14	3.283867E+2
5.000000E-2	2.981403E-7	2.981403E-7	1.040706E-11	3.290898E+2
1.000000E-1	6.425430E-7	6.425430E-7	2.242898E-11	3.297930E+2
1.500000E-1	1.092939E-6	1.092939E-6	3.815077E-11	3.304961E+2
2.000000E-1	1.691609E-6	1.691609E-6	5.904829E-11	3.311992E+2
2.500000E-1	2.300766E-6	2.300766E-6	8.031187E-11	3.319023E+2
3.000000E-1	3.449183E-6	3.449183E-6	1.203992E-10	3.331846E+2
3.500000E-1	4.203722E-6	4.203722E-6	1.467376E-10	3.335527E+2
4.000000E-1	4.927635E-6	4.927635E-6	1.720069E-10	3.339209E+2
4.500000E-1	6.158090E-6	6.158090E-6	2.149579E-10	3.342900E+2
5.000000E-1	9.833500E-6	9.833500E-6	3.432539E-10	3.346582E+2
5.000000E-1	9.359475E-6	9.359475E-6	3.267073E-10	3.350264E+2
4.500000E-1	7.250403E-6	7.250403E-6	2.530868E-10	3.353945E+2
4.000000E-1	5.555883E-6	5.555883E-6	1.939369E-10	3.357637E+2
3.500000E-1	3.360105E-6	3.360105E-6	1.172898E-10	3.361318E+2
3.000000E-1	2.885286E-6	2.885286E-6	1.007155E-10	3.365000E+2
2.500000E-1	1.860320E-6	1.860320E-6	6.493741E-11	3.376748E+2
2.000000E-1	1.183848E-6	1.183848E-6	4.132410E-11	3.383779E+2
1.500000E-1	8.019203E-7	8.019203E-7	2.799230E-11	3.390811E+2
1.000000E-1	4.754928E-7	4.754928E-7	1.659783E-11	3.397842E+2
5.000000E-2	1.956244E-7	1.956244E-7	6.828579E-12	3.404873E+2
0.000000E+0	9.144094E-9	-9.144094E-9	-3.191891E-13	3.411904E+2
-5.000000E-2	2.036223E-7	-2.036223E-7	-7.107759E-12	3.418936E+2
-1.000000E-1	4.150397E-7	-4.150397E-7	-1.448762E-11	3.425967E+2
-1.500000E-1	7.042912E-7	-7.042912E-7	-2.458440E-11	3.432998E+2
-2.000000E-1	1.004952E-6	-1.004952E-6	-3.507945E-11	3.440029E+2
-2.500000E-1	1.226439E-6	-1.226439E-6	-4.281081E-11	3.447061E+2
-3.000000E-1	1.783122E-6	-1.783122E-6	-6.224270E-11	3.454092E+2
-3.500000E-1	2.066962E-6	-2.066962E-6	-7.215059E-11	3.461123E+2
-4.000000E-1	2.770113E-6	-2.770113E-6	-9.669518E-11	3.468154E+2
-4.500000E-1	3.017319E-6	-3.017319E-6	-1.053243E-10	3.479307E+2
-5.000000E-1	3.706410E-6	-3.706410E-6	-1.293781E-10	3.482988E+2
-5.000000E-1	3.448223E-6	-3.448223E-6	-1.203657E-10	3.486670E+2
-4.500000E-1	3.140594E-6	-3.140594E-6	-1.096274E-10	3.490361E+2
-4.000000E-1	2.384694E-6	-2.384694E-6	-8.324154E-11	3.502109E+2
-3.500000E-1	1.961499E-6	-1.961499E-6	-6.846923E-11	3.509141E+2
-3.000000E-1	1.502105E-6	-1.502105E-6	-5.243334E-11	3.516172E+2
-2.500000E-1	1.034561E-6	-1.034561E-6	-3.611300E-11	3.523203E+2
-2.000000E-1	8.584429E-7	-8.584429E-7	-2.996531E-11	3.530234E+2
-1.500000E-1	6.083296E-7	-6.083296E-7	-2.123471E-11	3.537266E+2
-1.000000E-1	3.812498E-7	-3.812498E-7	-1.330813E-11	3.544297E+2
-5.000000E-2	1.433154E-7	-1.433154E-7	-5.002651E-12	3.551328E+2
0.000000E+0	9.953148E-9	9.953148E-9	3.474304E-13	3.558359E+2
0.000000E+0	3.516104E-9	3.516104E-9	1.227352E-13	3.565391E+2
5.000000E-2	8.791052E-8	8.791052E-8	3.068656E-12	3.572422E+2
1.000000E-1	1.680856E-7	1.680856E-7	5.867293E-12	3.579453E+2
1.500000E-1	3.052160E-7	3.052160E-7	1.065405E-11	3.586484E+2
2.000000E-1	4.861458E-7	4.861458E-7	1.696969E-11	3.593516E+2
2.500000E-1	6.168722E-7	6.168722E-7	2.153290E-11	3.600547E+2
3.000000E-1	8.641180E-7	8.641180E-7	3.016341E-11	3.607578E+2
3.500000E-1	1.227343E-6	1.227343E-6	4.284235E-11	3.614609E+2
4.000000E-1	1.549047E-6	1.549047E-6	5.407195E-11	3.621641E+2
4.500000E-1	1.938714E-6	1.938714E-6	6.767387E-11	3.628672E+2
5.000000E-1	2.406417E-6	2.406417E-6	8.399979E-11	3.635703E+2
5.000000E-1	2.480936E-6	2.480936E-6	8.660099E-11	3.642734E+2
4.500000E-1	2.321824E-6	2.321824E-6	8.104695E-11	3.649766E+2
4.000000E-1	1.725536E-6	1.725536E-6	6.023258E-11	3.656797E+2
3.500000E-1	1.302774E-6	1.302774E-6	4.547539E-11	3.663828E+2
3.000000E-1	9.647187E-7	9.647187E-7	3.367503E-11	3.670859E+2
2.500000E-1	6.680957E-7	6.680957E-7	2.332094E-11	3.677891E+2
2.000000E-1	4.323792E-7	4.323792E-7	1.509288E-11	3.684922E+2
1.500000E-1	2.673678E-7	2.673678E-7	9.332896E-12	3.691953E+2
1.000000E-1	1.571254E-7	1.571254E-7	5.484710E-12	3.698984E+2
5.000000E-2	6.433030E-8	6.433030E-8	2.245551E-12	3.706016E+2
0.000000E+0	1.315835E-8	-1.315835E-8	-4.593131E-13	3.713047E+2
-5.000000E-2	1.061960E-7	-1.061960E-7	-3.706938E-12	3.720078E+2
-1.000000E-1	2.170104E-7	-2.170104E-7	-7.575093E-12	3.727109E+2
-1.500000E-1	3.728159E-7	-3.728159E-7	-1.301373E-11	3.734141E+2
-2.000000E-1	5.721857E-7	-5.721857E-7	-1.997305E-11	3.741172E+2
-2.500000E-1	8.461512E-7	-8.461512E-7	-2.953625E-11	3.748203E+2
-3.000000E-1	1.080918E-6	-1.080918E-6	-3.773115E-11	3.755234E+2
-3.500000E-1	1.435198E-6	-1.435198E-6	-5.009787E-11	3.762266E+2
-4.000000E-1	1.756462E-6	-1.756462E-6	-6.131209E-11	3.769297E+2
-4.500000E-1	2.154302E-6	-2.154302E-6	-7.519932E-11	3.776328E+2
-5.000000E-1	2.809556E-6	-2.809556E-6	-9.807199E-11	3.783359E+2
-5.000000E-1	2.795433E-6	-2.795433E-6	-9.757903E-11	3.790391E+2
-4.500000E-1	2.229628E-6	-2.229628E-6	-7.782870E-11	3.797422E+2
-4.000000E-1	1.692624E-6	-1.692624E-6	-5.908372E-11	3.804453E+2
-3.500000E-1	1.348209E-6	-1.348209E-6	-4.706137E-11	3.811484E+2
-3.000000E-1	1.060195E-6	-1.060195E-6	-3.700780E-11	3.818516E+2
-2.500000E-1	7.771654E-7	-7.771654E-7	-2.712819E-11	3.825547E+2
-2.000000E-1	5.508370E-7	-5.508370E-7	-1.922784E-11	3.832578E+2
-1.500000E-1	3.600816E-7	-3.600816E-7	-1.256922E-11	3.839609E+2
-1.000000E-1	2.051303E-7	-2.051303E-7	-7.160397E-12	3.846641E+2
-5.000000E-2	7.595641E-8	-7.595641E-8	-2.651379E-12	3.853672E+2
0.000000E+0	1.144483E-8	1.144483E-8	3.994999E-13	3.860703E+2
0.000000E+0	4.347819E-9	4.347819E-9	1.517675E-13	3.867744E+2
5.000000E-2	1.016561E-7	1.016561E-7	3.548467E-12	3.874775E+2
1.000000E-1	2.194861E-7	2.194861E-7	7.661510E-12	3.881797E+2
1.500000E-1	3.607271E-7	3.607271E-7	1.259175E-11	3.888828E+2
2.000000E-1	6.350931E-7	6.350931E-7	2.216893E-11	3.895859E+2
2.500000E-1	9.353118E-7	9.353118E-7	3.264854E-11	3.902891E+2
3.000000E-1	1.235073E-6	1.235073E-6	4.311217E-11	3.909922E+2
3.500000E-1	1.546064E-6	1.546064E-6	5.396782E-11	3.916953E+2
4.000000E-1	2.016459E-6	2.016459E-6	7.038771E-11	3.923984E+2
4.500000E-1	2.416189E-6	2.416189E-6	8.434090E-11	3.931016E+2
5.000000E-1	2.930908E-6	2.930908E-6	1.023080E-10	3.938047E+2
5.000000E-1	2.890684E-6	2.890684E-6	1.009039E-10	3.945078E+2
4.500000E-1	2.440016E-6	2.440016E-6	8.517263E-11	3.952109E+2
4.000000E-1	1.968194E-6	1.968194E-6	6.870294E-11	3.959141E+2
3.500000E-1	1.555254E-6	1.555254E-6	5.428861E-11	3.966172E+2
3.000000E-1	1.196914E-6	1.196914E-6	4.178019E-11	3.973203E+2
2.500000E-1	8.778272E-7	8.778272E-7	3.064195E-11	3.980234E+2
2.000000E-1	5.909730E-7	5.909730E-7	2.062885E-11	3.987266E+2
1.500000E-1	3.227357E-7	3.227357E-7	1.126560E-11	3.994297E+2
1.000000E-1	1.986674E-7	1.986674E-7	6.934800E-12	4.001328E+2
5.000000E-2	8.350785E-8	8.350785E-8	2.914974E-12	4.008359E+2
0.000000E+0	1.275203E-8	-1.275203E-8	-4.451300E-13	4.015391E+2
-5.000000E-2	1.095844E-7	-1.095844E-7	-3.825218E-12	4.022422E+2
-1.000000E-1	2.373374E-7	-2.373374E-7	-8.284637E-12	4.029453E+2
-1.500000E-1	4.133421E-7	-4.133421E-7	-1.442836E-11	4.036484E+2
-2.000000E-1	6.535245E-7	-6.535245E-7	-2.281231E-11	4.043516E+2
-2.500000E-1	9.576651E-7	-9.576651E-7	-3.342882E-11	4.050547E+2
-3.000000E-1	1.240336E-6	-1.240336E-6	-4.329589E-11	4.057578E+2
-3.500000E-1	1.667665E-6	-1.667665E-6	-5.821250E-11	4.064609E+2
-4.000000E-1	2.393583E-6	-2.393583E-6	-8.355180E-11	4.071641E+2
-4.500000E-1	2.778920E-6	-2.778920E-6	-9.700259E-11	4.078672E+2
-5.000000E-1	2.681654E-6	-2.681654E-6	-9.360739E-11	4.085703E+2
-5.000000E-1	3.274929E-6	-3.274929E-6	-1.143166E-10	4.100195E+2
-4.500000E-1	2.210880E-6	-2.210880E-6	-7.717429E-11	4.111943E+2
-4.000000E-1	1.814843E-6	-1.814843E-6	-6.334996E-11	4.118975E+2
-3.500000E-1	1.405351E-6	-1.405351E-6	-4.905601E-11	4.126006E+2
-3.000000E-1	1.161465E-6	-1.161465E-6	-4.054276E-11	4.133037E+2
-2.500000E-1	9.124602E-7	-9.124602E-7	-3.185087E-11	4.140068E+2
-2.000000E-1	6.016790E-7	-6.016790E-7	-2.100256E-11	4.147100E+2
-1.500000E-1	3.688997E-7	-3.688997E-7	-1.287703E-11	4.154131E+2
-1.000000E-1	2.046087E-7	-2.046087E-7	-7.142190E-12	4.161162E+2
-5.000000E-2	8.183765E-8	-8.183765E-8	-2.856673E-12	4.168193E+2
0.000000E+0	1.216721E-8	1.216721E-8	4.247158E-13	4.175225E+2
0.000000E+0	4.851142E-9	4.851142E-9	1.693368E-13	4.182266E+2
5.000000E-2	1.017972E-7	1.017972E-7	3.553394E-12	4.189297E+2
1.000000E-1	2.182536E-7	2.182536E-7	7.618489E-12	4.196328E+2
1.500000E-1	3.652139E-7	3.652139E-7	1.274837E-11	4.203359E+2
2.000000E-1	5.535168E-7	5.535168E-7	1.932138E-11	4.210391E+2
2.500000E-1	8.263303E-7	8.263303E-7	2.884437E-11	4.217422E+2
3.000000E-1	1.132343E-6	1.132343E-6	3.952624E-11	4.224453E+2
3.500000E-1	1.518513E-6	1.518513E-6	5.300609E-11	4.231484E+2
4.000000E-1	1.902239E-6	1.902239E-6	6.640068E-11	4.238516E+2
4.500000E-1	2.372376E-6	2.372376E-6	8.281154E-11	4.245547E+2
5.000000E-1	2.879216E-6	2.879216E-6	1.005036E-10	4.252578E+2
5.000000E-1	2.827060E-6	2.827060E-6	9.868301E-11	4.259609E+2
4.500000E-1	2.329852E-6	2.329852E-6	8.132718E-11	4.266641E+2
4.000000E-1	2.232946E-6	2.232946E-6	7.794451E-11	4.273672E+2
3.500000E-1	1.807309E-6	1.807309E-6	6.308699E-11	4.280703E+2
3.000000E-1	1.312104E-6	1.312104E-6	4.580106E-11	4.287734E+2
2.500000E-1	8.835513E-7	8.835513E-7	3.084176E-11	4.294766E+2
2.000000E-1	5.760936E-7	5.760936E-7	2.010946E-11	4.301797E+2
1.500000E-1	3.615401E-7	3.615401E-7	1.262013E-11	4.308828E+2
1.000000E-1	1.741421E-7	1.741421E-7	6.078707E-12	4.315859E+2
5.000000E-2	8.059127E-8	8.059127E-8	2.813166E-12	4.322891E+2
0.000000E+0	1.271625E-8	-1.271625E-8	-4.438810E-13	4.329922E+2
-5.000000E-2	1.058640E-7	-1.058640E-7	-3.695350E-12	4.336953E+2
-1.000000E-1	2.130940E-7	-2.130940E-7	-7.438383E-12	4.343984E+2
-1.500000E-1	3.637806E-7	-3.637806E-7	-1.269834E-11	4.351016E+2
-2.000000E-1	5.878533E-7	-5.878533E-7	-2.051995E-11	4.358047E+2
-2.500000E-1	8.879516E-7	-8.879516E-7	-3.099536E-11	4.365078E+2
-3.000000E-1	1.275358E-6	-1.275358E-6	-4.451838E-11	4.372109E+2
-3.500000E-1	1.539424E-6	-1.539424E-6	-5.373603E-11	4.379141E+2
-4.000000E-1	1.912341E-6	-1.912341E-6	-6.675330E-11	4.386172E+2
-4.500000E-1	2.291483E-6	-2.291483E-6	-7.998786E-11	4.393203E+2
-5.000000E-1	2.831776E-6	-2.831776E-6	-9.884762E-11	4.400234E+2
-5.000000E-1	2.923368E-6	-2.923368E-6	-1.020448E-10	4.413057E+2
-4.500000E-1	2.747482E-6	-2.747482E-6	-9.590520E-11	4.424805E+2
-4.000000E-1	1.926221E-6	-1.926221E-6	-6.723781E-11	4.431836E+2
-3.500000E-1	1.597965E-6	-1.597965E-6	-5.577951E-11	4.438867E+2
-3.000000E-1	1.249078E-6	-1.249078E-6	-4.360105E-11	4.445898E+2
-2.500000E-1	1.190524E-6	-1.190524E-6	-4.155712E-11	4.452930E+2
-2.000000E-1	5.545782E-7	-5.545782E-7	-1.935843E-11	4.459961E+2
-1.500000E-1	3.068782E-7	-3.068782E-7	-1.071207E-11	4.466992E+2
-1.000000E-1	1.674570E-7	-1.674570E-7	-5.845352E-12	4.474023E+2
-5.000000E-2	6.483204E-8	-6.483204E-8	-2.263065E-12	4.481055E+2
0.000000E+0	1.229920E-8	1.229920E-8	4.293232E-13	4.488086E+2
0.000000E+0	4.897657E-9	4.897657E-9	1.709605E-13	4.495127E+2
5.000000E-2	8.188575E-8	8.188575E-8	2.858352E-12	4.502158E+2
1.000000E-1	1.807136E-7	1.807136E-7	6.308093E-12	4.509189E+2
1.500000E-1	3.171482E-7	3.171482E-7	1.107056E-11	4.516221E+2
2.000000E-1	5.044301E-7	5.044301E-7	1.760793E-11	4.523252E+2
2.500000E-1	7.049676E-7	7.049676E-7	2.460801E-11	4.530283E+2
3.000000E-1	9.924528E-7	9.924528E-7	3.464314E-11	4.537314E+2
3.500000E-1	1.300923E-6	1.300923E-6	4.541078E-11	4.544346E+2
4.000000E-1	1.457607E-6	1.457607E-6	5.088009E-11	4.551377E+2
4.500000E-1	1.769812E-6	1.769812E-6	6.177808E-11	4.558408E+2
5.000000E-1	2.061941E-6	2.061941E-6	7.197532E-11	4.565439E+2
5.000000E-1	2.037461E-6	2.037461E-6	7.112082E-11	4.572471E+2
4.500000E-1	1.648074E-6	1.648074E-6	5.752862E-11	4.579502E+2
4.000000E-1	1.355390E-6	1.355390E-6	4.731202E-11	4.586533E+2
3.500000E-1	1.097023E-6	1.097023E-6	3.829331E-11	4.593564E+2
3.000000E-1	7.460466E-7	7.460466E-7	2.604194E-11	4.600596E+2
2.500000E-1	5.939945E-7	5.939945E-7	2.073432E-11	4.607627E+2
2.000000E-1	3.920046E-7	3.920046E-7	1.368354E-11	4.614658E+2
1.500000E-1	2.417516E-7	2.417516E-7	8.438722E-12	4.621689E+2
1.000000E-1	1.251397E-7	1.251397E-7	4.368200E-12	4.628721E+2
5.000000E-2	4.637131E-8	4.637131E-8	1.618664E-12	4.635752E+2
0.000000E+0	1.509690E-8	-1.509690E-8	-5.269812E-13	4.642783E+2
-5.000000E-2	7.903678E-8	-7.903678E-8	-2.758904E-12	4.649814E+2
-1.000000E-1	1.525617E-7	-1.525617E-7	-5.325407E-12	4.656846E+2
-1.500000E-1	2.625218E-7	-2.625218E-7	-9.163739E-12	4.663877E+2
-2.000000E-1	3.706896E-7	-3.706896E-7	-1.293951E-11	4.670908E+2
-2.500000E-1	5.498968E-7	-5.498968E-7	-1.919502E-11	4.677939E+2
-3.000000E-1	7.351438E-7	-7.351438E-7	-2.566136E-11	4.684971E+2
-3.500000E-1	1.079108E-6	-1.079108E-6	-3.766797E-11	4.692002E+2
-4.000000E-1	1.478874E-6	-1.478874E-6	-5.162244E-11	4.699033E+2
-4.500000E-1	1.769319E-6	-1.769319E-6	-6.176087E-11	4.706064E+2
-5.000000E-1	2.168066E-6	-2.168066E-6	-7.567977E-11	4.713096E+2
-5.000000E-1	2.236159E-6	-2.236159E-6	-7.805666E-11	4.720127E+2
-4.500000E-1	1.664229E-6	-1.664229E-6	-5.809254E-11	4.727158E+2
-4.000000E-1	1.186532E-6	-1.186532E-6	-4.141779E-11	4.734189E+2
-3.500000E-1	9.639689E-7	-9.639689E-7	-3.364886E-11	4.741221E+2
-3.000000E-1	8.014184E-7	-8.014184E-7	-2.797478E-11	4.748252E+2
-2.500000E-1	5.000833E-7	-5.000833E-7	-1.745620E-11	4.755283E+2
-2.000000E-1	3.730141E-7	-3.730141E-7	-1.302065E-11	4.762314E+2
-1.500000E-1	2.427443E-7	-2.427443E-7	-8.473375E-12	4.769346E+2
-1.000000E-1	1.511300E-7	-1.511300E-7	-5.275433E-12	4.776377E+2
-5.000000E-2	5.441730E-8	-5.441730E-8	-1.899522E-12	4.783408E+2
0.000000E+0	1.363663E-8	1.363663E-8	4.760081E-13	4.790439E+2
0.000000E+0	5.309540E-9	5.309540E-9	1.853379E-13	4.797480E+2
5.000000E-2	8.379410E-8	8.379410E-8	2.924966E-12	4.804502E+2
1.000000E-1	1.809871E-7	1.809871E-7	6.317641E-12	4.811533E+2
1.500000E-1	3.542569E-7	3.542569E-7	1.236590E-11	4.818564E+2
2.000000E-1	5.497143E-7	5.497143E-7	1.918865E-11	4.825596E+2
2.500000E-1	7.577690E-7	7.577690E-7	2.645113E-11	4.832627E+2
3.000000E-1	1.038124E-6	1.038124E-6	3.623735E-11	4.839658E+2
3.500000E-1	1.265036E-6	1.265036E-6	4.415807E-11	4.846689E+2
4.000000E-1	1.555425E-6	1.555425E-6	5.429457E-11	4.853721E+2
4.500000E-1	1.997436E-6	1.997436E-6	6.972366E-11	4.860752E+2
5.000000E-1	2.471948E-6	2.471948E-6	8.628725E-11	4.867783E+2
5.000000E-1	2.384290E-6	2.384290E-6	8.322742E-11	4.874814E+2
4.500000E-1	2.258016E-6	2.258016E-6	7.881962E-11	4.881846E+2
4.000000E-1	1.719425E-6	1.719425E-6	6.001926E-11	4.888877E+2
3.500000E-1	1.511526E-6	1.511526E-6	5.276221E-11	4.895908E+2
3.000000E-1	1.048311E-6	1.048311E-6	3.659294E-11	4.902939E+2
2.500000E-1	8.253010E-7	8.253010E-7	2.880844E-11	4.909971E+2
2.000000E-1	5.851008E-7	5.851008E-7	2.042387E-11	4.917002E+2
1.500000E-1	3.442041E-7	3.442041E-7	1.201499E-11	4.924033E+2
1.000000E-1	1.889492E-7	1.889492E-7	6.595571E-12	4.931064E+2
5.000000E-2	8.021558E-8	8.021558E-8	2.800052E-12	4.938096E+2
0.000000E+0	1.305697E-8	-1.305697E-8	-4.557743E-13	4.945127E+2
-5.000000E-2	1.032654E-7	-1.032654E-7	-3.604644E-12	4.952158E+2
-1.000000E-1	2.133973E-7	-2.133973E-7	-7.448972E-12	4.959189E+2
-1.500000E-1	3.100988E-7	-3.100988E-7	-1.082449E-11	4.966221E+2
-2.000000E-1	4.981894E-7	-4.981894E-7	-1.739009E-11	4.973252E+2
-2.500000E-1	6.645889E-7	-6.645889E-7	-2.319853E-11	4.980283E+2
-3.000000E-1	8.584309E-7	-8.584309E-7	-2.996489E-11	4.987314E+2
-3.500000E-1	1.230372E-6	-1.230372E-6	-4.294808E-11	4.994346E+2
-4.000000E-1	1.671554E-6	-1.671554E-6	-5.834824E-11	5.001377E+2
-4.500000E-1	1.809083E-6	-1.809083E-6	-6.314890E-11	5.008408E+2
-5.000000E-1	2.319936E-6	-2.319936E-6	-8.098104E-11	5.015439E+2
-5.000000E-1	2.304286E-6	-2.304286E-6	-8.043474E-11	5.022471E+2
-4.500000E-1	1.779130E-6	-1.779130E-6	-6.210336E-11	5.029502E+2
-4.000000E-1	1.529595E-6	-1.529595E-6	-5.339294E-11	5.036533E+2
-3.500000E-1	1.239894E-6	-1.239894E-6	-4.328048E-11	5.043564E+2
-3.000000E-1	9.285219E-7	-9.285219E-7	-3.241153E-11	5.050596E+2
-2.500000E-1	6.708184E-7	-6.708184E-7	-2.341598E-11	5.057627E+2
-2.000000E-1	4.748201E-7	-4.748201E-7	-1.657435E-11	5.064658E+2
-1.500000E-1	3.180738E-7	-3.180738E-7	-1.110287E-11	5.071689E+2
-1.000000E-1	1.718060E-7	-1.718060E-7	-5.997161E-12	5.078721E+2
-5.000000E-2	6.582079E-8	-6.582079E-8	-2.297579E-12	5.085752E+2
0.000000E+0	1.245863E-8	1.245863E-8	4.348882E-13	5.092783E+2
0.000000E+0	4.814564E-9	4.814564E-9	1.680600E-13	5.099824E+2
5.000000E-2	9.452727E-8	9.452727E-8	3.299624E-12	5.106855E+2
1.000000E-1	1.882046E-7	1.882046E-7	6.569578E-12	5.113887E+2
1.500000E-1	3.592102E-7	3.592102E-7	1.253880E-11	5.120918E+2
2.000000E-1	5.608498E-7	5.608498E-7	1.957735E-11	5.127949E+2
2.500000E-1	8.177726E-7	8.177726E-7	2.854565E-11	5.134980E+2
3.000000E-1	1.040941E-6	1.040941E-6	3.633568E-11	5.142012E+2
3.500000E-1	1.292641E-6	1.292641E-6	4.512168E-11	5.149043E+2
4.000000E-1	1.520535E-6	1.520535E-6	5.307670E-11	5.156074E+2
4.500000E-1	1.896206E-6	1.896206E-6	6.619008E-11	5.163105E+2
5.000000E-1	2.327726E-6	2.327726E-6	8.125298E-11	5.170137E+2
5.000000E-1	2.339218E-6	2.339218E-6	8.165411E-11	5.177158E+2
4.500000E-1	1.802231E-6	1.802231E-6	6.290973E-11	5.184189E+2
4.000000E-1	1.371445E-6	1.371445E-6	4.787246E-11	5.191221E+2
3.500000E-1	1.103694E-6	1.103694E-6	3.852618E-11	5.198252E+2
3.000000E-1	8.415641E-7	8.415641E-7	2.937613E-11	5.205283E+2
2.500000E-1	5.587158E-7	5.587158E-7	1.950286E-11	5.212314E+2
2.000000E-1	4.145567E-7	4.145567E-7	1.447076E-11	5.219346E+2
1.500000E-1	2.500143E-7	2.500143E-7	8.727144E-12	5.226377E+2
1.000000E-1	1.364526E-7	1.364526E-7	4.763093E-12	5.233408E+2
5.000000E-2	5.163312E-8	5.163312E-8	1.802336E-12	5.240439E+2
0.000000E+0	1.494781E-8	-1.494781E-8	-5.217771E-13	5.247471E+2
-5.000000E-2	7.526703E-8	-7.526703E-8	-2.627315E-12	5.254502E+2
-1.000000E-1	1.426797E-7	-1.426797E-7	-4.980460E-12	5.261533E+2
-1.500000E-1	2.397975E-7	-2.397975E-7	-8.370513E-12	5.268564E+2
-2.000000E-1	3.663160E-7	-3.663160E-7	-1.278684E-11	5.275596E+2
-2.500000E-1	5.078915E-7	-5.078915E-7	-1.772876E-11	5.282627E+2
-3.000000E-1	6.850868E-7	-6.850868E-7	-2.391404E-11	5.289658E+2
-3.500000E-1	9.511647E-7	-9.511647E-7	-3.320191E-11	5.296689E+2
-4.000000E-1	1.140149E-6	-1.140149E-6	-3.979872E-11	5.303721E+2
-4.500000E-1	1.438701E-6	-1.438701E-6	-5.022013E-11	5.310752E+2
-5.000000E-1	1.706834E-6	-1.706834E-6	-5.957976E-11	5.317783E+2
-5.000000E-1	1.778876E-6	-1.778876E-6	-6.209448E-11	5.324814E+2
-4.500000E-1	1.439755E-6	-1.439755E-6	-5.025694E-11	5.331846E+2
-4.000000E-1	1.172222E-6	-1.172222E-6	-4.091825E-11	5.338877E+2
-3.500000E-1	9.405901E-7	-9.405901E-7	-3.283279E-11	5.345908E+2
-3.000000E-1	7.151307E-7	-7.151307E-7	-2.496277E-11	5.352939E+2
-2.500000E-1	5.190705E-7	-5.190705E-7	-1.811898E-11	5.359971E+2
-2.000000E-1	3.576712E-7	-3.576712E-7	-1.248508E-11	5.367002E+2
-1.500000E-1	2.185888E-7	-2.185888E-7	-7.630188E-12	5.374033E+2
-1.000000E-1	1.150160E-7	-1.150160E-7	-4.014816E-12	5.381064E+2
-5.000000E-2	4.480329E-8	-4.480329E-8	-1.563930E-12	5.388096E+2
0.000000E+0	1.333726E-8	1.333726E-8	4.655581E-13	5.395127E+2
0.000000E+0	5.348103E-9	5.348103E-9	1.866840E-13	5.402168E+2
5.000000E-2	7.424728E-8	7.424728E-8	2.591719E-12	5.409199E+2
1.000000E-1	1.551077E-7	1.551077E-7	5.414280E-12	5.416230E+2
1.500000E-1	2.522633E-7	2.522633E-7	8.805651E-12	5.423262E+2
2.000000E-1	3.901046E-7	3.901046E-7	1.361722E-11	5.430293E+2
2.500000E-1	5.675250E-7	5.675250E-7	1.981036E-11	5.437324E+2
3.000000E-1	7.861752E-7	7.861752E-7	2.744269E-11	5.444355E+2
3.500000E-1	9.988662E-7	9.988662E-7	3.486701E-11	5.451387E+2
4.000000E-1	1.316875E-6	1.316875E-6	4.596760E-11	5.458418E+2
4.500000E-1	1.664755E-6	1.664755E-6	5.811090E-11	5.465449E+2
5.000000E-1	2.103466E-6	2.103466E-6	7.342481E-11	5.472480E+2
5.000000E-1	2.202400E-6	2.202400E-6	7.687825E-11	5.479512E+2
4.500000E-1	1.800472E-6	1.800472E-6	6.284834E-11	5.486543E+2
4.000000E-1	1.420591E-6	1.420591E-6	4.958797E-11	5.493574E+2
3.500000E-1	1.132668E-6	1.132668E-6	3.953757E-11	5.500605E+2
3.000000E-1	7.747043E-7	7.747043E-7	2.704228E-11	5.507637E+2
2.500000E-1	5.495467E-7	5.495467E-7	1.918280E-11	5.514668E+2
2.000000E-1	3.585874E-7	3.585874E-7	1.251706E-11	5.521699E+2
1.500000E-1	2.048663E-7	2.048663E-7	7.151182E-12	5.528730E+2
1.000000E-1	1.223667E-7	1.223667E-7	4.271403E-12	5.535762E+2
5.000000E-2	4.575506E-8	4.575506E-8	1.597153E-12	5.542793E+2
0.000000E+0	1.473710E-8	-1.473710E-8	-5.144218E-13	5.549824E+2
-5.000000E-2	7.246893E-8	-7.246893E-8	-2.529643E-12	5.556855E+2
-1.000000E-1	1.480854E-7	-1.480854E-7	-5.169157E-12	5.563887E+2
-1.500000E-1	2.509084E-7	-2.509084E-7	-8.758355E-12	5.570918E+2
-2.000000E-1	4.019359E-7	-4.019359E-7	-1.403021E-11	5.577949E+2
-2.500000E-1	5.786622E-7	-5.786622E-7	-2.019912E-11	5.584980E+2
-3.000000E-1	8.054477E-7	-8.054477E-7	-2.811543E-11	5.592012E+2
-3.500000E-1	1.070757E-6	-1.070757E-6	-3.737646E-11	5.599043E+2
-4.000000E-1	1.311587E-6	-1.311587E-6	-4.578302E-11	5.606074E+2
-4.500000E-1	1.626228E-6	-1.626228E-6	-5.676605E-11	5.613105E+2
-5.000000E-1	1.874655E-6	-1.874655E-6	-6.543779E-11	5.620137E+2
-5.000000E-1	1.972256E-6	-1.972256E-6	-6.884471E-11	5.627168E+2
-4.500000E-1	1.690474E-6	-1.690474E-6	-5.900869E-11	5.634199E+2
-4.000000E-1	1.345132E-6	-1.345132E-6	-4.695395E-11	5.641230E+2
-3.500000E-1	1.046335E-6	-1.046335E-6	-3.652398E-11	5.648262E+2
-3.000000E-1	7.550232E-7	-7.550232E-7	-2.635528E-11	5.655293E+2
-2.500000E-1	5.715758E-7	-5.715758E-7	-1.995176E-11	5.662324E+2
-2.000000E-1	3.799498E-7	-3.799498E-7	-1.326275E-11	5.669355E+2
-1.500000E-1	2.406109E-7	-2.406109E-7	-8.398907E-12	5.676387E+2
-1.000000E-1	1.180813E-7	-1.180813E-7	-4.121814E-12	5.683418E+2
-5.000000E-2	4.208988E-8	-4.208988E-8	-1.469214E-12	5.690449E+2
0.000000E+0	2.004147E-8	2.004147E-8	6.995793E-13	5.697480E+2
0.000000E+0	1.573182E-9	1.573182E-9	5.491441E-14	5.704521E+2
5.000000E-2	7.508893E-8	7.508893E-8	2.621098E-12	5.711553E+2
1.000000E-1	1.674757E-7	1.674757E-7	5.846004E-12	5.718584E+2
1.500000E-1	2.815010E-7	2.815010E-7	9.826237E-12	5.725615E+2
2.000000E-1	4.353666E-7	4.353666E-7	1.519716E-11	5.732646E+2
2.500000E-1	6.505022E-7	6.505022E-7	2.270681E-11	5.739678E+2
3.000000E-1	9.334331E-7	9.334331E-7	3.258296E-11	5.746709E+2
3.500000E-1	1.231060E-6	1.231060E-6	4.297211E-11	5.753740E+2
4.000000E-1	1.552589E-6	1.552589E-6	5.419559E-11	5.760771E+2
4.500000E-1	1.788596E-6	1.788596E-6	6.243377E-11	5.767803E+2
5.000000E-1	2.310053E-6	2.310053E-6	8.063606E-11	5.774834E+2
5.000000E-1	2.401553E-6	2.401553E-6	8.383000E-11	5.781865E+2
4.500000E-1	1.746568E-6	1.746568E-6	6.096672E-11	5.788896E+2
4.000000E-1	1.386628E-6	1.386628E-6	4.840246E-11	5.795928E+2
3.500000E-1	1.130873E-6	1.130873E-6	3.947493E-11	5.802959E+2
3.000000E-1	8.171550E-7	8.171550E-7	2.852409E-11	5.809990E+2
2.500000E-1	6.867575E-7	6.867575E-7	2.397236E-11	5.817021E+2
2.000000E-1	4.395721E-7	4.395721E-7	1.534396E-11	5.824053E+2
1.500000E-1	2.687875E-7	2.687875E-7	9.382453E-12	5.831084E+2
1.000000E-1	1.148506E-7	1.148506E-7	4.009043E-12	5.838115E+2
5.000000E-2	5.149120E-8	5.149120E-8	1.797382E-12	5.845146E+2
0.000000E+0	1.374238E-8	-1.374238E-8	-4.796996E-13	5.852178E+2
-5.000000E-2	8.072566E-8	-8.072566E-8	-2.817857E-12	5.859209E+2
-1.000000E-1	1.497298E-7	-1.497298E-7	-5.226555E-12	5.866240E+2
-1.500000E-1	2.613191E-7	-2.613191E-7	-9.121759E-12	5.873271E+2
-2.000000E-1	3.894036E-7	-3.894036E-7	-1.359275E-11	5.880303E+2
-2.500000E-1	5.523883E-7	-5.523883E-7	-1.928199E-11	5.887334E+2
-3.000000E-1	7.371775E-7	-7.371775E-7	-2.573235E-11	5.894365E+2
-3.500000E-1	9.303767E-7	-9.303767E-7	-3.247627E-11	5.901396E+2
-4.000000E-1	1.194833E-6	-1.194833E-6	-4.170754E-11	5.908428E+2
-4.500000E-1	1.520485E-6	-1.520485E-6	-5.307493E-11	5.915459E+2
-5.000000E-1	1.761288E-6	-1.761288E-6	-6.148054E-11	5.922490E+2
-5.000000E-1	1.718342E-6	-1.718342E-6	-5.998144E-11	5.929521E+2
-4.500000E-1	1.413665E-6	-1.413665E-6	-4.934621E-11	5.936553E+2
-4.000000E-1	1.184273E-6	-1.184273E-6	-4.133893E-11	5.943584E+2
-3.500000E-1	1.001059E-6	-1.001059E-6	-3.494356E-11	5.950615E+2
-3.000000E-1	7.239236E-7	-7.239236E-7	-2.526970E-11	5.957646E+2
-2.500000E-1	6.396624E-7	-6.396624E-7	-2.232843E-11	5.964678E+2
-2.000000E-1	3.940239E-7	-3.940239E-7	-1.375403E-11	5.971709E+2
-1.500000E-1	2.374224E-7	-2.374224E-7	-8.287607E-12	5.978740E+2
-1.000000E-1	1.216220E-7	-1.216220E-7	-4.245410E-12	5.985771E+2
-5.000000E-2	4.945723E-8	-4.945723E-8	-1.726383E-12	5.992803E+2
0.000000E+0	1.366326E-8	1.366326E-8	4.769379E-13	5.999834E+2
