voltage_10_2_20_500mV_500ms	absJ_10_2_20_500mV_500ms	J_10_2_20_500mV_500ms	current_10_2_20_500mV_500ms	time_10_2_20_500mV_500ms	
0.000000E+0	4.817598E-5	4.817598E-5	1.513493E-10	0.000000E+0
5.000000E-2	1.266159E-4	1.266159E-4	3.977755E-10	3.681641E-1
1.000000E-1	1.909945E-4	1.909945E-4	6.000269E-10	7.363281E-1
1.500000E-1	2.316033E-4	2.316033E-4	7.276031E-10	1.105469E+0
2.000000E-1	2.676114E-4	2.676114E-4	8.407260E-10	1.473633E+0
2.500000E-1	2.811935E-4	2.811935E-4	8.833956E-10	2.587891E+0
3.000000E-1	3.434389E-4	3.434389E-4	1.078945E-9	2.956055E+0
3.500000E-1	3.977906E-4	3.977906E-4	1.249696E-9	3.323242E+0
4.000000E-1	4.337138E-4	4.337138E-4	1.362552E-9	3.691406E+0
4.500000E-1	4.735566E-4	4.735566E-4	1.487722E-9	4.059570E+0
5.000000E-1	5.031372E-4	5.031372E-4	1.580652E-9	4.426758E+0
5.000000E-1	4.595207E-4	4.595207E-4	1.443627E-9	4.794922E+0
4.500000E-1	3.690421E-4	3.690421E-4	1.159380E-9	5.163086E+0
4.000000E-1	2.592991E-4	2.592991E-4	8.146122E-10	5.903320E+0
3.500000E-1	2.098740E-4	2.098740E-4	6.593386E-10	6.272461E+0
3.000000E-1	1.645438E-4	1.645438E-4	5.169295E-10	6.640625E+0
2.500000E-1	1.209367E-4	1.209367E-4	3.799339E-10	7.008789E+0
2.000000E-1	6.798106E-5	6.798106E-5	2.135688E-10	7.376953E+0
1.500000E-1	2.344966E-5	2.344966E-5	7.366927E-11	8.552734E+0
1.000000E-1	6.433074E-6	-6.433074E-6	-2.021010E-11	9.255859E+0
5.000000E-2	2.405165E-5	-2.405165E-5	-7.556050E-11	9.958984E+0
0.000000E+0	1.056837E-5	-1.056837E-5	-3.320150E-11	1.066211E+1
-5.000000E-2	1.144699E-4	-1.144699E-4	-3.596178E-10	1.177734E+1
-1.000000E-1	1.823125E-4	-1.823125E-4	-5.727517E-10	1.214551E+1
-1.500000E-1	2.221491E-4	-2.221491E-4	-6.979021E-10	1.251465E+1
-2.000000E-1	2.569901E-4	-2.569901E-4	-8.073581E-10	1.288281E+1
-2.500000E-1	1.190079E-4	-1.190079E-4	-3.738743E-10	1.399707E+1
-3.000000E-1	4.840494E-4	-4.840494E-4	-1.520686E-9	1.436523E+1
-3.500000E-1	3.897195E-4	-3.897195E-4	-1.224340E-9	1.473340E+1
-4.000000E-1	4.111749E-4	-4.111749E-4	-1.291744E-9	1.510059E+1
-4.500000E-1	4.136179E-4	-4.136179E-4	-1.299419E-9	1.546875E+1
-5.000000E-1	4.802943E-4	-4.802943E-4	-1.508889E-9	1.583691E+1
-5.000000E-1	4.410568E-4	-4.410568E-4	-1.385621E-9	1.620410E+1
-4.500000E-1	3.277223E-4	-3.277223E-4	-1.029570E-9	1.657227E+1
-4.000000E-1	2.576575E-4	-2.576575E-4	-8.094548E-10	1.731348E+1
-3.500000E-1	2.061261E-4	-2.061261E-4	-6.475643E-10	1.768164E+1
-3.000000E-1	1.446314E-4	-1.446314E-4	-4.543729E-10	1.804980E+1
-2.500000E-1	3.623551E-5	-3.623551E-5	-1.138372E-10	1.841895E+1
-2.000000E-1	2.959706E-5	-2.959706E-5	-9.298191E-11	1.959375E+1
-1.500000E-1	5.720977E-6	-5.720977E-6	-1.797298E-11	2.029688E+1
-1.000000E-1	2.696393E-5	2.696393E-5	8.470970E-11	2.100000E+1
-5.000000E-2	3.168999E-5	3.168999E-5	9.955705E-11	2.170313E+1
0.000000E+0	8.550039E-5	8.550039E-5	2.686074E-10	2.281836E+1
0.000000E+0	8.032072E-5	8.032072E-5	2.523350E-10	2.318652E+1
5.000000E-2	1.614533E-4	1.614533E-4	5.072205E-10	2.355566E+1
1.000000E-1	2.334062E-4	2.334062E-4	7.332671E-10	2.392383E+1
1.500000E-1	2.828279E-4	2.828279E-4	8.885302E-10	2.429199E+1
2.000000E-1	1.877452E-4	1.877452E-4	5.898189E-10	2.540723E+1
2.500000E-1	2.381359E-4	2.381359E-4	7.481261E-10	2.614746E+1
3.000000E-1	2.435457E-4	2.435457E-4	7.651213E-10	2.762988E+1
3.500000E-1	2.409435E-4	2.409435E-4	7.569463E-10	2.837109E+1
4.000000E-1	3.264344E-4	3.264344E-4	1.025524E-9	2.873926E+1
4.500000E-1	4.469520E-4	4.469520E-4	1.404141E-9	2.985449E+1
5.000000E-1	4.938613E-4	4.938613E-4	1.551511E-9	3.022168E+1
5.000000E-1	4.548791E-4	4.548791E-4	1.429045E-9	3.058984E+1
4.500000E-1	3.539326E-4	3.539326E-4	1.111912E-9	3.095801E+1
4.000000E-1	2.897033E-4	2.897033E-4	9.101297E-10	3.244531E+1
3.500000E-1	2.124135E-4	2.124135E-4	6.673168E-10	3.318652E+1
3.000000E-1	1.530938E-4	1.530938E-4	4.809582E-10	3.355469E+1
2.500000E-1	9.398675E-5	9.398675E-5	2.952681E-10	3.392285E+1
2.000000E-1	4.272581E-5	4.272581E-5	1.342271E-10	3.429102E+1
1.500000E-1	5.136649E-5	5.136649E-5	1.613726E-10	3.587793E+1
1.000000E-1	5.564496E-6	5.564496E-6	1.748138E-11	3.705273E+1
5.000000E-2	1.706053E-5	-1.706053E-5	-5.359724E-11	3.853613E+1
0.000000E+0	8.936442E-5	-8.936442E-5	-2.807466E-10	3.890430E+1
-5.000000E-2	1.500211E-4	-1.500211E-4	-4.713053E-10	3.927246E+1
-1.000000E-1	1.406034E-4	-1.406034E-4	-4.417187E-10	4.038770E+1
-1.500000E-1	1.702234E-4	-1.702234E-4	-5.347726E-10	4.112891E+1
-2.000000E-1	2.341612E-4	-2.341612E-4	-7.356390E-10	4.149707E+1
-2.500000E-1	2.733669E-4	-2.733669E-4	-8.588074E-10	4.186523E+1
-3.000000E-1	3.070248E-4	-3.070248E-4	-9.645470E-10	4.223438E+1
-3.500000E-1	3.258936E-4	-3.258936E-4	-1.023825E-9	4.334863E+1
-4.000000E-1	3.808884E-4	-3.808884E-4	-1.196596E-9	4.371680E+1
-4.500000E-1	4.229730E-4	-4.229730E-4	-1.328809E-9	4.408398E+1
-5.000000E-1	4.634449E-4	-4.634449E-4	-1.455955E-9	4.445215E+1
-5.000000E-1	4.280660E-4	-4.280660E-4	-1.344809E-9	4.482031E+1
-4.500000E-1	3.290665E-4	-3.290665E-4	-1.033793E-9	4.518750E+1
-4.000000E-1	2.424871E-4	-2.424871E-4	-7.617958E-10	4.592871E+1
-3.500000E-1	1.907582E-4	-1.907582E-4	-5.992847E-10	4.629688E+1
-3.000000E-1	1.395602E-4	-1.395602E-4	-4.384412E-10	4.666602E+1
-2.500000E-1	8.051321E-5	-8.051321E-5	-2.529397E-10	4.703418E+1
-2.000000E-1	7.299100E-5	-7.299100E-5	-2.293080E-10	4.862109E+1
-1.500000E-1	1.947853E-5	-1.947853E-5	-6.119359E-11	4.979590E+1
-1.000000E-1	8.538306E-6	8.538306E-6	2.682388E-11	5.091113E+1
-5.000000E-2	7.939626E-5	7.939626E-5	2.494307E-10	5.127930E+1
0.000000E+0	1.379205E-4	1.379205E-4	4.332900E-10	5.164844E+1
0.000000E+0	1.041039E-4	1.041039E-4	3.270522E-10	5.201660E+1
5.000000E-2	1.780203E-4	1.780203E-4	5.592674E-10	5.238574E+1
1.000000E-1	2.210544E-4	2.210544E-4	6.944630E-10	5.275391E+1
1.500000E-1	2.587135E-4	2.587135E-4	8.127725E-10	5.312207E+1
2.000000E-1	2.922116E-4	2.922116E-4	9.180098E-10	5.349023E+1
2.500000E-1	3.154207E-4	3.154207E-4	9.909232E-10	5.385937E+1
3.000000E-1	3.380862E-4	3.380862E-4	1.062129E-9	5.497363E+1
3.500000E-1	3.908225E-4	3.908225E-4	1.227805E-9	5.534180E+1
4.000000E-1	4.297426E-4	4.297426E-4	1.350076E-9	5.570898E+1
4.500000E-1	4.667394E-4	4.667394E-4	1.466305E-9	5.607715E+1
5.000000E-1	5.129051E-4	5.129051E-4	1.611339E-9	5.644531E+1
5.000000E-1	4.768199E-4	4.768199E-4	1.497974E-9	5.681250E+1
4.500000E-1	3.796527E-4	3.796527E-4	1.192714E-9	5.718066E+1
4.000000E-1	2.668061E-4	2.668061E-4	8.381961E-10	5.792187E+1
3.500000E-1	2.175860E-4	2.175860E-4	6.835664E-10	5.829004E+1
3.000000E-1	1.707019E-4	1.707019E-4	5.362759E-10	5.865918E+1
2.500000E-1	1.258518E-4	1.258518E-4	3.953752E-10	5.902734E+1
2.000000E-1	6.707747E-5	6.707747E-5	2.107301E-10	5.939551E+1
1.500000E-1	2.389298E-5	2.389298E-5	7.506201E-11	6.057031E+1
1.000000E-1	2.927073E-6	-2.927073E-6	-9.195672E-12	6.127344E+1
5.000000E-2	1.531494E-5	-1.531494E-5	-4.811329E-11	6.238867E+1
0.000000E+0	8.655795E-5	-8.655795E-5	-2.719298E-10	6.275684E+1
-5.000000E-2	1.452782E-4	-1.452782E-4	-4.564049E-10	6.312598E+1
-1.000000E-1	1.946373E-4	-1.946373E-4	-6.114712E-10	6.349512E+1
-1.500000E-1	2.345075E-4	-2.345075E-4	-7.367272E-10	6.386328E+1
-2.000000E-1	2.684991E-4	-2.684991E-4	-8.435149E-10	6.423145E+1
-2.500000E-1	2.967153E-4	-2.967153E-4	-9.321585E-10	6.459961E+1
-3.000000E-1	3.207058E-4	-3.207058E-4	-1.007527E-9	6.496875E+1
-3.500000E-1	3.357332E-4	-3.357332E-4	-1.054737E-9	6.608398E+1
-4.000000E-1	3.931356E-4	-3.931356E-4	-1.235072E-9	6.645117E+1
-4.500000E-1	4.280265E-4	-4.280265E-4	-1.344685E-9	6.681934E+1
-5.000000E-1	4.833927E-4	-4.833927E-4	-1.518623E-9	6.718750E+1
-5.000000E-1	4.411186E-4	-4.411186E-4	-1.385815E-9	6.755469E+1
-4.500000E-1	3.422808E-4	-3.422808E-4	-1.075307E-9	6.792285E+1
-4.000000E-1	2.437296E-4	-2.437296E-4	-7.656992E-10	6.866406E+1
-3.500000E-1	1.920633E-4	-1.920633E-4	-6.033848E-10	6.903223E+1
-3.000000E-1	1.376011E-4	-1.376011E-4	-4.322867E-10	6.940039E+1
-2.500000E-1	8.133549E-5	-8.133549E-5	-2.555230E-10	6.976953E+1
-2.000000E-1	7.540306E-5	-7.540306E-5	-2.368857E-10	7.135645E+1
-1.500000E-1	1.863932E-5	-1.863932E-5	-5.855715E-11	7.253125E+1
-1.000000E-1	9.155016E-6	9.155016E-6	2.876133E-11	7.364648E+1
-5.000000E-2	8.129905E-5	8.129905E-5	2.554085E-10	7.401465E+1
0.000000E+0	1.379043E-4	1.379043E-4	4.332392E-10	7.438281E+1
0.000000E+0	1.046549E-4	1.046549E-4	3.287832E-10	7.475195E+1
5.000000E-2	1.797439E-4	1.797439E-4	5.646821E-10	7.512012E+1
1.000000E-1	2.214477E-4	2.214477E-4	6.956986E-10	7.548828E+1
1.500000E-1	2.581478E-4	2.581478E-4	8.109951E-10	7.585645E+1
2.000000E-1	2.911358E-4	2.911358E-4	9.146300E-10	7.622559E+1
2.500000E-1	3.178606E-4	3.178606E-4	9.985885E-10	7.659375E+1
3.000000E-1	3.331718E-4	3.331718E-4	1.046690E-9	7.770898E+1
3.500000E-1	3.907238E-4	3.907238E-4	1.227495E-9	7.807617E+1
4.000000E-1	4.515725E-4	4.515725E-4	1.418657E-9	7.844434E+1
4.500000E-1	4.846717E-4	4.846717E-4	1.522641E-9	7.881250E+1
5.000000E-1	5.232333E-4	5.232333E-4	1.643786E-9	7.917969E+1
5.000000E-1	4.796090E-4	4.796090E-4	1.506736E-9	7.954785E+1
4.500000E-1	3.653172E-4	3.653172E-4	1.147678E-9	7.991504E+1
4.000000E-1	2.694294E-4	2.694294E-4	8.464375E-10	8.065625E+1
3.500000E-1	6.524592E-5	6.524592E-5	2.049761E-10	8.102539E+1
3.000000E-1	2.290489E-4	2.290489E-4	7.195783E-10	8.261230E+1
2.500000E-1	1.533908E-4	1.533908E-4	4.818915E-10	8.298047E+1
2.000000E-1	8.641646E-5	8.641646E-5	2.714853E-10	8.334863E+1
1.500000E-1	2.550141E-5	2.550141E-5	8.011503E-11	8.452344E+1
1.000000E-1	4.092456E-6	4.092456E-6	1.285683E-11	8.522656E+1
5.000000E-2	1.059210E-5	-1.059210E-5	-3.327605E-11	8.634180E+1
0.000000E+0	8.608468E-5	-8.608468E-5	-2.704430E-10	8.670996E+1
-5.000000E-2	1.452814E-4	-1.452814E-4	-4.564151E-10	8.707910E+1
-1.000000E-1	1.958657E-4	-1.958657E-4	-6.153303E-10	8.744727E+1
-1.500000E-1	2.320336E-4	-2.320336E-4	-7.289552E-10	8.781543E+1
-2.000000E-1	2.654365E-4	-2.654365E-4	-8.338933E-10	8.818457E+1
-2.500000E-1	2.957306E-4	-2.957306E-4	-9.290652E-10	8.855273E+1
-3.000000E-1	2.814805E-4	-2.814805E-4	-8.842971E-10	9.003516E+1
-3.500000E-1	3.451517E-4	-3.451517E-4	-1.084326E-9	9.040234E+1
-4.000000E-1	3.947460E-4	-3.947460E-4	-1.240131E-9	9.077051E+1
-4.500000E-1	4.364812E-4	-4.364812E-4	-1.371246E-9	9.113867E+1
-5.000000E-1	4.756183E-4	-4.756183E-4	-1.494199E-9	9.150586E+1
-5.000000E-1	4.364067E-4	-4.364067E-4	-1.371012E-9	9.187402E+1
-4.500000E-1	3.388956E-4	-3.388956E-4	-1.064672E-9	9.224219E+1
-4.000000E-1	2.451560E-4	-2.451560E-4	-7.701803E-10	9.298242E+1
-3.500000E-1	1.933190E-4	-1.933190E-4	-6.073294E-10	9.335156E+1
-3.000000E-1	1.402772E-4	-1.402772E-4	-4.406937E-10	9.371973E+1
-2.500000E-1	8.170397E-5	-8.170397E-5	-2.566806E-10	9.408789E+1
-2.000000E-1	7.273129E-5	-7.273129E-5	-2.284921E-10	9.567480E+1
-1.500000E-1	1.799684E-5	-1.799684E-5	-5.653873E-11	9.685059E+1
-1.000000E-1	1.092772E-5	1.092772E-5	3.433043E-11	9.796484E+1
-5.000000E-2	8.426958E-5	8.426958E-5	2.647407E-10	9.833398E+1
0.000000E+0	1.457744E-4	1.457744E-4	4.579638E-10	9.870215E+1
0.000000E+0	1.090627E-4	1.090627E-4	3.426305E-10	9.907129E+1
5.000000E-2	1.829631E-4	1.829631E-4	5.747955E-10	9.943945E+1
1.000000E-1	2.257060E-4	2.257060E-4	7.090764E-10	9.980762E+1
1.500000E-1	2.630215E-4	2.630215E-4	8.263065E-10	1.001758E+2
2.000000E-1	2.956293E-4	2.956293E-4	9.287467E-10	1.005449E+2
2.500000E-1	2.839073E-4	2.839073E-4	8.919212E-10	1.020273E+2
3.000000E-1	3.471650E-4	3.471650E-4	1.090651E-9	1.023945E+2
3.500000E-1	3.957171E-4	3.957171E-4	1.243182E-9	1.027627E+2
4.000000E-1	4.405734E-4	4.405734E-4	1.384102E-9	1.031299E+2
4.500000E-1	4.804649E-4	4.804649E-4	1.509425E-9	1.034980E+2
5.000000E-1	5.202676E-4	5.202676E-4	1.634469E-9	1.038662E+2
5.000000E-1	4.804229E-4	4.804229E-4	1.509293E-9	1.042334E+2
4.500000E-1	3.806821E-4	3.806821E-4	1.195948E-9	1.046016E+2
4.000000E-1	2.698196E-4	2.698196E-4	8.476632E-10	1.053428E+2
3.500000E-1	2.196229E-4	2.196229E-4	6.899658E-10	1.057109E+2
3.000000E-1	1.715114E-4	1.715114E-4	5.388188E-10	1.060791E+2
2.500000E-1	1.199484E-4	1.199484E-4	3.768290E-10	1.064482E+2
2.000000E-1	6.575594E-5	6.575594E-5	2.065784E-10	1.068164E+2
1.500000E-1	2.326088E-5	2.326088E-5	7.307620E-11	1.079912E+2
1.000000E-1	7.035409E-6	-7.035409E-6	-2.210239E-11	1.086943E+2
5.000000E-2	2.624586E-5	-2.624586E-5	-8.245379E-11	1.093975E+2
0.000000E+0	3.224345E-5	-3.224345E-5	-1.012958E-10	1.101006E+2
-5.000000E-2	1.167485E-4	-1.167485E-4	-3.667761E-10	1.112158E+2
-1.000000E-1	1.864929E-4	-1.864929E-4	-5.858846E-10	1.115850E+2
-1.500000E-1	2.276839E-4	-2.276839E-4	-7.152902E-10	1.119531E+2
-2.000000E-1	2.634409E-4	-2.634409E-4	-8.276239E-10	1.123213E+2
-2.500000E-1	2.616876E-4	-2.616876E-4	-8.221157E-10	1.134365E+2
-3.000000E-1	3.214325E-4	-3.214325E-4	-1.009810E-9	1.138047E+2
-3.500000E-1	3.680121E-4	-3.680121E-4	-1.156144E-9	1.141719E+2
-4.000000E-1	4.106213E-4	-4.106213E-4	-1.290005E-9	1.145400E+2
-4.500000E-1	4.525068E-4	-4.525068E-4	-1.421592E-9	1.149072E+2
-5.000000E-1	4.902583E-4	-4.902583E-4	-1.540192E-9	1.152754E+2
-5.000000E-1	4.494259E-4	-4.494259E-4	-1.411913E-9	1.156436E+2
-4.500000E-1	3.481950E-4	-3.481950E-4	-1.093887E-9	1.160107E+2
-4.000000E-1	2.511102E-4	-2.511102E-4	-7.888860E-10	1.167520E+2
-3.500000E-1	1.970118E-4	-1.970118E-4	-6.189308E-10	1.171211E+2
-3.000000E-1	1.426424E-4	-1.426424E-4	-4.481242E-10	1.174893E+2
-2.500000E-1	8.366874E-5	-8.366874E-5	-2.628531E-10	1.178574E+2
-2.000000E-1	2.483349E-5	-2.483349E-5	-7.801672E-11	1.190322E+2
-1.500000E-1	5.861464E-6	-5.861464E-6	-1.841433E-11	1.197354E+2
-1.000000E-1	2.497432E-5	2.497432E-5	7.845915E-11	1.204385E+2
-5.000000E-2	3.184815E-5	3.184815E-5	1.000539E-10	1.211416E+2
0.000000E+0	1.230293E-4	1.230293E-4	3.865078E-10	1.222568E+2
0.000000E+0	9.822722E-5	9.822722E-5	3.085899E-10	1.226260E+2
5.000000E-2	1.756154E-4	1.756154E-4	5.517121E-10	1.229941E+2
1.000000E-1	2.203063E-4	2.203063E-4	6.921126E-10	1.233633E+2
1.500000E-1	2.174499E-4	2.174499E-4	6.831389E-10	1.244775E+2
2.000000E-1	2.327460E-4	2.327460E-4	7.311931E-10	1.252188E+2
2.500000E-1	2.908325E-4	2.908325E-4	9.136772E-10	1.255869E+2
3.000000E-1	3.244151E-4	3.244151E-4	1.019180E-9	1.259551E+2
3.500000E-1	3.683743E-4	3.683743E-4	1.157282E-9	1.270703E+2
4.000000E-1	4.045076E-4	4.045076E-4	1.270798E-9	1.274385E+2
4.500000E-1	1.845906E-4	1.845906E-4	5.799086E-10	1.281797E+2
5.000000E-1	9.731819E-5	9.731819E-5	3.057341E-10	1.292939E+2
5.000000E-1	7.894181E-6	7.894181E-6	2.480030E-11	1.308418E+2
4.500000E-1	6.198964E-6	6.198964E-6	1.947462E-11	1.315449E+2
4.000000E-1	8.637361E-6	8.637361E-6	2.713507E-11	1.328271E+2
3.500000E-1	1.152576E-5	1.152576E-5	3.620923E-11	1.340020E+2
3.000000E-1	3.999357E-5	3.999357E-5	1.256435E-10	1.354512E+2
2.500000E-1	6.607257E-5	6.607257E-5	2.075731E-10	1.358203E+2
2.000000E-1	2.053635E-4	2.053635E-4	6.451686E-10	1.361885E+2
1.500000E-1	9.269907E-5	9.269907E-5	2.912227E-10	1.365566E+2
1.000000E-1	4.540541E-5	4.540541E-5	1.426453E-10	1.369258E+2
5.000000E-2	1.537346E-5	1.537346E-5	4.829715E-11	1.381006E+2
0.000000E+0	1.916701E-5	-1.916701E-5	-6.021494E-11	1.395830E+2
-5.000000E-2	1.017098E-4	-1.017098E-4	-3.195308E-10	1.399512E+2
-1.000000E-1	1.633428E-4	-1.633428E-4	-5.131565E-10	1.403203E+2
-1.500000E-1	2.203265E-4	-2.203265E-4	-6.921762E-10	1.406885E+2
-2.000000E-1	2.567447E-4	-2.567447E-4	-8.065874E-10	1.410566E+2
-2.500000E-1	2.855989E-4	-2.855989E-4	-8.972353E-10	1.414258E+2
-3.000000E-1	3.095974E-4	-3.095974E-4	-9.726290E-10	1.417939E+2
-3.500000E-1	3.274664E-4	-3.274664E-4	-1.028766E-9	1.421621E+2
-4.000000E-1	3.899178E-4	-3.899178E-4	-1.224963E-9	1.432773E+2
-4.500000E-1	4.458439E-4	-4.458439E-4	-1.400660E-9	1.436445E+2
-5.000000E-1	4.867190E-4	-4.867190E-4	-1.529073E-9	1.440127E+2
-5.000000E-1	4.338465E-4	-4.338465E-4	-1.362969E-9	1.443799E+2
-4.500000E-1	3.260833E-4	-3.260833E-4	-1.024421E-9	1.447480E+2
-4.000000E-1	2.485511E-4	-2.485511E-4	-7.808464E-10	1.454893E+2
-3.500000E-1	1.922701E-4	-1.922701E-4	-6.040345E-10	1.458574E+2
-3.000000E-1	1.327276E-4	-1.327276E-4	-4.169762E-10	1.462256E+2
-2.500000E-1	7.252411E-5	-7.252411E-5	-2.278412E-10	1.465947E+2
-2.000000E-1	7.232255E-5	-7.232255E-5	-2.272080E-10	1.481816E+2
-1.500000E-1	1.685926E-5	-1.685926E-5	-5.296494E-11	1.493564E+2
-1.000000E-1	1.721701E-5	1.721701E-5	5.408884E-11	1.504717E+2
-5.000000E-2	9.169687E-5	9.169687E-5	2.880742E-10	1.508398E+2
0.000000E+0	1.568351E-4	1.568351E-4	4.927119E-10	1.512080E+2
0.000000E+0	1.166790E-4	1.166790E-4	3.665579E-10	1.515771E+2
5.000000E-2	1.905482E-4	1.905482E-4	5.986249E-10	1.519453E+2
1.000000E-1	2.334628E-4	2.334628E-4	7.334451E-10	1.523145E+2
1.500000E-1	2.707512E-4	2.707512E-4	8.505900E-10	1.526826E+2
2.000000E-1	3.033967E-4	3.033967E-4	9.531488E-10	1.530508E+2
2.500000E-1	2.934173E-4	2.934173E-4	9.217977E-10	1.545332E+2
3.000000E-1	3.566325E-4	3.566325E-4	1.120394E-9	1.549014E+2
3.500000E-1	4.068755E-4	4.068755E-4	1.278237E-9	1.552686E+2
4.000000E-1	4.031462E-4	4.031462E-4	1.266521E-9	1.556367E+2
4.500000E-1	4.996870E-4	4.996870E-4	1.569813E-9	1.560039E+2
5.000000E-1	5.343115E-4	5.343115E-4	1.678589E-9	1.563721E+2
5.000000E-1	4.919954E-4	4.919954E-4	1.545649E-9	1.567402E+2
4.500000E-1	3.861280E-4	3.861280E-4	1.213057E-9	1.571074E+2
4.000000E-1	2.728765E-4	2.728765E-4	8.572667E-10	1.578486E+2
3.500000E-1	2.223139E-4	2.223139E-4	6.984196E-10	1.582178E+2
3.000000E-1	1.751564E-4	1.751564E-4	5.502701E-10	1.585859E+2
2.500000E-1	1.195067E-4	1.195067E-4	3.754415E-10	1.589541E+2
2.000000E-1	6.485586E-5	6.485586E-5	2.037507E-10	1.593223E+2
1.500000E-1	2.339412E-5	2.339412E-5	7.349480E-11	1.604971E+2
1.000000E-1	8.790201E-6	-8.790201E-6	-2.761523E-11	1.612012E+2
5.000000E-2	2.644892E-5	-2.644892E-5	-8.309173E-11	1.619043E+2
0.000000E+0	3.231192E-5	-3.231192E-5	-1.015109E-10	1.626074E+2
-5.000000E-2	1.180305E-4	-1.180305E-4	-3.708039E-10	1.637227E+2
-1.000000E-1	1.891370E-4	-1.891370E-4	-5.941913E-10	1.640908E+2
-1.500000E-1	2.306749E-4	-2.306749E-4	-7.246866E-10	1.644590E+2
-2.000000E-1	2.206285E-4	-2.206285E-4	-6.931247E-10	1.655742E+2
-2.500000E-1	2.358433E-4	-2.358433E-4	-7.409237E-10	1.663154E+2
-3.000000E-1	2.950257E-4	-2.950257E-4	-9.268507E-10	1.666836E+2
-3.500000E-1	3.259515E-4	-3.259515E-4	-1.024007E-9	1.670527E+2
-4.000000E-1	3.643060E-4	-3.643060E-4	-1.144501E-9	1.681670E+2
-4.500000E-1	4.214611E-4	-4.214611E-4	-1.324059E-9	1.685352E+2
-5.000000E-1	4.682253E-4	-4.682253E-4	-1.470973E-9	1.689023E+2
-5.000000E-1	4.293860E-4	-4.293860E-4	-1.348956E-9	1.692705E+2
-4.500000E-1	3.295115E-4	-3.295115E-4	-1.035191E-9	1.696387E+2
-4.000000E-1	2.660063E-4	-2.660063E-4	-8.356835E-10	1.711260E+2
-3.500000E-1	1.886062E-4	-1.886062E-4	-5.925237E-10	1.718672E+2
-3.000000E-1	1.218018E-4	-1.218018E-4	-3.826517E-10	1.722354E+2
-2.500000E-1	6.048782E-5	-6.048782E-5	-1.900281E-10	1.726035E+2
-2.000000E-1	5.688538E-5	-5.688538E-5	-1.787107E-10	1.741904E+2
-1.500000E-1	3.008880E-6	-3.008880E-6	-9.452675E-12	1.753662E+2
-1.000000E-1	6.132463E-6	6.132463E-6	1.926570E-11	1.768486E+2
-5.000000E-2	9.078828E-6	9.078828E-6	2.852198E-11	1.780225E+2
0.000000E+0	1.316881E-4	1.316881E-4	4.137105E-10	1.791377E+2
0.000000E+0	1.064283E-4	1.064283E-4	3.343542E-10	1.795068E+2
5.000000E-2	1.866833E-4	1.866833E-4	5.864828E-10	1.798750E+2
1.000000E-1	1.548308E-4	1.548308E-4	4.864152E-10	1.802432E+2
1.500000E-1	1.818590E-4	1.818590E-4	5.713268E-10	1.806123E+2
2.000000E-1	2.654961E-4	2.654961E-4	8.340806E-10	1.809805E+2
2.500000E-1	2.707659E-4	2.707659E-4	8.506361E-10	1.813486E+2
3.000000E-1	1.195292E-4	1.195292E-4	3.755121E-10	1.824639E+2
3.500000E-1	6.708422E-5	6.708422E-5	2.107513E-10	1.832041E+2
4.000000E-1	7.275211E-5	7.275211E-5	2.285575E-10	1.835732E+2
4.500000E-1	5.718237E-5	5.718237E-5	1.796437E-10	1.839414E+2
5.000000E-1	3.253675E-4	3.253675E-4	1.022172E-9	1.850557E+2
5.000000E-1	1.264034E-4	1.264034E-4	3.971080E-10	1.857969E+2
4.500000E-1	4.105676E-5	4.105676E-5	1.289836E-10	1.861650E+2
4.000000E-1	7.886573E-5	7.886573E-5	2.477640E-10	1.877520E+2
3.500000E-1	6.022722E-5	6.022722E-5	1.892094E-10	1.881201E+2
3.000000E-1	4.714242E-5	4.714242E-5	1.481023E-10	1.884893E+2
2.500000E-1	3.590271E-5	3.590271E-5	1.127917E-10	1.888574E+2
2.000000E-1	2.012288E-4	2.012288E-4	6.321788E-10	1.904443E+2
1.500000E-1	2.016544E-4	2.016544E-4	6.335159E-10	1.908125E+2
1.000000E-1	6.094113E-5	6.094113E-5	1.914522E-10	1.911807E+2
5.000000E-2	1.833381E-5	1.833381E-5	5.759736E-11	1.923555E+2
0.000000E+0	2.928790E-5	-2.928790E-5	-9.201065E-11	1.930586E+2
-5.000000E-2	3.280241E-5	-3.280241E-5	-1.030518E-10	1.937627E+2
-1.000000E-1	6.694194E-5	-6.694194E-5	-2.103043E-10	1.948770E+2
-1.500000E-1	7.095096E-5	-7.095096E-5	-2.228990E-10	1.952461E+2
-2.000000E-1	1.086224E-4	-1.086224E-4	-3.412474E-10	1.956143E+2
-2.500000E-1	1.487385E-4	-1.487385E-4	-4.672759E-10	1.959824E+2
-3.000000E-1	1.845772E-4	-1.845772E-4	-5.798663E-10	1.963506E+2
-3.500000E-1	1.362787E-4	-1.362787E-4	-4.281322E-10	1.967188E+2
-4.000000E-1	1.750774E-4	-1.750774E-4	-5.500219E-10	1.970879E+2
-4.500000E-1	4.735856E-4	-4.735856E-4	-1.487813E-9	1.982021E+2
-5.000000E-1	5.074162E-4	-5.074162E-4	-1.594095E-9	1.985703E+2
-5.000000E-1	4.596331E-4	-4.596331E-4	-1.443980E-9	1.989375E+2
-4.500000E-1	3.527319E-4	-3.527319E-4	-1.108140E-9	1.993057E+2
-4.000000E-1	2.501630E-4	-2.501630E-4	-7.859103E-10	2.000469E+2
-3.500000E-1	1.945882E-4	-1.945882E-4	-6.113167E-10	2.004150E+2
-3.000000E-1	1.369598E-4	-1.369598E-4	-4.302720E-10	2.007832E+2
-2.500000E-1	2.880002E-5	-2.880002E-5	-9.047793E-11	2.019580E+2
-2.000000E-1	2.707366E-5	-2.707366E-5	-8.505442E-11	2.026611E+2
-1.500000E-1	5.523033E-6	-5.523033E-6	-1.735112E-11	2.033643E+2
-1.000000E-1	2.628185E-5	2.628185E-5	8.256686E-11	2.040674E+2
-5.000000E-2	8.291088E-5	8.291088E-5	2.604722E-10	2.051826E+2
0.000000E+0	1.510325E-4	1.510325E-4	4.744827E-10	2.055508E+2
0.000000E+0	1.136089E-4	1.136089E-4	3.569128E-10	2.059199E+2
5.000000E-2	1.890288E-4	1.890288E-4	5.938515E-10	2.062881E+2
1.000000E-1	1.833789E-4	1.833789E-4	5.761018E-10	2.074033E+2
1.500000E-1	2.099855E-4	2.099855E-4	6.596890E-10	2.081436E+2
2.000000E-1	2.691081E-4	2.691081E-4	8.454280E-10	2.085117E+2
2.500000E-1	3.076514E-4	3.076514E-4	9.665153E-10	2.088809E+2
3.000000E-1	3.367595E-4	3.367595E-4	1.057961E-9	2.099951E+2
3.500000E-1	4.128428E-4	4.128428E-4	1.296984E-9	2.103633E+2
4.000000E-1	4.458398E-4	4.458398E-4	1.400647E-9	2.107305E+2
4.500000E-1	4.871513E-4	4.871513E-4	1.530431E-9	2.110986E+2
5.000000E-1	5.263477E-4	5.263477E-4	1.653570E-9	2.114668E+2
5.000000E-1	4.860732E-4	4.860732E-4	1.527044E-9	2.118340E+2
4.500000E-1	3.825483E-4	3.825483E-4	1.201811E-9	2.122021E+2
4.000000E-1	2.726440E-4	2.726440E-4	8.565365E-10	2.129434E+2
3.500000E-1	2.227346E-4	2.227346E-4	6.997413E-10	2.133115E+2
3.000000E-1	1.752162E-4	1.752162E-4	5.504578E-10	2.136797E+2
2.500000E-1	1.177897E-4	1.177897E-4	3.700474E-10	2.140479E+2
2.000000E-1	6.254961E-5	6.254961E-5	1.965054E-10	2.144160E+2
1.500000E-1	1.008269E-5	1.008269E-5	3.167571E-11	2.155908E+2
1.000000E-1	6.531270E-6	-6.531270E-6	-2.051859E-11	2.162939E+2
5.000000E-2	1.473632E-5	-1.473632E-5	-4.629552E-11	2.174092E+2
0.000000E+0	9.173611E-5	-9.173611E-5	-2.881975E-10	2.177773E+2
-5.000000E-2	1.536294E-4	-1.536294E-4	-4.826409E-10	2.181465E+2
-1.000000E-1	2.035843E-4	-2.035843E-4	-6.395789E-10	2.185146E+2
-1.500000E-1	2.403105E-4	-2.403105E-4	-7.549578E-10	2.188838E+2
-2.000000E-1	2.744830E-4	-2.744830E-4	-8.623137E-10	2.192520E+2
-2.500000E-1	3.032096E-4	-3.032096E-4	-9.525610E-10	2.196201E+2
-3.000000E-1	3.209751E-4	-3.209751E-4	-1.008373E-9	2.207344E+2
-3.500000E-1	3.766462E-4	-3.766462E-4	-1.183269E-9	2.211025E+2
-4.000000E-1	4.167997E-4	-4.167997E-4	-1.309415E-9	2.214707E+2
-4.500000E-1	4.551749E-4	-4.551749E-4	-1.429974E-9	2.218379E+2
-5.000000E-1	4.940042E-4	-4.940042E-4	-1.551960E-9	2.222061E+2
-5.000000E-1	4.534671E-4	-4.534671E-4	-1.424609E-9	2.225732E+2
-4.500000E-1	3.492391E-4	-3.492391E-4	-1.097167E-9	2.229414E+2
-4.000000E-1	2.457599E-4	-2.457599E-4	-7.720776E-10	2.236826E+2
-3.500000E-1	1.932929E-4	-1.932929E-4	-6.072475E-10	2.240508E+2
-3.000000E-1	1.391967E-4	-1.391967E-4	-4.372992E-10	2.244189E+2
-2.500000E-1	7.860344E-5	-7.860344E-5	-2.469400E-10	2.247881E+2
-2.000000E-1	2.439121E-5	-2.439121E-5	-7.662726E-11	2.259629E+2
-1.500000E-1	5.463885E-7	-5.463885E-7	-1.716530E-12	2.266660E+2
-1.000000E-1	2.053234E-6	2.053234E-6	6.450424E-12	2.273691E+2
-5.000000E-2	5.305255E-6	5.305255E-6	1.666695E-11	2.280723E+2
0.000000E+0	9.808690E-6	9.808690E-6	3.081491E-11	2.287754E+2
0.000000E+0	2.211506E-5	2.211506E-5	6.947651E-11	2.294785E+2
5.000000E-2	1.102709E-5	1.102709E-5	3.464262E-11	2.305938E+2
1.000000E-1	1.107512E-5	1.107512E-5	3.479350E-11	2.317080E+2
1.500000E-1	4.104084E-4	4.104084E-4	1.289336E-9	2.320762E+2
2.000000E-1	3.536467E-4	3.536467E-4	1.111014E-9	2.339961E+2
2.500000E-1	3.771886E-4	3.771886E-4	1.184973E-9	2.343643E+2
3.000000E-1	4.114840E-4	4.114840E-4	1.292715E-9	2.347314E+2
3.500000E-1	4.470185E-4	4.470185E-4	1.404350E-9	2.350996E+2
4.000000E-1	4.274287E-4	4.274287E-4	1.342807E-9	2.354678E+2
4.500000E-1	4.700963E-4	4.700963E-4	1.476851E-9	2.369551E+2
5.000000E-1	5.173297E-4	5.173297E-4	1.625239E-9	2.373223E+2
5.000000E-1	4.783577E-4	4.783577E-4	1.502805E-9	2.376904E+2
4.500000E-1	3.769133E-4	3.769133E-4	1.184108E-9	2.380586E+2
4.000000E-1	3.130947E-4	3.130947E-4	9.836159E-10	2.395459E+2
3.500000E-1	2.241851E-4	2.241851E-4	7.042981E-10	2.402861E+2
3.000000E-1	1.672427E-4	1.672427E-4	5.254085E-10	2.406553E+2
2.500000E-1	1.068654E-4	1.068654E-4	3.357276E-10	2.410234E+2
2.000000E-1	5.066045E-5	5.066045E-5	1.591545E-10	2.413916E+2
1.500000E-1	1.971837E-5	1.971837E-5	6.194709E-11	2.425664E+2
1.000000E-1	3.698096E-6	-3.698096E-6	-1.161791E-11	2.432695E+2
5.000000E-2	7.923239E-6	-7.923239E-6	-2.489159E-11	2.439727E+2
0.000000E+0	2.025458E-5	-2.025458E-5	-6.363163E-11	2.446758E+2
-5.000000E-2	7.508479E-5	-7.508479E-5	-2.358858E-10	2.457910E+2
-1.000000E-1	1.985256E-4	-1.985256E-4	-6.236865E-10	2.461602E+2
-1.500000E-1	2.913778E-4	-2.913778E-4	-9.153903E-10	2.465283E+2
-2.000000E-1	2.914303E-4	-2.914303E-4	-9.155553E-10	2.468965E+2
-2.500000E-1	2.921931E-4	-2.921931E-4	-9.179518E-10	2.472646E+2
-3.000000E-1	9.928761E-5	-9.928761E-5	-3.119212E-10	2.483799E+2
-3.500000E-1	4.502719E-4	-4.502719E-4	-1.414571E-9	2.487471E+2
-4.000000E-1	4.921571E-4	-4.921571E-4	-1.546157E-9	2.491152E+2
-4.500000E-1	4.937874E-4	-4.937874E-4	-1.551279E-9	2.494824E+2
-5.000000E-1	5.234781E-4	-5.234781E-4	-1.644555E-9	2.498506E+2
-5.000000E-1	4.750772E-4	-4.750772E-4	-1.492499E-9	2.502187E+2
-4.500000E-1	3.676543E-4	-3.676543E-4	-1.155020E-9	2.505859E+2
-4.000000E-1	2.685320E-4	-2.685320E-4	-8.436180E-10	2.513271E+2
-3.500000E-1	3.843054E-5	-3.843054E-5	-1.207331E-10	2.516953E+2
-3.000000E-1	1.698423E-5	-1.698423E-5	-5.335754E-11	2.528701E+2
-2.500000E-1	1.920610E-4	-1.920610E-4	-6.033775E-10	2.541523E+2
-2.000000E-1	8.150302E-5	-8.150302E-5	-2.560493E-10	2.545215E+2
-1.500000E-1	2.323242E-5	-2.323242E-5	-7.298680E-11	2.556963E+2
-1.000000E-1	2.184249E-5	2.184249E-5	6.862021E-11	2.563994E+2
-5.000000E-2	3.051458E-5	3.051458E-5	9.586437E-11	2.571025E+2
0.000000E+0	9.778894E-5	9.778894E-5	3.072130E-10	2.582168E+2
0.000000E+0	8.453050E-5	8.453050E-5	2.655604E-10	2.585859E+2
5.000000E-2	1.560684E-4	1.560684E-4	4.903032E-10	2.589551E+2
1.000000E-1	2.059220E-4	2.059220E-4	6.469232E-10	2.593232E+2
1.500000E-1	2.638454E-4	2.638454E-4	8.288947E-10	2.596914E+2
2.000000E-1	2.550019E-4	2.550019E-4	8.011121E-10	2.608066E+2
2.500000E-1	2.591068E-4	2.591068E-4	8.140079E-10	2.615469E+2
3.000000E-1	3.157559E-4	3.157559E-4	9.919765E-10	2.619160E+2
3.500000E-1	3.341748E-4	3.341748E-4	1.049841E-9	2.622842E+2
4.000000E-1	3.974474E-4	3.974474E-4	1.248618E-9	2.633984E+2
4.500000E-1	4.779588E-4	4.779588E-4	1.501552E-9	2.637666E+2
5.000000E-1	5.094878E-4	5.094878E-4	1.600603E-9	2.641338E+2
5.000000E-1	4.734449E-4	4.734449E-4	1.487371E-9	2.645020E+2
4.500000E-1	3.671103E-4	3.671103E-4	1.153311E-9	2.648701E+2
4.000000E-1	3.056640E-4	3.056640E-4	9.602719E-10	2.663574E+2
3.500000E-1	2.184587E-4	2.184587E-4	6.863083E-10	2.670977E+2
3.000000E-1	1.580623E-4	1.580623E-4	4.965673E-10	2.674668E+2
2.500000E-1	9.607662E-5	9.607662E-5	3.018336E-10	2.678350E+2
2.000000E-1	4.272218E-5	4.272218E-5	1.342157E-10	2.682031E+2
1.500000E-1	3.902142E-7	3.902142E-7	1.225894E-12	2.693779E+2
1.000000E-1	1.750617E-6	-1.750617E-6	-5.499726E-12	2.700811E+2
5.000000E-2	7.288090E-6	-7.288090E-6	-2.289621E-11	2.707842E+2
0.000000E+0	2.259431E-6	-2.259431E-6	-7.098211E-12	2.722334E+2
-5.000000E-2	1.362176E-4	-1.362176E-4	-4.279402E-10	2.738203E+2
-1.000000E-1	1.415019E-4	-1.415019E-4	-4.445413E-10	2.741895E+2
-1.500000E-1	2.646862E-4	-2.646862E-4	-8.315361E-10	2.745576E+2
-2.000000E-1	2.859591E-4	-2.859591E-4	-8.983670E-10	2.749258E+2
-2.500000E-1	2.627286E-4	-2.627286E-4	-8.253861E-10	2.752939E+2
-3.000000E-1	1.887994E-4	-1.887994E-4	-5.931308E-10	2.756631E+2
-3.500000E-1	2.050736E-4	-2.050736E-4	-6.442576E-10	2.760313E+2
-4.000000E-1	2.304097E-4	-2.304097E-4	-7.238533E-10	2.763994E+2
-4.500000E-1	2.399392E-4	-2.399392E-4	-7.537911E-10	2.767676E+2
-5.000000E-1	2.313552E-4	-2.313552E-4	-7.268238E-10	2.771367E+2
-5.000000E-1	5.266230E-4	-5.266230E-4	-1.654435E-9	2.782510E+2
-4.500000E-1	4.025086E-4	-4.025086E-4	-1.264518E-9	2.786191E+2
-4.000000E-1	2.674822E-4	-2.674822E-4	-8.403201E-10	2.793604E+2
-3.500000E-1	2.170152E-4	-2.170152E-4	-6.817734E-10	2.797285E+2
-3.000000E-1	1.675442E-4	-1.675442E-4	-5.263555E-10	2.800967E+2
-2.500000E-1	1.062196E-4	-1.062196E-4	-3.336987E-10	2.804648E+2
-2.000000E-1	4.883128E-5	-4.883128E-5	-1.534080E-10	2.808330E+2
-1.500000E-1	1.907205E-5	-1.907205E-5	-5.991660E-11	2.820078E+2
-1.000000E-1	3.529356E-7	-3.529356E-7	-1.108780E-12	2.831230E+2
-5.000000E-2	7.526377E-5	7.526377E-5	2.364481E-10	2.834922E+2
0.000000E+0	1.379151E-4	1.379151E-4	4.332730E-10	2.838604E+2
0.000000E+0	9.965722E-5	9.965722E-5	3.130824E-10	2.842295E+2
5.000000E-2	1.776488E-4	1.776488E-4	5.581000E-10	2.845977E+2
1.000000E-1	2.222244E-4	2.222244E-4	6.981385E-10	2.849658E+2
1.500000E-1	2.595773E-4	2.595773E-4	8.154860E-10	2.853340E+2
2.000000E-1	2.940035E-4	2.940035E-4	9.236393E-10	2.857021E+2
2.500000E-1	2.983581E-4	2.983581E-4	9.373196E-10	2.868174E+2
3.000000E-1	3.490093E-4	3.490093E-4	1.096445E-9	2.871846E+2
3.500000E-1	4.180080E-4	4.180080E-4	1.313211E-9	2.875527E+2
4.000000E-1	4.505829E-4	4.505829E-4	1.415548E-9	2.879209E+2
4.500000E-1	4.970816E-4	4.970816E-4	1.561628E-9	2.882881E+2
5.000000E-1	5.268366E-4	5.268366E-4	1.655106E-9	2.886563E+2
5.000000E-1	4.830136E-4	4.830136E-4	1.517432E-9	2.890234E+2
4.500000E-1	3.793162E-4	3.793162E-4	1.191657E-9	2.893916E+2
4.000000E-1	2.685834E-4	2.685834E-4	8.437797E-10	2.901328E+2
3.500000E-1	2.177527E-4	2.177527E-4	6.840902E-10	2.905010E+2
3.000000E-1	1.665590E-4	1.665590E-4	5.232605E-10	2.908691E+2
2.500000E-1	1.104166E-4	1.104166E-4	3.468839E-10	2.912373E+2
2.000000E-1	5.578059E-5	5.578059E-5	1.752399E-10	2.916064E+2
1.500000E-1	2.332258E-5	2.332258E-5	7.327004E-11	2.927803E+2
1.000000E-1	1.862788E-5	-1.862788E-5	-5.852120E-11	2.934834E+2
5.000000E-2	1.946072E-5	-1.946072E-5	-6.113765E-11	2.949668E+2
0.000000E+0	9.336293E-5	-9.336293E-5	-2.933083E-10	2.953350E+2
-5.000000E-2	1.549022E-4	-1.549022E-4	-4.866395E-10	2.957031E+2
-1.000000E-1	2.094135E-4	-2.094135E-4	-6.578919E-10	2.960723E+2
-1.500000E-1	2.447534E-4	-2.447534E-4	-7.689155E-10	2.964404E+2
-2.000000E-1	2.785268E-4	-2.785268E-4	-8.750177E-10	2.968086E+2
-2.500000E-1	3.090797E-4	-3.090797E-4	-9.710025E-10	2.971768E+2
-3.000000E-1	3.190920E-4	-3.190920E-4	-1.002457E-9	2.982920E+2
-3.500000E-1	3.756104E-4	-3.756104E-4	-1.180015E-9	2.986592E+2
-4.000000E-1	4.209069E-4	-4.209069E-4	-1.322318E-9	2.990273E+2
-4.500000E-1	4.619119E-4	-4.619119E-4	-1.451139E-9	2.993955E+2
-5.000000E-1	5.006257E-4	-5.006257E-4	-1.572762E-9	2.997627E+2
-5.000000E-1	4.621207E-4	-4.621207E-4	-1.451795E-9	3.001309E+2
-4.500000E-1	3.559262E-4	-3.559262E-4	-1.118175E-9	3.004990E+2
-4.000000E-1	2.523315E-4	-2.523315E-4	-7.927229E-10	3.012393E+2
-3.500000E-1	2.010468E-4	-2.010468E-4	-6.316071E-10	3.016084E+2
-3.000000E-1	1.472395E-4	-1.472395E-4	-4.625665E-10	3.019766E+2
-2.500000E-1	8.637600E-5	-8.637600E-5	-2.713582E-10	3.023447E+2
-2.000000E-1	8.332805E-5	-8.332805E-5	-2.617828E-10	3.039316E+2
-1.500000E-1	1.985013E-5	-1.985013E-5	-6.236102E-11	3.051064E+2
-1.000000E-1	1.429935E-5	1.429935E-5	4.492273E-11	3.062217E+2
-5.000000E-2	8.449113E-5	8.449113E-5	2.654367E-10	3.065898E+2
0.000000E+0	1.466288E-4	1.466288E-4	4.606480E-10	3.069580E+2
0.000000E+0	1.082257E-4	1.082257E-4	3.400012E-10	3.073271E+2
5.000000E-2	1.295939E-4	1.295939E-4	4.071312E-10	3.084414E+2
1.000000E-1	1.735057E-4	1.735057E-4	5.450841E-10	3.091826E+2
1.500000E-1	2.273760E-4	2.273760E-4	7.143229E-10	3.095508E+2
2.000000E-1	2.775374E-4	2.775374E-4	8.719095E-10	3.099189E+2
2.500000E-1	3.064727E-4	3.064727E-4	9.628124E-10	3.102881E+2
3.000000E-1	3.165415E-4	3.165415E-4	9.944445E-10	3.117695E+2
3.500000E-1	3.500037E-4	3.500037E-4	1.099569E-9	3.121377E+2
4.000000E-1	3.389010E-4	3.389010E-4	1.064689E-9	3.125059E+2
4.500000E-1	3.989820E-4	3.989820E-4	1.253439E-9	3.128730E+2
5.000000E-1	4.476459E-4	4.476459E-4	1.406321E-9	3.132412E+2
5.000000E-1	4.207127E-4	4.207127E-4	1.321708E-9	3.136084E+2
4.500000E-1	3.337858E-4	3.337858E-4	1.048619E-9	3.139766E+2
4.000000E-1	2.868492E-4	2.868492E-4	9.011635E-10	3.147178E+2
3.500000E-1	2.360138E-4	2.360138E-4	7.414591E-10	3.150859E+2
3.000000E-1	1.695769E-4	1.695769E-4	5.327415E-10	3.154541E+2
2.500000E-1	1.099461E-4	1.099461E-4	3.454057E-10	3.158223E+2
2.000000E-1	5.736791E-5	5.736791E-5	1.802266E-10	3.161914E+2
1.500000E-1	2.643109E-5	2.643109E-5	8.303571E-11	3.173652E+2
1.000000E-1	1.147631E-5	-1.147631E-5	-3.605388E-11	3.180684E+2
5.000000E-2	1.549570E-5	-1.549570E-5	-4.868117E-11	3.195508E+2
0.000000E+0	9.241125E-5	-9.241125E-5	-2.903185E-10	3.199199E+2
-5.000000E-2	1.557993E-4	-1.557993E-4	-4.894579E-10	3.202881E+2
-1.000000E-1	2.066472E-4	-2.066472E-4	-6.492012E-10	3.206572E+2
-1.500000E-1	2.439467E-4	-2.439467E-4	-7.663811E-10	3.210254E+2
-2.000000E-1	2.778918E-4	-2.778918E-4	-8.730229E-10	3.213936E+2
-2.500000E-1	3.077596E-4	-3.077596E-4	-9.668554E-10	3.217617E+2
-3.000000E-1	2.931162E-4	-2.931162E-4	-9.208518E-10	3.232441E+2
-3.500000E-1	3.571902E-4	-3.571902E-4	-1.122146E-9	3.236123E+2
-4.000000E-1	4.055344E-4	-4.055344E-4	-1.274024E-9	3.239795E+2
-4.500000E-1	4.488844E-4	-4.488844E-4	-1.410212E-9	3.243477E+2
-5.000000E-1	4.892967E-4	-4.892967E-4	-1.537171E-9	3.247148E+2
-5.000000E-1	4.484830E-4	-4.484830E-4	-1.408951E-9	3.250830E+2
-4.500000E-1	3.462635E-4	-3.462635E-4	-1.087819E-9	3.254512E+2
-4.000000E-1	2.458079E-4	-2.458079E-4	-7.722284E-10	3.261924E+2
-3.500000E-1	1.851966E-4	-1.851966E-4	-5.818123E-10	3.265605E+2
-3.000000E-1	1.269443E-4	-1.269443E-4	-3.988074E-10	3.269287E+2
-2.500000E-1	7.174577E-5	-7.174577E-5	-2.253960E-10	3.272969E+2
-2.000000E-1	7.522682E-5	-7.522682E-5	-2.363320E-10	3.288838E+2
-1.500000E-1	1.836308E-5	-1.836308E-5	-5.768933E-11	3.300586E+2
-1.000000E-1	1.172218E-5	1.172218E-5	3.682632E-11	3.311738E+2
-5.000000E-2	8.767623E-5	8.767623E-5	2.754430E-10	3.315420E+2
0.000000E+0	1.525460E-4	1.525460E-4	4.792373E-10	3.319102E+2
0.000000E+0	1.124676E-4	1.124676E-4	3.533273E-10	3.322793E+2
5.000000E-2	1.877731E-4	1.877731E-4	5.899066E-10	3.326475E+2
1.000000E-1	2.311763E-4	2.311763E-4	7.262617E-10	3.330156E+2
1.500000E-1	2.686526E-4	2.686526E-4	8.439970E-10	3.333848E+2
2.000000E-1	3.015216E-4	3.015216E-4	9.472579E-10	3.337529E+2
2.500000E-1	2.892764E-4	2.892764E-4	9.087886E-10	3.352354E+2
3.000000E-1	3.535423E-4	3.535423E-4	1.110686E-9	3.356025E+2
3.500000E-1	4.033486E-4	4.033486E-4	1.267157E-9	3.359707E+2
4.000000E-1	4.463605E-4	4.463605E-4	1.402283E-9	3.363379E+2
4.500000E-1	4.881358E-4	4.881358E-4	1.533524E-9	3.367061E+2
5.000000E-1	5.297087E-4	5.297087E-4	1.664129E-9	3.370732E+2
5.000000E-1	4.857870E-4	4.857870E-4	1.526145E-9	3.374414E+2
4.500000E-1	3.815246E-4	3.815246E-4	1.198595E-9	3.378096E+2
4.000000E-1	2.707938E-4	2.707938E-4	8.507238E-10	3.385498E+2
3.500000E-1	2.201211E-4	2.201211E-4	6.915309E-10	3.389189E+2
3.000000E-1	1.718705E-4	1.718705E-4	5.399471E-10	3.392871E+2
2.500000E-1	1.160211E-4	1.160211E-4	3.644910E-10	3.396553E+2
2.000000E-1	6.056705E-5	6.056705E-5	1.902770E-10	3.400234E+2
1.500000E-1	2.303447E-5	2.303447E-5	7.236492E-11	3.411982E+2
1.000000E-1	1.387218E-5	-1.387218E-5	-4.358075E-11	3.419014E+2
5.000000E-2	1.991829E-5	-1.991829E-5	-6.257517E-11	3.430166E+2
0.000000E+0	9.695811E-5	-9.695811E-5	-3.046029E-10	3.433848E+2
-5.000000E-2	1.621264E-4	-1.621264E-4	-5.093350E-10	3.437539E+2
-1.000000E-1	2.076292E-4	-2.076292E-4	-6.522863E-10	3.441221E+2
-1.500000E-1	2.439882E-4	-2.439882E-4	-7.665116E-10	3.444912E+2
-2.000000E-1	2.776015E-4	-2.776015E-4	-8.721109E-10	3.448594E+2
-2.500000E-1	3.074858E-4	-3.074858E-4	-9.659952E-10	3.452275E+2
-3.000000E-1	2.947464E-4	-2.947464E-4	-9.259731E-10	3.467100E+2
-3.500000E-1	3.581734E-4	-3.581734E-4	-1.125235E-9	3.470771E+2
-4.000000E-1	4.063191E-4	-4.063191E-4	-1.276489E-9	3.474453E+2
-4.500000E-1	4.498880E-4	-4.498880E-4	-1.413365E-9	3.478135E+2
-5.000000E-1	4.901078E-4	-4.901078E-4	-1.539719E-9	3.481807E+2
-5.000000E-1	4.491267E-4	-4.491267E-4	-1.410973E-9	3.485488E+2
-4.500000E-1	3.466287E-4	-3.466287E-4	-1.088966E-9	3.489160E+2
-4.000000E-1	2.462055E-4	-2.462055E-4	-7.734774E-10	3.496572E+2
-3.500000E-1	1.948823E-4	-1.948823E-4	-6.122408E-10	3.500254E+2
-3.000000E-1	1.383944E-4	-1.383944E-4	-4.347787E-10	3.503945E+2
-2.500000E-1	7.888772E-5	-7.888772E-5	-2.478331E-10	3.507627E+2
-2.000000E-1	7.364303E-5	-7.364303E-5	-2.313564E-10	3.523496E+2
-1.500000E-1	1.807319E-5	-1.807319E-5	-5.677861E-11	3.535244E+2
-1.000000E-1	1.306084E-5	1.306084E-5	4.103184E-11	3.546396E+2
-5.000000E-2	8.899613E-5	8.899613E-5	2.795896E-10	3.550078E+2
0.000000E+0	1.531762E-4	1.531762E-4	4.812173E-10	3.553760E+2
0.000000E+0	1.134065E-4	1.134065E-4	3.562771E-10	3.557451E+2
5.000000E-2	1.893794E-4	1.893794E-4	5.949528E-10	3.561133E+2
1.000000E-1	2.330044E-4	2.330044E-4	7.320048E-10	3.564814E+2
1.500000E-1	2.700030E-4	2.700030E-4	8.482396E-10	3.568496E+2
2.000000E-1	3.022966E-4	3.022966E-4	9.496928E-10	3.572188E+2
2.500000E-1	3.264373E-4	3.264373E-4	1.025533E-9	3.575869E+2
3.000000E-1	3.555432E-4	3.555432E-4	1.116972E-9	3.587021E+2
3.500000E-1	4.114935E-4	4.114935E-4	1.292745E-9	3.590693E+2
4.000000E-1	4.556702E-4	4.556702E-4	1.431530E-9	3.594375E+2
4.500000E-1	4.959192E-4	4.959192E-4	1.557976E-9	3.598047E+2
5.000000E-1	5.347475E-4	5.347475E-4	1.679959E-9	3.601729E+2
5.000000E-1	4.916981E-4	4.916981E-4	1.544715E-9	3.605410E+2
4.500000E-1	3.886427E-4	3.886427E-4	1.220957E-9	3.609082E+2
4.000000E-1	2.715396E-4	2.715396E-4	8.530667E-10	3.616494E+2
3.500000E-1	2.218154E-4	2.218154E-4	6.968537E-10	3.620176E+2
3.000000E-1	1.739301E-4	1.739301E-4	5.464175E-10	3.623857E+2
2.500000E-1	1.210191E-4	1.210191E-4	3.801928E-10	3.627549E+2
2.000000E-1	6.482935E-5	6.482935E-5	2.036674E-10	3.631230E+2
1.500000E-1	7.003101E-5	7.003101E-5	2.200089E-10	3.647100E+2
1.000000E-1	1.800848E-5	1.800848E-5	5.657531E-11	3.658848E+2
5.000000E-2	1.238816E-5	-1.238816E-5	-3.891854E-11	3.669990E+2
0.000000E+0	8.896914E-5	-8.896914E-5	-2.795048E-10	3.673682E+2
-5.000000E-2	1.527380E-4	-1.527380E-4	-4.798406E-10	3.677363E+2
-1.000000E-1	2.045576E-4	-2.045576E-4	-6.426365E-10	3.681055E+2
-1.500000E-1	2.424184E-4	-2.424184E-4	-7.615800E-10	3.684736E+2
-2.000000E-1	2.771104E-4	-2.771104E-4	-8.705680E-10	3.688418E+2
-2.500000E-1	3.073543E-4	-3.073543E-4	-9.655819E-10	3.692100E+2
-3.000000E-1	3.283885E-4	-3.283885E-4	-1.031663E-9	3.695791E+2
-3.500000E-1	3.527310E-4	-3.527310E-4	-1.108137E-9	3.706934E+2
-4.000000E-1	4.108601E-4	-4.108601E-4	-1.290755E-9	3.710615E+2
-4.500000E-1	4.474230E-4	-4.474230E-4	-1.405621E-9	3.714287E+2
-5.000000E-1	4.863177E-4	-4.863177E-4	-1.527812E-9	3.717969E+2
-5.000000E-1	4.570013E-4	-4.570013E-4	-1.435712E-9	3.721650E+2
-4.500000E-1	3.545199E-4	-3.545199E-4	-1.113757E-9	3.725322E+2
-4.000000E-1	2.501528E-4	-2.501528E-4	-7.858781E-10	3.732734E+2
-3.500000E-1	1.976682E-4	-1.976682E-4	-6.209929E-10	3.736416E+2
-3.000000E-1	1.425737E-4	-1.425737E-4	-4.479084E-10	3.740107E+2
-2.500000E-1	8.301764E-5	-8.301764E-5	-2.608076E-10	3.743789E+2
-2.000000E-1	6.986625E-5	-6.986625E-5	-2.194913E-10	3.759658E+2
-1.500000E-1	1.981735E-5	-1.981735E-5	-6.225803E-11	3.771406E+2
-1.000000E-1	2.294446E-5	2.294446E-5	7.208216E-11	3.778437E+2
-5.000000E-2	7.102149E-5	7.102149E-5	2.231206E-10	3.789580E+2
0.000000E+0	3.195959E-5	3.195959E-5	1.004040E-10	3.793271E+2
0.000000E+0	1.486641E-4	1.486641E-4	4.670421E-10	3.796953E+2
5.000000E-2	1.938283E-4	1.938283E-4	6.089294E-10	3.800645E+2
1.000000E-1	2.338714E-4	2.338714E-4	7.347286E-10	3.804326E+2
1.500000E-1	2.701473E-4	2.701473E-4	8.486929E-10	3.808008E+2
2.000000E-1	3.024328E-4	3.024328E-4	9.501205E-10	3.811689E+2
2.500000E-1	3.262928E-4	3.262928E-4	1.025079E-9	3.815371E+2
3.000000E-1	2.310185E-5	2.310185E-5	7.257661E-11	3.826523E+2
3.500000E-1	4.321429E-4	4.321429E-4	1.357617E-9	3.855254E+2
4.000000E-1	4.455829E-4	4.455829E-4	1.399840E-9	3.858926E+2
4.500000E-1	4.811830E-4	4.811830E-4	1.511681E-9	3.862607E+2
5.000000E-1	5.174512E-4	5.174512E-4	1.625621E-9	3.866279E+2
5.000000E-1	4.777647E-4	4.777647E-4	1.500942E-9	3.869961E+2
4.500000E-1	3.743241E-4	3.743241E-4	1.175974E-9	3.873643E+2
4.000000E-1	2.661818E-4	2.661818E-4	8.362347E-10	3.881045E+2
3.500000E-1	2.145830E-4	2.145830E-4	6.741325E-10	3.884736E+2
3.000000E-1	1.668696E-4	1.668696E-4	5.242362E-10	3.888418E+2
2.500000E-1	1.085225E-4	1.085225E-4	3.409336E-10	3.892100E+2
2.000000E-1	5.344490E-5	5.344490E-5	1.679021E-10	3.895781E+2
1.500000E-1	2.201403E-5	2.201403E-5	6.915910E-11	3.907529E+2
1.000000E-1	1.786295E-5	1.786295E-5	5.611811E-11	3.918682E+2
5.000000E-2	5.884318E-5	-5.884318E-5	-1.848613E-10	3.922363E+2
0.000000E+0	1.172307E-4	-1.172307E-4	-3.682911E-10	3.926055E+2
-5.000000E-2	1.784056E-4	-1.784056E-4	-5.604776E-10	3.929736E+2
-1.000000E-1	2.178972E-4	-2.178972E-4	-6.845441E-10	3.933428E+2
-1.500000E-1	2.528950E-4	-2.528950E-4	-7.944930E-10	3.937109E+2
-2.000000E-1	2.851734E-4	-2.851734E-4	-8.958986E-10	3.940791E+2
-2.500000E-1	3.123106E-4	-3.123106E-4	-9.811528E-10	3.944473E+2
-3.000000E-1	3.243705E-4	-3.243705E-4	-1.019040E-9	3.955625E+2
-3.500000E-1	3.739737E-4	-3.739737E-4	-1.174873E-9	3.959307E+2
-4.000000E-1	4.289808E-4	-4.289808E-4	-1.347683E-9	3.962979E+2
-4.500000E-1	4.666706E-4	-4.666706E-4	-1.466089E-9	3.966660E+2
-5.000000E-1	5.047762E-4	-5.047762E-4	-1.585801E-9	3.970332E+2
-5.000000E-1	4.622948E-4	-4.622948E-4	-1.452342E-9	3.974014E+2
-4.500000E-1	3.581992E-4	-3.581992E-4	-1.125316E-9	3.977695E+2
-4.000000E-1	2.516329E-4	-2.516329E-4	-7.905280E-10	3.985098E+2
-3.500000E-1	2.004662E-4	-2.004662E-4	-6.297832E-10	3.988789E+2
-3.000000E-1	1.476662E-4	-1.476662E-4	-4.639070E-10	3.992471E+2
-2.500000E-1	8.677376E-5	-8.677376E-5	-2.726078E-10	3.996152E+2
-2.000000E-1	8.253578E-5	-8.253578E-5	-2.592938E-10	4.012021E+2
-1.500000E-1	1.921047E-5	-1.921047E-5	-6.035146E-11	4.023770E+2
-1.000000E-1	1.548230E-5	1.548230E-5	4.863909E-11	4.034922E+2
-5.000000E-2	8.570574E-5	8.570574E-5	2.692525E-10	4.038604E+2
0.000000E+0	1.487941E-4	1.487941E-4	4.674506E-10	4.042285E+2
0.000000E+0	1.093753E-4	1.093753E-4	3.436126E-10	4.045977E+2
5.000000E-2	1.308737E-4	1.308737E-4	4.111520E-10	4.057119E+2
1.000000E-1	1.756834E-4	1.756834E-4	5.519258E-10	4.064531E+2
1.500000E-1	2.380580E-4	2.380580E-4	7.478812E-10	4.068213E+2
2.000000E-1	2.802190E-4	2.802190E-4	8.803338E-10	4.071904E+2
2.500000E-1	3.134923E-4	3.134923E-4	9.848652E-10	4.075586E+2
3.000000E-1	3.372671E-4	3.372671E-4	1.059556E-9	4.086729E+2
3.500000E-1	3.957066E-4	3.957066E-4	1.243149E-9	4.090410E+2
4.000000E-1	4.414621E-4	4.414621E-4	1.386894E-9	4.094082E+2
4.500000E-1	4.833233E-4	4.833233E-4	1.518405E-9	4.097764E+2
5.000000E-1	5.232715E-4	5.232715E-4	1.643906E-9	4.101445E+2
5.000000E-1	4.819371E-4	4.819371E-4	1.514050E-9	4.105117E+2
4.500000E-1	3.786895E-4	3.786895E-4	1.189688E-9	4.108799E+2
4.000000E-1	2.685081E-4	2.685081E-4	8.435430E-10	4.116211E+2
3.500000E-1	2.171102E-4	2.171102E-4	6.820719E-10	4.119893E+2
3.000000E-1	1.681704E-4	1.681704E-4	5.283230E-10	4.123574E+2
2.500000E-1	1.133701E-4	1.133701E-4	3.561627E-10	4.127256E+2
2.000000E-1	5.765926E-5	5.765926E-5	1.811419E-10	4.130947E+2
1.500000E-1	6.437779E-5	6.437779E-5	2.022488E-10	4.146816E+2
1.000000E-1	1.650019E-5	1.650019E-5	5.183686E-11	4.158555E+2
5.000000E-2	1.781761E-5	-1.781761E-5	-5.597567E-11	4.169707E+2
0.000000E+0	9.397036E-5	-9.397036E-5	-2.952166E-10	4.173389E+2
-5.000000E-2	1.589882E-4	-1.589882E-4	-4.994763E-10	4.177080E+2
-1.000000E-1	1.448091E-4	-1.448091E-4	-4.549312E-10	4.188232E+2
-1.500000E-1	1.803268E-4	-1.803268E-4	-5.665134E-10	4.195645E+2
-2.000000E-1	2.428651E-4	-2.428651E-4	-7.629831E-10	4.199326E+2
-2.500000E-1	2.845615E-4	-2.845615E-4	-8.939763E-10	4.203008E+2
-3.000000E-1	3.165864E-4	-3.165864E-4	-9.945856E-10	4.206689E+2
-3.500000E-1	3.420892E-4	-3.420892E-4	-1.074705E-9	4.217842E+2
-4.000000E-1	3.995588E-4	-3.995588E-4	-1.255251E-9	4.221514E+2
-4.500000E-1	4.446741E-4	-4.446741E-4	-1.396985E-9	4.225195E+2
-5.000000E-1	4.859819E-4	-4.859819E-4	-1.526757E-9	4.228877E+2
-5.000000E-1	4.457217E-4	-4.457217E-4	-1.400276E-9	4.232549E+2
-4.500000E-1	3.433574E-4	-3.433574E-4	-1.078689E-9	4.236230E+2
-4.000000E-1	2.472116E-4	-2.472116E-4	-7.766382E-10	4.243643E+2
-3.500000E-1	1.936025E-4	-1.936025E-4	-6.082203E-10	4.247324E+2
-3.000000E-1	1.361065E-4	-1.361065E-4	-4.275911E-10	4.251006E+2
-2.500000E-1	7.664046E-5	-7.664046E-5	-2.407731E-10	4.254688E+2
-2.000000E-1	7.689403E-5	-7.689403E-5	-2.415697E-10	4.270557E+2
-1.500000E-1	1.796498E-5	-1.796498E-5	-5.643866E-11	4.282305E+2
-1.000000E-1	2.457661E-5	2.457661E-5	7.720968E-11	4.289336E+2
-5.000000E-2	6.305872E-5	6.305872E-5	1.981048E-10	4.300488E+2
0.000000E+0	1.390393E-4	1.390393E-4	4.368048E-10	4.304170E+2
0.000000E+0	1.064537E-4	1.064537E-4	3.344343E-10	4.307861E+2
5.000000E-2	1.851163E-4	1.851163E-4	5.815600E-10	4.311543E+2
1.000000E-1	2.295924E-4	2.295924E-4	7.212858E-10	4.315225E+2
1.500000E-1	2.680371E-4	2.680371E-4	8.420635E-10	4.318906E+2
2.000000E-1	3.010759E-4	3.010759E-4	9.458577E-10	4.322598E+2
2.500000E-1	3.262902E-4	3.262902E-4	1.025071E-9	4.326279E+2
3.000000E-1	3.550546E-4	3.550546E-4	1.115437E-9	4.337422E+2
3.500000E-1	4.110988E-4	4.110988E-4	1.291505E-9	4.341104E+2
4.000000E-1	4.550940E-4	4.550940E-4	1.429720E-9	4.344775E+2
4.500000E-1	4.955916E-4	4.955916E-4	1.556947E-9	4.348457E+2
5.000000E-1	5.342608E-4	5.342608E-4	1.678430E-9	4.352139E+2
5.000000E-1	4.919954E-4	4.919954E-4	1.545649E-9	4.355811E+2
4.500000E-1	3.878718E-4	3.878718E-4	1.218535E-9	4.359492E+2
4.000000E-1	3.178245E-4	3.178245E-4	9.984751E-10	4.374365E+2
3.500000E-1	2.256947E-4	2.256947E-4	7.090408E-10	4.381768E+2
3.000000E-1	1.685891E-4	1.685891E-4	5.296384E-10	4.385459E+2
2.500000E-1	1.101368E-4	1.101368E-4	3.460049E-10	4.389141E+2
2.000000E-1	5.319452E-5	5.319452E-5	1.671155E-10	4.392822E+2
1.500000E-1	5.954862E-5	5.954862E-5	1.870775E-10	4.408691E+2
1.000000E-1	1.347599E-5	1.347599E-5	4.233608E-11	4.420439E+2
5.000000E-2	2.315426E-5	-2.315426E-5	-7.274126E-11	4.431592E+2
0.000000E+0	9.814000E-5	-9.814000E-5	-3.083159E-10	4.435273E+2
-5.000000E-2	1.617949E-4	-1.617949E-4	-5.082937E-10	4.438965E+2
-1.000000E-1	1.479269E-4	-1.479269E-4	-4.647260E-10	4.450107E+2
-1.500000E-1	1.844757E-4	-1.844757E-4	-5.795476E-10	4.457520E+2
-2.000000E-1	2.467234E-4	-2.467234E-4	-7.751045E-10	4.461201E+2
-2.500000E-1	2.879930E-4	-2.879930E-4	-9.047566E-10	4.464883E+2
-3.000000E-1	3.195557E-4	-3.195557E-4	-1.003914E-9	4.468574E+2
-3.500000E-1	3.440150E-4	-3.440150E-4	-1.080755E-9	4.479717E+2
-4.000000E-1	4.015954E-4	-4.015954E-4	-1.261649E-9	4.483398E+2
-4.500000E-1	4.468721E-4	-4.468721E-4	-1.403890E-9	4.487070E+2
-5.000000E-1	4.882304E-4	-4.882304E-4	-1.533821E-9	4.490752E+2
-5.000000E-1	4.475927E-4	-4.475927E-4	-1.406154E-9	4.494434E+2
-4.500000E-1	3.450680E-4	-3.450680E-4	-1.084063E-9	4.498105E+2
-4.000000E-1	2.465924E-4	-2.465924E-4	-7.746929E-10	4.505518E+2
-3.500000E-1	1.938544E-4	-1.938544E-4	-6.090116E-10	4.509199E+2
-3.000000E-1	1.382891E-4	-1.382891E-4	-4.344479E-10	4.512881E+2
-2.500000E-1	7.862257E-5	-7.862257E-5	-2.470001E-10	4.516572E+2
-2.000000E-1	8.120645E-5	-8.120645E-5	-2.551176E-10	4.532441E+2
-1.500000E-1	3.765233E-5	-3.765233E-5	-1.182883E-10	4.549971E+2
-1.000000E-1	3.909154E-5	3.909154E-5	1.228097E-10	4.553662E+2
-5.000000E-2	9.922861E-5	9.922861E-5	3.117359E-10	4.557344E+2
0.000000E+0	1.623176E-4	1.623176E-4	5.099358E-10	4.561025E+2
0.000000E+0	1.172738E-4	1.172738E-4	3.684264E-10	4.564717E+2
5.000000E-2	1.895334E-4	1.895334E-4	5.954366E-10	4.568398E+2
1.000000E-1	1.820725E-4	1.820725E-4	5.719976E-10	4.579551E+2
1.500000E-1	2.085000E-4	2.085000E-4	6.550222E-10	4.586953E+2
2.000000E-1	2.692904E-4	2.692904E-4	8.460007E-10	4.590635E+2
2.500000E-1	3.084952E-4	3.084952E-4	9.691663E-10	4.594326E+2
3.000000E-1	3.317795E-4	3.317795E-4	1.042316E-9	4.598008E+2
3.500000E-1	3.814451E-4	3.814451E-4	1.198345E-9	4.609150E+2
4.000000E-1	4.371082E-4	4.371082E-4	1.373216E-9	4.612832E+2
4.500000E-1	4.810920E-4	4.810920E-4	1.511395E-9	4.616514E+2
5.000000E-1	5.218436E-4	5.218436E-4	1.639420E-9	4.620186E+2
5.000000E-1	4.809567E-4	4.809567E-4	1.510970E-9	4.623867E+2
4.500000E-1	3.779475E-4	3.779475E-4	1.187357E-9	4.627539E+2
4.000000E-1	3.104425E-4	3.104425E-4	9.752839E-10	4.642412E+2
3.500000E-1	2.228062E-4	2.228062E-4	6.999664E-10	4.649824E+2
3.000000E-1	1.656292E-4	1.656292E-4	5.203393E-10	4.653506E+2
2.500000E-1	1.040153E-4	1.040153E-4	3.267737E-10	4.657188E+2
2.000000E-1	4.741503E-5	4.741503E-5	1.489587E-10	4.660879E+2
1.500000E-1	5.531490E-5	5.531490E-5	1.737769E-10	4.676748E+2
1.000000E-1	9.472985E-6	9.472985E-6	2.976026E-11	4.688486E+2
5.000000E-2	1.794854E-5	-1.794854E-5	-5.638701E-11	4.703320E+2
0.000000E+0	9.522036E-5	-9.522036E-5	-2.991436E-10	4.707002E+2
-5.000000E-2	1.602514E-4	-1.602514E-4	-5.034446E-10	4.710684E+2
-1.000000E-1	1.485285E-4	-1.485285E-4	-4.666161E-10	4.721836E+2
-1.500000E-1	1.843671E-4	-1.843671E-4	-5.792063E-10	4.729248E+2
-2.000000E-1	2.465056E-4	-2.465056E-4	-7.744202E-10	4.732930E+2
-2.500000E-1	2.877963E-4	-2.877963E-4	-9.041389E-10	4.736611E+2
-3.000000E-1	3.186833E-4	-3.186833E-4	-1.001173E-9	4.740293E+2
-3.500000E-1	3.465745E-4	-3.465745E-4	-1.088796E-9	4.751445E+2
-4.000000E-1	4.039521E-4	-4.039521E-4	-1.269053E-9	4.755127E+2
-4.500000E-1	4.490748E-4	-4.490748E-4	-1.410810E-9	4.758799E+2
-5.000000E-1	4.903471E-4	-4.903471E-4	-1.540471E-9	4.762480E+2
-5.000000E-1	4.496706E-4	-4.496706E-4	-1.412682E-9	4.766152E+2
-4.500000E-1	3.470775E-4	-3.470775E-4	-1.090376E-9	4.769834E+2
-4.000000E-1	2.791993E-4	-2.791993E-4	-8.771304E-10	4.784707E+2
-3.500000E-1	1.980801E-4	-1.980801E-4	-6.222870E-10	4.792119E+2
-3.000000E-1	1.340868E-4	-1.340868E-4	-4.212461E-10	4.795801E+2
-2.500000E-1	7.148766E-5	-7.148766E-5	-2.245851E-10	4.799482E+2
-2.000000E-1	7.221194E-5	-7.221194E-5	-2.268605E-10	4.815352E+2
-1.500000E-1	1.407337E-5	-1.407337E-5	-4.421281E-11	4.827100E+2
-1.000000E-1	2.539213E-5	2.539213E-5	7.977174E-11	4.834131E+2
-5.000000E-2	7.114108E-5	7.114108E-5	2.234963E-10	4.845283E+2
0.000000E+0	1.465969E-4	1.465969E-4	4.605477E-10	4.848965E+2
0.000000E+0	1.114694E-4	1.114694E-4	3.501914E-10	4.852656E+2
5.000000E-2	1.358874E-4	1.358874E-4	4.269030E-10	4.863799E+2
1.000000E-1	1.788338E-4	1.788338E-4	5.618228E-10	4.871211E+2
1.500000E-1	2.416145E-4	2.416145E-4	7.590543E-10	4.874893E+2
2.000000E-1	2.842476E-4	2.842476E-4	8.929900E-10	4.878574E+2
2.500000E-1	3.175246E-4	3.175246E-4	9.975329E-10	4.882266E+2
3.000000E-1	3.421446E-4	3.421446E-4	1.074879E-9	4.893408E+2
3.500000E-1	4.004599E-4	4.004599E-4	1.258082E-9	4.897090E+2
4.000000E-1	4.464442E-4	4.464442E-4	1.402546E-9	4.900762E+2
4.500000E-1	4.881276E-4	4.881276E-4	1.533498E-9	4.904443E+2
5.000000E-1	5.279071E-4	5.279071E-4	1.658469E-9	4.908125E+2
5.000000E-1	4.859917E-4	4.859917E-4	1.526788E-9	4.911797E+2
4.500000E-1	3.827508E-4	3.827508E-4	1.202447E-9	4.915479E+2
4.000000E-1	3.139295E-4	3.139295E-4	9.862386E-10	4.930352E+2
3.500000E-1	2.253524E-4	2.253524E-4	7.079656E-10	4.937754E+2
3.000000E-1	1.681317E-4	1.681317E-4	5.282013E-10	4.941445E+2
2.500000E-1	1.071200E-4	1.071200E-4	3.365274E-10	4.945127E+2
2.000000E-1	5.032524E-5	5.032524E-5	1.581014E-10	4.948809E+2
1.500000E-1	5.766756E-5	5.766756E-5	1.811680E-10	4.964678E+2
1.000000E-1	1.174598E-5	1.174598E-5	3.690107E-11	4.976426E+2
5.000000E-2	2.648618E-5	-2.648618E-5	-8.320877E-11	4.987578E+2
0.000000E+0	9.993880E-5	-9.993880E-5	-3.139670E-10	4.991260E+2
-5.000000E-2	1.646719E-4	-1.646719E-4	-5.173321E-10	4.994951E+2
-1.000000E-1	1.497114E-4	-1.497114E-4	-4.703322E-10	5.006094E+2
-1.500000E-1	1.842935E-4	-1.842935E-4	-5.789752E-10	5.013506E+2
-2.000000E-1	2.462113E-4	-2.462113E-4	-7.734956E-10	5.017188E+2
-2.500000E-1	2.873098E-4	-2.873098E-4	-9.026105E-10	5.020869E+2
-3.000000E-1	3.184700E-4	-3.184700E-4	-1.000503E-9	5.024561E+2
-3.500000E-1	3.460821E-4	-3.460821E-4	-1.087249E-9	5.035703E+2
-4.000000E-1	4.036071E-4	-4.036071E-4	-1.267969E-9	5.039385E+2
-4.500000E-1	4.484598E-4	-4.484598E-4	-1.408878E-9	5.043057E+2
-5.000000E-1	4.898761E-4	-4.898761E-4	-1.538991E-9	5.046738E+2
-5.000000E-1	4.493600E-4	-4.493600E-4	-1.411706E-9	5.050420E+2
-4.500000E-1	3.468085E-4	-3.468085E-4	-1.089531E-9	5.054092E+2
-4.000000E-1	2.790559E-4	-2.790559E-4	-8.766801E-10	5.068965E+2
-3.500000E-1	1.976929E-4	-1.976929E-4	-6.210706E-10	5.076377E+2
-3.000000E-1	1.337119E-4	-1.337119E-4	-4.200684E-10	5.080059E+2
-2.500000E-1	7.116610E-5	-7.116610E-5	-2.235749E-10	5.083740E+2
-2.000000E-1	7.572478E-5	-7.572478E-5	-2.378964E-10	5.101279E+2
-1.500000E-1	3.156216E-5	-3.156216E-5	-9.915546E-11	5.117148E+2
-1.000000E-1	4.625673E-5	4.625673E-5	1.453198E-10	5.120830E+2
-5.000000E-2	1.060289E-4	1.060289E-4	3.330995E-10	5.124521E+2
0.000000E+0	1.688846E-4	1.688846E-4	5.305665E-10	5.128203E+2
