voltage_10_2_16_2	absJ_10_2_16_2	J_10_2_16_2	current_10_2_16_2	time_10_2_16_2	
0.000000E+0	1.052316E-6	-1.052316E-6	-1.469311E-12	0.000000E+0
5.000000E-2	2.528074E-5	2.528074E-5	3.529857E-11	7.031250E-1
1.000000E-1	5.307481E-5	5.307481E-5	7.410641E-11	1.406250E+0
1.500000E-1	4.745141E-5	4.745141E-5	6.625467E-11	2.521484E+0
2.000000E-1	4.831333E-5	4.831333E-5	6.745813E-11	3.696289E+0
2.500000E-1	6.493564E-5	6.493564E-5	9.066725E-11	4.812500E+0
3.000000E-1	9.423387E-5	9.423387E-5	1.315753E-10	5.180664E+0
3.500000E-1	1.107397E-4	1.107397E-4	1.546218E-10	5.548828E+0
4.000000E-1	1.841438E-4	1.841438E-4	2.571133E-10	5.916992E+0
4.500000E-1	3.285422E-4	3.285422E-4	4.587314E-10	6.286133E+0
5.000000E-1	5.442393E-4	5.442393E-4	7.599014E-10	6.654297E+0
5.000000E-1	4.970157E-4	4.970157E-4	6.939648E-10	7.022461E+0
4.500000E-1	3.699227E-4	3.699227E-4	5.165095E-10	7.391602E+0
4.000000E-1	3.862911E-4	3.862911E-4	5.393641E-10	7.759766E+0
3.500000E-1	3.487287E-4	3.487287E-4	4.869172E-10	8.128906E+0
3.000000E-1	2.997366E-4	2.997366E-4	4.185112E-10	8.497070E+0
2.500000E-1	2.387673E-4	2.387673E-4	3.333820E-10	8.865234E+0
2.000000E-1	1.636905E-4	1.636905E-4	2.285550E-10	9.234375E+0
1.500000E-1	1.162251E-4	1.162251E-4	1.622809E-10	9.602539E+0
1.000000E-1	7.812910E-5	7.812910E-5	1.090888E-10	9.970703E+0
5.000000E-2	2.996139E-5	2.996139E-5	4.183399E-11	1.114648E+1
0.000000E+0	7.115199E-7	-7.115199E-7	-9.934692E-13	1.184961E+1
-5.000000E-2	3.515088E-5	-3.515088E-5	-4.907989E-11	1.255273E+1
-1.000000E-1	7.211197E-5	-7.211197E-5	-1.006873E-10	1.325684E+1
-1.500000E-1	7.448860E-5	-7.448860E-5	-1.040057E-10	1.395996E+1
-2.000000E-1	1.190124E-4	-1.190124E-4	-1.661727E-10	1.507520E+1
-2.500000E-1	1.329565E-4	-1.329565E-4	-1.856423E-10	1.544336E+1
-3.000000E-1	1.849440E-4	-1.849440E-4	-2.582305E-10	1.581250E+1
-3.500000E-1	2.375989E-4	-2.375989E-4	-3.317507E-10	1.618066E+1
-4.000000E-1	2.821183E-4	-2.821183E-4	-3.939115E-10	1.654883E+1
-4.500000E-1	3.721672E-4	-3.721672E-4	-5.196434E-10	1.691797E+1
-5.000000E-1	5.539852E-4	-5.539852E-4	-7.735093E-10	1.728613E+1
-5.000000E-1	6.786307E-4	-6.786307E-4	-9.475472E-10	1.765430E+1
-4.500000E-1	3.330776E-4	-3.330776E-4	-4.650641E-10	1.802344E+1
-4.000000E-1	5.970521E-4	-5.970521E-4	-8.336420E-10	1.839160E+1
-3.500000E-1	5.552908E-4	-5.552908E-4	-7.753322E-10	1.875977E+1
-3.000000E-1	3.105764E-4	-3.105764E-4	-4.336465E-10	1.912891E+1
-2.500000E-1	3.291377E-4	-3.291377E-4	-4.595629E-10	1.949707E+1
-2.000000E-1	1.305363E-4	-1.305363E-4	-1.822631E-10	1.986523E+1
-1.500000E-1	6.144121E-5	-6.144121E-5	-8.578811E-11	2.104102E+1
-1.000000E-1	3.767816E-5	-3.767816E-5	-5.260863E-11	2.174414E+1
-5.000000E-2	2.349693E-5	-2.349693E-5	-3.280791E-11	2.244727E+1
0.000000E+0	1.193225E-6	-1.193225E-6	-1.666056E-12	2.315039E+1
0.000000E+0	9.446642E-7	-9.446642E-7	-1.319000E-12	2.385352E+1
5.000000E-2	1.832455E-5	1.832455E-5	2.558590E-11	2.455664E+1
1.000000E-1	3.845045E-5	3.845045E-5	5.368695E-11	2.525977E+1
1.500000E-1	1.039658E-4	1.039658E-4	1.451637E-10	2.654297E+1
2.000000E-1	1.310427E-4	1.310427E-4	1.829701E-10	2.691113E+1
2.500000E-1	1.904004E-4	1.904004E-4	2.658491E-10	2.727930E+1
3.000000E-1	1.721828E-4	1.721828E-4	2.404126E-10	2.764844E+1
3.500000E-1	2.025443E-4	2.025443E-4	2.828052E-10	2.801660E+1
4.000000E-1	2.782840E-4	2.782840E-4	3.885577E-10	2.838477E+1
4.500000E-1	2.369536E-4	2.369536E-4	3.308497E-10	2.875391E+1
5.000000E-1	2.079933E-4	2.079933E-4	2.904135E-10	2.912207E+1
5.000000E-1	2.365352E-4	2.365352E-4	3.302655E-10	2.949023E+1
4.500000E-1	1.877853E-4	1.877853E-4	2.621978E-10	2.985937E+1
4.000000E-1	1.146843E-4	1.146843E-4	1.601295E-10	3.022754E+1
3.500000E-1	1.145308E-4	1.145308E-4	1.599152E-10	3.059570E+1
3.000000E-1	1.453210E-4	1.453210E-4	2.029064E-10	3.096387E+1
2.500000E-1	1.027344E-4	1.027344E-4	1.434443E-10	3.133301E+1
2.000000E-1	8.489974E-5	8.489974E-5	1.185424E-10	3.170117E+1
1.500000E-1	1.186031E-4	1.186031E-4	1.656012E-10	3.206934E+1
1.000000E-1	1.029859E-4	1.029859E-4	1.437954E-10	3.243848E+1
5.000000E-2	2.882147E-5	2.882147E-5	4.024236E-11	3.361328E+1
0.000000E+0	9.263567E-7	-9.263567E-7	-1.293438E-12	3.431641E+1
-5.000000E-2	5.015663E-5	-5.015663E-5	-7.003187E-11	3.576660E+1
-1.000000E-1	7.814586E-5	-7.814586E-5	-1.091122E-10	3.613477E+1
-1.500000E-1	1.287776E-4	-1.287776E-4	-1.798075E-10	3.650391E+1
-2.000000E-1	1.810385E-4	-1.810385E-4	-2.527774E-10	3.687207E+1
-2.500000E-1	2.173087E-4	-2.173087E-4	-3.034202E-10	3.724023E+1
-3.000000E-1	3.210549E-4	-3.210549E-4	-4.482772E-10	3.760937E+1
-3.500000E-1	4.080715E-4	-4.080715E-4	-5.697753E-10	3.797754E+1
-4.000000E-1	5.574203E-4	-5.574203E-4	-7.783056E-10	3.834570E+1
-4.500000E-1	6.544990E-4	-6.544990E-4	-9.138530E-10	3.871484E+1
-5.000000E-1	8.178106E-4	-8.178106E-4	-1.141879E-9	3.983008E+1
-5.000000E-1	8.390831E-4	-8.390831E-4	-1.171581E-9	4.019727E+1
-4.500000E-1	7.326648E-4	-7.326648E-4	-1.022993E-9	4.056543E+1
-4.000000E-1	4.765099E-4	-4.765099E-4	-6.653333E-10	4.130664E+1
-3.500000E-1	3.863235E-4	-3.863235E-4	-5.394094E-10	4.167480E+1
-3.000000E-1	2.966115E-4	-2.966115E-4	-4.141478E-10	4.204395E+1
-2.500000E-1	2.434730E-4	-2.434730E-4	-3.399524E-10	4.241211E+1
-2.000000E-1	2.123315E-4	-2.123315E-4	-2.964707E-10	4.278027E+1
-1.500000E-1	1.057013E-4	-1.057013E-4	-1.475869E-10	4.314941E+1
-1.000000E-1	9.111397E-5	-9.111397E-5	-1.272191E-10	4.473633E+1
-5.000000E-2	2.396547E-5	-2.396547E-5	-3.346211E-11	4.591211E+1
0.000000E+0	1.355612E-6	-1.355612E-6	-1.892791E-12	4.661523E+1
0.000000E+0	1.294416E-6	-1.294416E-6	-1.807346E-12	4.731836E+1
5.000000E-2	2.586412E-5	2.586412E-5	3.611312E-11	4.802148E+1
1.000000E-1	2.368579E-6	2.368579E-6	3.307160E-12	4.872461E+1
1.500000E-1	5.019005E-6	5.019005E-6	7.007853E-12	4.942773E+1
2.000000E-1	5.774098E-6	5.774098E-6	8.062162E-12	5.013086E+1
2.500000E-1	2.961262E-5	2.961262E-5	4.134702E-11	5.083496E+1
3.000000E-1	8.537744E-6	8.537744E-6	1.192094E-11	5.153809E+1
3.500000E-1	7.076386E-6	7.076386E-6	9.880499E-12	5.224121E+1
4.000000E-1	8.180598E-6	8.180598E-6	1.142227E-11	5.294434E+1
4.500000E-1	1.155367E-5	1.155367E-5	1.613196E-11	5.364746E+1
5.000000E-1	1.163459E-5	1.163459E-5	1.624495E-11	5.435059E+1
5.000000E-1	1.468213E-5	1.468213E-5	2.050012E-11	5.505371E+1
4.500000E-1	1.060033E-5	1.060033E-5	1.480085E-11	5.575684E+1
4.000000E-1	7.016314E-6	7.016314E-6	9.796622E-12	5.645996E+1
3.500000E-1	4.980072E-6	4.980072E-6	6.953493E-12	5.716309E+1
3.000000E-1	2.978739E-6	2.978739E-6	4.159104E-12	5.786621E+1
2.500000E-1	2.180976E-6	2.180976E-6	3.045217E-12	5.856934E+1
2.000000E-1	1.325367E-6	1.325367E-6	1.850561E-12	5.927344E+1
1.500000E-1	6.799032E-7	6.799032E-7	9.493240E-13	5.997656E+1
1.000000E-1	7.821182E-8	-7.821182E-8	-1.092043E-13	6.067969E+1
5.000000E-2	7.367063E-7	-7.367063E-7	-1.028636E-12	6.138281E+1
0.000000E+0	1.349767E-6	-1.349767E-6	-1.884631E-12	6.208594E+1
-5.000000E-2	1.920727E-6	-1.920727E-6	-2.681841E-12	6.278906E+1
-1.000000E-1	2.389670E-6	-2.389670E-6	-3.336609E-12	6.349219E+1
-1.500000E-1	3.050669E-6	-3.050669E-6	-4.259537E-12	6.419531E+1
-2.000000E-1	3.636487E-6	-3.636487E-6	-5.077494E-12	6.489941E+1
-2.500000E-1	4.014765E-6	-4.014765E-6	-5.605669E-12	6.560254E+1
-3.000000E-1	4.929979E-6	-4.929979E-6	-6.883549E-12	6.630566E+1
-3.500000E-1	6.154990E-6	-6.154990E-6	-8.593987E-12	6.700879E+1
-4.000000E-1	6.556554E-6	-6.556554E-6	-9.154677E-12	6.771191E+1
-4.500000E-1	6.773697E-6	-6.773697E-6	-9.457865E-12	6.841504E+1
-5.000000E-1	7.641789E-6	-7.641789E-6	-1.066995E-11	6.911816E+1
-5.000000E-1	8.484774E-6	-8.484774E-6	-1.184698E-11	6.982129E+1
-4.500000E-1	6.641425E-6	-6.641425E-6	-9.273179E-12	7.052441E+1
-4.000000E-1	6.014101E-6	-6.014101E-6	-8.397269E-12	7.122754E+1
-3.500000E-1	5.594019E-6	-5.594019E-6	-7.810724E-12	7.193066E+1
-3.000000E-1	4.514310E-6	-4.514310E-6	-6.303166E-12	7.263379E+1
-2.500000E-1	3.940926E-6	-3.940926E-6	-5.502571E-12	7.333691E+1
-2.000000E-1	3.349054E-6	-3.349054E-6	-4.676162E-12	7.404004E+1
-1.500000E-1	2.725516E-6	-2.725516E-6	-3.805539E-12	7.474316E+1
-1.000000E-1	2.082130E-6	-2.082130E-6	-2.907202E-12	7.544629E+1
-5.000000E-2	1.532789E-6	-1.532789E-6	-2.140177E-12	7.614941E+1
0.000000E+0	1.100969E-6	-1.100969E-6	-1.537243E-12	7.685254E+1
0.000000E+0	1.034913E-6	-1.034913E-6	-1.445011E-12	7.755664E+1
5.000000E-2	2.415632E-7	-2.415632E-7	-3.372858E-13	7.825977E+1
1.000000E-1	2.206609E-7	2.206609E-7	3.081008E-13	7.896289E+1
1.500000E-1	9.803164E-7	9.803164E-7	1.368780E-12	7.966602E+1
2.000000E-1	1.813184E-6	1.813184E-6	2.531683E-12	8.036914E+1
2.500000E-1	2.960043E-6	2.960043E-6	4.132999E-12	8.107227E+1
3.000000E-1	3.856681E-6	3.856681E-6	5.384942E-12	8.177539E+1
3.500000E-1	5.344743E-6	5.344743E-6	7.462669E-12	8.247852E+1
4.000000E-1	6.169521E-6	6.169521E-6	8.614276E-12	8.318164E+1
4.500000E-1	8.091546E-6	8.091546E-6	1.129793E-11	8.388477E+1
5.000000E-1	9.662883E-6	9.662883E-6	1.349193E-11	8.458789E+1
5.000000E-1	9.636054E-6	9.636054E-6	1.345447E-11	8.529102E+1
4.500000E-1	7.008949E-6	7.008949E-6	9.786338E-12	8.599414E+1
4.000000E-1	7.236944E-6	7.236944E-6	1.010468E-11	8.669727E+1
3.500000E-1	5.126398E-6	5.126398E-6	7.157802E-12	8.740039E+1
3.000000E-1	3.380790E-6	3.380790E-6	4.720474E-12	8.810352E+1
2.500000E-1	2.730357E-6	2.730357E-6	3.812298E-12	8.880664E+1
2.000000E-1	3.869443E-7	-3.869443E-7	-5.402762E-13	8.950977E+1
1.500000E-1	1.254967E-6	1.254967E-6	1.752265E-12	9.021289E+1
1.000000E-1	9.943805E-7	-9.943805E-7	-1.388417E-12	9.091602E+1
5.000000E-2	9.541961E-7	-9.541961E-7	-1.332309E-12	9.162012E+1
0.000000E+0	1.478819E-6	-1.478819E-6	-2.064821E-12	9.232324E+1
-5.000000E-2	1.886943E-6	-1.886943E-6	-2.634670E-12	9.302637E+1
-1.000000E-1	2.328524E-6	-2.328524E-6	-3.251233E-12	9.372949E+1
-1.500000E-1	2.932243E-6	-2.932243E-6	-4.094183E-12	9.443262E+1
-2.000000E-1	3.397449E-6	-3.397449E-6	-4.743733E-12	9.513574E+1
-2.500000E-1	3.953827E-6	-3.953827E-6	-5.520584E-12	9.583887E+1
-3.000000E-1	4.501727E-6	-4.501727E-6	-6.285597E-12	9.654199E+1
-3.500000E-1	4.953187E-6	-4.953187E-6	-6.915954E-12	9.724512E+1
-4.000000E-1	5.494090E-6	-5.494090E-6	-7.671197E-12	9.794824E+1
-4.500000E-1	6.134743E-6	-6.134743E-6	-8.565718E-12	9.865137E+1
-5.000000E-1	6.910749E-6	-6.910749E-6	-9.649226E-12	9.935449E+1
-5.000000E-1	6.439003E-6	-6.439003E-6	-8.990544E-12	1.000576E+2
-4.500000E-1	5.576566E-6	-5.576566E-6	-7.786355E-12	1.007617E+2
-4.000000E-1	4.893890E-6	-4.893890E-6	-6.833159E-12	1.014648E+2
-3.500000E-1	3.686680E-6	-3.686680E-6	-5.147577E-12	1.021680E+2
-3.000000E-1	3.884799E-6	-3.884799E-6	-5.424203E-12	1.028711E+2
-2.500000E-1	3.534829E-6	-3.534829E-6	-4.935552E-12	1.035742E+2
-2.000000E-1	2.827155E-6	-2.827155E-6	-3.947453E-12	1.042773E+2
-1.500000E-1	2.311955E-6	-2.311955E-6	-3.228098E-12	1.049805E+2
-1.000000E-1	1.789509E-6	-1.789509E-6	-2.498626E-12	1.056836E+2
-5.000000E-2	1.336897E-6	-1.336897E-6	-1.866660E-12	1.063867E+2
0.000000E+0	1.399106E-6	-1.399106E-6	-1.953521E-12	1.070898E+2
0.000000E+0	1.310080E-6	-1.310080E-6	-1.829217E-12	1.077939E+2
5.000000E-2	2.239707E-7	-2.239707E-7	-3.127221E-13	1.084971E+2
1.000000E-1	6.007869E-7	6.007869E-7	8.388568E-13	1.092002E+2
1.500000E-1	8.223026E-7	8.223026E-7	1.148151E-12	1.099033E+2
2.000000E-1	1.427671E-6	1.427671E-6	1.993405E-12	1.106064E+2
2.500000E-1	2.283012E-6	2.283012E-6	3.187686E-12	1.113096E+2
3.000000E-1	2.679121E-6	2.679121E-6	3.740758E-12	1.120127E+2
3.500000E-1	4.305387E-6	4.305387E-6	6.011455E-12	1.127158E+2
4.000000E-1	5.026300E-6	5.026300E-6	7.018039E-12	1.134189E+2
4.500000E-1	6.263367E-6	6.263367E-6	8.745310E-12	1.141221E+2
5.000000E-1	8.430823E-6	8.430823E-6	1.177165E-11	1.148252E+2
5.000000E-1	7.948207E-6	7.948207E-6	1.109779E-11	1.155283E+2
4.500000E-1	7.019653E-6	7.019653E-6	9.801285E-12	1.162314E+2
4.000000E-1	4.970561E-6	4.970561E-6	6.940212E-12	1.169346E+2
3.500000E-1	4.248247E-6	4.248247E-6	5.931672E-12	1.176377E+2
3.000000E-1	2.841905E-6	2.841905E-6	3.968048E-12	1.183408E+2
2.500000E-1	1.760457E-6	1.760457E-6	2.458062E-12	1.190439E+2
2.000000E-1	6.843659E-7	6.843659E-7	9.555551E-13	1.197471E+2
1.500000E-1	1.539289E-7	1.539289E-7	2.149253E-13	1.204502E+2
1.000000E-1	2.335123E-7	-2.335123E-7	-3.260447E-13	1.211533E+2
5.000000E-2	8.280573E-7	-8.280573E-7	-1.156186E-12	1.218574E+2
0.000000E+0	1.309434E-6	-1.309434E-6	-1.828315E-12	1.225605E+2
-5.000000E-2	1.788148E-6	-1.788148E-6	-2.496725E-12	1.232637E+2
-1.000000E-1	2.244199E-6	-2.244199E-6	-3.133493E-12	1.239668E+2
-1.500000E-1	2.651946E-6	-2.651946E-6	-3.702816E-12	1.246699E+2
-2.000000E-1	3.094093E-6	-3.094093E-6	-4.320169E-12	1.253730E+2
-2.500000E-1	3.610307E-6	-3.610307E-6	-5.040940E-12	1.260762E+2
-3.000000E-1	4.320078E-6	-4.320078E-6	-6.031967E-12	1.267793E+2
-3.500000E-1	5.085140E-6	-5.085140E-6	-7.100195E-12	1.274824E+2
-4.000000E-1	5.359911E-6	-5.359911E-6	-7.483847E-12	1.281855E+2
-4.500000E-1	5.926785E-6	-5.926785E-6	-8.275353E-12	1.288887E+2
-5.000000E-1	6.632709E-6	-6.632709E-6	-9.261009E-12	1.295918E+2
-5.000000E-1	6.346101E-6	-6.346101E-6	-8.860829E-12	1.302949E+2
-4.500000E-1	5.783163E-6	-5.783163E-6	-8.074819E-12	1.309980E+2
-4.000000E-1	5.203805E-6	-5.203805E-6	-7.265882E-12	1.317012E+2
-3.500000E-1	4.588079E-6	-4.588079E-6	-6.406167E-12	1.324043E+2
-3.000000E-1	4.296442E-6	-4.296442E-6	-5.998965E-12	1.331074E+2
-2.500000E-1	3.899758E-6	-3.899758E-6	-5.445089E-12	1.338105E+2
-2.000000E-1	2.889146E-6	-2.889146E-6	-4.034009E-12	1.345137E+2
-1.500000E-1	2.561858E-6	-2.561858E-6	-3.577028E-12	1.352168E+2
-1.000000E-1	2.016124E-6	-2.016124E-6	-2.815040E-12	1.359199E+2
-5.000000E-2	1.500665E-6	-1.500665E-6	-2.095324E-12	1.366230E+2
0.000000E+0	8.902568E-7	-8.902568E-7	-1.243033E-12	1.373262E+2
0.000000E+0	1.034058E-6	-1.034058E-6	-1.443817E-12	1.380303E+2
5.000000E-2	3.277661E-7	-3.277661E-7	-4.576478E-13	1.387334E+2
1.000000E-1	3.763888E-7	3.763888E-7	5.255379E-13	1.394365E+2
1.500000E-1	8.694441E-7	8.694441E-7	1.213973E-12	1.401396E+2
2.000000E-1	1.684601E-6	1.684601E-6	2.352146E-12	1.408428E+2
2.500000E-1	2.404708E-6	2.404708E-6	3.357606E-12	1.415459E+2
3.000000E-1	3.686024E-6	3.686024E-6	5.146661E-12	1.422490E+2
3.500000E-1	4.544555E-6	4.544555E-6	6.345396E-12	1.429521E+2
4.000000E-1	5.331385E-6	5.331385E-6	7.444018E-12	1.436553E+2
4.500000E-1	7.761286E-6	7.761286E-6	1.083680E-11	1.443584E+2
5.000000E-1	1.016487E-5	1.016487E-5	1.419284E-11	1.450615E+2
5.000000E-1	1.041581E-5	1.041581E-5	1.454321E-11	1.457646E+2
4.500000E-1	7.804179E-6	7.804179E-6	1.089669E-11	1.464678E+2
4.000000E-1	6.455194E-6	6.455194E-6	9.013151E-12	1.471709E+2
3.500000E-1	6.726079E-6	6.726079E-6	9.391377E-12	1.478740E+2
3.000000E-1	4.606974E-6	4.606974E-6	6.432549E-12	1.485771E+2
2.500000E-1	4.465887E-6	4.465887E-6	6.235554E-12	1.492803E+2
2.000000E-1	2.935026E-6	2.935026E-6	4.098069E-12	1.499834E+2
1.500000E-1	1.529787E-6	1.529787E-6	2.135986E-12	1.506865E+2
1.000000E-1	7.776062E-7	7.776062E-7	1.085743E-12	1.513896E+2
5.000000E-2	1.076419E-7	-1.076419E-7	-1.502964E-13	1.520928E+2
0.000000E+0	1.428586E-6	-1.428586E-6	-1.994682E-12	1.527959E+2
-5.000000E-2	2.632008E-6	-2.632008E-6	-3.674977E-12	1.534990E+2
-1.000000E-1	3.132886E-6	-3.132886E-6	-4.374334E-12	1.542021E+2
-1.500000E-1	3.548336E-6	-3.548336E-6	-4.954412E-12	1.549053E+2
-2.000000E-1	3.869195E-6	-3.869195E-6	-5.402415E-12	1.556084E+2
-2.500000E-1	4.502055E-6	-4.502055E-6	-6.286055E-12	1.563115E+2
-3.000000E-1	6.198454E-6	-6.198454E-6	-8.654674E-12	1.570146E+2
-3.500000E-1	7.807653E-6	-7.807653E-6	-1.090154E-11	1.577178E+2
-4.000000E-1	8.000038E-6	-8.000038E-6	-1.117016E-11	1.584209E+2
-4.500000E-1	8.903757E-6	-8.903757E-6	-1.243199E-11	1.591240E+2
-5.000000E-1	1.013388E-5	-1.013388E-5	-1.414956E-11	1.598271E+2
-5.000000E-1	8.800109E-6	-8.800109E-6	-1.228727E-11	1.605303E+2
-4.500000E-1	8.367619E-6	-8.367619E-6	-1.168340E-11	1.612334E+2
-4.000000E-1	8.475471E-6	-8.475471E-6	-1.183399E-11	1.619365E+2
-3.500000E-1	7.130495E-6	-7.130495E-6	-9.956050E-12	1.626396E+2
-3.000000E-1	5.635575E-6	-5.635575E-6	-7.868747E-12	1.633428E+2
-2.500000E-1	4.411231E-6	-4.411231E-6	-6.159240E-12	1.640459E+2
-2.000000E-1	2.748914E-6	-2.748914E-6	-3.838208E-12	1.647490E+2
-1.500000E-1	3.189331E-6	-3.189331E-6	-4.453146E-12	1.654521E+2
-1.000000E-1	2.845613E-6	-2.845613E-6	-3.973225E-12	1.661553E+2
-5.000000E-2	2.214630E-6	-2.214630E-6	-3.092207E-12	1.668584E+2
0.000000E+0	7.291024E-7	-7.291024E-7	-1.018019E-12	1.675615E+2
0.000000E+0	7.049501E-7	-7.049501E-7	-9.842960E-13	1.682656E+2
5.000000E-2	1.128003E-7	-1.128003E-7	-1.574990E-13	1.689688E+2
1.000000E-1	5.740007E-7	5.740007E-7	8.014561E-13	1.696719E+2
1.500000E-1	1.401432E-6	1.401432E-6	1.956768E-12	1.703750E+2
2.000000E-1	2.100528E-6	2.100528E-6	2.932890E-12	1.710781E+2
2.500000E-1	3.769236E-6	3.769236E-6	5.262846E-12	1.717813E+2
3.000000E-1	3.470681E-6	3.470681E-6	4.845985E-12	1.724844E+2
3.500000E-1	4.194774E-6	4.194774E-6	5.857009E-12	1.731875E+2
4.000000E-1	5.213933E-6	5.213933E-6	7.280024E-12	1.738906E+2
4.500000E-1	6.456934E-6	6.456934E-6	9.015580E-12	1.745937E+2
5.000000E-1	8.316175E-6	8.316175E-6	1.161157E-11	1.752969E+2
5.000000E-1	8.089920E-6	8.089920E-6	1.129566E-11	1.760000E+2
4.500000E-1	5.704136E-6	5.704136E-6	7.964476E-12	1.767031E+2
4.000000E-1	4.534109E-6	4.534109E-6	6.330811E-12	1.774063E+2
3.500000E-1	3.799471E-6	3.799471E-6	5.305062E-12	1.781094E+2
3.000000E-1	2.532378E-6	2.532378E-6	3.535866E-12	1.788125E+2
2.500000E-1	1.674801E-6	1.674801E-6	2.338463E-12	1.795156E+2
2.000000E-1	9.058319E-7	9.058319E-7	1.264780E-12	1.802188E+2
1.500000E-1	2.275289E-7	2.275289E-7	3.176903E-13	1.809219E+2
1.000000E-1	2.065372E-8	2.065372E-8	2.883804E-14	1.816250E+2
5.000000E-2	5.053405E-7	-5.053405E-7	-7.055884E-13	1.823281E+2
0.000000E+0	1.258983E-6	-1.258983E-6	-1.757872E-12	1.830313E+2
-5.000000E-2	1.939065E-6	-1.939065E-6	-2.707445E-12	1.837344E+2
-1.000000E-1	2.729254E-6	-2.729254E-6	-3.810757E-12	1.844375E+2
-1.500000E-1	3.249294E-6	-3.249294E-6	-4.536871E-12	1.851406E+2
-2.000000E-1	3.020911E-6	-3.020911E-6	-4.217987E-12	1.858438E+2
-2.500000E-1	3.645135E-6	-3.645135E-6	-5.089568E-12	1.865469E+2
-3.000000E-1	4.016782E-6	-4.016782E-6	-5.608486E-12	1.872500E+2
-3.500000E-1	4.606129E-6	-4.606129E-6	-6.431369E-12	1.879531E+2
-4.000000E-1	5.232350E-6	-5.232350E-6	-7.305739E-12	1.886562E+2
-4.500000E-1	5.652114E-6	-5.652114E-6	-7.891840E-12	1.893594E+2
-5.000000E-1	6.313699E-6	-6.313699E-6	-8.815587E-12	1.900625E+2
-5.000000E-1	6.190552E-6	-6.190552E-6	-8.643641E-12	1.907656E+2
-4.500000E-1	5.653585E-6	-5.653585E-6	-7.893894E-12	1.914688E+2
-4.000000E-1	5.206061E-6	-5.206061E-6	-7.269033E-12	1.921719E+2
-3.500000E-1	4.590475E-6	-4.590475E-6	-6.409512E-12	1.928750E+2
-3.000000E-1	4.088772E-6	-4.088772E-6	-5.709003E-12	1.935781E+2
-2.500000E-1	3.711757E-6	-3.711757E-6	-5.182590E-12	1.942813E+2
-2.000000E-1	3.355853E-6	-3.355853E-6	-4.685655E-12	1.949844E+2
-1.500000E-1	2.757372E-6	-2.757372E-6	-3.850018E-12	1.956875E+2
-1.000000E-1	2.096622E-6	-2.096622E-6	-2.927436E-12	1.963906E+2
-5.000000E-2	2.170947E-6	-2.170947E-6	-3.031214E-12	1.970938E+2
0.000000E+0	8.904459E-7	-8.904459E-7	-1.243297E-12	1.977969E+2
0.000000E+0	1.003992E-6	-1.003992E-6	-1.401837E-12	1.985010E+2
5.000000E-2	6.946928E-7	6.946928E-7	9.699741E-13	1.992031E+2
1.000000E-1	2.197595E-6	2.197595E-6	3.068421E-12	1.999063E+2
1.500000E-1	5.334854E-6	5.334854E-6	7.448861E-12	2.006094E+2
2.000000E-1	6.649456E-6	6.649456E-6	9.284393E-12	2.013125E+2
2.500000E-1	7.822994E-6	7.822994E-6	1.092296E-11	2.020156E+2
3.000000E-1	1.214929E-5	1.214929E-5	1.696361E-11	2.027188E+2
3.500000E-1	1.408620E-5	1.408620E-5	1.966804E-11	2.034219E+2
4.000000E-1	2.938832E-5	2.938832E-5	4.103384E-11	2.041250E+2
4.500000E-1	3.565646E-5	3.565646E-5	4.978581E-11	2.048281E+2
5.000000E-1	4.852792E-5	4.852792E-5	6.775776E-11	2.055312E+2
5.000000E-1	6.425341E-5	6.425341E-5	8.971468E-11	2.062344E+2
4.500000E-1	4.612216E-5	4.612216E-5	6.439869E-11	2.069375E+2
4.000000E-1	3.602876E-5	3.602876E-5	5.030564E-11	2.076406E+2
3.500000E-1	3.349220E-5	3.349220E-5	4.676394E-11	2.083438E+2
3.000000E-1	2.727515E-5	2.727515E-5	3.808329E-11	2.090469E+2
2.500000E-1	2.253547E-5	2.253547E-5	3.146546E-11	2.097500E+2
2.000000E-1	1.800921E-5	1.800921E-5	2.514560E-11	2.104531E+2
1.500000E-1	1.415804E-5	1.415804E-5	1.976835E-11	2.111562E+2
1.000000E-1	1.031621E-5	1.031621E-5	1.440414E-11	2.118594E+2
5.000000E-2	4.093930E-6	4.093930E-6	5.716205E-12	2.125625E+2
0.000000E+0	1.036254E-6	-1.036254E-6	-1.446884E-12	2.132656E+2
-5.000000E-2	5.635376E-6	-5.635376E-6	-7.868470E-12	2.139687E+2
-1.000000E-1	1.013022E-5	-1.013022E-5	-1.414445E-11	2.146719E+2
-1.500000E-1	1.558595E-5	-1.558595E-5	-2.176209E-11	2.153750E+2
-2.000000E-1	2.041482E-5	-2.041482E-5	-2.850446E-11	2.160781E+2
-2.500000E-1	1.986485E-5	-1.986485E-5	-2.773656E-11	2.167813E+2
-3.000000E-1	1.399982E-5	-1.399982E-5	-1.954743E-11	2.174844E+2
-3.500000E-1	1.673592E-5	-1.673592E-5	-2.336775E-11	2.181875E+2
-4.000000E-1	1.988822E-5	-1.988822E-5	-2.776919E-11	2.188906E+2
-4.500000E-1	2.289035E-5	-2.289035E-5	-3.196095E-11	2.195937E+2
-5.000000E-1	2.583181E-5	-2.583181E-5	-3.606801E-11	2.202969E+2
-5.000000E-1	2.739286E-5	-2.739286E-5	-3.824764E-11	2.210000E+2
-4.500000E-1	2.631937E-5	-2.631937E-5	-3.674877E-11	2.217031E+2
-4.000000E-1	2.359427E-5	-2.359427E-5	-3.294381E-11	2.224063E+2
-3.500000E-1	2.080138E-5	-2.080138E-5	-2.904420E-11	2.231094E+2
-3.000000E-1	1.710380E-5	-1.710380E-5	-2.388141E-11	2.238125E+2
-2.500000E-1	1.559218E-5	-1.559218E-5	-2.177079E-11	2.245156E+2
-2.000000E-1	1.340603E-5	-1.340603E-5	-1.871835E-11	2.252187E+2
-1.500000E-1	1.056513E-5	-1.056513E-5	-1.475170E-11	2.259219E+2
-1.000000E-1	8.232079E-6	-8.232079E-6	-1.149415E-11	2.266250E+2
-5.000000E-2	4.049085E-6	-4.049085E-6	-5.653589E-12	2.273281E+2
0.000000E+0	9.074025E-7	-9.074025E-7	-1.266973E-12	2.280312E+2
0.000000E+0	1.029575E-6	-1.029575E-6	-1.437558E-12	2.287354E+2
5.000000E-2	2.411487E-6	2.411487E-6	3.367071E-12	2.294375E+2
1.000000E-1	6.676084E-6	6.676084E-6	9.321571E-12	2.301406E+2
1.500000E-1	1.045027E-5	1.045027E-5	1.459133E-11	2.308438E+2
2.000000E-1	1.467432E-5	1.467432E-5	2.048921E-11	2.315469E+2
2.500000E-1	1.942138E-5	1.942138E-5	2.711736E-11	2.322500E+2
3.000000E-1	2.263684E-5	2.263684E-5	3.160699E-11	2.329531E+2
3.500000E-1	3.018158E-5	3.018158E-5	4.214143E-11	2.336562E+2
4.000000E-1	3.490789E-5	3.490789E-5	4.874061E-11	2.343594E+2
4.500000E-1	3.771921E-5	3.771921E-5	5.266596E-11	2.350625E+2
5.000000E-1	4.380514E-5	4.380514E-5	6.116351E-11	2.357656E+2
5.000000E-1	3.945704E-5	3.945704E-5	5.509242E-11	2.364688E+2
4.500000E-1	3.198322E-5	3.198322E-5	4.465700E-11	2.371719E+2
4.000000E-1	2.347871E-5	2.347871E-5	3.278246E-11	2.378750E+2
3.500000E-1	2.164365E-5	2.164365E-5	3.022024E-11	2.385781E+2
3.000000E-1	1.605858E-5	1.605858E-5	2.242201E-11	2.392812E+2
2.500000E-1	1.224033E-5	1.224033E-5	1.709072E-11	2.399844E+2
2.000000E-1	1.072689E-5	1.072689E-5	1.497757E-11	2.406875E+2
1.500000E-1	6.760885E-6	6.760885E-6	9.439977E-12	2.413906E+2
1.000000E-1	3.431312E-6	3.431312E-6	4.791015E-12	2.420937E+2
5.000000E-2	4.010480E-8	-4.010480E-8	-5.599687E-14	2.427969E+2
0.000000E+0	1.347512E-6	-1.347512E-6	-1.881481E-12	2.435000E+2
-5.000000E-2	2.945045E-6	-2.945045E-6	-4.112058E-12	2.442031E+2
-1.000000E-1	4.417929E-6	-4.417929E-6	-6.168593E-12	2.449063E+2
-1.500000E-1	6.804181E-6	-6.804181E-6	-9.500428E-12	2.456094E+2
-2.000000E-1	9.814674E-6	-9.814674E-6	-1.370387E-11	2.463125E+2
-2.500000E-1	1.165368E-5	-1.165368E-5	-1.627160E-11	2.470156E+2
-3.000000E-1	1.330382E-5	-1.330382E-5	-1.857563E-11	2.477187E+2
-3.500000E-1	1.684310E-5	-1.684310E-5	-2.351741E-11	2.484219E+2
-4.000000E-1	2.339295E-5	-2.339295E-5	-3.266272E-11	2.491250E+2
-4.500000E-1	2.744455E-5	-2.744455E-5	-3.831982E-11	2.498281E+2
-5.000000E-1	3.655610E-5	-3.655610E-5	-5.104195E-11	2.505313E+2
-5.000000E-1	3.437345E-5	-3.437345E-5	-4.799439E-11	2.512344E+2
-4.500000E-1	2.985865E-5	-2.985865E-5	-4.169054E-11	2.519375E+2
-4.000000E-1	2.709110E-5	-2.709110E-5	-3.782631E-11	2.526406E+2
-3.500000E-1	2.601978E-5	-2.601978E-5	-3.633047E-11	2.533437E+2
-3.000000E-1	8.729363E-6	-8.729363E-6	-1.218849E-11	2.540469E+2
-2.500000E-1	2.649014E-6	-2.649014E-6	-3.698722E-12	2.547500E+2
-2.000000E-1	2.095130E-6	-2.095130E-6	-2.925354E-12	2.554531E+2
-1.500000E-1	1.946599E-6	-1.946599E-6	-2.717965E-12	2.561563E+2
-1.000000E-1	1.539697E-6	-1.539697E-6	-2.149822E-12	2.568594E+2
-5.000000E-2	1.180483E-6	-1.180483E-6	-1.648265E-12	2.575625E+2
0.000000E+0	8.374301E-7	-8.374301E-7	-1.169273E-12	2.582656E+2
0.000000E+0	9.660140E-7	-9.660140E-7	-1.348810E-12	2.589697E+2
5.000000E-2	4.699071E-7	-4.699071E-7	-6.561141E-13	2.596729E+2
1.000000E-1	6.480380E-9	6.480380E-9	9.048318E-15	2.603760E+2
1.500000E-1	4.536663E-7	4.536663E-7	6.334377E-13	2.610791E+2
2.000000E-1	9.153932E-7	9.153932E-7	1.278130E-12	2.617822E+2
2.500000E-1	1.952264E-6	1.952264E-6	2.725875E-12	2.624854E+2
3.000000E-1	2.228446E-6	2.228446E-6	3.111497E-12	2.631885E+2
3.500000E-1	3.452730E-6	3.452730E-6	4.820921E-12	2.638916E+2
4.000000E-1	4.394274E-6	4.394274E-6	6.135564E-12	2.645947E+2
4.500000E-1	4.660457E-6	4.660457E-6	6.507225E-12	2.652979E+2
5.000000E-1	8.156355E-6	8.156355E-6	1.138842E-11	2.660010E+2
5.000000E-1	8.597031E-6	8.597031E-6	1.200372E-11	2.667041E+2
4.500000E-1	6.381028E-6	6.381028E-6	8.909595E-12	2.674072E+2
4.000000E-1	6.151590E-6	6.151590E-6	8.589240E-12	2.681104E+2
3.500000E-1	5.569280E-6	5.569280E-6	7.776182E-12	2.688135E+2
3.000000E-1	5.347905E-6	5.347905E-6	7.467083E-12	2.695166E+2
2.500000E-1	5.015645E-6	5.015645E-6	7.003162E-12	2.702197E+2
2.000000E-1	3.115125E-6	3.115125E-6	4.349535E-12	2.709229E+2
1.500000E-1	1.824058E-6	1.824058E-6	2.546865E-12	2.716260E+2
1.000000E-1	1.158358E-6	1.158358E-6	1.617373E-12	2.723291E+2
5.000000E-2	4.074688E-7	4.074688E-7	5.689338E-13	2.730322E+2
0.000000E+0	8.185755E-7	-8.185755E-7	-1.142947E-12	2.737354E+2
-5.000000E-2	2.033548E-6	-2.033548E-6	-2.839368E-12	2.744385E+2
-1.000000E-1	3.198018E-6	-3.198018E-6	-4.465275E-12	2.751416E+2
-1.500000E-1	3.646048E-6	-3.646048E-6	-5.090844E-12	2.758447E+2
-2.000000E-1	3.871292E-6	-3.871292E-6	-5.405343E-12	2.765479E+2
-2.500000E-1	4.179348E-6	-4.179348E-6	-5.835471E-12	2.772510E+2
-3.000000E-1	4.984963E-6	-4.984963E-6	-6.960321E-12	2.779541E+2
-3.500000E-1	7.255286E-6	-7.255286E-6	-1.013029E-11	2.786572E+2
-4.000000E-1	7.704220E-6	-7.704220E-6	-1.075712E-11	2.793604E+2
-4.500000E-1	7.935544E-6	-7.935544E-6	-1.108011E-11	2.800635E+2
-5.000000E-1	8.194299E-6	-8.194299E-6	-1.144140E-11	2.807666E+2
-5.000000E-1	7.045664E-6	-7.045664E-6	-9.837603E-12	2.814697E+2
-4.500000E-1	7.419932E-6	-7.419932E-6	-1.036018E-11	2.821729E+2
-4.000000E-1	6.908662E-6	-6.908662E-6	-9.646312E-12	2.828760E+2
-3.500000E-1	4.998997E-6	-4.998997E-6	-6.979917E-12	2.835791E+2
-3.000000E-1	3.593848E-6	-3.593848E-6	-5.017958E-12	2.842822E+2
-2.500000E-1	3.803933E-6	-3.803933E-6	-5.311293E-12	2.849854E+2
-2.000000E-1	3.660321E-6	-3.660321E-6	-5.110773E-12	2.856885E+2
-1.500000E-1	3.192393E-6	-3.192393E-6	-4.457421E-12	2.863916E+2
-1.000000E-1	2.376342E-6	-2.376342E-6	-3.317999E-12	2.870947E+2
-5.000000E-2	1.230447E-6	-1.230447E-6	-1.718028E-12	2.877979E+2
0.000000E+0	7.474800E-7	-7.474800E-7	-1.043679E-12	2.885010E+2
0.000000E+0	9.031083E-7	-9.031083E-7	-1.260977E-12	2.892051E+2
5.000000E-2	3.846483E-9	3.846483E-9	5.370704E-15	2.899082E+2
1.000000E-1	9.079591E-7	9.079591E-7	1.267750E-12	2.906113E+2
1.500000E-1	2.446195E-6	2.446195E-6	3.415532E-12	2.913145E+2
2.000000E-1	3.807422E-6	3.807422E-6	5.316164E-12	2.920176E+2
2.500000E-1	5.953084E-6	5.953084E-6	8.312073E-12	2.927207E+2
3.000000E-1	8.496878E-6	8.496878E-6	1.186388E-11	2.934238E+2
3.500000E-1	1.265598E-5	1.265598E-5	1.767108E-11	2.941270E+2
4.000000E-1	1.922497E-5	1.922497E-5	2.684312E-11	2.948301E+2
4.500000E-1	1.927866E-5	1.927866E-5	2.691809E-11	2.955332E+2
5.000000E-1	2.736088E-5	2.736088E-5	3.820299E-11	2.962363E+2
5.000000E-1	2.781419E-5	2.781419E-5	3.883593E-11	2.969395E+2
4.500000E-1	1.809708E-5	1.809708E-5	2.526829E-11	2.976426E+2
4.000000E-1	1.604945E-5	1.604945E-5	2.240926E-11	2.983457E+2
3.500000E-1	1.313875E-5	1.313875E-5	1.834515E-11	2.990488E+2
3.000000E-1	1.021885E-5	1.021885E-5	1.426821E-11	2.997520E+2
2.500000E-1	6.725641E-6	6.725641E-6	9.390766E-12	3.004551E+2
2.000000E-1	3.176569E-6	3.176569E-6	4.435327E-12	3.011582E+2
1.500000E-1	2.560943E-6	2.560943E-6	3.575751E-12	3.018613E+2
1.000000E-1	9.359580E-7	9.359580E-7	1.306844E-12	3.025645E+2
5.000000E-2	1.961607E-7	-1.961607E-7	-2.738920E-13	3.032676E+2
0.000000E+0	1.172094E-6	-1.172094E-6	-1.636552E-12	3.039707E+2
-5.000000E-2	2.246754E-6	-2.246754E-6	-3.137060E-12	3.046738E+2
-1.000000E-1	2.888769E-6	-2.888769E-6	-4.033482E-12	3.053770E+2
-1.500000E-1	3.093348E-6	-3.093348E-6	-4.319128E-12	3.060801E+2
-2.000000E-1	3.879253E-6	-3.879253E-6	-5.416459E-12	3.067832E+2
-2.500000E-1	4.017229E-6	-4.017229E-6	-5.609110E-12	3.074863E+2
-3.000000E-1	3.421442E-6	-3.421442E-6	-4.777234E-12	3.081895E+2
-3.500000E-1	4.306163E-6	-4.306163E-6	-6.012538E-12	3.088926E+2
-4.000000E-1	4.914494E-6	-4.914494E-6	-6.861928E-12	3.095957E+2
-4.500000E-1	5.602716E-6	-5.602716E-6	-7.822867E-12	3.102988E+2
-5.000000E-1	5.863720E-6	-5.863720E-6	-8.187298E-12	3.110020E+2
-5.000000E-1	6.109388E-6	-6.109388E-6	-8.530315E-12	3.117051E+2
-4.500000E-1	5.374193E-6	-5.374193E-6	-7.503789E-12	3.124082E+2
-4.000000E-1	4.820180E-6	-4.820180E-6	-6.730241E-12	3.131113E+2
-3.500000E-1	4.218976E-6	-4.218976E-6	-5.890802E-12	3.138145E+2
-3.000000E-1	3.881062E-6	-3.881062E-6	-5.418985E-12	3.145176E+2
-2.500000E-1	3.229297E-6	-3.229297E-6	-4.508949E-12	3.152207E+2
-2.000000E-1	2.843466E-6	-2.843466E-6	-3.970227E-12	3.159238E+2
-1.500000E-1	2.626283E-6	-2.626283E-6	-3.666983E-12	3.166270E+2
-1.000000E-1	1.918113E-6	-1.918113E-6	-2.678191E-12	3.173301E+2
-5.000000E-2	9.950465E-7	-9.950465E-7	-1.389347E-12	3.180332E+2
0.000000E+0	2.207007E-7	-2.207007E-7	-3.081563E-13	3.187363E+2
0.000000E+0	1.146680E-6	-1.146680E-6	-1.601067E-12	3.194395E+2
5.000000E-2	8.100477E-8	-8.100477E-8	-1.131040E-13	3.201426E+2
1.000000E-1	6.202877E-7	6.202877E-7	8.660850E-13	3.208457E+2
1.500000E-1	1.387219E-6	1.387219E-6	1.936923E-12	3.215488E+2
2.000000E-1	2.436166E-6	2.436166E-6	3.401529E-12	3.222520E+2
2.500000E-1	3.473355E-6	3.473355E-6	4.849718E-12	3.229551E+2
3.000000E-1	4.090203E-6	4.090203E-6	5.711001E-12	3.236582E+2
3.500000E-1	7.393755E-6	7.393755E-6	1.032363E-11	3.243613E+2
4.000000E-1	9.566870E-6	9.566870E-6	1.335787E-11	3.250645E+2
4.500000E-1	1.155095E-5	1.155095E-5	1.612817E-11	3.257676E+2
5.000000E-1	1.703816E-5	1.703816E-5	2.378976E-11	3.264707E+2
5.000000E-1	1.514908E-5	1.514908E-5	2.115210E-11	3.271738E+2
4.500000E-1	1.183025E-5	1.183025E-5	1.651815E-11	3.278770E+2
4.000000E-1	9.421231E-6	9.421231E-6	1.315452E-11	3.285801E+2
3.500000E-1	8.026981E-6	8.026981E-6	1.120778E-11	3.292832E+2
3.000000E-1	5.388317E-6	5.388317E-6	7.523510E-12	3.299863E+2
2.500000E-1	4.011644E-6	4.011644E-6	5.601311E-12	3.306895E+2
2.000000E-1	2.155879E-6	2.155879E-6	3.010175E-12	3.313926E+2
1.500000E-1	9.982472E-7	9.982472E-7	1.393816E-12	3.320957E+2
1.000000E-1	2.001463E-7	2.001463E-7	2.794570E-13	3.327988E+2
5.000000E-2	5.177048E-7	-5.177048E-7	-7.228523E-13	3.335020E+2
0.000000E+0	1.174162E-6	-1.174162E-6	-1.639439E-12	3.342051E+2
-5.000000E-2	1.753579E-6	-1.753579E-6	-2.448458E-12	3.349082E+2
-1.000000E-1	2.376024E-6	-2.376024E-6	-3.317555E-12	3.356113E+2
-1.500000E-1	2.864079E-6	-2.864079E-6	-3.999009E-12	3.363145E+2
-2.000000E-1	3.395700E-6	-3.395700E-6	-4.741291E-12	3.370176E+2
-2.500000E-1	4.052653E-6	-4.052653E-6	-5.658571E-12	3.377207E+2
-3.000000E-1	4.364049E-6	-4.364049E-6	-6.093362E-12	3.384238E+2
-3.500000E-1	5.044280E-6	-5.044280E-6	-7.043144E-12	3.391270E+2
-4.000000E-1	6.506968E-6	-6.506968E-6	-9.085441E-12	3.398301E+2
-4.500000E-1	8.584584E-6	-8.584584E-6	-1.198634E-11	3.405332E+2
-5.000000E-1	8.619111E-6	-8.619111E-6	-1.203455E-11	3.412363E+2
-5.000000E-1	9.503529E-6	-9.503529E-6	-1.326943E-11	3.419395E+2
-4.500000E-1	8.067518E-6	-8.067518E-6	-1.126438E-11	3.426426E+2
-4.000000E-1	7.219340E-6	-7.219340E-6	-1.008010E-11	3.433457E+2
-3.500000E-1	6.256539E-6	-6.256539E-6	-8.735776E-12	3.440488E+2
-3.000000E-1	4.789140E-6	-4.789140E-6	-6.686901E-12	3.447520E+2
-2.500000E-1	4.389404E-6	-4.389404E-6	-6.128764E-12	3.454551E+2
-2.000000E-1	3.135620E-6	-3.135620E-6	-4.378151E-12	3.461582E+2
-1.500000E-1	3.189420E-6	-3.189420E-6	-4.453271E-12	3.468613E+2
-1.000000E-1	2.245422E-6	-2.245422E-6	-3.135200E-12	3.475645E+2
-5.000000E-2	1.605733E-6	-1.605733E-6	-2.242026E-12	3.482676E+2
0.000000E+0	7.815717E-7	-7.815717E-7	-1.091280E-12	3.489707E+2
0.000000E+0	9.066771E-7	-9.066771E-7	-1.265960E-12	3.496748E+2
5.000000E-2	3.044387E-8	3.044387E-8	4.250766E-14	3.503779E+2
1.000000E-1	1.002819E-6	1.002819E-6	1.400199E-12	3.510811E+2
1.500000E-1	2.195745E-6	2.195745E-6	3.065839E-12	3.517842E+2
2.000000E-1	4.303112E-6	4.303112E-6	6.008277E-12	3.524873E+2
2.500000E-1	7.366053E-6	7.366053E-6	1.028495E-11	3.531904E+2
3.000000E-1	8.344823E-6	8.344823E-6	1.165157E-11	3.538936E+2
3.500000E-1	9.861291E-6	9.861291E-6	1.376896E-11	3.545967E+2
4.000000E-1	1.446799E-5	1.446799E-5	2.020113E-11	3.552998E+2
4.500000E-1	1.936899E-5	1.936899E-5	2.704421E-11	3.560029E+2
5.000000E-1	2.584797E-5	2.584797E-5	3.609058E-11	3.567061E+2
5.000000E-1	3.446225E-5	3.446225E-5	4.811838E-11	3.574092E+2
4.500000E-1	3.701410E-5	3.701410E-5	5.168143E-11	3.581123E+2
4.000000E-1	2.779149E-5	2.779149E-5	3.880424E-11	3.588154E+2
3.500000E-1	2.595158E-5	2.595158E-5	3.623524E-11	3.595186E+2
3.000000E-1	1.818120E-5	1.818120E-5	2.538575E-11	3.602217E+2
2.500000E-1	1.627561E-5	1.627561E-5	2.272504E-11	3.609248E+2
2.000000E-1	1.155311E-5	1.155311E-5	1.613119E-11	3.616279E+2
1.500000E-1	8.280536E-6	8.280536E-6	1.156181E-11	3.623311E+2
1.000000E-1	4.480845E-6	4.480845E-6	6.256440E-12	3.630342E+2
5.000000E-2	1.250067E-6	1.250067E-6	1.745423E-12	3.637373E+2
0.000000E+0	1.057425E-6	-1.057425E-6	-1.476444E-12	3.644404E+2
-5.000000E-2	2.565485E-6	-2.565485E-6	-3.582093E-12	3.651436E+2
-1.000000E-1	3.702802E-6	-3.702802E-6	-5.170087E-12	3.658467E+2
-1.500000E-1	5.300096E-6	-5.300096E-6	-7.400330E-12	3.665498E+2
-2.000000E-1	7.303515E-6	-7.303515E-6	-1.019763E-11	3.672529E+2
-2.500000E-1	8.714602E-6	-8.714602E-6	-1.216788E-11	3.679561E+2
-3.000000E-1	1.069724E-5	-1.069724E-5	-1.493616E-11	3.686592E+2
-3.500000E-1	1.174826E-5	-1.174826E-5	-1.640367E-11	3.693623E+2
-4.000000E-1	1.378449E-5	-1.378449E-5	-1.924678E-11	3.700654E+2
-4.500000E-1	1.545699E-5	-1.545699E-5	-2.158203E-11	3.707686E+2
-5.000000E-1	1.869945E-5	-1.869945E-5	-2.610935E-11	3.714717E+2
-5.000000E-1	1.941364E-5	-1.941364E-5	-2.710655E-11	3.721748E+2
-4.500000E-1	1.730346E-5	-1.730346E-5	-2.416019E-11	3.728779E+2
-4.000000E-1	1.146373E-5	-1.146373E-5	-1.600638E-11	3.735811E+2
-3.500000E-1	1.170323E-5	-1.170323E-5	-1.634079E-11	3.742842E+2
-3.000000E-1	9.734267E-6	-9.734267E-6	-1.359160E-11	3.749873E+2
-2.500000E-1	8.058422E-6	-8.058422E-6	-1.125168E-11	3.756904E+2
-2.000000E-1	7.319916E-6	-7.319916E-6	-1.022053E-11	3.763936E+2
-1.500000E-1	5.942300E-6	-5.942300E-6	-8.297016E-12	3.770967E+2
-1.000000E-1	4.056718E-6	-4.056718E-6	-5.664247E-12	3.777998E+2
-5.000000E-2	2.659490E-6	-2.659490E-6	-3.713349E-12	3.785029E+2
0.000000E+0	7.820387E-7	-7.820387E-7	-1.091932E-12	3.792061E+2
0.000000E+0	8.914500E-7	-8.914500E-7	-1.244699E-12	3.799102E+2
5.000000E-2	4.966536E-7	4.966536E-7	6.934592E-13	3.806123E+2
1.000000E-1	1.863358E-6	1.863358E-6	2.601738E-12	3.813154E+2
1.500000E-1	3.080487E-6	3.080487E-6	4.301171E-12	3.820186E+2
2.000000E-1	4.934600E-6	4.934600E-6	6.890002E-12	3.827217E+2
2.500000E-1	7.077082E-6	7.077082E-6	9.881471E-12	3.834248E+2
3.000000E-1	8.600734E-6	8.600734E-6	1.200889E-11	3.841279E+2
3.500000E-1	1.262933E-5	1.262933E-5	1.763387E-11	3.848311E+2
4.000000E-1	1.873242E-5	1.873242E-5	2.615539E-11	3.855342E+2
4.500000E-1	2.900165E-5	2.900165E-5	4.049395E-11	3.862373E+2
5.000000E-1	4.036902E-5	4.036902E-5	5.636579E-11	3.869404E+2
5.000000E-1	3.902674E-5	3.902674E-5	5.449161E-11	3.876436E+2
4.500000E-1	4.274054E-5	4.274054E-5	5.967705E-11	3.883467E+2
4.000000E-1	3.967924E-5	3.967924E-5	5.540267E-11	3.890498E+2
3.500000E-1	3.166776E-5	3.166776E-5	4.421654E-11	3.897529E+2
3.000000E-1	2.599269E-5	2.599269E-5	3.629264E-11	3.904561E+2
2.500000E-1	1.656102E-5	1.656102E-5	2.312354E-11	3.911592E+2
2.000000E-1	9.817488E-6	9.817488E-6	1.370780E-11	3.918623E+2
1.500000E-1	7.029652E-6	7.029652E-6	9.815246E-12	3.925654E+2
1.000000E-1	3.586204E-6	3.586204E-6	5.007286E-12	3.932686E+2
5.000000E-2	1.116484E-6	1.116484E-6	1.558906E-12	3.939717E+2
0.000000E+0	1.029158E-6	-1.029158E-6	-1.436976E-12	3.946748E+2
-5.000000E-2	3.005177E-6	-3.005177E-6	-4.196019E-12	3.953779E+2
-1.000000E-1	4.437480E-6	-4.437480E-6	-6.195891E-12	3.960811E+2
-1.500000E-1	6.919048E-6	-6.919048E-6	-9.660814E-12	3.967842E+2
-2.000000E-1	9.688544E-6	-9.688544E-6	-1.352776E-11	3.974873E+2
-2.500000E-1	1.201985E-5	-1.201985E-5	-1.678287E-11	3.981904E+2
-3.000000E-1	1.522993E-5	-1.522993E-5	-2.126500E-11	3.988936E+2
-3.500000E-1	1.600425E-5	-1.600425E-5	-2.234615E-11	3.995967E+2
-4.000000E-1	1.694355E-5	-1.694355E-5	-2.365766E-11	4.002998E+2
-4.500000E-1	1.669582E-5	-1.669582E-5	-2.331177E-11	4.010029E+2
-5.000000E-1	2.014835E-5	-2.014835E-5	-2.813240E-11	4.017061E+2
-5.000000E-1	1.883857E-5	-1.883857E-5	-2.630361E-11	4.024092E+2
-4.500000E-1	1.369875E-5	-1.369875E-5	-1.912707E-11	4.031123E+2
-4.000000E-1	1.360659E-5	-1.360659E-5	-1.899839E-11	4.038154E+2
-3.500000E-1	1.046101E-5	-1.046101E-5	-1.460633E-11	4.045186E+2
-3.000000E-1	9.181377E-6	-9.181377E-6	-1.281962E-11	4.052217E+2
-2.500000E-1	4.435930E-6	-4.435930E-6	-6.193726E-12	4.059248E+2
-2.000000E-1	3.996983E-6	-3.996983E-6	-5.580841E-12	4.066279E+2
-1.500000E-1	3.140639E-6	-3.140639E-6	-4.385159E-12	4.073311E+2
-1.000000E-1	2.004187E-6	-2.004187E-6	-2.798373E-12	4.080342E+2
-5.000000E-2	1.862801E-6	-1.862801E-6	-2.600961E-12	4.087373E+2
0.000000E+0	8.773861E-7	-8.773861E-7	-1.225062E-12	4.094404E+2
0.000000E+0	8.963595E-7	-8.963595E-7	-1.251554E-12	4.101445E+2
5.000000E-2	5.900526E-7	-5.900526E-7	-8.238688E-13	4.108477E+2
1.000000E-1	1.442004E-6	1.442004E-6	2.013417E-12	4.115508E+2
1.500000E-1	3.234644E-6	3.234644E-6	4.516415E-12	4.122539E+2
2.000000E-1	3.737361E-6	3.737361E-6	5.218340E-12	4.129570E+2
2.500000E-1	8.134898E-6	8.134898E-6	1.135846E-11	4.136602E+2
3.000000E-1	1.006166E-5	1.006166E-5	1.404873E-11	4.143633E+2
3.500000E-1	1.294990E-5	1.294990E-5	1.808147E-11	4.150664E+2
4.000000E-1	1.965079E-5	1.965079E-5	2.743768E-11	4.157695E+2
4.500000E-1	2.619234E-5	2.619234E-5	3.657141E-11	4.164727E+2
5.000000E-1	3.049180E-5	3.049180E-5	4.257458E-11	4.171758E+2
5.000000E-1	2.950587E-5	2.950587E-5	4.119796E-11	4.178789E+2
4.500000E-1	2.272221E-5	2.272221E-5	3.172619E-11	4.185820E+2
4.000000E-1	1.828940E-5	1.828940E-5	2.553682E-11	4.192852E+2
3.500000E-1	1.373879E-5	1.373879E-5	1.918297E-11	4.199883E+2
3.000000E-1	1.056580E-5	1.056580E-5	1.475264E-11	4.206914E+2
2.500000E-1	6.750757E-6	6.750757E-6	9.425835E-12	4.213945E+2
2.000000E-1	5.107007E-6	5.107007E-6	7.130727E-12	4.220977E+2
1.500000E-1	3.189123E-6	3.189123E-6	4.452855E-12	4.228008E+2
1.000000E-1	1.445712E-6	1.445712E-6	2.018594E-12	4.235039E+2
5.000000E-2	5.119898E-7	5.119898E-7	7.148726E-13	4.242070E+2
0.000000E+0	1.054990E-6	-1.054990E-6	-1.473044E-12	4.249102E+2
-5.000000E-2	2.207136E-6	-2.207136E-6	-3.081743E-12	4.256133E+2
-1.000000E-1	3.826396E-6	-3.826396E-6	-5.342657E-12	4.263164E+2
-1.500000E-1	5.452414E-6	-5.452414E-6	-7.613007E-12	4.270195E+2
-2.000000E-1	7.402142E-6	-7.402142E-6	-1.033534E-11	4.277227E+2
-2.500000E-1	8.646176E-6	-8.646176E-6	-1.207234E-11	4.284258E+2
-3.000000E-1	8.437985E-6	-8.437985E-6	-1.178165E-11	4.291289E+2
-3.500000E-1	1.145522E-5	-1.145522E-5	-1.599450E-11	4.298320E+2
-4.000000E-1	1.413398E-5	-1.413398E-5	-1.973476E-11	4.305352E+2
-4.500000E-1	1.387391E-5	-1.387391E-5	-1.937164E-11	4.312383E+2
-5.000000E-1	1.571925E-5	-1.571925E-5	-2.194822E-11	4.319414E+2
-5.000000E-1	1.980738E-5	-1.980738E-5	-2.765632E-11	4.326445E+2
-4.500000E-1	1.552030E-5	-1.552030E-5	-2.167042E-11	4.333477E+2
-4.000000E-1	1.434915E-5	-1.434915E-5	-2.003520E-11	4.340508E+2
-3.500000E-1	1.226578E-5	-1.226578E-5	-1.712626E-11	4.347539E+2
-3.000000E-1	1.056641E-5	-1.056641E-5	-1.475349E-11	4.354570E+2
-2.500000E-1	8.373105E-6	-8.373105E-6	-1.169106E-11	4.361602E+2
-2.000000E-1	7.210918E-6	-7.210918E-6	-1.006834E-11	4.368633E+2
-1.500000E-1	5.365397E-6	-5.365397E-6	-7.491507E-12	4.375664E+2
-1.000000E-1	3.629639E-6	-3.629639E-6	-5.067932E-12	4.382695E+2
-5.000000E-2	2.277426E-6	-2.277426E-6	-3.179887E-12	4.389727E+2
0.000000E+0	7.719704E-7	-7.719704E-7	-1.077874E-12	4.396758E+2
