voltage_1_15_19	absJ_1_15_19	J_1_15_19	current_1_15_19	time_1_15_19	
0.000000E+0	1.077727E-6	1.077727E-6	4.179976E-12	0.000000E+0
5.000000E-2	7.668160E-5	7.668160E-5	2.974103E-10	6.054688E-1
1.000000E-1	1.505835E-4	1.505835E-4	5.840396E-10	7.949219E-1
1.500000E-1	1.737985E-4	1.737985E-4	6.740793E-10	9.833984E-1
2.000000E-1	3.686481E-4	3.686481E-4	1.429805E-9	1.559570E+0
2.500000E-1	4.986637E-4	4.986637E-4	1.934072E-9	1.747070E+0
3.000000E-1	6.129677E-4	6.129677E-4	2.377401E-9	1.935547E+0
3.500000E-1	7.496617E-4	7.496617E-4	2.907570E-9	2.123047E+0
4.000000E-1	9.011872E-4	9.011872E-4	3.495263E-9	2.311523E+0
4.500000E-1	1.071238E-3	1.071238E-3	4.154808E-9	2.500000E+0
5.000000E-1	1.158379E-3	1.158379E-3	4.492784E-9	2.687500E+0
5.000000E-1	1.050227E-3	1.050227E-3	4.073314E-9	2.875977E+0
4.500000E-1	8.366090E-4	8.366090E-4	3.244796E-9	3.064453E+0
4.000000E-1	7.210252E-4	7.210252E-4	2.796503E-9	3.251953E+0
3.500000E-1	5.953184E-4	5.953184E-4	2.308948E-9	3.440430E+0
3.000000E-1	5.181189E-4	5.181189E-4	2.009529E-9	3.627930E+0
2.500000E-1	4.045165E-4	4.045165E-4	1.568921E-9	3.816406E+0
2.000000E-1	3.152719E-4	3.152719E-4	1.222785E-9	4.004883E+0
1.500000E-1	1.602430E-4	1.602430E-4	6.215042E-10	4.416016E+0
1.000000E-1	1.458994E-4	1.458994E-4	5.658722E-10	4.604492E+0
5.000000E-2	7.549091E-5	7.549091E-5	2.927922E-10	4.793945E+0
0.000000E+0	4.503426E-8	4.503426E-8	1.746658E-13	5.688477E+0
-5.000000E-2	5.838864E-5	-5.838864E-5	-2.264609E-10	6.294922E+0
-1.000000E-1	1.095347E-4	-1.095347E-4	-4.248312E-10	6.484375E+0
-1.500000E-1	1.523487E-4	-1.523487E-4	-5.908858E-10	6.672852E+0
-2.000000E-1	2.128012E-4	-2.128012E-4	-8.253513E-10	7.249023E+0
-2.500000E-1	2.736010E-4	-2.736010E-4	-1.061164E-9	7.436523E+0
-3.000000E-1	3.327508E-4	-3.327508E-4	-1.290577E-9	7.625000E+0
-3.500000E-1	4.183674E-4	-4.183674E-4	-1.622642E-9	7.812500E+0
-4.000000E-1	4.854690E-4	-4.854690E-4	-1.882896E-9	8.000977E+0
-4.500000E-1	5.422965E-4	-5.422965E-4	-2.103302E-9	8.189453E+0
-5.000000E-1	5.700615E-4	-5.700615E-4	-2.210989E-9	8.376953E+0
-5.000000E-1	5.517926E-4	-5.517926E-4	-2.140133E-9	8.565430E+0
-4.500000E-1	4.903662E-4	-4.903662E-4	-1.901890E-9	8.752930E+0
-4.000000E-1	4.210883E-4	-4.210883E-4	-1.633195E-9	8.941406E+0
-3.500000E-1	3.508149E-4	-3.508149E-4	-1.360639E-9	9.129883E+0
-3.000000E-1	3.021803E-4	-3.021803E-4	-1.172009E-9	9.317383E+0
-2.500000E-1	2.615061E-4	-2.615061E-4	-1.014254E-9	9.505859E+0
-2.000000E-1	1.682390E-4	-1.682390E-4	-6.525167E-10	9.916992E+0
-1.500000E-1	1.571556E-4	-1.571556E-4	-6.095293E-10	1.010645E+1
-1.000000E-1	1.038567E-4	-1.038567E-4	-4.028090E-10	1.029492E+1
-5.000000E-2	4.175692E-5	-4.175692E-5	-1.619546E-10	1.048340E+1
0.000000E+0	1.059210E-6	1.059210E-6	4.108158E-12	1.137891E+1
0.000000E+0	3.352381E-7	-3.352381E-7	-1.300224E-12	1.190332E+1
5.000000E-2	1.635947E-5	1.635947E-5	6.345038E-11	1.242676E+1
1.000000E-1	8.951498E-5	8.951498E-5	3.471847E-10	1.303223E+1
1.500000E-1	1.409486E-4	1.409486E-4	5.466704E-10	1.322070E+1
2.000000E-1	1.654299E-4	1.654299E-4	6.416213E-10	1.341016E+1
2.500000E-1	2.177531E-4	2.177531E-4	8.445573E-10	1.398535E+1
3.000000E-1	2.810036E-4	2.810036E-4	1.089875E-9	1.417383E+1
3.500000E-1	3.508288E-4	3.508288E-4	1.360693E-9	1.436133E+1
4.000000E-1	4.586643E-4	4.586643E-4	1.778934E-9	1.454980E+1
4.500000E-1	4.782500E-4	4.782500E-4	1.854897E-9	1.473828E+1
5.000000E-1	5.078154E-4	5.078154E-4	1.969567E-9	1.492578E+1
5.000000E-1	4.881244E-4	4.881244E-4	1.893195E-9	1.511426E+1
4.500000E-1	3.897827E-4	3.897827E-4	1.511776E-9	1.530176E+1
4.000000E-1	3.188354E-4	3.188354E-4	1.236606E-9	1.549023E+1
3.500000E-1	2.624825E-4	2.624825E-4	1.018041E-9	1.567871E+1
3.000000E-1	1.646753E-4	1.646753E-4	6.386947E-10	1.608984E+1
2.500000E-1	1.529337E-4	1.529337E-4	5.931549E-10	1.627930E+1
2.000000E-1	1.626440E-4	1.626440E-4	6.308162E-10	1.646777E+1
1.500000E-1	1.572883E-4	1.572883E-4	6.100442E-10	1.665625E+1
1.000000E-1	1.278662E-4	1.278662E-4	4.959303E-10	1.684473E+1
5.000000E-2	7.714041E-5	7.714041E-5	2.991898E-10	1.703418E+1
0.000000E+0	7.568304E-7	7.568304E-7	2.935374E-12	1.792871E+1
-5.000000E-2	1.664055E-5	-1.664055E-5	-6.454053E-11	1.845312E+1
-1.000000E-1	1.752666E-5	-1.752666E-5	-6.797732E-11	1.897656E+1
-1.500000E-1	1.832852E-5	-1.832852E-5	-7.108733E-11	1.950000E+1
-2.000000E-1	1.480123E-4	-1.480123E-4	-5.740670E-10	2.010547E+1
-2.500000E-1	1.652355E-4	-1.652355E-4	-6.408674E-10	2.029492E+1
-3.000000E-1	1.739522E-4	-1.739522E-4	-6.746752E-10	2.048340E+1
-3.500000E-1	2.778529E-4	-2.778529E-4	-1.077655E-9	2.105957E+1
-4.000000E-1	2.834177E-4	-2.834177E-4	-1.099238E-9	2.124707E+1
-4.500000E-1	3.051737E-4	-3.051737E-4	-1.183619E-9	2.143555E+1
-5.000000E-1	3.965464E-4	-3.965464E-4	-1.538009E-9	2.162305E+1
-5.000000E-1	3.901906E-4	-3.901906E-4	-1.513358E-9	2.181152E+1
-4.500000E-1	3.355098E-4	-3.355098E-4	-1.301278E-9	2.200000E+1
-4.000000E-1	2.742254E-4	-2.742254E-4	-1.063586E-9	2.218750E+1
-3.500000E-1	2.614783E-4	-2.614783E-4	-1.014146E-9	2.237598E+1
-3.000000E-1	1.843516E-4	-1.843516E-4	-7.150094E-10	2.317480E+1
-2.500000E-1	1.545663E-4	-1.545663E-4	-5.994869E-10	2.358594E+1
-2.000000E-1	1.178073E-4	-1.178073E-4	-4.569167E-10	2.377441E+1
-1.500000E-1	8.969990E-5	-8.969990E-5	-3.479019E-10	2.396289E+1
-1.000000E-1	5.464697E-5	-5.464697E-5	-2.119488E-10	2.415234E+1
-5.000000E-2	2.689523E-5	-2.689523E-5	-1.043134E-10	2.434082E+1
0.000000E+0	5.747112E-7	5.747112E-7	2.229023E-12	2.523633E+1
0.000000E+0	2.787656E-6	2.787656E-6	1.081195E-11	2.575977E+1
5.000000E-2	1.614983E-5	1.614983E-5	6.263727E-11	2.628320E+1
1.000000E-1	1.736436E-5	1.736436E-5	6.734784E-11	2.680664E+1
1.500000E-1	9.598971E-5	9.598971E-5	3.722970E-10	2.741309E+1
2.000000E-1	1.395210E-4	1.395210E-4	5.411337E-10	2.760156E+1
2.500000E-1	1.557306E-4	1.557306E-4	6.040025E-10	2.779004E+1
3.000000E-1	1.702493E-4	1.702493E-4	6.603134E-10	2.797852E+1
3.500000E-1	1.810951E-4	1.810951E-4	7.023789E-10	2.816797E+1
4.000000E-1	2.885152E-4	2.885152E-4	1.119009E-9	2.874316E+1
4.500000E-1	3.359125E-4	3.359125E-4	1.302840E-9	2.893164E+1
5.000000E-1	4.164793E-4	4.164793E-4	1.615319E-9	2.912012E+1
5.000000E-1	4.032969E-4	4.032969E-4	1.564191E-9	2.930762E+1
4.500000E-1	3.551109E-4	3.551109E-4	1.377301E-9	2.949609E+1
4.000000E-1	2.735675E-4	2.735675E-4	1.061034E-9	2.968359E+1
3.500000E-1	1.678212E-4	1.678212E-4	6.508963E-10	3.009570E+1
3.000000E-1	1.528646E-4	1.528646E-4	5.928869E-10	3.028418E+1
2.500000E-1	1.297700E-4	1.297700E-4	5.033142E-10	3.047266E+1
2.000000E-1	1.050144E-4	1.050144E-4	4.072995E-10	3.066211E+1
1.500000E-1	7.766252E-5	7.766252E-5	3.012148E-10	3.085059E+1
1.000000E-1	4.837039E-5	4.837039E-5	1.876050E-10	3.103906E+1
5.000000E-2	1.576215E-5	1.576215E-5	6.113363E-11	3.193457E+1
0.000000E+0	1.744801E-6	1.744801E-6	6.767226E-12	3.245801E+1
-5.000000E-2	1.606910E-5	-1.606910E-5	-6.232415E-11	3.298242E+1
-1.000000E-1	1.704204E-5	-1.704204E-5	-6.609771E-11	3.350586E+1
-1.500000E-1	1.792746E-5	-1.792746E-5	-6.953184E-11	3.402930E+1
-2.000000E-1	7.128357E-5	-7.128357E-5	-2.764740E-10	3.463477E+1
-2.500000E-1	9.968698E-5	-9.968698E-5	-3.866369E-10	3.482324E+1
-3.000000E-1	1.337833E-4	-1.337833E-4	-5.188798E-10	3.501270E+1
-3.500000E-1	1.524716E-4	-1.524716E-4	-5.913625E-10	3.558789E+1
-4.000000E-1	1.900532E-4	-1.900532E-4	-7.371233E-10	3.638672E+1
-4.500000E-1	2.601355E-4	-2.601355E-4	-1.008938E-9	3.737305E+1
-5.000000E-1	3.006444E-4	-3.006444E-4	-1.166052E-9	3.756152E+1
-5.000000E-1	1.792434E-4	-1.792434E-4	-6.951972E-10	3.797266E+1
-4.500000E-1	1.700082E-4	-1.700082E-4	-6.593783E-10	3.816113E+1
-4.000000E-1	1.535041E-4	-1.535041E-4	-5.953671E-10	3.835059E+1
-3.500000E-1	1.393001E-4	-1.393001E-4	-5.402767E-10	3.853906E+1
-3.000000E-1	1.111519E-4	-1.111519E-4	-4.311037E-10	3.872754E+1
-2.500000E-1	8.608967E-5	-8.608967E-5	-3.338996E-10	3.891699E+1
-2.000000E-1	6.301398E-5	-6.301398E-5	-2.444003E-10	3.910547E+1
-1.500000E-1	4.184069E-5	-4.184069E-5	-1.622795E-10	3.929395E+1
-1.000000E-1	2.853728E-5	-2.853728E-5	-1.106821E-10	3.948242E+1
-5.000000E-2	1.364448E-5	-1.364448E-5	-5.292025E-11	4.037793E+1
0.000000E+0	2.500415E-6	2.500415E-6	9.697881E-12	4.090137E+1
0.000000E+0	3.546852E-7	-3.546852E-7	-1.375650E-12	4.142578E+1
5.000000E-2	1.188151E-5	1.188151E-5	4.608253E-11	4.194922E+1
1.000000E-1	3.230161E-5	3.230161E-5	1.252821E-10	4.255469E+1
1.500000E-1	5.154710E-5	5.154710E-5	1.999259E-10	4.274414E+1
2.000000E-1	7.168424E-5	7.168424E-5	2.780280E-10	4.293262E+1
2.500000E-1	8.781941E-5	8.781941E-5	3.406084E-10	4.312109E+1
3.000000E-1	1.261209E-4	1.261209E-4	4.891611E-10	4.330957E+1
3.500000E-1	1.482263E-4	1.482263E-4	5.748972E-10	4.349902E+1
4.000000E-1	2.064469E-4	2.064469E-4	8.007062E-10	4.407422E+1
4.500000E-1	2.109215E-4	2.109215E-4	8.180612E-10	4.487305E+1
5.000000E-1	2.203781E-4	2.203781E-4	8.547385E-10	4.567188E+1
5.000000E-1	1.954526E-4	1.954526E-4	7.580647E-10	4.647070E+1
4.500000E-1	1.544133E-4	1.544133E-4	5.988934E-10	4.688184E+1
4.000000E-1	1.378464E-4	1.378464E-4	5.346386E-10	4.707031E+1
3.500000E-1	1.188307E-4	1.188307E-4	4.608861E-10	4.725879E+1
3.000000E-1	8.816067E-5	8.816067E-5	3.419320E-10	4.744824E+1
2.500000E-1	7.963585E-5	7.963585E-5	3.088684E-10	4.763672E+1
2.000000E-1	6.020478E-5	6.020478E-5	2.335048E-10	4.782520E+1
1.500000E-1	3.858665E-5	3.858665E-5	1.496587E-10	4.801465E+1
1.000000E-1	1.599975E-5	1.599975E-5	6.205518E-11	4.890918E+1
5.000000E-2	1.001616E-5	1.001616E-5	3.884776E-11	4.943262E+1
0.000000E+0	2.770126E-6	-2.770126E-6	-1.074396E-11	4.995605E+1
-5.000000E-2	7.538747E-6	-7.538747E-6	-2.923910E-11	5.048047E+1
-1.000000E-1	1.640990E-5	-1.640990E-5	-6.364594E-11	5.100391E+1
-1.500000E-1	2.614406E-5	-2.614406E-5	-1.014000E-10	5.160938E+1
-2.000000E-1	4.822043E-5	-4.822043E-5	-1.870234E-10	5.179785E+1
-2.500000E-1	5.862399E-5	-5.862399E-5	-2.273737E-10	5.198730E+1
-3.000000E-1	6.889175E-5	-6.889175E-5	-2.671973E-10	5.217578E+1
-3.500000E-1	8.343896E-5	-8.343896E-5	-3.236188E-10	5.236426E+1
-4.000000E-1	9.375042E-5	-9.375042E-5	-3.636119E-10	5.255371E+1
-4.500000E-1	1.152660E-4	-1.152660E-4	-4.470603E-10	5.274219E+1
-5.000000E-1	1.407113E-4	-1.407113E-4	-5.457500E-10	5.293066E+1
-5.000000E-1	1.307806E-4	-1.307806E-4	-5.072339E-10	5.311914E+1
-4.500000E-1	1.202136E-4	-1.202136E-4	-4.662496E-10	5.330859E+1
-4.000000E-1	1.032906E-4	-1.032906E-4	-4.006134E-10	5.349707E+1
-3.500000E-1	8.386172E-5	-8.386172E-5	-3.252585E-10	5.368555E+1
-3.000000E-1	6.916977E-5	-6.916977E-5	-2.682756E-10	5.387500E+1
-2.500000E-1	6.076432E-5	-6.076432E-5	-2.356750E-10	5.406348E+1
-2.000000E-1	4.302171E-5	-4.302171E-5	-1.668601E-10	5.425195E+1
-1.500000E-1	3.108965E-5	-3.108965E-5	-1.205815E-10	5.444043E+1
-1.000000E-1	1.642793E-5	-1.642793E-5	-6.371589E-11	5.533594E+1
-5.000000E-2	6.246603E-6	-6.246603E-6	-2.422751E-11	5.585938E+1
0.000000E+0	5.943265E-8	-5.943265E-8	-2.305101E-13	5.638281E+1
0.000000E+0	2.750397E-7	2.750397E-7	1.066744E-12	5.690723E+1
5.000000E-2	1.084477E-5	1.084477E-5	4.206156E-11	5.743066E+1
1.000000E-1	1.474042E-5	1.474042E-5	5.717087E-11	5.795410E+1
1.500000E-1	1.732079E-5	1.732079E-5	6.717887E-11	5.847754E+1
2.000000E-1	4.995654E-5	4.995654E-5	1.937569E-10	5.908301E+1
2.500000E-1	6.871088E-5	6.871088E-5	2.664958E-10	5.927148E+1
3.000000E-1	9.211392E-5	9.211392E-5	3.572647E-10	5.946094E+1
3.500000E-1	1.333806E-4	1.333806E-4	5.173180E-10	5.964941E+1
4.000000E-1	1.555262E-4	1.555262E-4	6.032098E-10	5.983789E+1
4.500000E-1	1.626306E-4	1.626306E-4	6.307642E-10	6.002637E+1
5.000000E-1	2.582363E-4	2.582363E-4	1.001572E-9	6.079004E+1
5.000000E-1	1.755915E-4	1.755915E-4	6.810332E-10	6.120215E+1
4.500000E-1	1.656818E-4	1.656818E-4	6.425985E-10	6.139062E+1
4.000000E-1	1.757808E-4	1.757808E-4	6.817675E-10	6.196680E+1
3.500000E-1	1.352276E-4	1.352276E-4	5.244817E-10	6.237793E+1
3.000000E-1	1.153617E-4	1.153617E-4	4.474315E-10	6.256641E+1
2.500000E-1	9.687451E-5	9.687451E-5	3.757287E-10	6.275586E+1
2.000000E-1	7.783862E-5	7.783862E-5	3.018978E-10	6.294434E+1
1.500000E-1	5.303130E-5	5.303130E-5	2.056824E-10	6.313281E+1
1.000000E-1	3.306177E-5	3.306177E-5	1.282304E-10	6.332129E+1
5.000000E-2	1.082103E-5	1.082103E-5	4.196948E-11	6.421680E+1
0.000000E+0	2.016516E-6	2.016516E-6	7.821077E-12	6.474023E+1
-5.000000E-2	9.326874E-6	-9.326874E-6	-3.617437E-11	6.526465E+1
-1.000000E-1	1.943420E-5	-1.943420E-5	-7.537571E-11	6.587012E+1
-1.500000E-1	7.054197E-5	-7.054197E-5	-2.735977E-10	6.605859E+1
-2.000000E-1	6.189971E-5	-6.189971E-5	-2.400786E-10	6.624805E+1
-2.500000E-1	6.848401E-5	-6.848401E-5	-2.656159E-10	6.643652E+1
-3.000000E-1	1.279086E-4	-1.279086E-4	-4.960947E-10	6.662500E+1
-3.500000E-1	1.207351E-4	-1.207351E-4	-4.682721E-10	6.681348E+1
-4.000000E-1	1.397524E-4	-1.397524E-4	-5.420311E-10	6.700293E+1
-4.500000E-1	1.564167E-4	-1.564167E-4	-6.066638E-10	6.719141E+1
-5.000000E-1	1.608831E-4	-1.608831E-4	-6.239866E-10	6.737988E+1
-5.000000E-1	1.681421E-4	-1.681421E-4	-6.521406E-10	6.795605E+1
-4.500000E-1	1.462091E-4	-1.462091E-4	-5.670735E-10	6.836719E+1
-4.000000E-1	1.040465E-4	-1.040465E-4	-4.035453E-10	6.855664E+1
-3.500000E-1	9.407335E-5	-9.407335E-5	-3.648644E-10	6.874512E+1
-3.000000E-1	8.128182E-5	-8.128182E-5	-3.152523E-10	6.893359E+1
-2.500000E-1	6.342480E-5	-6.342480E-5	-2.459937E-10	6.912207E+1
-2.000000E-1	4.605855E-5	-4.605855E-5	-1.786385E-10	6.931152E+1
-1.500000E-1	3.219641E-5	-3.219641E-5	-1.248741E-10	6.950000E+1
-1.000000E-1	1.627579E-5	-1.627579E-5	-6.312580E-11	7.039551E+1
-5.000000E-2	9.327403E-6	-9.327403E-6	-3.617642E-11	7.091895E+1
0.000000E+0	2.573677E-6	2.573677E-6	9.982029E-12	7.144238E+1
