voltage_12_20	absJ_12_20	J_12_20	current_12_20	time_12_20	
0.000000E+0	7.186067E-6	7.186067E-6	2.787123E-11	0.000000E+0
5.000000E-2	1.632495E-5	1.632495E-5	6.331649E-11	5.234375E-1
1.000000E-1	5.305010E-5	5.305010E-5	2.057553E-10	1.128906E+0
1.500000E-1	8.564143E-5	8.564143E-5	3.321611E-10	1.318359E+0
2.000000E-1	1.265783E-4	1.265783E-4	4.909350E-10	1.506836E+0
2.500000E-1	1.575685E-4	1.575685E-4	6.111309E-10	1.695313E+0
3.000000E-1	1.744270E-4	1.744270E-4	6.765168E-10	1.883789E+0
3.500000E-1	3.013861E-4	3.013861E-4	1.168929E-9	2.459961E+0
4.000000E-1	3.695618E-4	3.695618E-4	1.433349E-9	2.648438E+0
4.500000E-1	4.580979E-4	4.580979E-4	1.776737E-9	2.835938E+0
5.000000E-1	5.652391E-4	5.652391E-4	2.192285E-9	3.024414E+0
5.000000E-1	5.727120E-4	5.727120E-4	2.221269E-9	3.212891E+0
4.500000E-1	4.547577E-4	4.547577E-4	1.763782E-9	3.400391E+0
4.000000E-1	3.794762E-4	3.794762E-4	1.471802E-9	3.588867E+0
3.500000E-1	2.992348E-4	2.992348E-4	1.160585E-9	3.777344E+0
3.000000E-1	1.737289E-4	1.737289E-4	6.738093E-10	4.188477E+0
2.500000E-1	1.535390E-4	1.535390E-4	5.955026E-10	4.376953E+0
2.000000E-1	1.279671E-4	1.279671E-4	4.963215E-10	4.566406E+0
1.500000E-1	8.913187E-5	8.913187E-5	3.456988E-10	4.754883E+0
1.000000E-1	5.298675E-5	5.298675E-5	2.055096E-10	4.943359E+0
5.000000E-2	1.613872E-5	1.613872E-5	6.259417E-11	5.838867E+0
0.000000E+0	2.791570E-6	-2.791570E-6	-1.082713E-11	6.362305E+0
-5.000000E-2	2.035363E-5	-2.035363E-5	-7.894174E-11	6.968750E+0
-1.000000E-1	4.772070E-5	-4.772070E-5	-1.850852E-10	7.157227E+0
-1.500000E-1	7.565943E-5	-7.565943E-5	-2.934458E-10	7.346680E+0
-2.000000E-1	1.065413E-4	-1.065413E-4	-4.132213E-10	7.535156E+0
-2.500000E-1	1.416479E-4	-1.416479E-4	-5.493828E-10	7.723633E+0
-3.000000E-1	1.607271E-4	-1.607271E-4	-6.233815E-10	7.912109E+0
-3.500000E-1	2.187909E-4	-2.187909E-4	-8.485825E-10	8.488281E+0
-4.000000E-1	2.745900E-4	-2.745900E-4	-1.065000E-9	8.676758E+0
-4.500000E-1	3.466275E-4	-3.466275E-4	-1.344398E-9	8.864258E+0
-5.000000E-1	3.967834E-4	-3.967834E-4	-1.538928E-9	9.052734E+0
-5.000000E-1	3.843183E-4	-3.843183E-4	-1.490582E-9	9.240234E+0
-4.500000E-1	3.302810E-4	-3.302810E-4	-1.280998E-9	9.428711E+0
-4.000000E-1	2.741754E-4	-2.741754E-4	-1.063392E-9	9.617188E+0
-3.500000E-1	1.770046E-4	-1.770046E-4	-6.865141E-10	1.002832E+1
-3.000000E-1	1.883419E-4	-1.883419E-4	-7.304859E-10	1.060449E+1
-2.500000E-1	1.483504E-4	-1.483504E-4	-5.753785E-10	1.101563E+1
-2.000000E-1	1.153645E-4	-1.153645E-4	-4.474422E-10	1.120508E+1
-1.500000E-1	8.070858E-5	-8.070858E-5	-3.130290E-10	1.139355E+1
-1.000000E-1	4.950227E-5	-4.950227E-5	-1.919950E-10	1.158203E+1
-5.000000E-2	1.637095E-5	-1.637095E-5	-6.349489E-11	1.247754E+1
0.000000E+0	2.173285E-6	2.173285E-6	8.429105E-12	1.300098E+1
0.000000E+0	8.657808E-7	8.657808E-7	3.357939E-12	1.352441E+1
5.000000E-2	1.619120E-5	1.619120E-5	6.279773E-11	1.404785E+1
1.000000E-1	5.424981E-5	5.424981E-5	2.104084E-10	1.482129E+1
1.500000E-1	9.125833E-5	9.125833E-5	3.539463E-10	1.500977E+1
2.000000E-1	1.380203E-4	1.380203E-4	5.353131E-10	1.519824E+1
2.500000E-1	1.600608E-4	1.600608E-4	6.207973E-10	1.538770E+1
3.000000E-1	1.748312E-4	1.748312E-4	6.780843E-10	1.557617E+1
3.500000E-1	1.912802E-4	1.912802E-4	7.418822E-10	1.576465E+1
4.000000E-1	4.276697E-4	4.276697E-4	1.658721E-9	1.634082E+1
4.500000E-1	5.035422E-4	5.035422E-4	1.952993E-9	1.652832E+1
5.000000E-1	6.006286E-4	6.006286E-4	2.329544E-9	1.671680E+1
5.000000E-1	5.799829E-4	5.799829E-4	2.249469E-9	1.690527E+1
4.500000E-1	4.751591E-4	4.751591E-4	1.842909E-9	1.709277E+1
4.000000E-1	3.895141E-4	3.895141E-4	1.510734E-9	1.728125E+1
3.500000E-1	3.127361E-4	3.127361E-4	1.212950E-9	1.746973E+1
3.000000E-1	1.793469E-4	1.793469E-4	6.955985E-10	1.788086E+1
2.500000E-1	1.605486E-4	1.605486E-4	6.226894E-10	1.806934E+1
2.000000E-1	1.347997E-4	1.347997E-4	5.228220E-10	1.825879E+1
1.500000E-1	9.248097E-5	9.248097E-5	3.586883E-10	1.844727E+1
1.000000E-1	5.555624E-5	5.555624E-5	2.154754E-10	1.863574E+1
5.000000E-2	1.622255E-5	1.622255E-5	6.291933E-11	1.953125E+1
0.000000E+0	1.712236E-6	1.712236E-6	6.640924E-12	2.005469E+1
-5.000000E-2	1.639833E-5	-1.639833E-5	-6.360110E-11	2.057812E+1
-1.000000E-1	1.766390E-5	-1.766390E-5	-6.850961E-11	2.110156E+1
-1.500000E-1	1.862371E-5	-1.862371E-5	-7.223222E-11	2.162500E+1
-2.000000E-1	1.228252E-4	-1.228252E-4	-4.763789E-10	2.223145E+1
-2.500000E-1	1.594357E-4	-1.594357E-4	-6.183728E-10	2.241992E+1
-3.000000E-1	1.714547E-4	-1.714547E-4	-6.649888E-10	2.260840E+1
-3.500000E-1	2.279305E-4	-2.279305E-4	-8.840306E-10	2.318457E+1
-4.000000E-1	2.809801E-4	-2.809801E-4	-1.089784E-9	2.337305E+1
-4.500000E-1	3.313657E-4	-3.313657E-4	-1.285205E-9	2.356055E+1
-5.000000E-1	3.934762E-4	-3.934762E-4	-1.526101E-9	2.374902E+1
-5.000000E-1	3.945487E-4	-3.945487E-4	-1.530261E-9	2.393652E+1
-4.500000E-1	3.394172E-4	-3.394172E-4	-1.316433E-9	2.412500E+1
-4.000000E-1	2.869912E-4	-2.869912E-4	-1.113098E-9	2.431348E+1
-3.500000E-1	1.786055E-4	-1.786055E-4	-6.927231E-10	2.472461E+1
-3.000000E-1	2.006230E-4	-2.006230E-4	-7.781180E-10	2.530078E+1
-2.500000E-1	1.521420E-4	-1.521420E-4	-5.900843E-10	2.571191E+1
-2.000000E-1	1.169836E-4	-1.169836E-4	-4.537221E-10	2.590039E+1
-1.500000E-1	8.251314E-5	-8.251314E-5	-3.200280E-10	2.608984E+1
-1.000000E-1	5.030724E-5	-5.030724E-5	-1.951171E-10	2.627832E+1
-5.000000E-2	1.639312E-5	-1.639312E-5	-6.358086E-11	2.717383E+1
0.000000E+0	2.360023E-7	2.360023E-7	9.153373E-13	2.769727E+1
0.000000E+0	2.008065E-6	2.008065E-6	7.788298E-12	2.822070E+1
5.000000E-2	1.625460E-5	1.625460E-5	6.304361E-11	2.874414E+1
1.000000E-1	1.767603E-5	1.767603E-5	6.855667E-11	2.926758E+1
1.500000E-1	9.510055E-5	9.510055E-5	3.688484E-10	2.987402E+1
2.000000E-1	1.441390E-4	1.441390E-4	5.590445E-10	3.006250E+1
2.500000E-1	1.641703E-4	1.641703E-4	6.367361E-10	3.025098E+1
3.000000E-1	2.935313E-4	2.935313E-4	1.138464E-9	3.082715E+1
3.500000E-1	3.781912E-4	3.781912E-4	1.466818E-9	3.101465E+1
4.000000E-1	4.717498E-4	4.717498E-4	1.829686E-9	3.120312E+1
4.500000E-1	5.662157E-4	5.662157E-4	2.196073E-9	3.139160E+1
5.000000E-1	6.763918E-4	6.763918E-4	2.623392E-9	3.157910E+1
5.000000E-1	6.641005E-4	6.641005E-4	2.575720E-9	3.176758E+1
4.500000E-1	5.631094E-4	5.631094E-4	2.184025E-9	3.195508E+1
4.000000E-1	4.591681E-4	4.591681E-4	1.780888E-9	3.214355E+1
3.500000E-1	3.714092E-4	3.714092E-4	1.440514E-9	3.233203E+1
3.000000E-1	2.856399E-4	2.856399E-4	1.107857E-9	3.251953E+1
2.500000E-1	1.695131E-4	1.695131E-4	6.574582E-10	3.293164E+1
2.000000E-1	1.572279E-4	1.572279E-4	6.098100E-10	3.350684E+1
1.500000E-1	1.078184E-4	1.078184E-4	4.181746E-10	3.391895E+1
1.000000E-1	5.961120E-5	5.961120E-5	2.312026E-10	3.410742E+1
5.000000E-2	2.912279E-5	2.912279E-5	1.129530E-10	3.429590E+1
0.000000E+0	3.501051E-7	-3.501051E-7	-1.357886E-12	3.519141E+1
-5.000000E-2	2.593762E-5	-2.593762E-5	-1.005993E-10	3.579785E+1
-1.000000E-1	5.892313E-5	-5.892313E-5	-2.285339E-10	3.598633E+1
-1.500000E-1	9.173158E-5	-9.173158E-5	-3.557818E-10	3.617578E+1
-2.000000E-1	1.298218E-4	-1.298218E-4	-5.035150E-10	3.636426E+1
-2.500000E-1	1.617845E-4	-1.617845E-4	-6.274828E-10	3.655273E+1
-3.000000E-1	1.735845E-4	-1.735845E-4	-6.732493E-10	3.674219E+1
-3.500000E-1	2.795876E-4	-2.795876E-4	-1.084383E-9	3.731738E+1
-4.000000E-1	3.319897E-4	-3.319897E-4	-1.287625E-9	3.750586E+1
-4.500000E-1	3.940506E-4	-3.940506E-4	-1.528329E-9	3.769336E+1
-5.000000E-1	4.383460E-4	-4.383460E-4	-1.700129E-9	3.788184E+1
-5.000000E-1	4.470699E-4	-4.470699E-4	-1.733965E-9	3.807031E+1
-4.500000E-1	3.807130E-4	-3.807130E-4	-1.476599E-9	3.825781E+1
-4.000000E-1	3.275759E-4	-3.275759E-4	-1.270506E-9	3.844629E+1
-3.500000E-1	2.732256E-4	-2.732256E-4	-1.059708E-9	3.863379E+1
-3.000000E-1	2.221673E-4	-2.221673E-4	-8.616778E-10	3.943262E+1
-2.500000E-1	1.591246E-4	-1.591246E-4	-6.171662E-10	3.984473E+1
-2.000000E-1	1.322643E-4	-1.322643E-4	-5.129883E-10	4.003320E+1
-1.500000E-1	9.118642E-5	-9.118642E-5	-3.536674E-10	4.022168E+1
-1.000000E-1	5.802649E-5	-5.802649E-5	-2.250563E-10	4.041113E+1
-5.000000E-2	2.828937E-5	-2.828937E-5	-1.097206E-10	4.059961E+1
0.000000E+0	2.653035E-7	2.653035E-7	1.028982E-12	4.149512E+1
0.000000E+0	2.295195E-6	2.295195E-6	8.901935E-12	4.201855E+1
5.000000E-2	1.631848E-5	1.631848E-5	6.329139E-11	4.254199E+1
1.000000E-1	1.772405E-5	1.772405E-5	6.874291E-11	4.306543E+1
1.500000E-1	1.060207E-4	1.060207E-4	4.112022E-10	4.367188E+1
2.000000E-1	1.502210E-4	1.502210E-4	5.826337E-10	4.386035E+1
2.500000E-1	1.698049E-4	1.698049E-4	6.585900E-10	4.404883E+1
3.000000E-1	2.844938E-4	2.844938E-4	1.103412E-9	4.462500E+1
3.500000E-1	3.530297E-4	3.530297E-4	1.369229E-9	4.481250E+1
4.000000E-1	4.342349E-4	4.342349E-4	1.684184E-9	4.500098E+1
4.500000E-1	5.630712E-4	5.630712E-4	2.183877E-9	4.518848E+1
5.000000E-1	6.665734E-4	6.665734E-4	2.585311E-9	4.537695E+1
5.000000E-1	6.492829E-4	6.492829E-4	2.518250E-9	4.556543E+1
4.500000E-1	5.382171E-4	5.382171E-4	2.087480E-9	4.575293E+1
4.000000E-1	4.330976E-4	4.330976E-4	1.679773E-9	4.594141E+1
3.500000E-1	3.479017E-4	3.479017E-4	1.349340E-9	4.612988E+1
3.000000E-1	2.744797E-4	2.744797E-4	1.064572E-9	4.631738E+1
2.500000E-1	1.663173E-4	1.663173E-4	6.450634E-10	4.672949E+1
2.000000E-1	1.480485E-4	1.480485E-4	5.742074E-10	4.691797E+1
1.500000E-1	1.011371E-4	1.011371E-4	3.922614E-10	4.710645E+1
1.000000E-1	6.461622E-5	6.461622E-5	2.506146E-10	4.729492E+1
5.000000E-2	3.033284E-5	3.033284E-5	1.176462E-10	4.748437E+1
0.000000E+0	2.981901E-7	-2.981901E-7	-1.156533E-12	4.837988E+1
-5.000000E-2	1.654447E-5	-1.654447E-5	-6.416789E-11	4.890332E+1
-1.000000E-1	5.060127E-5	-5.060127E-5	-1.962575E-10	4.967676E+1
-1.500000E-1	9.383940E-5	-9.383940E-5	-3.639570E-10	4.986523E+1
-2.000000E-1	1.356009E-4	-1.356009E-4	-5.259293E-10	5.005371E+1
-2.500000E-1	1.621276E-4	-1.621276E-4	-6.288133E-10	5.024316E+1
-3.000000E-1	1.734027E-4	-1.734027E-4	-6.725441E-10	5.043164E+1
-3.500000E-1	1.861518E-4	-1.861518E-4	-7.219917E-10	5.062012E+1
-4.000000E-1	3.236295E-4	-3.236295E-4	-1.255200E-9	5.119629E+1
-4.500000E-1	3.783706E-4	-3.783706E-4	-1.467514E-9	5.138379E+1
-5.000000E-1	4.385198E-4	-4.385198E-4	-1.700803E-9	5.157227E+1
-5.000000E-1	4.444017E-4	-4.444017E-4	-1.723616E-9	5.176074E+1
-4.500000E-1	3.889587E-4	-3.889587E-4	-1.508580E-9	5.194824E+1
-4.000000E-1	3.207346E-4	-3.207346E-4	-1.243972E-9	5.213672E+1
-3.500000E-1	2.701422E-4	-2.701422E-4	-1.047749E-9	5.232422E+1
-3.000000E-1	1.722352E-4	-1.722352E-4	-6.680160E-10	5.273633E+1
-2.500000E-1	1.603337E-4	-1.603337E-4	-6.218558E-10	5.292480E+1
-2.000000E-1	1.350933E-4	-1.350933E-4	-5.239607E-10	5.311328E+1
-1.500000E-1	9.368295E-5	-9.368295E-5	-3.633502E-10	5.330273E+1
-1.000000E-1	5.806656E-5	-5.806656E-5	-2.252117E-10	5.349121E+1
-5.000000E-2	2.791181E-5	-2.791181E-5	-1.082562E-10	5.367969E+1
0.000000E+0	2.630529E-7	2.630529E-7	1.020253E-12	5.457520E+1
0.000000E+0	2.263396E-6	2.263396E-6	8.778603E-12	5.509961E+1
5.000000E-2	1.635805E-5	1.635805E-5	6.344487E-11	5.562305E+1
1.000000E-1	1.772700E-5	1.772700E-5	6.875434E-11	5.614648E+1
1.500000E-1	1.067307E-4	1.067307E-4	4.139561E-10	5.675195E+1
2.000000E-1	1.477482E-4	1.477482E-4	5.730427E-10	5.694043E+1
2.500000E-1	1.670695E-4	1.670695E-4	6.479805E-10	5.712988E+1
3.000000E-1	2.808569E-4	2.808569E-4	1.089306E-9	5.770508E+1
3.500000E-1	3.611996E-4	3.611996E-4	1.400916E-9	5.789355E+1
4.000000E-1	4.714048E-4	4.714048E-4	1.828348E-9	5.808203E+1
4.500000E-1	5.631679E-4	5.631679E-4	2.184252E-9	5.826953E+1
5.000000E-1	6.630457E-4	6.630457E-4	2.571629E-9	5.845801E+1
5.000000E-1	6.661469E-4	6.661469E-4	2.583657E-9	5.864551E+1
4.500000E-1	5.560889E-4	5.560889E-4	2.156796E-9	5.883398E+1
4.000000E-1	4.690206E-4	4.690206E-4	1.819101E-9	5.902246E+1
3.500000E-1	3.526097E-4	3.526097E-4	1.367600E-9	5.920996E+1
3.000000E-1	2.670660E-4	2.670660E-4	1.035818E-9	5.939844E+1
2.500000E-1	1.636686E-4	1.636686E-4	6.347902E-10	5.980957E+1
2.000000E-1	1.420131E-4	1.420131E-4	5.507990E-10	5.999902E+1
1.500000E-1	9.469935E-5	9.469935E-5	3.672923E-10	6.018750E+1
1.000000E-1	6.001875E-5	6.001875E-5	2.327833E-10	6.037598E+1
5.000000E-2	2.738341E-5	2.738341E-5	1.062068E-10	6.056445E+1
0.000000E+0	2.827076E-8	2.827076E-8	1.096484E-13	6.145996E+1
-5.000000E-2	1.639265E-5	-1.639265E-5	-6.357904E-11	6.198437E+1
-1.000000E-1	4.211989E-5	-4.211989E-5	-1.633624E-10	6.258984E+1
-1.500000E-1	8.119312E-5	-8.119312E-5	-3.149083E-10	6.277930E+1
-2.000000E-1	1.146774E-4	-1.146774E-4	-4.447772E-10	6.296777E+1
-2.500000E-1	1.510067E-4	-1.510067E-4	-5.856809E-10	6.315625E+1
-3.000000E-1	1.644560E-4	-1.644560E-4	-6.378441E-10	6.334473E+1
-3.500000E-1	1.761296E-4	-1.761296E-4	-6.831203E-10	6.353418E+1
-4.000000E-1	2.752748E-4	-2.752748E-4	-1.067656E-9	6.410938E+1
-4.500000E-1	3.248985E-4	-3.248985E-4	-1.260122E-9	6.429785E+1
-5.000000E-1	3.773666E-4	-3.773666E-4	-1.463620E-9	6.448535E+1
-5.000000E-1	3.803330E-4	-3.803330E-4	-1.475125E-9	6.467383E+1
-4.500000E-1	3.284076E-4	-3.284076E-4	-1.273732E-9	6.486230E+1
-4.000000E-1	2.771134E-4	-2.771134E-4	-1.074787E-9	6.504980E+1
-3.500000E-1	1.763064E-4	-1.763064E-4	-6.838060E-10	6.546191E+1
-3.000000E-1	1.645194E-4	-1.645194E-4	-6.380899E-10	6.565039E+1
-2.500000E-1	1.471123E-4	-1.471123E-4	-5.705766E-10	6.583887E+1
-2.000000E-1	1.174439E-4	-1.174439E-4	-4.555074E-10	6.602832E+1
-1.500000E-1	8.121094E-5	-8.121094E-5	-3.149774E-10	6.621680E+1
-1.000000E-1	5.166946E-5	-5.166946E-5	-2.004005E-10	6.640527E+1
-5.000000E-2	2.620251E-5	-2.620251E-5	-1.016267E-10	6.659375E+1
0.000000E+0	4.066503E-7	4.066503E-7	1.577197E-12	6.748926E+1
0.000000E+0	1.923993E-6	1.923993E-6	7.462225E-12	6.801367E+1
5.000000E-2	1.723198E-5	1.723198E-5	6.683438E-11	6.853711E+1
1.000000E-1	1.764185E-5	1.764185E-5	6.842409E-11	6.906055E+1
1.500000E-1	1.895240E-5	1.895240E-5	7.350705E-11	6.958398E+1
2.000000E-1	2.012269E-5	2.012269E-5	7.804604E-11	7.010742E+1
2.500000E-1	2.296954E-4	2.296954E-4	8.908758E-10	7.110059E+1
3.000000E-1	2.839547E-4	2.839547E-4	1.101321E-9	7.128809E+1
3.500000E-1	3.607185E-4	3.607185E-4	1.399050E-9	7.147656E+1
4.000000E-1	4.559914E-4	4.559914E-4	1.768567E-9	7.166406E+1
4.500000E-1	5.890178E-4	5.890178E-4	2.284511E-9	7.185254E+1
5.000000E-1	7.738161E-4	7.738161E-4	3.001253E-9	7.204102E+1
5.000000E-1	7.370630E-4	7.370630E-4	2.858706E-9	7.222852E+1
4.500000E-1	6.455470E-4	6.455470E-4	2.503760E-9	7.241699E+1
4.000000E-1	5.529916E-4	5.529916E-4	2.144783E-9	7.260547E+1
3.500000E-1	4.515663E-4	4.515663E-4	1.751404E-9	7.279297E+1
3.000000E-1	3.578805E-4	3.578805E-4	1.388043E-9	7.298145E+1
2.500000E-1	2.934981E-4	2.934981E-4	1.138335E-9	7.316895E+1
2.000000E-1	1.691625E-4	1.691625E-4	6.560982E-10	7.358105E+1
1.500000E-1	1.475458E-4	1.475458E-4	5.722577E-10	7.376953E+1
1.000000E-1	9.815683E-5	9.815683E-5	3.807022E-10	7.395801E+1
5.000000E-2	3.902174E-5	3.902174E-5	1.513462E-10	7.414746E+1
0.000000E+0	4.091657E-7	4.091657E-7	1.586953E-12	7.504297E+1
-5.000000E-2	1.677399E-5	-1.677399E-5	-6.505807E-11	7.556641E+1
-1.000000E-1	1.782683E-5	-1.782683E-5	-6.914153E-11	7.608984E+1
-1.500000E-1	1.886254E-5	-1.886254E-5	-7.315852E-11	7.661328E+1
-2.000000E-1	1.333874E-4	-1.333874E-4	-5.173441E-10	7.721973E+1
-2.500000E-1	1.659826E-4	-1.659826E-4	-6.437652E-10	7.740820E+1
-3.000000E-1	1.765524E-4	-1.765524E-4	-6.847601E-10	7.759668E+1
-3.500000E-1	2.941274E-4	-2.941274E-4	-1.140776E-9	7.817285E+1
-4.000000E-1	3.446208E-4	-3.446208E-4	-1.336615E-9	7.836035E+1
-4.500000E-1	3.978436E-4	-3.978436E-4	-1.543040E-9	7.854883E+1
-5.000000E-1	4.570011E-4	-4.570011E-4	-1.772483E-9	7.873730E+1
-5.000000E-1	4.567729E-4	-4.567729E-4	-1.771598E-9	7.892480E+1
-4.500000E-1	3.959163E-4	-3.959163E-4	-1.535565E-9	7.911328E+1
-4.000000E-1	3.594386E-4	-3.594386E-4	-1.394086E-9	7.930078E+1
-3.500000E-1	3.068676E-4	-3.068676E-4	-1.190189E-9	7.948926E+1
-3.000000E-1	2.459182E-4	-2.459182E-4	-9.537962E-10	8.028809E+1
-2.500000E-1	1.918094E-4	-1.918094E-4	-7.439347E-10	8.108691E+1
-2.000000E-1	1.499769E-4	-1.499769E-4	-5.816868E-10	8.149805E+1
-1.500000E-1	1.128006E-4	-1.128006E-4	-4.374980E-10	8.168652E+1
-1.000000E-1	6.848745E-5	-6.848745E-5	-2.656292E-10	8.187598E+1
-5.000000E-2	3.235013E-5	-3.235013E-5	-1.254703E-10	8.206445E+1
0.000000E+0	8.239776E-7	8.239776E-7	3.195805E-12	8.295996E+1
0.000000E+0	7.920463E-7	-7.920463E-7	-3.071959E-12	8.348340E+1
5.000000E-2	3.619543E-5	3.619543E-5	1.403843E-10	8.425684E+1
1.000000E-1	7.845333E-5	7.845333E-5	3.042820E-10	8.444531E+1
1.500000E-1	1.304868E-4	1.304868E-4	5.060944E-10	8.463477E+1
2.000000E-1	1.766251E-4	1.766251E-4	6.850422E-10	8.520996E+1
2.500000E-1	2.411223E-4	2.411223E-4	9.351950E-10	8.600879E+1
3.000000E-1	3.114630E-4	3.114630E-4	1.208012E-9	8.619629E+1
3.500000E-1	4.058572E-4	4.058572E-4	1.574121E-9	8.638477E+1
4.000000E-1	5.224180E-4	5.224180E-4	2.026203E-9	8.657324E+1
4.500000E-1	6.304156E-4	6.304156E-4	2.445073E-9	8.676074E+1
5.000000E-1	7.567093E-4	7.567093E-4	2.934904E-9	8.694922E+1
5.000000E-1	7.341524E-4	7.341524E-4	2.847417E-9	8.713770E+1
4.500000E-1	6.143626E-4	6.143626E-4	2.382811E-9	8.732520E+1
4.000000E-1	4.961161E-4	4.961161E-4	1.924191E-9	8.751367E+1
3.500000E-1	3.916033E-4	3.916033E-4	1.518837E-9	8.770117E+1
3.000000E-1	3.101194E-4	3.101194E-4	1.202801E-9	8.788965E+1
2.500000E-1	1.739055E-4	1.739055E-4	6.744942E-10	8.830078E+1
2.000000E-1	1.722542E-4	1.722542E-4	6.680896E-10	8.887695E+1
1.500000E-1	1.160122E-4	1.160122E-4	4.499546E-10	8.928809E+1
1.000000E-1	7.943704E-5	7.943704E-5	3.080973E-10	8.947754E+1
5.000000E-2	3.561069E-5	3.561069E-5	1.381164E-10	8.966602E+1
0.000000E+0	2.295152E-7	-2.295152E-7	-8.901768E-13	9.056152E+1
-5.000000E-2	1.685214E-5	-1.685214E-5	-6.536117E-11	9.108496E+1
-1.000000E-1	1.788747E-5	-1.788747E-5	-6.937673E-11	9.160840E+1
-1.500000E-1	1.234548E-4	-1.234548E-4	-4.788204E-10	9.221484E+1
-2.000000E-1	1.569177E-4	-1.569177E-4	-6.086066E-10	9.240332E+1
-2.500000E-1	1.699009E-4	-1.699009E-4	-6.589623E-10	9.259180E+1
-3.000000E-1	2.796716E-4	-2.796716E-4	-1.084709E-9	9.316797E+1
-3.500000E-1	3.307384E-4	-3.307384E-4	-1.282772E-9	9.335645E+1
-4.000000E-1	4.025211E-4	-4.025211E-4	-1.561182E-9	9.354395E+1
-4.500000E-1	4.627004E-4	-4.627004E-4	-1.794588E-9	9.373242E+1
-5.000000E-1	5.380134E-4	-5.380134E-4	-2.086690E-9	9.391992E+1
-5.000000E-1	5.371693E-4	-5.371693E-4	-2.083416E-9	9.410840E+1
-4.500000E-1	4.521289E-4	-4.521289E-4	-1.753586E-9	9.429688E+1
-4.000000E-1	3.915120E-4	-3.915120E-4	-1.518483E-9	9.448438E+1
-3.500000E-1	3.275465E-4	-3.275465E-4	-1.270392E-9	9.467285E+1
-3.000000E-1	2.699271E-4	-2.699271E-4	-1.046915E-9	9.486133E+1
-2.500000E-1	1.719602E-4	-1.719602E-4	-6.669493E-10	9.527246E+1
-2.000000E-1	1.599869E-4	-1.599869E-4	-6.205106E-10	9.546094E+1
-1.500000E-1	1.221780E-4	-1.221780E-4	-4.738684E-10	9.565039E+1
-1.000000E-1	7.506752E-5	-7.506752E-5	-2.911501E-10	9.583887E+1
-5.000000E-2	3.733672E-5	-3.733672E-5	-1.448108E-10	9.602734E+1
0.000000E+0	6.823805E-7	6.823805E-7	2.646619E-12	9.692285E+1
0.000000E+0	1.166612E-7	1.166612E-7	4.524714E-13	9.744629E+1
5.000000E-2	3.829340E-5	3.829340E-5	1.485213E-10	9.805273E+1
1.000000E-1	8.369728E-5	8.369728E-5	3.246207E-10	9.824121E+1
1.500000E-1	1.434765E-4	1.434765E-4	5.564748E-10	9.842969E+1
2.000000E-1	1.996923E-4	1.996923E-4	7.745085E-10	9.900586E+1
2.500000E-1	2.727305E-4	2.727305E-4	1.057788E-9	9.919434E+1
3.000000E-1	3.388299E-4	3.388299E-4	1.314155E-9	9.938184E+1
3.500000E-1	4.015326E-4	4.015326E-4	1.557348E-9	9.957031E+1
4.000000E-1	4.386466E-4	4.386466E-4	1.701295E-9	9.975781E+1
4.500000E-1	5.084956E-4	5.084956E-4	1.972205E-9	9.994629E+1
5.000000E-1	6.304306E-4	6.304306E-4	2.445131E-9	1.001348E+2
5.000000E-1	6.234429E-4	6.234429E-4	2.418029E-9	1.003223E+2
4.500000E-1	5.124056E-4	5.124056E-4	1.987370E-9	1.005107E+2
4.000000E-1	4.114109E-4	4.114109E-4	1.595661E-9	1.006992E+2
3.500000E-1	3.300510E-4	3.300510E-4	1.280106E-9	1.008867E+2
3.000000E-1	1.779344E-4	1.779344E-4	6.901202E-10	1.012988E+2
2.500000E-1	1.837656E-4	1.837656E-4	7.127365E-10	1.018740E+2
2.000000E-1	1.330822E-4	1.330822E-4	5.161605E-10	1.022861E+2
1.500000E-1	8.850103E-5	8.850103E-5	3.432521E-10	1.024746E+2
1.000000E-1	5.477836E-5	5.477836E-5	2.124584E-10	1.026631E+2
5.000000E-2	1.615712E-5	1.615712E-5	6.266556E-11	1.035586E+2
0.000000E+0	2.022610E-6	2.022610E-6	7.844711E-12	1.040820E+2
-5.000000E-2	1.629414E-5	-1.629414E-5	-6.319698E-11	1.046064E+2
-1.000000E-1	4.306386E-5	-4.306386E-5	-1.670236E-10	1.052119E+2
-1.500000E-1	7.570661E-5	-7.570661E-5	-2.936288E-10	1.054004E+2
-2.000000E-1	1.034204E-4	-1.034204E-4	-4.011170E-10	1.055898E+2
-2.500000E-1	1.352310E-4	-1.352310E-4	-5.244949E-10	1.057783E+2
-3.000000E-1	1.618925E-4	-1.618925E-4	-6.279016E-10	1.059668E+2
-3.500000E-1	1.724698E-4	-1.724698E-4	-6.689257E-10	1.061553E+2
-4.000000E-1	2.649332E-4	-2.649332E-4	-1.027546E-9	1.067314E+2
-4.500000E-1	3.054766E-4	-3.054766E-4	-1.184794E-9	1.069199E+2
-5.000000E-1	3.542861E-4	-3.542861E-4	-1.374102E-9	1.071074E+2
-5.000000E-1	3.504576E-4	-3.504576E-4	-1.359253E-9	1.072959E+2
-4.500000E-1	2.955285E-4	-2.955285E-4	-1.146210E-9	1.074844E+2
-4.000000E-1	2.469833E-4	-2.469833E-4	-9.579271E-10	1.082822E+2
-3.500000E-1	2.164777E-4	-2.164777E-4	-8.396110E-10	1.090811E+2
-3.000000E-1	1.703281E-4	-1.703281E-4	-6.606191E-10	1.098799E+2
-2.500000E-1	1.341512E-4	-1.341512E-4	-5.203065E-10	1.102910E+2
-2.000000E-1	1.010479E-4	-1.010479E-4	-3.919152E-10	1.104805E+2
-1.500000E-1	6.841531E-5	-6.841531E-5	-2.653494E-10	1.106689E+2
-1.000000E-1	4.293688E-5	-4.293688E-5	-1.665311E-10	1.108574E+2
-5.000000E-2	1.625406E-5	-1.625406E-5	-6.304154E-11	1.117529E+2
0.000000E+0	2.695079E-7	-2.695079E-7	-1.045289E-12	1.122764E+2
0.000000E+0	9.333751E-7	9.333751E-7	3.620104E-12	1.128008E+2
5.000000E-2	1.602233E-5	1.602233E-5	6.214278E-11	1.133242E+2
1.000000E-1	1.753432E-5	1.753432E-5	6.800703E-11	1.138467E+2
1.500000E-1	9.029482E-5	9.029482E-5	3.502093E-10	1.144531E+2
2.000000E-1	1.227932E-4	1.227932E-4	4.762546E-10	1.146416E+2
2.500000E-1	1.575695E-4	1.575695E-4	6.111347E-10	1.148311E+2
3.000000E-1	1.729023E-4	1.729023E-4	6.706030E-10	1.150195E+2
3.500000E-1	1.915430E-4	1.915430E-4	7.429015E-10	1.152080E+2
4.000000E-1	4.115558E-4	4.115558E-4	1.596223E-9	1.157842E+2
4.500000E-1	4.894277E-4	4.894277E-4	1.898250E-9	1.159717E+2
5.000000E-1	6.162166E-4	6.162166E-4	2.390002E-9	1.161602E+2
5.000000E-1	6.106536E-4	6.106536E-4	2.368426E-9	1.163477E+2
4.500000E-1	5.082813E-4	5.082813E-4	1.971374E-9	1.165361E+2
4.000000E-1	3.965812E-4	3.965812E-4	1.538144E-9	1.167246E+2
3.500000E-1	2.992647E-4	2.992647E-4	1.160701E-9	1.169121E+2
3.000000E-1	1.763640E-4	1.763640E-4	6.840294E-10	1.173242E+2
2.500000E-1	1.612755E-4	1.612755E-4	6.255086E-10	1.175127E+2
2.000000E-1	1.293714E-4	1.293714E-4	5.017683E-10	1.177012E+2
1.500000E-1	8.916621E-5	8.916621E-5	3.458320E-10	1.178896E+2
1.000000E-1	5.675894E-5	5.675894E-5	2.201401E-10	1.180791E+2
5.000000E-2	2.587765E-5	2.587765E-5	1.003667E-10	1.182676E+2
0.000000E+0	1.345536E-6	-1.345536E-6	-5.218673E-12	1.191631E+2
-5.000000E-2	1.639613E-5	-1.639613E-5	-6.359255E-11	1.196865E+2
-1.000000E-1	4.528611E-5	-4.528611E-5	-1.756426E-10	1.202930E+2
-1.500000E-1	7.302243E-5	-7.302243E-5	-2.832182E-10	1.204814E+2
-2.000000E-1	1.016839E-4	-1.016839E-4	-3.943819E-10	1.206699E+2
-2.500000E-1	1.338023E-4	-1.338023E-4	-5.189535E-10	1.208594E+2
-3.000000E-1	1.628655E-4	-1.628655E-4	-6.316753E-10	1.210479E+2
-3.500000E-1	1.726643E-4	-1.726643E-4	-6.696800E-10	1.212363E+2
-4.000000E-1	2.413394E-4	-2.413394E-4	-9.360370E-10	1.218125E+2
-4.500000E-1	2.797799E-4	-2.797799E-4	-1.085129E-9	1.220000E+2
-5.000000E-1	3.281732E-4	-3.281732E-4	-1.272823E-9	1.221885E+2
-5.000000E-1	3.253567E-4	-3.253567E-4	-1.261899E-9	1.223770E+2
-4.500000E-1	2.839098E-4	-2.839098E-4	-1.101147E-9	1.225645E+2
-4.000000E-1	1.799154E-4	-1.799154E-4	-6.978035E-10	1.229766E+2
-3.500000E-1	1.703977E-4	-1.703977E-4	-6.608890E-10	1.231650E+2
-3.000000E-1	1.578295E-4	-1.578295E-4	-6.121431E-10	1.233535E+2
-2.500000E-1	1.393028E-4	-1.393028E-4	-5.402871E-10	1.235430E+2
-2.000000E-1	1.057410E-4	-1.057410E-4	-4.101175E-10	1.237314E+2
-1.500000E-1	7.327931E-5	-7.327931E-5	-2.842145E-10	1.239199E+2
-1.000000E-1	4.618499E-5	-4.618499E-5	-1.791289E-10	1.241084E+2
-5.000000E-2	1.618042E-5	-1.618042E-5	-6.275591E-11	1.250039E+2
0.000000E+0	2.214712E-6	2.214712E-6	8.589782E-12	1.255273E+2
