voltage_2_2_21	absJ_2_2_21	J_2_2_21	current_2_2_21	time_2_2_21	
0.000000E+0	2.021091E-6	2.021091E-6	2.829814E-11	0.000000E+0
5.000000E-2	5.040123E-4	5.040123E-4	7.056887E-9	5.761719E-1
1.000000E-1	1.192168E-3	1.192168E-3	1.669204E-8	1.151367E+0
1.500000E-1	2.174952E-3	2.174952E-3	3.045241E-8	1.338867E+0
2.000000E-1	3.528806E-3	3.528806E-3	4.940829E-8	1.527344E+0
2.500000E-1	5.318206E-3	5.318206E-3	7.446243E-8	1.714844E+0
3.000000E-1	7.696427E-3	7.696427E-3	1.077609E-7	2.290039E+0
3.500000E-1	1.048105E-2	1.048105E-2	1.467496E-7	2.477539E+0
4.000000E-1	1.386233E-2	1.386233E-2	1.940923E-7	2.666016E+0
4.500000E-1	1.791203E-2	1.791203E-2	2.507938E-7	2.853516E+0
5.000000E-1	2.269269E-2	2.269269E-2	3.177298E-7	3.041992E+0
5.000000E-1	2.303916E-2	2.303916E-2	3.225809E-7	3.230469E+0
4.500000E-1	1.868062E-2	1.868062E-2	2.615552E-7	3.417969E+0
4.000000E-1	1.475293E-2	1.475293E-2	2.065620E-7	3.606445E+0
3.500000E-1	1.129177E-2	1.129177E-2	1.581008E-7	3.794922E+0
3.000000E-1	8.313479E-3	8.313479E-3	1.164005E-7	3.982422E+0
2.500000E-1	5.815860E-3	5.815860E-3	8.143029E-8	4.364258E+0
2.000000E-1	3.890778E-3	3.890778E-3	5.447642E-8	4.552734E+0
1.500000E-1	2.401967E-3	2.401967E-3	3.363094E-8	4.740234E+0
1.000000E-1	1.314834E-3	1.314834E-3	1.840954E-8	4.928711E+0
5.000000E-2	5.507348E-4	5.507348E-4	7.711068E-9	5.310547E+0
0.000000E+0	1.685476E-6	1.685476E-6	2.359905E-11	6.205078E+0
-5.000000E-2	5.243951E-4	-5.243951E-4	-7.342276E-9	6.781250E+0
-1.000000E-1	1.216684E-3	-1.216684E-3	-1.703530E-8	7.356445E+0
-1.500000E-1	2.180585E-3	-2.180585E-3	-3.053128E-8	7.544922E+0
-2.000000E-1	3.496434E-3	-3.496434E-3	-4.895504E-8	7.733398E+0
-2.500000E-1	5.217275E-3	-5.217275E-3	-7.304925E-8	7.920898E+0
-3.000000E-1	7.330479E-3	-7.330479E-3	-1.026371E-7	8.109375E+0
-3.500000E-1	1.002973E-2	-1.002973E-2	-1.404305E-7	8.683594E+0
-4.000000E-1	1.290923E-2	-1.290923E-2	-1.807476E-7	8.872070E+0
-4.500000E-1	1.633948E-2	-1.633948E-2	-2.287759E-7	9.060547E+0
-5.000000E-1	2.028389E-2	-2.028389E-2	-2.840032E-7	9.248047E+0
-5.000000E-1	2.044747E-2	-2.044747E-2	-2.862936E-7	9.436523E+0
-4.500000E-1	1.665980E-2	-1.665980E-2	-2.332609E-7	9.624023E+0
-4.000000E-1	1.328502E-2	-1.328502E-2	-1.860092E-7	9.812500E+0
-3.500000E-1	1.028889E-2	-1.028889E-2	-1.440591E-7	1.000098E+1
-3.000000E-1	7.667416E-3	-7.667416E-3	-1.073547E-7	1.018848E+1
-2.500000E-1	5.417333E-3	-5.417333E-3	-7.585035E-8	1.057031E+1
-2.000000E-1	3.641384E-3	-3.641384E-3	-5.098455E-8	1.075879E+1
-1.500000E-1	2.273652E-3	-2.273652E-3	-3.183436E-8	1.094629E+1
-1.000000E-1	1.258747E-3	-1.258747E-3	-1.762425E-8	1.113477E+1
-5.000000E-2	5.373041E-4	-5.373041E-4	-7.523020E-9	1.151660E+1
0.000000E+0	1.907973E-6	1.907973E-6	2.671433E-11	1.241113E+1
0.000000E+0	5.307072E-7	5.307072E-7	7.430653E-12	1.293555E+1
5.000000E-2	5.355477E-4	5.355477E-4	7.498428E-9	1.351172E+1
1.000000E-1	1.269692E-3	1.269692E-3	1.777749E-8	1.408691E+1
1.500000E-1	2.311936E-3	2.311936E-3	3.237038E-8	1.427441E+1
2.000000E-1	3.769747E-3	3.769747E-3	5.278181E-8	1.446289E+1
2.500000E-1	5.681940E-3	5.681940E-3	7.955523E-8	1.465137E+1
3.000000E-1	8.238358E-3	8.238358E-3	1.153487E-7	1.522559E+1
3.500000E-1	1.117010E-2	1.117010E-2	1.563972E-7	1.541406E+1
4.000000E-1	1.474681E-2	1.474681E-2	2.064763E-7	1.560156E+1
4.500000E-1	1.896954E-2	1.896954E-2	2.656005E-7	1.579004E+1
5.000000E-1	2.385608E-2	2.385608E-2	3.340190E-7	1.597754E+1
5.000000E-1	2.425964E-2	2.425964E-2	3.396694E-7	1.616602E+1
4.500000E-1	1.961893E-2	1.961893E-2	2.746929E-7	1.635449E+1
4.000000E-1	1.547363E-2	1.547363E-2	2.166528E-7	1.654199E+1
3.500000E-1	1.180210E-2	1.180210E-2	1.652461E-7	1.673047E+1
3.000000E-1	8.647038E-3	8.647038E-3	1.210708E-7	1.691895E+1
2.500000E-1	6.003678E-3	6.003678E-3	8.406001E-8	1.729980E+1
2.000000E-1	3.993835E-3	3.993835E-3	5.591936E-8	1.748828E+1
1.500000E-1	2.460988E-3	2.460988E-3	3.445733E-8	1.767676E+1
1.000000E-1	1.345231E-3	1.345231E-3	1.883514E-8	1.786426E+1
5.000000E-2	5.694259E-4	5.694259E-4	7.972771E-9	1.824609E+1
0.000000E+0	1.582137E-6	1.582137E-6	2.215216E-11	1.914063E+1
-5.000000E-2	5.433825E-4	-5.433825E-4	-7.608127E-9	1.971777E+1
-1.000000E-1	1.290309E-3	-1.290309E-3	-1.806616E-8	2.029297E+1
-1.500000E-1	2.324611E-3	-2.324611E-3	-3.254785E-8	2.048047E+1
-2.000000E-1	3.723157E-3	-3.723157E-3	-5.212948E-8	2.066895E+1
-2.500000E-1	5.505337E-3	-5.505337E-3	-7.708253E-8	2.085742E+1
-3.000000E-1	7.497947E-3	-7.497947E-3	-1.049819E-7	2.104492E+1
-3.500000E-1	1.051970E-2	-1.051970E-2	-1.472907E-7	2.161914E+1
-4.000000E-1	1.360282E-2	-1.360282E-2	-1.904588E-7	2.180762E+1
-4.500000E-1	1.711991E-2	-1.711991E-2	-2.397031E-7	2.199609E+1
-5.000000E-1	2.116311E-2	-2.116311E-2	-2.963136E-7	2.218359E+1
-5.000000E-1	2.132977E-2	-2.132977E-2	-2.986471E-7	2.237207E+1
-4.500000E-1	1.734353E-2	-1.734353E-2	-2.428341E-7	2.256055E+1
-4.000000E-1	1.383661E-2	-1.383661E-2	-1.937321E-7	2.274805E+1
-3.500000E-1	1.069048E-2	-1.069048E-2	-1.496819E-7	2.293652E+1
-3.000000E-1	7.970435E-3	-7.970435E-3	-1.115974E-7	2.312402E+1
-2.500000E-1	5.619512E-3	-5.619512E-3	-7.868115E-8	2.350586E+1
-2.000000E-1	3.801059E-3	-3.801059E-3	-5.322022E-8	2.369434E+1
-1.500000E-1	2.363988E-3	-2.363988E-3	-3.309918E-8	2.388184E+1
-1.000000E-1	1.307874E-3	-1.307874E-3	-1.831209E-8	2.407031E+1
-5.000000E-2	5.596188E-4	-5.596188E-4	-7.835457E-9	2.445215E+1
0.000000E+0	1.892397E-6	1.892397E-6	2.649624E-11	2.534668E+1
0.000000E+0	1.057812E-6	1.057812E-6	1.481087E-11	2.587109E+1
5.000000E-2	5.719814E-4	5.719814E-4	8.008551E-9	2.644727E+1
1.000000E-1	1.330842E-3	1.330842E-3	1.863368E-8	2.702246E+1
1.500000E-1	2.447894E-3	2.447894E-3	3.427399E-8	2.720996E+1
2.000000E-1	3.979214E-3	3.979214E-3	5.571464E-8	2.739844E+1
2.500000E-1	6.004825E-3	6.004825E-3	8.407608E-8	2.758594E+1
3.000000E-1	8.534377E-3	8.534377E-3	1.194934E-7	2.816113E+1
3.500000E-1	1.161244E-2	1.161244E-2	1.625906E-7	2.834863E+1
4.000000E-1	1.515790E-2	1.515790E-2	2.122321E-7	2.853711E+1
4.500000E-1	1.946627E-2	1.946627E-2	2.725554E-7	2.872559E+1
5.000000E-1	2.474830E-2	2.474830E-2	3.465113E-7	2.891309E+1
5.000000E-1	2.503438E-2	2.503438E-2	3.505169E-7	2.910156E+1
4.500000E-1	2.021419E-2	2.021419E-2	2.830274E-7	2.928906E+1
4.000000E-1	1.583100E-2	1.583100E-2	2.216565E-7	2.947754E+1
3.500000E-1	1.207100E-2	1.207100E-2	1.690111E-7	2.966602E+1
3.000000E-1	8.945571E-3	8.945571E-3	1.252507E-7	2.985352E+1
2.500000E-1	6.306906E-3	6.306906E-3	8.830564E-8	3.023535E+1
2.000000E-1	4.217501E-3	4.217501E-3	5.905100E-8	3.042383E+1
1.500000E-1	2.593136E-3	2.593136E-3	3.630758E-8	3.061133E+1
1.000000E-1	1.411369E-3	1.411369E-3	1.976117E-8	3.079980E+1
5.000000E-2	5.953164E-4	5.953164E-4	8.335275E-9	3.118164E+1
0.000000E+0	1.572815E-6	1.572815E-6	2.202164E-11	3.207617E+1
-5.000000E-2	5.745225E-4	-5.745225E-4	-8.044131E-9	3.265234E+1
-1.000000E-1	1.336127E-3	-1.336127E-3	-1.870768E-8	3.322754E+1
-1.500000E-1	2.401632E-3	-2.401632E-3	-3.362625E-8	3.341602E+1
-2.000000E-1	3.837966E-3	-3.837966E-3	-5.373697E-8	3.360449E+1
-2.500000E-1	5.695035E-3	-5.695035E-3	-7.973857E-8	3.379199E+1
-3.000000E-1	8.050041E-3	-8.050041E-3	-1.127120E-7	3.436719E+1
-3.500000E-1	1.077114E-2	-1.077114E-2	-1.508112E-7	3.455469E+1
-4.000000E-1	1.397413E-2	-1.397413E-2	-1.956577E-7	3.474316E+1
-4.500000E-1	1.763241E-2	-1.763241E-2	-2.468788E-7	3.493066E+1
-5.000000E-1	2.179521E-2	-2.179521E-2	-3.051638E-7	3.511914E+1
-5.000000E-1	2.191255E-2	-2.191255E-2	-3.068068E-7	3.530762E+1
-4.500000E-1	1.784512E-2	-1.784512E-2	-2.498570E-7	3.549512E+1
-4.000000E-1	1.420814E-2	-1.420814E-2	-1.989341E-7	3.568359E+1
-3.500000E-1	1.102853E-2	-1.102853E-2	-1.544151E-7	3.587207E+1
-3.000000E-1	8.250914E-3	-8.250914E-3	-1.155245E-7	3.605957E+1
-2.500000E-1	5.841063E-3	-5.841063E-3	-8.178317E-8	3.644141E+1
-2.000000E-1	3.947413E-3	-3.947413E-3	-5.526938E-8	3.662988E+1
-1.500000E-1	2.456175E-3	-2.456175E-3	-3.438993E-8	3.681738E+1
-1.000000E-1	1.359420E-3	-1.359420E-3	-1.903381E-8	3.700586E+1
-5.000000E-2	5.711815E-4	-5.711815E-4	-7.997352E-9	3.738770E+1
0.000000E+0	2.497471E-7	-2.497471E-7	-3.496814E-12	3.828223E+1
0.000000E+0	2.988745E-7	2.988745E-7	4.184667E-12	3.880664E+1
5.000000E-2	5.754302E-4	5.754302E-4	8.056839E-9	3.938184E+1
1.000000E-1	1.346398E-3	1.346398E-3	1.885149E-8	3.995703E+1
1.500000E-1	2.450986E-3	2.450986E-3	3.431728E-8	4.014551E+1
2.000000E-1	3.626272E-3	3.626272E-3	5.077295E-8	4.033398E+1
2.500000E-1	3.982088E-3	3.982088E-3	5.575489E-8	4.052148E+1
3.000000E-1	8.632425E-3	8.632425E-3	1.208662E-7	4.109668E+1
3.500000E-1	1.177260E-2	1.177260E-2	1.648331E-7	4.128418E+1
4.000000E-1	1.552697E-2	1.552697E-2	2.173996E-7	4.147266E+1
4.500000E-1	2.000776E-2	2.000776E-2	2.801371E-7	4.166016E+1
5.000000E-1	2.509035E-2	2.509035E-2	3.513005E-7	4.184863E+1
5.000000E-1	2.531973E-2	2.531973E-2	3.545121E-7	4.203711E+1
4.500000E-1	2.049831E-2	2.049831E-2	2.870055E-7	4.222461E+1
4.000000E-1	1.605063E-2	1.605063E-2	2.247316E-7	4.241309E+1
3.500000E-1	1.227794E-2	1.227794E-2	1.719086E-7	4.260156E+1
3.000000E-1	9.067453E-3	9.067453E-3	1.269572E-7	4.278906E+1
2.500000E-1	6.347700E-3	6.347700E-3	8.887680E-8	4.317090E+1
2.000000E-1	4.213545E-3	4.213545E-3	5.899561E-8	4.335938E+1
1.500000E-1	2.598692E-3	2.598692E-3	3.638537E-8	4.354687E+1
1.000000E-1	1.419260E-3	1.419260E-3	1.987166E-8	4.373535E+1
5.000000E-2	6.002011E-4	6.002011E-4	8.403667E-9	4.411719E+1
0.000000E+0	1.819960E-6	1.819960E-6	2.548203E-11	4.501172E+1
-5.000000E-2	5.768150E-4	-5.768150E-4	-8.076229E-9	4.558789E+1
-1.000000E-1	1.352934E-3	-1.352934E-3	-1.894300E-8	4.616309E+1
-1.500000E-1	2.433345E-3	-2.433345E-3	-3.407028E-8	4.635156E+1
-2.000000E-1	3.918011E-3	-3.918011E-3	-5.485771E-8	4.654004E+1
-2.500000E-1	5.825220E-3	-5.825220E-3	-8.156135E-8	4.672754E+1
-3.000000E-1	8.326763E-3	-8.326763E-3	-1.165865E-7	4.730176E+1
-3.500000E-1	1.110964E-2	-1.110964E-2	-1.555508E-7	4.749023E+1
-4.000000E-1	1.442067E-2	-1.442067E-2	-2.019099E-7	4.767871E+1
-4.500000E-1	1.813594E-2	-1.813594E-2	-2.539289E-7	4.786621E+1
-5.000000E-1	2.230157E-2	-2.230157E-2	-3.122536E-7	4.805469E+1
-5.000000E-1	2.241460E-2	-2.241460E-2	-3.138362E-7	4.824316E+1
-4.500000E-1	1.826910E-2	-1.826910E-2	-2.557933E-7	4.843066E+1
-4.000000E-1	1.453921E-2	-1.453921E-2	-2.035696E-7	4.861914E+1
-3.500000E-1	1.125999E-2	-1.125999E-2	-1.576559E-7	4.880664E+1
-3.000000E-1	8.395792E-3	-8.395792E-3	-1.175530E-7	4.899512E+1
-2.500000E-1	5.938916E-3	-5.938916E-3	-8.315325E-8	4.937695E+1
-2.000000E-1	4.016126E-3	-4.016126E-3	-5.623146E-8	4.956543E+1
-1.500000E-1	2.491985E-3	-2.491985E-3	-3.489133E-8	4.975293E+1
-1.000000E-1	1.381946E-3	-1.381946E-3	-1.934920E-8	4.994141E+1
-5.000000E-2	5.887739E-4	-5.887739E-4	-8.243671E-9	5.032324E+1
0.000000E+0	2.097991E-6	2.097991E-6	2.937485E-11	5.121777E+1
0.000000E+0	6.470954E-7	6.470954E-7	9.060253E-12	5.174121E+1
5.000000E-2	5.954881E-4	5.954881E-4	8.337678E-9	5.231738E+1
1.000000E-1	1.410593E-3	1.410593E-3	1.975030E-8	5.289258E+1
1.500000E-1	2.571259E-3	2.571259E-3	3.600127E-8	5.308105E+1
2.000000E-1	4.193897E-3	4.193897E-3	5.872051E-8	5.326855E+1
2.500000E-1	6.295880E-3	6.295880E-3	8.815126E-8	5.345703E+1
3.000000E-1	9.006744E-3	9.006744E-3	1.261072E-7	5.403125E+1
3.500000E-1	1.222542E-2	1.222542E-2	1.711732E-7	5.421973E+1
4.000000E-1	1.607161E-2	1.607161E-2	2.250254E-7	5.440723E+1
4.500000E-1	2.054292E-2	2.054292E-2	2.876300E-7	5.459570E+1
5.000000E-1	2.593698E-2	2.593698E-2	3.631545E-7	5.478418E+1
5.000000E-1	2.621030E-2	2.621030E-2	3.669814E-7	5.497168E+1
4.500000E-1	2.117106E-2	2.117106E-2	2.964249E-7	5.516016E+1
4.000000E-1	1.666150E-2	1.666150E-2	2.332846E-7	5.534863E+1
3.500000E-1	1.275188E-2	1.275188E-2	1.785444E-7	5.553613E+1
3.000000E-1	9.408660E-3	9.408660E-3	1.317346E-7	5.572461E+1
2.500000E-1	6.618075E-3	6.618075E-3	9.266245E-8	5.610645E+1
2.000000E-1	4.422811E-3	4.422811E-3	6.192563E-8	5.629395E+1
1.500000E-1	2.711186E-3	2.711186E-3	3.796045E-8	5.648242E+1
1.000000E-1	1.475238E-3	1.475238E-3	2.065543E-8	5.666992E+1
5.000000E-2	6.259787E-4	6.259787E-4	8.764590E-9	5.705176E+1
0.000000E+0	1.525028E-6	1.525028E-6	2.135255E-11	5.794629E+1
-5.000000E-2	5.937616E-4	-5.937616E-4	-8.313505E-9	5.852344E+1
-1.000000E-1	1.397573E-3	-1.397573E-3	-1.956801E-8	5.909863E+1
-1.500000E-1	2.518370E-3	-2.518370E-3	-3.526075E-8	5.928613E+1
-2.000000E-1	4.041453E-3	-4.041453E-3	-5.658607E-8	5.947461E+1
-2.500000E-1	6.005206E-3	-6.005206E-3	-8.408141E-8	5.966309E+1
-3.000000E-1	8.453993E-3	-8.453993E-3	-1.183679E-7	6.023730E+1
-3.500000E-1	1.130927E-2	-1.130927E-2	-1.583459E-7	6.042480E+1
-4.000000E-1	1.468505E-2	-1.468505E-2	-2.056116E-7	6.061328E+1
-4.500000E-1	1.848396E-2	-1.848396E-2	-2.588016E-7	6.080176E+1
-5.000000E-1	2.287311E-2	-2.287311E-2	-3.202560E-7	6.098926E+1
-5.000000E-1	2.296498E-2	-2.296498E-2	-3.215423E-7	6.117773E+1
-4.500000E-1	1.872572E-2	-1.872572E-2	-2.621866E-7	6.136621E+1
-4.000000E-1	1.487448E-2	-1.487448E-2	-2.082638E-7	6.155371E+1
-3.500000E-1	1.155166E-2	-1.155166E-2	-1.617396E-7	6.174219E+1
-3.000000E-1	8.649481E-3	-8.649481E-3	-1.211050E-7	6.192969E+1
-2.500000E-1	6.142423E-3	-6.142423E-3	-8.600264E-8	6.231152E+1
-2.000000E-1	4.155304E-3	-4.155304E-3	-5.818016E-8	6.250000E+1
-1.500000E-1	2.586936E-3	-2.586936E-3	-3.622078E-8	6.268750E+1
-1.000000E-1	1.425349E-3	-1.425349E-3	-1.995691E-8	6.287598E+1
-5.000000E-2	6.096839E-4	-6.096839E-4	-8.536439E-9	6.325781E+1
0.000000E+0	1.886595E-6	1.886595E-6	2.641500E-11	6.415234E+1
0.000000E+0	1.731518E-6	1.731518E-6	2.424371E-11	6.467676E+1
5.000000E-2	6.309332E-4	6.309332E-4	8.833960E-9	6.525293E+1
1.000000E-1	1.468278E-3	1.468278E-3	2.055797E-8	6.582813E+1
1.500000E-1	2.664609E-3	2.664609E-3	3.730830E-8	6.601563E+1
2.000000E-1	4.306174E-3	4.306174E-3	6.029254E-8	6.620410E+1
2.500000E-1	6.493056E-3	6.493056E-3	9.091200E-8	6.639160E+1
3.000000E-1	9.168942E-3	9.168942E-3	1.283782E-7	6.696680E+1
3.500000E-1	1.241778E-2	1.241778E-2	1.738666E-7	6.715430E+1
4.000000E-1	1.629693E-2	1.629693E-2	2.281802E-7	6.734277E+1
4.500000E-1	2.095673E-2	2.095673E-2	2.934240E-7	6.753027E+1
5.000000E-1	2.646678E-2	2.646678E-2	3.705725E-7	6.771875E+1
5.000000E-1	2.667165E-2	2.667165E-2	3.734410E-7	6.790723E+1
4.500000E-1	2.148069E-2	2.148069E-2	3.007602E-7	6.809473E+1
4.000000E-1	1.691705E-2	1.691705E-2	2.368627E-7	6.828320E+1
3.500000E-1	1.294111E-2	1.294111E-2	1.811939E-7	6.847168E+1
3.000000E-1	9.567345E-3	9.567345E-3	1.339564E-7	6.865918E+1
2.500000E-1	6.638727E-3	6.638727E-3	9.295160E-8	6.904102E+1
2.000000E-1	4.409364E-3	4.409364E-3	6.173735E-8	6.922949E+1
1.500000E-1	2.702976E-3	2.702976E-3	3.784550E-8	6.941699E+1
1.000000E-1	1.473961E-3	1.473961E-3	2.063755E-8	6.960547E+1
5.000000E-2	6.278859E-4	6.278859E-4	8.791294E-9	6.998730E+1
0.000000E+0	1.836414E-6	1.836414E-6	2.571240E-11	7.088184E+1
-5.000000E-2	6.070481E-4	-6.070481E-4	-8.499534E-9	7.145801E+1
-1.000000E-1	1.414374E-3	-1.414374E-3	-1.980324E-8	7.203320E+1
-1.500000E-1	2.550650E-3	-2.550650E-3	-3.571272E-8	7.222168E+1
-2.000000E-1	4.096882E-3	-4.096882E-3	-5.736217E-8	7.241016E+1
-2.500000E-1	6.087313E-3	-6.087313E-3	-8.523102E-8	7.259766E+1
-3.000000E-1	8.584473E-3	-8.584473E-3	-1.201948E-7	7.317188E+1
-3.500000E-1	1.146057E-2	-1.146057E-2	-1.604643E-7	7.336035E+1
-4.000000E-1	1.494541E-2	-1.494541E-2	-2.092569E-7	7.354883E+1
-4.500000E-1	1.888269E-2	-1.888269E-2	-2.643844E-7	7.373633E+1
-5.000000E-1	2.334102E-2	-2.334102E-2	-3.268074E-7	7.392480E+1
-5.000000E-1	2.341138E-2	-2.341138E-2	-3.277925E-7	7.411328E+1
-4.500000E-1	1.900960E-2	-1.900960E-2	-2.661614E-7	7.430078E+1
-4.000000E-1	1.517279E-2	-1.517279E-2	-2.124406E-7	7.448926E+1
-3.500000E-1	1.173273E-2	-1.173273E-2	-1.642749E-7	7.467676E+1
-3.000000E-1	8.712239E-3	-8.712239E-3	-1.219837E-7	7.486523E+1
-2.500000E-1	6.207731E-3	-6.207731E-3	-8.691704E-8	7.524707E+1
-2.000000E-1	4.192087E-3	-4.192087E-3	-5.869516E-8	7.543555E+1
-1.500000E-1	2.618485E-3	-2.618485E-3	-3.666251E-8	7.562305E+1
-1.000000E-1	1.452166E-3	-1.452166E-3	-2.033238E-8	7.581152E+1
-5.000000E-2	6.229240E-4	-6.229240E-4	-8.721821E-9	7.619336E+1
0.000000E+0	1.764076E-6	1.764076E-6	2.469957E-11	7.708789E+1
0.000000E+0	8.717209E-7	8.717209E-7	1.220533E-11	7.761133E+1
5.000000E-2	6.245702E-4	6.245702E-4	8.744870E-9	7.818750E+1
1.000000E-1	1.459116E-3	1.459116E-3	2.042970E-8	7.876270E+1
1.500000E-1	2.647149E-3	2.647149E-3	3.706384E-8	7.895117E+1
2.000000E-1	4.313853E-3	4.313853E-3	6.040006E-8	7.913867E+1
2.500000E-1	6.490142E-3	6.490142E-3	9.087120E-8	7.932715E+1
3.000000E-1	9.272710E-3	9.272710E-3	1.298311E-7	7.990137E+1
3.500000E-1	1.258796E-2	1.258796E-2	1.762493E-7	8.008984E+1
4.000000E-1	1.662811E-2	1.662811E-2	2.328172E-7	8.027734E+1
4.500000E-1	2.133759E-2	2.133759E-2	2.987565E-7	8.046582E+1
5.000000E-1	2.686903E-2	2.686903E-2	3.762045E-7	8.065430E+1
5.000000E-1	2.711222E-2	2.711222E-2	3.796096E-7	8.084180E+1
4.500000E-1	2.194398E-2	2.194398E-2	3.072468E-7	8.103027E+1
4.000000E-1	1.719230E-2	1.719230E-2	2.407166E-7	8.121777E+1
3.500000E-1	1.316287E-2	1.316287E-2	1.842988E-7	8.140625E+1
3.000000E-1	9.691475E-3	9.691475E-3	1.356944E-7	8.159473E+1
2.500000E-1	6.802505E-3	6.802505E-3	9.524472E-8	8.197656E+1
2.000000E-1	4.519913E-3	4.519913E-3	6.328520E-8	8.216406E+1
1.500000E-1	2.779604E-3	2.779604E-3	3.891840E-8	8.235254E+1
1.000000E-1	1.523930E-3	1.523930E-3	2.133718E-8	8.254004E+1
5.000000E-2	6.422766E-4	6.422766E-4	8.992783E-9	8.292188E+1
0.000000E+0	1.828008E-6	1.828008E-6	2.559471E-11	8.381641E+1
-5.000000E-2	6.162619E-4	-6.162619E-4	-8.628541E-9	8.439355E+1
-1.000000E-1	1.442777E-3	-1.442777E-3	-2.020093E-8	8.496875E+1
-1.500000E-1	2.610948E-3	-2.610948E-3	-3.655698E-8	8.515625E+1
-2.000000E-1	4.191915E-3	-4.191915E-3	-5.869276E-8	8.534473E+1
-2.500000E-1	6.206679E-3	-6.206679E-3	-8.690232E-8	8.553320E+1
-3.000000E-1	8.629432E-3	-8.629432E-3	-1.208243E-7	8.610742E+1
-3.500000E-1	1.154003E-2	-1.154003E-2	-1.615768E-7	8.629492E+1
-4.000000E-1	1.494077E-2	-1.494077E-2	-2.091920E-7	8.648340E+1
-4.500000E-1	1.887717E-2	-1.887717E-2	-2.643072E-7	8.667188E+1
-5.000000E-1	2.330522E-2	-2.330522E-2	-3.263061E-7	8.685938E+1
-5.000000E-1	2.338522E-2	-2.338522E-2	-3.274263E-7	8.704785E+1
-4.500000E-1	1.901845E-2	-1.901845E-2	-2.662853E-7	8.723633E+1
-4.000000E-1	1.514955E-2	-1.514955E-2	-2.121152E-7	8.742383E+1
-3.500000E-1	1.174112E-2	-1.174112E-2	-1.643924E-7	8.761230E+1
-3.000000E-1	8.786795E-3	-8.786795E-3	-1.230276E-7	8.779980E+1
-2.500000E-1	6.213686E-3	-6.213686E-3	-8.700042E-8	8.818164E+1
-2.000000E-1	4.179996E-3	-4.179996E-3	-5.852588E-8	8.837012E+1
-1.500000E-1	2.604047E-3	-2.604047E-3	-3.646036E-8	8.855859E+1
-1.000000E-1	1.446451E-3	-1.446451E-3	-2.025236E-8	8.874609E+1
-5.000000E-2	6.128327E-4	-6.128327E-4	-8.580527E-9	8.912793E+1
0.000000E+0	2.044272E-6	2.044272E-6	2.862271E-11	9.002246E+1
0.000000E+0	7.197056E-7	7.197056E-7	1.007690E-11	9.054688E+1
5.000000E-2	6.244117E-4	6.244117E-4	8.742650E-9	9.112305E+1
1.000000E-1	1.467538E-3	1.467538E-3	2.054761E-8	9.169824E+1
1.500000E-1	2.681582E-3	2.681582E-3	3.754595E-8	9.188574E+1
2.000000E-1	4.355998E-3	4.355998E-3	6.099015E-8	9.207422E+1
2.500000E-1	6.584421E-3	6.584421E-3	9.219124E-8	9.226172E+1
3.000000E-1	9.416067E-3	9.416067E-3	1.318383E-7	9.283691E+1
3.500000E-1	1.279342E-2	1.279342E-2	1.791261E-7	9.302441E+1
4.000000E-1	1.676829E-2	1.676829E-2	2.347799E-7	9.321289E+1
4.500000E-1	2.156531E-2	2.156531E-2	3.019450E-7	9.340039E+1
5.000000E-1	2.721641E-2	2.721641E-2	3.810684E-7	9.358887E+1
5.000000E-1	2.753007E-2	2.753007E-2	3.854601E-7	9.377734E+1
4.500000E-1	2.210207E-2	2.210207E-2	3.094603E-7	9.396484E+1
4.000000E-1	1.734899E-2	1.734899E-2	2.429105E-7	9.415332E+1
3.500000E-1	1.328960E-2	1.328960E-2	1.860733E-7	9.434180E+1
3.000000E-1	9.836496E-3	9.836496E-3	1.377249E-7	9.452930E+1
2.500000E-1	6.864786E-3	6.864786E-3	9.611674E-8	9.491113E+1
2.000000E-1	4.598979E-3	4.598979E-3	6.439223E-8	9.509961E+1
1.500000E-1	2.805836E-3	2.805836E-3	3.928569E-8	9.528711E+1
1.000000E-1	1.530511E-3	1.530511E-3	2.142932E-8	9.547559E+1
5.000000E-2	6.461892E-4	6.461892E-4	9.047566E-9	9.585742E+1
0.000000E+0	1.611689E-6	1.611689E-6	2.256593E-11	9.675195E+1
-5.000000E-2	6.225346E-4	-6.225346E-4	-8.716368E-9	9.732812E+1
-1.000000E-1	1.454425E-3	-1.454425E-3	-2.036401E-8	9.790332E+1
-1.500000E-1	2.626874E-3	-2.626874E-3	-3.677997E-8	9.809180E+1
-2.000000E-1	4.227994E-3	-4.227994E-3	-5.919792E-8	9.828027E+1
-2.500000E-1	6.296306E-3	-6.296306E-3	-8.815722E-8	9.846777E+1
-3.000000E-1	8.820448E-3	-8.820448E-3	-1.234988E-7	9.904199E+1
-3.500000E-1	1.176416E-2	-1.176416E-2	-1.647149E-7	9.923047E+1
-4.000000E-1	1.522891E-2	-1.522891E-2	-2.132264E-7	9.941895E+1
-4.500000E-1	1.918334E-2	-1.918334E-2	-2.685940E-7	9.960645E+1
-5.000000E-1	2.362291E-2	-2.362291E-2	-3.307543E-7	9.979492E+1
-5.000000E-1	2.373811E-2	-2.373811E-2	-3.323672E-7	9.998340E+1
-4.500000E-1	1.941088E-2	-1.941088E-2	-2.717799E-7	1.001709E+2
-4.000000E-1	1.544704E-2	-1.544704E-2	-2.162805E-7	1.003594E+2
-3.500000E-1	1.196425E-2	-1.196425E-2	-1.675165E-7	1.005469E+2
-3.000000E-1	8.899891E-3	-8.899891E-3	-1.246111E-7	1.007354E+2
-2.500000E-1	6.299489E-3	-6.299489E-3	-8.820179E-8	1.011172E+2
-2.000000E-1	4.241014E-3	-4.241014E-3	-5.938021E-8	1.013057E+2
-1.500000E-1	2.627984E-3	-2.627984E-3	-3.679550E-8	1.014932E+2
-1.000000E-1	1.453091E-3	-1.453091E-3	-2.034534E-8	1.016816E+2
-5.000000E-2	6.217041E-4	-6.217041E-4	-8.704740E-9	1.020635E+2
0.000000E+0	1.971853E-6	1.971853E-6	2.760874E-11	1.029580E+2
0.000000E+0	1.653135E-6	1.653135E-6	2.314624E-11	1.034814E+2
5.000000E-2	6.328064E-4	6.328064E-4	8.860188E-9	1.040576E+2
1.000000E-1	1.473237E-3	1.473237E-3	2.062741E-8	1.046328E+2
1.500000E-1	2.691722E-3	2.691722E-3	3.768793E-8	1.048213E+2
2.000000E-1	4.404375E-3	4.404375E-3	6.166751E-8	1.050088E+2
2.500000E-1	6.638668E-3	6.638668E-3	9.295078E-8	1.051973E+2
3.000000E-1	9.597942E-3	9.597942E-3	1.343848E-7	1.057715E+2
3.500000E-1	1.304740E-2	1.304740E-2	1.826821E-7	1.059600E+2
4.000000E-1	1.715648E-2	1.715648E-2	2.402151E-7	1.061475E+2
4.500000E-1	2.192326E-2	2.192326E-2	3.069567E-7	1.063359E+2
5.000000E-1	2.754484E-2	2.754484E-2	3.856669E-7	1.065244E+2
5.000000E-1	2.777426E-2	2.777426E-2	3.888790E-7	1.067119E+2
4.500000E-1	2.242662E-2	2.242662E-2	3.140045E-7	1.069004E+2
4.000000E-1	1.767235E-2	1.767235E-2	2.474380E-7	1.070879E+2
3.500000E-1	1.352963E-2	1.352963E-2	1.894340E-7	1.072764E+2
3.000000E-1	9.998050E-3	9.998050E-3	1.399869E-7	1.074648E+2
2.500000E-1	7.027983E-3	7.027983E-3	9.840174E-8	1.078467E+2
2.000000E-1	4.661507E-3	4.661507E-3	6.526772E-8	1.080342E+2
1.500000E-1	2.866577E-3	2.866577E-3	4.013615E-8	1.082227E+2
1.000000E-1	1.571666E-3	1.571666E-3	2.200555E-8	1.084102E+2
5.000000E-2	6.606933E-4	6.606933E-4	9.250644E-9	1.087920E+2
0.000000E+0	1.829137E-6	1.829137E-6	2.561051E-11	1.096865E+2
-5.000000E-2	6.383725E-4	-6.383725E-4	-8.938121E-9	1.102637E+2
-1.000000E-1	1.494120E-3	-1.494120E-3	-2.091980E-8	1.108389E+2
-1.500000E-1	2.699354E-3	-2.699354E-3	-3.779478E-8	1.110264E+2
-2.000000E-1	4.321719E-3	-4.321719E-3	-6.051020E-8	1.112148E+2
-2.500000E-1	6.399625E-3	-6.399625E-3	-8.960384E-8	1.114033E+2
-3.000000E-1	8.980361E-3	-8.980361E-3	-1.257378E-7	1.119775E+2
-3.500000E-1	1.199888E-2	-1.199888E-2	-1.680013E-7	1.121650E+2
-4.000000E-1	1.548944E-2	-1.548944E-2	-2.168742E-7	1.123535E+2
-4.500000E-1	1.945986E-2	-1.945986E-2	-2.724656E-7	1.125420E+2
-5.000000E-1	2.409892E-2	-2.409892E-2	-3.374191E-7	1.127295E+2
-5.000000E-1	2.426830E-2	-2.426830E-2	-3.397907E-7	1.129180E+2
-4.500000E-1	1.974287E-2	-1.974287E-2	-2.764282E-7	1.131064E+2
-4.000000E-1	1.576406E-2	-1.576406E-2	-2.207192E-7	1.132939E+2
-3.500000E-1	1.218779E-2	-1.218779E-2	-1.706464E-7	1.134824E+2
-3.000000E-1	9.094064E-3	-9.094064E-3	-1.273298E-7	1.136699E+2
-2.500000E-1	6.438479E-3	-6.438479E-3	-9.014784E-8	1.140518E+2
-2.000000E-1	4.318095E-3	-4.318095E-3	-6.045946E-8	1.142402E+2
-1.500000E-1	2.678114E-3	-2.678114E-3	-3.749740E-8	1.144277E+2
-1.000000E-1	1.480760E-3	-1.480760E-3	-2.073274E-8	1.146162E+2
-5.000000E-2	6.301473E-4	-6.301473E-4	-8.822957E-9	1.149980E+2
0.000000E+0	1.758394E-6	1.758394E-6	2.462001E-11	1.158926E+2
0.000000E+0	1.597287E-6	1.597287E-6	2.236428E-11	1.164170E+2
5.000000E-2	6.413586E-4	6.413586E-4	8.979931E-9	1.169932E+2
1.000000E-1	1.505377E-3	1.505377E-3	2.107742E-8	1.175684E+2
1.500000E-1	2.748708E-3	2.748708E-3	3.848582E-8	1.177559E+2
2.000000E-1	4.513188E-3	4.513188E-3	6.319103E-8	1.179443E+2
2.500000E-1	6.772968E-3	6.772968E-3	9.483116E-8	1.181318E+2
3.000000E-1	9.756233E-3	9.756233E-3	1.366011E-7	1.187070E+2
3.500000E-1	1.327767E-2	1.327767E-2	1.859062E-7	1.188945E+2
4.000000E-1	1.744535E-2	1.744535E-2	2.442597E-7	1.190830E+2
4.500000E-1	2.244235E-2	2.244235E-2	3.142247E-7	1.192705E+2
5.000000E-1	2.820083E-2	2.820083E-2	3.948517E-7	1.194590E+2
5.000000E-1	2.830015E-2	2.830015E-2	3.962422E-7	1.196475E+2
4.500000E-1	2.280520E-2	2.280520E-2	3.193052E-7	1.198350E+2
4.000000E-1	1.786970E-2	1.786970E-2	2.502012E-7	1.200234E+2
3.500000E-1	1.368467E-2	1.368467E-2	1.916048E-7	1.202119E+2
3.000000E-1	1.007730E-2	1.007730E-2	1.410965E-7	1.203994E+2
2.500000E-1	7.066879E-3	7.066879E-3	9.894634E-8	1.207812E+2
2.000000E-1	4.694420E-3	4.694420E-3	6.572854E-8	1.209697E+2
1.500000E-1	2.879260E-3	2.879260E-3	4.031373E-8	1.211572E+2
1.000000E-1	1.572336E-3	1.572336E-3	2.201493E-8	1.213457E+2
5.000000E-2	6.626812E-4	6.626812E-4	9.278477E-9	1.217275E+2
0.000000E+0	1.944168E-6	1.944168E-6	2.722111E-11	1.226221E+2
-5.000000E-2	6.333748E-4	-6.333748E-4	-8.868145E-9	1.231982E+2
-1.000000E-1	1.500629E-3	-1.500629E-3	-2.101093E-8	1.237734E+2
-1.500000E-1	2.695110E-3	-2.695110E-3	-3.773536E-8	1.239619E+2
-2.000000E-1	4.334008E-3	-4.334008E-3	-6.068227E-8	1.241504E+2
-2.500000E-1	6.440574E-3	-6.440574E-3	-9.017718E-8	1.243379E+2
-3.000000E-1	9.093021E-3	-9.093021E-3	-1.273152E-7	1.249121E+2
-3.500000E-1	1.218114E-2	-1.218114E-2	-1.705533E-7	1.251006E+2
-4.000000E-1	1.576832E-2	-1.576832E-2	-2.207789E-7	1.252891E+2
-4.500000E-1	1.979531E-2	-1.979531E-2	-2.771624E-7	1.254766E+2
-5.000000E-1	2.428239E-2	-2.428239E-2	-3.399879E-7	1.256650E+2
-5.000000E-1	2.435133E-2	-2.435133E-2	-3.409532E-7	1.258535E+2
-4.500000E-1	1.992244E-2	-1.992244E-2	-2.789424E-7	1.260410E+2
-4.000000E-1	1.591417E-2	-1.591417E-2	-2.228210E-7	1.262295E+2
-3.500000E-1	1.234226E-2	-1.234226E-2	-1.728091E-7	1.264170E+2
-3.000000E-1	9.252427E-3	-9.252427E-3	-1.295471E-7	1.266055E+2
-2.500000E-1	6.562983E-3	-6.562983E-3	-9.189108E-8	1.269873E+2
-2.000000E-1	4.432879E-3	-4.432879E-3	-6.206660E-8	1.271758E+2
-1.500000E-1	2.752511E-3	-2.752511E-3	-3.853906E-8	1.273633E+2
-1.000000E-1	1.523032E-3	-1.523032E-3	-2.132461E-8	1.275518E+2
-5.000000E-2	6.498241E-4	-6.498241E-4	-9.098459E-9	1.279336E+2
0.000000E+0	1.807424E-6	1.807424E-6	2.530650E-11	1.288281E+2
0.000000E+0	1.039150E-6	1.039150E-6	1.454957E-11	1.293516E+2
5.000000E-2	6.521486E-4	6.521486E-4	9.131005E-9	1.299277E+2
1.000000E-1	1.532940E-3	1.532940E-3	2.146334E-8	1.305029E+2
1.500000E-1	2.802364E-3	2.802364E-3	3.923707E-8	1.306914E+2
2.000000E-1	4.553017E-3	4.553017E-3	6.374870E-8	1.308789E+2
2.500000E-1	6.876044E-3	6.876044E-3	9.627438E-8	1.310674E+2
3.000000E-1	9.861493E-3	9.861493E-3	1.380749E-7	1.316416E+2
3.500000E-1	1.344657E-2	1.344657E-2	1.882711E-7	1.318301E+2
4.000000E-1	1.758435E-2	1.758435E-2	2.462059E-7	1.320176E+2
4.500000E-1	2.243603E-2	2.243603E-2	3.141363E-7	1.322061E+2
5.000000E-1	2.825457E-2	2.825457E-2	3.956041E-7	1.323945E+2
5.000000E-1	2.866824E-2	2.866824E-2	4.013960E-7	1.325820E+2
4.500000E-1	2.308005E-2	2.308005E-2	3.231535E-7	1.327705E+2
4.000000E-1	1.809595E-2	1.809595E-2	2.533690E-7	1.329590E+2
3.500000E-1	1.382381E-2	1.382381E-2	1.935530E-7	1.331465E+2
3.000000E-1	1.020542E-2	1.020542E-2	1.428904E-7	1.333350E+2
2.500000E-1	7.212847E-3	7.212847E-3	1.009901E-7	1.335225E+2
2.000000E-1	4.734574E-3	4.734574E-3	6.629076E-8	1.339043E+2
1.500000E-1	2.935101E-3	2.935101E-3	4.109558E-8	1.340928E+2
1.000000E-1	1.601467E-3	1.601467E-3	2.242281E-8	1.342803E+2
5.000000E-2	6.750459E-4	6.750459E-4	9.451600E-9	1.346621E+2
0.000000E+0	1.940380E-6	1.940380E-6	2.716808E-11	1.355576E+2
-5.000000E-2	6.423484E-4	-6.423484E-4	-8.993789E-9	1.361338E+2
-1.000000E-1	1.517267E-3	-1.517267E-3	-2.124389E-8	1.367090E+2
-1.500000E-1	2.734072E-3	-2.734072E-3	-3.828089E-8	1.368975E+2
-2.000000E-1	4.393377E-3	-4.393377E-3	-6.151352E-8	1.370850E+2
-2.500000E-1	6.509319E-3	-6.509319E-3	-9.113970E-8	1.372734E+2
-3.000000E-1	9.127610E-3	-9.127610E-3	-1.277995E-7	1.378477E+2
-3.500000E-1	1.222107E-2	-1.222107E-2	-1.711123E-7	1.380361E+2
-4.000000E-1	1.577969E-2	-1.577969E-2	-2.209380E-7	1.382236E+2
-4.500000E-1	1.983845E-2	-1.983845E-2	-2.777665E-7	1.384121E+2
-5.000000E-1	2.432677E-2	-2.432677E-2	-3.406093E-7	1.386006E+2
-5.000000E-1	2.441703E-2	-2.441703E-2	-3.418730E-7	1.387881E+2
-4.500000E-1	1.999557E-2	-1.999557E-2	-2.799663E-7	1.389766E+2
-4.000000E-1	1.594208E-2	-1.594208E-2	-2.232118E-7	1.391641E+2
-3.500000E-1	1.233924E-2	-1.233924E-2	-1.727669E-7	1.393525E+2
-3.000000E-1	9.263361E-3	-9.263361E-3	-1.297002E-7	1.395410E+2
-2.500000E-1	6.570752E-3	-6.570752E-3	-9.199985E-8	1.399229E+2
-2.000000E-1	4.431760E-3	-4.431760E-3	-6.205093E-8	1.401104E+2
-1.500000E-1	2.757550E-3	-2.757550E-3	-3.860961E-8	1.402988E+2
-1.000000E-1	1.514900E-3	-1.514900E-3	-2.121075E-8	1.404863E+2
-5.000000E-2	6.478082E-4	-6.478082E-4	-9.070234E-9	1.408682E+2
0.000000E+0	2.038329E-6	2.038329E-6	2.853950E-11	1.417627E+2
0.000000E+0	6.140755E-7	6.140755E-7	8.597928E-12	1.422871E+2
5.000000E-2	6.530342E-4	6.530342E-4	9.143405E-9	1.428633E+2
1.000000E-1	1.545313E-3	1.545313E-3	2.163658E-8	1.434385E+2
1.500000E-1	2.833848E-3	2.833848E-3	3.967790E-8	1.436260E+2
2.000000E-1	4.603257E-3	4.603257E-3	6.445213E-8	1.438145E+2
2.500000E-1	6.893497E-3	6.893497E-3	9.651875E-8	1.440029E+2
3.000000E-1	9.829153E-3	9.829153E-3	1.376221E-7	1.445771E+2
3.500000E-1	1.335630E-2	1.335630E-2	1.870071E-7	1.447646E+2
4.000000E-1	1.755924E-2	1.755924E-2	2.458543E-7	1.449531E+2
4.500000E-1	2.241421E-2	2.241421E-2	3.138308E-7	1.451416E+2
5.000000E-1	2.818307E-2	2.818307E-2	3.946030E-7	1.453291E+2
5.000000E-1	2.843232E-2	2.843232E-2	3.980928E-7	1.455176E+2
4.500000E-1	2.287202E-2	2.287202E-2	3.202407E-7	1.457061E+2
4.000000E-1	1.808072E-2	1.808072E-2	2.531558E-7	1.458936E+2
3.500000E-1	1.388764E-2	1.388764E-2	1.944467E-7	1.460820E+2
3.000000E-1	1.022021E-2	1.022021E-2	1.430974E-7	1.462695E+2
2.500000E-1	7.215376E-3	7.215376E-3	1.010255E-7	1.464580E+2
2.000000E-1	4.767405E-3	4.767405E-3	6.675043E-8	1.468398E+2
1.500000E-1	2.427808E-3	2.427808E-3	3.399275E-8	1.470273E+2
1.000000E-1	9.106134E-4	9.106134E-4	1.274988E-8	1.472158E+2
5.000000E-2	3.885226E-4	3.885226E-4	5.439868E-9	1.475977E+2
0.000000E+0	2.099397E-8	2.099397E-8	2.939454E-13	1.487158E+2
-5.000000E-2	6.430251E-4	-6.430251E-4	-9.003264E-9	1.492920E+2
-1.000000E-1	1.353371E-3	-1.353371E-3	-1.894912E-8	1.498672E+2
-1.500000E-1	2.655148E-3	-2.655148E-3	-3.717584E-8	1.500557E+2
-2.000000E-1	4.364417E-3	-4.364417E-3	-6.110803E-8	1.502432E+2
-2.500000E-1	6.380625E-3	-6.380625E-3	-8.933780E-8	1.504316E+2
-3.000000E-1	9.187061E-3	-9.187061E-3	-1.286319E-7	1.510059E+2
-3.500000E-1	1.227339E-2	-1.227339E-2	-1.718449E-7	1.511943E+2
-4.000000E-1	1.592564E-2	-1.592564E-2	-2.229815E-7	1.513828E+2
-4.500000E-1	2.007004E-2	-2.007004E-2	-2.810090E-7	1.515703E+2
-5.000000E-1	2.469083E-2	-2.469083E-2	-3.457067E-7	1.517588E+2
-5.000000E-1	2.479472E-2	-2.479472E-2	-3.471612E-7	1.519463E+2
-4.500000E-1	2.025035E-2	-2.025035E-2	-2.835337E-7	1.521348E+2
-4.000000E-1	1.614169E-2	-1.614169E-2	-2.260066E-7	1.523232E+2
-3.500000E-1	1.254391E-2	-1.254391E-2	-1.756325E-7	1.525107E+2
-3.000000E-1	9.400504E-3	-9.400504E-3	-1.316204E-7	1.526992E+2
-2.500000E-1	6.653043E-3	-6.653043E-3	-9.315204E-8	1.530811E+2
-2.000000E-1	4.481821E-3	-4.481821E-3	-6.275185E-8	1.532686E+2
-1.500000E-1	2.780231E-3	-2.780231E-3	-3.892718E-8	1.534570E+2
-1.000000E-1	1.533377E-3	-1.533377E-3	-2.146945E-8	1.536455E+2
-5.000000E-2	6.528557E-4	-6.528557E-4	-9.140907E-9	1.540273E+2
0.000000E+0	1.888154E-6	1.888154E-6	2.643684E-11	1.549219E+2
0.000000E+0	1.449648E-6	1.449648E-6	2.029713E-11	1.554453E+2
5.000000E-2	6.392481E-4	6.392481E-4	8.950380E-9	1.560215E+2
1.000000E-1	1.503680E-3	1.503680E-3	2.105366E-8	1.565967E+2
1.500000E-1	2.822691E-3	2.822691E-3	3.952168E-8	1.567852E+2
2.000000E-1	4.600167E-3	4.600167E-3	6.440887E-8	1.569727E+2
2.500000E-1	6.905509E-3	6.905509E-3	9.668693E-8	1.571611E+2
3.000000E-1	9.883077E-3	9.883077E-3	1.383771E-7	1.577354E+2
3.500000E-1	1.345018E-2	1.345018E-2	1.883216E-7	1.579238E+2
4.000000E-1	1.783211E-2	1.783211E-2	2.496749E-7	1.581113E+2
4.500000E-1	2.290551E-2	2.290551E-2	3.207097E-7	1.582998E+2
5.000000E-1	2.865176E-2	2.865176E-2	4.011653E-7	1.584883E+2
5.000000E-1	2.890021E-2	2.890021E-2	4.046439E-7	1.586758E+2
4.500000E-1	2.331666E-2	2.331666E-2	3.264664E-7	1.588643E+2
4.000000E-1	1.842285E-2	1.842285E-2	2.579460E-7	1.590518E+2
3.500000E-1	1.411043E-2	1.411043E-2	1.975661E-7	1.592402E+2
3.000000E-1	1.040415E-2	1.040415E-2	1.456729E-7	1.594287E+2
2.500000E-1	7.328614E-3	7.328614E-3	1.026110E-7	1.596162E+2
2.000000E-1	4.803425E-3	4.803425E-3	6.725477E-8	1.599980E+2
1.500000E-1	2.953554E-3	2.953554E-3	4.135395E-8	1.601865E+2
1.000000E-1	1.617767E-3	1.617767E-3	2.265103E-8	1.603740E+2
5.000000E-2	6.781527E-4	6.781527E-4	9.495101E-9	1.607559E+2
0.000000E+0	1.927977E-6	1.927977E-6	2.699441E-11	1.616504E+2
-5.000000E-2	6.494658E-4	-6.494658E-4	-9.093442E-9	1.622275E+2
-1.000000E-1	1.536414E-3	-1.536414E-3	-2.151197E-8	1.628027E+2
-1.500000E-1	2.769439E-3	-2.769439E-3	-3.877608E-8	1.629902E+2
-2.000000E-1	4.450608E-3	-4.450608E-3	-6.231483E-8	1.631787E+2
-2.500000E-1	6.615787E-3	-6.615787E-3	-9.263040E-8	1.633672E+2
-3.000000E-1	9.382884E-3	-9.382884E-3	-1.313737E-7	1.639414E+2
-3.500000E-1	1.241850E-2	-1.241850E-2	-1.738766E-7	1.641299E+2
-4.000000E-1	1.601856E-2	-1.601856E-2	-2.242826E-7	1.643174E+2
-4.500000E-1	2.017614E-2	-2.017614E-2	-2.824946E-7	1.645059E+2
-5.000000E-1	2.485802E-2	-2.485802E-2	-3.480476E-7	1.646934E+2
-5.000000E-1	2.492890E-2	-2.492890E-2	-3.490400E-7	1.648818E+2
-4.500000E-1	2.035072E-2	-2.035072E-2	-2.849389E-7	1.650703E+2
-4.000000E-1	1.622918E-2	-1.622918E-2	-2.272315E-7	1.652578E+2
-3.500000E-1	1.255308E-2	-1.255308E-2	-1.757609E-7	1.654463E+2
-3.000000E-1	9.383956E-3	-9.383956E-3	-1.313887E-7	1.656348E+2
-2.500000E-1	6.650700E-3	-6.650700E-3	-9.311923E-8	1.660156E+2
-2.000000E-1	4.500113E-3	-4.500113E-3	-6.300797E-8	1.662041E+2
-1.500000E-1	2.794116E-3	-2.794116E-3	-3.912159E-8	1.663926E+2
-1.000000E-1	1.539604E-3	-1.539604E-3	-2.155664E-8	1.665801E+2
-5.000000E-2	6.581989E-4	-6.581989E-4	-9.215718E-9	1.669619E+2
0.000000E+0	1.947769E-6	1.947769E-6	2.727153E-11	1.678564E+2
0.000000E+0	5.084058E-7	5.084058E-7	7.118403E-12	1.683809E+2
5.000000E-2	6.652919E-4	6.652919E-4	9.315031E-9	1.689570E+2
1.000000E-1	1.563528E-3	1.563528E-3	2.189161E-8	1.695322E+2
1.500000E-1	2.889804E-3	2.889804E-3	4.046136E-8	1.697197E+2
2.000000E-1	4.734004E-3	4.734004E-3	6.628277E-8	1.699082E+2
2.500000E-1	7.047440E-3	7.047440E-3	9.867416E-8	1.700957E+2
3.000000E-1	9.963262E-3	9.963262E-3	1.394998E-7	1.706709E+2
3.500000E-1	1.352849E-2	1.352849E-2	1.894181E-7	1.708584E+2
4.000000E-1	1.783118E-2	1.783118E-2	2.496618E-7	1.710469E+2
4.500000E-1	2.293423E-2	2.293423E-2	3.211117E-7	1.712354E+2
5.000000E-1	2.892220E-2	2.892220E-2	4.049519E-7	1.714229E+2
5.000000E-1	2.912426E-2	2.912426E-2	4.077810E-7	1.716113E+2
4.500000E-1	2.344427E-2	2.344427E-2	3.282531E-7	1.717988E+2
4.000000E-1	1.852424E-2	1.852424E-2	2.593656E-7	1.719873E+2
3.500000E-1	1.419862E-2	1.419862E-2	1.988008E-7	1.721758E+2
3.000000E-1	1.047288E-2	1.047288E-2	1.466352E-7	1.723633E+2
2.500000E-1	7.384494E-3	7.384494E-3	1.033934E-7	1.725518E+2
2.000000E-1	4.844019E-3	4.844019E-3	6.782314E-8	1.729336E+2
1.500000E-1	2.962421E-3	2.962421E-3	4.147810E-8	1.731211E+2
1.000000E-1	1.618763E-3	1.618763E-3	2.266498E-8	1.733096E+2
5.000000E-2	6.822637E-4	6.822637E-4	9.552660E-9	1.736914E+2
0.000000E+0	1.893192E-6	1.893192E-6	2.650738E-11	1.745859E+2
-5.000000E-2	6.540880E-4	-6.540880E-4	-9.158160E-9	1.751621E+2
-1.000000E-1	1.533456E-3	-1.533456E-3	-2.147056E-8	1.757373E+2
-1.500000E-1	2.766955E-3	-2.766955E-3	-3.874129E-8	1.759258E+2
-2.000000E-1	4.450912E-3	-4.450912E-3	-6.231909E-8	1.761133E+2
-2.500000E-1	6.608321E-3	-6.608321E-3	-9.252587E-8	1.763018E+2
-3.000000E-1	9.373121E-3	-9.373121E-3	-1.312370E-7	1.768760E+2
-3.500000E-1	1.249334E-2	-1.249334E-2	-1.749245E-7	1.770645E+2
-4.000000E-1	1.613951E-2	-1.613951E-2	-2.259760E-7	1.772520E+2
-4.500000E-1	2.033007E-2	-2.033007E-2	-2.846498E-7	1.774404E+2
-5.000000E-1	2.496746E-2	-2.496746E-2	-3.495798E-7	1.776289E+2
-5.000000E-1	2.505783E-2	-2.505783E-2	-3.508452E-7	1.778164E+2
-4.500000E-1	2.040943E-2	-2.040943E-2	-2.857610E-7	1.780049E+2
-4.000000E-1	1.622230E-2	-1.622230E-2	-2.271352E-7	1.781934E+2
-3.500000E-1	1.256809E-2	-1.256809E-2	-1.759711E-7	1.783809E+2
-3.000000E-1	9.431908E-3	-9.431908E-3	-1.320601E-7	1.785693E+2
-2.500000E-1	6.671700E-3	-6.671700E-3	-9.341326E-8	1.789512E+2
-2.000000E-1	4.508032E-3	-4.508032E-3	-6.311885E-8	1.791387E+2
-1.500000E-1	2.790491E-3	-2.790491E-3	-3.907083E-8	1.793271E+2
-1.000000E-1	1.538330E-3	-1.538330E-3	-2.153881E-8	1.795146E+2
-5.000000E-2	6.553567E-4	-6.553567E-4	-9.175924E-9	1.798965E+2
0.000000E+0	2.061980E-6	2.061980E-6	2.887064E-11	1.807910E+2
0.000000E+0	7.204834E-7	7.204834E-7	1.008779E-11	1.813154E+2
5.000000E-2	6.657819E-4	6.657819E-4	9.321892E-9	1.818916E+2
1.000000E-1	1.567213E-3	1.567213E-3	2.194320E-8	1.824668E+2
1.500000E-1	2.850182E-3	2.850182E-3	3.990660E-8	1.826543E+2
2.000000E-1	4.630496E-3	4.630496E-3	6.483352E-8	1.828428E+2
2.500000E-1	6.977628E-3	6.977628E-3	9.769669E-8	1.830313E+2
3.000000E-1	1.004775E-2	1.004775E-2	1.406828E-7	1.836055E+2
3.500000E-1	1.357062E-2	1.357062E-2	1.900080E-7	1.837930E+2
4.000000E-1	1.789377E-2	1.789377E-2	2.505382E-7	1.839814E+2
4.500000E-1	2.285590E-2	2.285590E-2	3.200151E-7	1.841699E+2
5.000000E-1	2.862983E-2	2.862983E-2	4.008583E-7	1.843574E+2
5.000000E-1	2.887372E-2	2.887372E-2	4.042730E-7	1.845459E+2
4.500000E-1	2.325446E-2	2.325446E-2	3.255954E-7	1.847344E+2
4.000000E-1	1.836948E-2	1.836948E-2	2.571988E-7	1.849219E+2
3.500000E-1	1.407550E-2	1.407550E-2	1.970770E-7	1.851104E+2
3.000000E-1	1.038702E-2	1.038702E-2	1.454330E-7	1.852979E+2
2.500000E-1	7.335914E-3	7.335914E-3	1.027132E-7	1.854863E+2
2.000000E-1	4.849473E-3	4.849473E-3	6.789950E-8	1.858682E+2
1.500000E-1	2.979821E-3	2.979821E-3	4.172172E-8	1.860566E+2
1.000000E-1	1.626792E-3	1.626792E-3	2.277739E-8	1.862441E+2
5.000000E-2	6.824452E-4	6.824452E-4	9.555202E-9	1.866260E+2
0.000000E+0	1.700400E-6	1.700400E-6	2.380802E-11	1.875205E+2
-5.000000E-2	6.509658E-4	-6.509658E-4	-9.114444E-9	1.880977E+2
-1.000000E-1	1.526441E-3	-1.526441E-3	-2.137234E-8	1.886729E+2
-1.500000E-1	2.746842E-3	-2.746842E-3	-3.845969E-8	1.888604E+2
-2.000000E-1	4.430169E-3	-4.430169E-3	-6.202865E-8	1.890488E+2
-2.500000E-1	6.599147E-3	-6.599147E-3	-9.239743E-8	1.892363E+2
-3.000000E-1	9.276481E-3	-9.276481E-3	-1.298839E-7	1.898115E+2
-3.500000E-1	1.236825E-2	-1.236825E-2	-1.731731E-7	1.899990E+2
-4.000000E-1	1.605009E-2	-1.605009E-2	-2.247241E-7	1.901875E+2
-4.500000E-1	2.009527E-2	-2.009527E-2	-2.813623E-7	1.903760E+2
-5.000000E-1	2.480361E-2	-2.480361E-2	-3.472857E-7	1.905635E+2
-5.000000E-1	2.492831E-2	-2.492831E-2	-3.490317E-7	1.907520E+2
-4.500000E-1	2.032682E-2	-2.032682E-2	-2.846043E-7	1.909395E+2
-4.000000E-1	1.622206E-2	-1.622206E-2	-2.271319E-7	1.911279E+2
-3.500000E-1	1.253947E-2	-1.253947E-2	-1.755703E-7	1.913164E+2
-3.000000E-1	9.360258E-3	-9.360258E-3	-1.310569E-7	1.915039E+2
-2.500000E-1	6.631783E-3	-6.631783E-3	-9.285438E-8	1.918857E+2
-2.000000E-1	4.471032E-3	-4.471032E-3	-6.260079E-8	1.920742E+2
-1.500000E-1	2.781435E-3	-2.781435E-3	-3.894404E-8	1.922617E+2
-1.000000E-1	1.536815E-3	-1.536815E-3	-2.151759E-8	1.924502E+2
-5.000000E-2	6.532750E-4	-6.532750E-4	-9.146778E-9	1.928320E+2
0.000000E+0	1.984248E-6	1.984248E-6	2.778229E-11	1.937266E+2
0.000000E+0	1.553365E-6	1.553365E-6	2.174932E-11	1.942510E+2
5.000000E-2	6.619571E-4	6.619571E-4	9.268339E-9	1.948262E+2
1.000000E-1	1.563891E-3	1.563891E-3	2.189670E-8	1.954014E+2
1.500000E-1	2.861299E-3	2.861299E-3	4.006224E-8	1.955898E+2
2.000000E-1	4.672666E-3	4.672666E-3	6.542396E-8	1.957783E+2
2.500000E-1	7.043719E-3	7.043719E-3	9.862207E-8	1.959658E+2
3.000000E-1	1.006679E-2	1.006679E-2	1.409493E-7	1.965400E+2
3.500000E-1	1.368256E-2	1.368256E-2	1.915753E-7	1.967285E+2
4.000000E-1	1.799155E-2	1.799155E-2	2.519073E-7	1.969170E+2
4.500000E-1	2.303810E-2	2.303810E-2	3.225661E-7	1.971045E+2
5.000000E-1	2.894803E-2	2.894803E-2	4.053135E-7	1.972930E+2
5.000000E-1	2.910595E-2	2.910595E-2	4.075246E-7	1.974805E+2
4.500000E-1	2.348919E-2	2.348919E-2	3.288820E-7	1.976689E+2
4.000000E-1	1.846124E-2	1.846124E-2	2.584835E-7	1.978574E+2
3.500000E-1	1.410109E-2	1.410109E-2	1.974353E-7	1.980449E+2
3.000000E-1	1.041647E-2	1.041647E-2	1.458453E-7	1.982334E+2
2.500000E-1	7.348105E-3	7.348105E-3	1.028839E-7	1.984219E+2
2.000000E-1	4.833124E-3	4.833124E-3	6.767060E-8	1.988027E+2
1.500000E-1	2.969045E-3	2.969045E-3	4.157084E-8	1.989912E+2
1.000000E-1	1.612180E-3	1.612180E-3	2.257281E-8	1.991797E+2
5.000000E-2	6.815867E-4	6.815867E-4	9.543181E-9	1.995605E+2
0.000000E+0	1.751565E-6	1.751565E-6	2.452439E-11	2.004561E+2
-5.000000E-2	6.501793E-4	-6.501793E-4	-9.103433E-9	2.010322E+2
-1.000000E-1	1.531264E-3	-1.531264E-3	-2.143987E-8	2.016074E+2
-1.500000E-1	2.757368E-3	-2.757368E-3	-3.860707E-8	2.017959E+2
-2.000000E-1	4.420742E-3	-4.420742E-3	-6.189666E-8	2.019834E+2
-2.500000E-1	6.581211E-3	-6.581211E-3	-9.214629E-8	2.021719E+2
-3.000000E-1	9.308200E-3	-9.308200E-3	-1.303280E-7	2.027461E+2
-3.500000E-1	1.242738E-2	-1.242738E-2	-1.740010E-7	2.029346E+2
-4.000000E-1	1.602987E-2	-1.602987E-2	-2.244409E-7	2.031221E+2
-4.500000E-1	2.013536E-2	-2.013536E-2	-2.819236E-7	2.033105E+2
-5.000000E-1	2.485706E-2	-2.485706E-2	-3.480341E-7	2.034990E+2
-5.000000E-1	2.492430E-2	-2.492430E-2	-3.489756E-7	2.036865E+2
-4.500000E-1	2.035575E-2	-2.035575E-2	-2.850094E-7	2.038750E+2
-4.000000E-1	1.621230E-2	-1.621230E-2	-2.269952E-7	2.040625E+2
-3.500000E-1	1.260267E-2	-1.260267E-2	-1.764552E-7	2.042510E+2
-3.000000E-1	9.401254E-3	-9.401254E-3	-1.316309E-7	2.044395E+2
-2.500000E-1	6.661865E-3	-6.661865E-3	-9.327556E-8	2.048213E+2
-2.000000E-1	4.474577E-3	-4.474577E-3	-6.265043E-8	2.050088E+2
-1.500000E-1	2.768149E-3	-2.768149E-3	-3.875802E-8	2.051973E+2
-1.000000E-1	1.519247E-3	-1.519247E-3	-2.127162E-8	2.053848E+2
-5.000000E-2	6.475205E-4	-6.475205E-4	-9.066206E-9	2.057666E+2
0.000000E+0	1.756032E-6	1.756032E-6	2.458694E-11	2.066611E+2
0.000000E+0	1.635632E-6	1.635632E-6	2.290117E-11	2.071855E+2
5.000000E-2	6.558846E-4	6.558846E-4	9.183315E-9	2.077617E+2
1.000000E-1	1.539803E-3	1.539803E-3	2.155943E-8	2.083369E+2
1.500000E-1	2.817929E-3	2.817929E-3	3.945500E-8	2.085244E+2
2.000000E-1	4.608499E-3	4.608499E-3	6.452553E-8	2.087129E+2
2.500000E-1	6.936557E-3	6.936557E-3	9.712164E-8	2.089014E+2
3.000000E-1	1.000417E-2	1.000417E-2	1.400726E-7	2.094756E+2
3.500000E-1	1.361833E-2	1.361833E-2	1.906759E-7	2.096631E+2
4.000000E-1	1.788954E-2	1.788954E-2	2.504789E-7	2.098516E+2
4.500000E-1	2.291201E-2	2.291201E-2	3.208006E-7	2.100400E+2
5.000000E-1	2.882312E-2	2.882312E-2	4.035645E-7	2.102275E+2
5.000000E-1	2.902877E-2	2.902877E-2	4.064440E-7	2.104160E+2
4.500000E-1	2.334674E-2	2.334674E-2	3.268875E-7	2.106045E+2
4.000000E-1	1.843635E-2	1.843635E-2	2.581351E-7	2.107920E+2
3.500000E-1	1.406765E-2	1.406765E-2	1.969671E-7	2.109805E+2
3.000000E-1	1.034517E-2	1.034517E-2	1.448471E-7	2.111680E+2
2.500000E-1	7.282676E-3	7.282676E-3	1.019678E-7	2.113564E+2
2.000000E-1	4.778079E-3	4.778079E-3	6.689989E-8	2.117383E+2
1.500000E-1	2.935802E-3	2.935802E-3	4.110539E-8	2.119268E+2
1.000000E-1	1.604802E-3	1.604802E-3	2.246951E-8	2.121143E+2
5.000000E-2	6.773969E-4	6.773969E-4	9.484518E-9	2.124961E+2
0.000000E+0	2.001469E-6	2.001469E-6	2.802340E-11	2.133906E+2
-5.000000E-2	6.506139E-4	-6.506139E-4	-9.109518E-9	2.139678E+2
-1.000000E-1	1.528004E-3	-1.528004E-3	-2.139423E-8	2.145430E+2
-1.500000E-1	2.766879E-3	-2.766879E-3	-3.874024E-8	2.147305E+2
-2.000000E-1	4.447061E-3	-4.447061E-3	-6.226516E-8	2.149189E+2
-2.500000E-1	6.610315E-3	-6.610315E-3	-9.255380E-8	2.151064E+2
-3.000000E-1	9.280781E-3	-9.280781E-3	-1.299441E-7	2.156816E+2
-3.500000E-1	1.240747E-2	-1.240747E-2	-1.737222E-7	2.158691E+2
-4.000000E-1	1.602198E-2	-1.602198E-2	-2.243304E-7	2.160576E+2
-4.500000E-1	2.021144E-2	-2.021144E-2	-2.829889E-7	2.162461E+2
-5.000000E-1	2.484603E-2	-2.484603E-2	-3.478797E-7	2.164336E+2
-5.000000E-1	2.488716E-2	-2.488716E-2	-3.484556E-7	2.166221E+2
-4.500000E-1	2.027420E-2	-2.027420E-2	-2.838676E-7	2.168096E+2
-4.000000E-1	1.615936E-2	-1.615936E-2	-2.262540E-7	2.169980E+2
-3.500000E-1	1.248864E-2	-1.248864E-2	-1.748587E-7	2.171865E+2
-3.000000E-1	9.339782E-3	-9.339782E-3	-1.307702E-7	2.173740E+2
-2.500000E-1	6.629412E-3	-6.629412E-3	-9.282118E-8	2.177559E+2
-2.000000E-1	4.461851E-3	-4.461851E-3	-6.247224E-8	2.179443E+2
-1.500000E-1	2.764406E-3	-2.764406E-3	-3.870561E-8	2.181318E+2
-1.000000E-1	1.518560E-3	-1.518560E-3	-2.126200E-8	2.183203E+2
-5.000000E-2	6.492171E-4	-6.492171E-4	-9.089961E-9	2.187021E+2
0.000000E+0	1.923844E-6	1.923844E-6	2.693654E-11	2.195967E+2
0.000000E+0	8.736900E-7	8.736900E-7	1.223290E-11	2.201211E+2
5.000000E-2	6.600999E-4	6.600999E-4	9.242336E-9	2.206973E+2
1.000000E-1	1.562164E-3	1.562164E-3	2.187252E-8	2.212725E+2
1.500000E-1	2.852569E-3	2.852569E-3	3.994001E-8	2.214600E+2
2.000000E-1	4.666828E-3	4.666828E-3	6.534221E-8	2.216484E+2
2.500000E-1	7.045085E-3	7.045085E-3	9.864119E-8	2.218359E+2
3.000000E-1	1.013566E-2	1.013566E-2	1.419136E-7	2.224111E+2
3.500000E-1	1.377290E-2	1.377290E-2	1.928402E-7	2.225986E+2
4.000000E-1	1.812932E-2	1.812932E-2	2.538362E-7	2.227871E+2
4.500000E-1	2.320980E-2	2.320980E-2	3.249702E-7	2.229756E+2
5.000000E-1	2.924317E-2	2.924317E-2	4.094459E-7	2.231631E+2
5.000000E-1	2.944750E-2	2.944750E-2	4.123068E-7	2.233516E+2
4.500000E-1	2.374966E-2	2.374966E-2	3.325290E-7	2.235391E+2
4.000000E-1	1.869357E-2	1.869357E-2	2.617365E-7	2.237275E+2
3.500000E-1	1.428095E-2	1.428095E-2	1.999535E-7	2.239160E+2
3.000000E-1	1.055340E-2	1.055340E-2	1.477626E-7	2.241035E+2
2.500000E-1	7.426969E-3	7.426969E-3	1.039881E-7	2.242920E+2
2.000000E-1	4.901603E-3	4.901603E-3	6.862940E-8	2.246738E+2
1.500000E-1	2.995329E-3	2.995329E-3	4.193885E-8	2.248613E+2
1.000000E-1	1.625815E-3	1.625815E-3	2.276372E-8	2.250498E+2
5.000000E-2	6.859122E-4	6.859122E-4	9.603744E-9	2.254316E+2
0.000000E+0	2.001454E-6	2.001454E-6	2.802319E-11	2.263262E+2
-5.000000E-2	6.535019E-4	-6.535019E-4	-9.149954E-9	2.269023E+2
-1.000000E-1	1.537603E-3	-1.537603E-3	-2.152862E-8	2.274775E+2
-1.500000E-1	2.778609E-3	-2.778609E-3	-3.890447E-8	2.276660E+2
-2.000000E-1	4.483008E-3	-4.483008E-3	-6.276848E-8	2.278545E+2
-2.500000E-1	6.676922E-3	-6.676922E-3	-9.348638E-8	2.280420E+2
-3.000000E-1	9.401433E-3	-9.401433E-3	-1.316334E-7	2.286172E+2
-3.500000E-1	1.251346E-2	-1.251346E-2	-1.752062E-7	2.288047E+2
-4.000000E-1	1.617292E-2	-1.617292E-2	-2.264438E-7	2.289932E+2
-4.500000E-1	2.031038E-2	-2.031038E-2	-2.843742E-7	2.291807E+2
-5.000000E-1	2.505321E-2	-2.505321E-2	-3.507805E-7	2.293691E+2
-5.000000E-1	2.512690E-2	-2.512690E-2	-3.518122E-7	2.295576E+2
-4.500000E-1	2.047695E-2	-2.047695E-2	-2.867063E-7	2.297451E+2
-4.000000E-1	1.629206E-2	-1.629206E-2	-2.281120E-7	2.299336E+2
-3.500000E-1	1.260111E-2	-1.260111E-2	-1.764334E-7	2.301221E+2
-3.000000E-1	9.407218E-3	-9.407218E-3	-1.317144E-7	2.303096E+2
-2.500000E-1	6.696351E-3	-6.696351E-3	-9.375842E-8	2.306914E+2
-2.000000E-1	4.495463E-3	-4.495463E-3	-6.294286E-8	2.308799E+2
-1.500000E-1	2.790423E-3	-2.790423E-3	-3.906989E-8	2.310674E+2
-1.000000E-1	1.536966E-3	-1.536966E-3	-2.151971E-8	2.312559E+2
-5.000000E-2	6.580576E-4	-6.580576E-4	-9.213741E-9	2.316377E+2
0.000000E+0	2.207943E-6	2.207943E-6	3.091433E-11	2.325322E+2
0.000000E+0	7.090890E-7	7.090890E-7	9.928253E-12	2.330566E+2
5.000000E-2	6.678225E-4	6.678225E-4	9.350463E-9	2.336318E+2
1.000000E-1	1.573758E-3	1.573758E-3	2.203484E-8	2.342070E+2
1.500000E-1	2.868329E-3	2.868329E-3	4.016067E-8	2.343955E+2
2.000000E-1	4.689108E-3	4.689108E-3	6.565416E-8	2.345840E+2
2.500000E-1	7.082902E-3	7.082902E-3	9.917068E-8	2.347715E+2
3.000000E-1	1.014897E-2	1.014897E-2	1.421000E-7	2.353457E+2
3.500000E-1	1.378981E-2	1.378981E-2	1.930769E-7	2.355342E+2
4.000000E-1	1.817176E-2	1.817176E-2	2.544305E-7	2.357227E+2
4.500000E-1	2.337857E-2	2.337857E-2	3.273332E-7	2.359102E+2
5.000000E-1	2.944130E-2	2.944130E-2	4.122200E-7	2.360986E+2
5.000000E-1	2.968226E-2	2.968226E-2	4.155938E-7	2.362861E+2
4.500000E-1	2.391575E-2	2.391575E-2	3.348545E-7	2.364746E+2
4.000000E-1	1.883953E-2	1.883953E-2	2.637801E-7	2.366631E+2
3.500000E-1	1.440258E-2	1.440258E-2	2.016565E-7	2.368506E+2
3.000000E-1	1.060230E-2	1.060230E-2	1.484472E-7	2.370391E+2
2.500000E-1	7.450081E-3	7.450081E-3	1.043117E-7	2.372275E+2
2.000000E-1	4.904878E-3	4.904878E-3	6.867525E-8	2.376084E+2
1.500000E-1	3.001875E-3	3.001875E-3	4.203051E-8	2.377969E+2
1.000000E-1	1.638205E-3	1.638205E-3	2.293720E-8	2.379854E+2
5.000000E-2	6.849963E-4	6.849963E-4	9.590920E-9	2.387539E+2
0.000000E+0	2.160337E-6	2.160337E-6	3.024778E-11	2.396484E+2
-5.000000E-2	6.567590E-4	-6.567590E-4	-9.195558E-9	2.402246E+2
-1.000000E-1	1.542821E-3	-1.542821E-3	-2.160169E-8	2.407998E+2
-1.500000E-1	2.796170E-3	-2.796170E-3	-3.915035E-8	2.409883E+2
-2.000000E-1	4.532544E-3	-4.532544E-3	-6.346205E-8	2.411768E+2
-2.500000E-1	6.693906E-3	-6.693906E-3	-9.372418E-8	2.413643E+2
-3.000000E-1	9.401140E-3	-9.401140E-3	-1.316293E-7	2.419395E+2
-3.500000E-1	1.253504E-2	-1.253504E-2	-1.755084E-7	2.421270E+2
-4.000000E-1	1.617377E-2	-1.617377E-2	-2.264558E-7	2.423154E+2
-4.500000E-1	2.040840E-2	-2.040840E-2	-2.857466E-7	2.425029E+2
-5.000000E-1	2.512777E-2	-2.512777E-2	-3.518245E-7	2.426914E+2
-5.000000E-1	2.513917E-2	-2.513917E-2	-3.519840E-7	2.428799E+2
-4.500000E-1	2.051452E-2	-2.051452E-2	-2.872324E-7	2.430674E+2
-4.000000E-1	1.637863E-2	-1.637863E-2	-2.293240E-7	2.432559E+2
-3.500000E-1	1.269600E-2	-1.269600E-2	-1.777620E-7	2.434443E+2
-3.000000E-1	9.478024E-3	-9.478024E-3	-1.327058E-7	2.436318E+2
-2.500000E-1	6.730010E-3	-6.730010E-3	-9.422969E-8	2.440137E+2
-2.000000E-1	4.530020E-3	-4.530020E-3	-6.342671E-8	2.442021E+2
-1.500000E-1	2.803810E-3	-2.803810E-3	-3.925732E-8	2.443896E+2
-1.000000E-1	1.542245E-3	-1.542245E-3	-2.159362E-8	2.445781E+2
-5.000000E-2	6.572911E-4	-6.572911E-4	-9.203008E-9	2.449600E+2
0.000000E+0	2.135889E-6	2.135889E-6	2.990547E-11	2.458545E+2
0.000000E+0	7.052720E-7	7.052720E-7	9.874809E-12	2.463789E+2
5.000000E-2	6.723795E-4	6.723795E-4	9.414268E-9	2.469541E+2
1.000000E-1	1.574861E-3	1.574861E-3	2.205029E-8	2.475293E+2
1.500000E-1	2.886814E-3	2.886814E-3	4.041949E-8	2.477178E+2
2.000000E-1	4.711172E-3	4.711172E-3	6.596309E-8	2.479062E+2
2.500000E-1	7.124856E-3	7.124856E-3	9.975810E-8	2.480938E+2
3.000000E-1	1.023289E-2	1.023289E-2	1.432750E-7	2.486689E+2
3.500000E-1	1.394329E-2	1.394329E-2	1.952258E-7	2.488564E+2
4.000000E-1	1.829473E-2	1.829473E-2	2.561522E-7	2.490449E+2
4.500000E-1	2.352089E-2	2.352089E-2	3.293258E-7	2.492324E+2
5.000000E-1	2.954136E-2	2.954136E-2	4.136210E-7	2.494209E+2
5.000000E-1	2.968378E-2	2.968378E-2	4.156150E-7	2.496094E+2
4.500000E-1	2.391365E-2	2.391365E-2	3.348250E-7	2.497969E+2
4.000000E-1	1.878985E-2	1.878985E-2	2.630845E-7	2.499854E+2
3.500000E-1	1.437027E-2	1.437027E-2	2.012042E-7	2.501729E+2
3.000000E-1	1.058787E-2	1.058787E-2	1.482452E-7	2.503613E+2
2.500000E-1	7.471521E-3	7.471521E-3	1.046119E-7	2.505498E+2
2.000000E-1	4.902870E-3	4.902870E-3	6.864713E-8	2.509316E+2
1.500000E-1	3.004305E-3	3.004305E-3	4.206453E-8	2.511191E+2
1.000000E-1	1.638262E-3	1.638262E-3	2.293799E-8	2.513076E+2
5.000000E-2	6.857788E-4	6.857788E-4	9.601877E-9	2.520762E+2
0.000000E+0	2.169798E-6	2.169798E-6	3.038025E-11	2.529707E+2
-5.000000E-2	6.521857E-4	-6.521857E-4	-9.131526E-9	2.535479E+2
-1.000000E-1	1.535619E-3	-1.535619E-3	-2.150084E-8	2.541230E+2
-1.500000E-1	2.785385E-3	-2.785385E-3	-3.899935E-8	2.543105E+2
-2.000000E-1	4.515903E-3	-4.515903E-3	-6.322905E-8	2.544990E+2
-2.500000E-1	6.702131E-3	-6.702131E-3	-9.383935E-8	2.546865E+2
-3.000000E-1	9.443629E-3	-9.443629E-3	-1.322242E-7	2.552617E+2
-3.500000E-1	1.262456E-2	-1.262456E-2	-1.767618E-7	2.554492E+2
-4.000000E-1	1.629157E-2	-1.629157E-2	-2.281051E-7	2.556377E+2
-4.500000E-1	2.052438E-2	-2.052438E-2	-2.873705E-7	2.558262E+2
-5.000000E-1	2.532903E-2	-2.532903E-2	-3.546423E-7	2.560137E+2
-5.000000E-1	2.546390E-2	-2.546390E-2	-3.565308E-7	2.562021E+2
-4.500000E-1	2.075524E-2	-2.075524E-2	-2.906028E-7	2.563896E+2
-4.000000E-1	1.652314E-2	-1.652314E-2	-2.313474E-7	2.565781E+2
-3.500000E-1	1.282321E-2	-1.282321E-2	-1.795431E-7	2.567666E+2
-3.000000E-1	9.581421E-3	-9.581421E-3	-1.341535E-7	2.569541E+2
-2.500000E-1	6.782065E-3	-6.782065E-3	-9.495854E-8	2.573359E+2
-2.000000E-1	4.559976E-3	-4.559976E-3	-6.384613E-8	2.575244E+2
-1.500000E-1	2.827831E-3	-2.827831E-3	-3.959364E-8	2.577119E+2
-1.000000E-1	1.558317E-3	-1.558317E-3	-2.181865E-8	2.579004E+2
-5.000000E-2	6.601260E-4	-6.601260E-4	-9.242701E-9	2.582822E+2
0.000000E+0	2.164565E-6	2.164565E-6	3.030698E-11	2.591768E+2
