voltage_5_2_21	absJ_5_2_21	J_5_2_21	current_5_2_21	time_5_2_21	
0.000000E+0	1.725519E-6	1.725519E-6	2.168351E-11	0.000000E+0
5.000000E-2	6.961656E-4	6.961656E-4	8.748275E-9	5.761719E-1
1.000000E-1	1.660331E-3	1.660331E-3	2.086433E-8	1.151367E+0
1.500000E-1	3.121394E-3	3.121394E-3	3.922459E-8	1.338867E+0
2.000000E-1	5.264444E-3	5.264444E-3	6.615495E-8	1.527344E+0
2.500000E-1	8.269301E-3	8.269301E-3	1.039151E-7	1.714844E+0
3.000000E-1	1.229287E-2	1.229287E-2	1.544768E-7	2.290039E+0
3.500000E-1	1.739298E-2	1.739298E-2	2.185666E-7	2.477539E+0
4.000000E-1	2.384248E-2	2.384248E-2	2.996134E-7	2.666016E+0
4.500000E-1	3.192225E-2	3.192225E-2	4.011468E-7	2.853516E+0
5.000000E-1	4.139858E-2	4.139858E-2	5.202299E-7	3.041992E+0
5.000000E-1	4.170079E-2	4.170079E-2	5.240276E-7	3.230469E+0
4.500000E-1	3.221271E-2	3.221271E-2	4.047969E-7	3.417969E+0
4.000000E-1	2.436126E-2	2.436126E-2	3.061326E-7	3.606445E+0
3.500000E-1	1.798396E-2	1.798396E-2	2.259931E-7	3.794922E+0
3.000000E-1	1.266072E-2	1.266072E-2	1.590993E-7	3.982422E+0
2.500000E-1	8.593245E-3	8.593245E-3	1.079859E-7	4.170898E+0
2.000000E-1	5.478434E-3	5.478434E-3	6.884404E-8	4.552734E+0
1.500000E-1	3.276653E-3	3.276653E-3	4.117564E-8	4.740234E+0
1.000000E-1	1.767370E-3	1.767370E-3	2.220943E-8	4.928711E+0
5.000000E-2	7.420664E-4	7.420664E-4	9.325081E-9	5.310547E+0
0.000000E+0	1.412581E-6	1.412581E-6	1.775102E-11	6.205078E+0
-5.000000E-2	7.006945E-4	-7.006945E-4	-8.805187E-9	6.781250E+0
-1.000000E-1	1.677322E-3	-1.677322E-3	-2.107785E-8	7.356445E+0
-1.500000E-1	3.082020E-3	-3.082020E-3	-3.872981E-8	7.544922E+0
-2.000000E-1	5.153718E-3	-5.153718E-3	-6.476353E-8	7.733398E+0
-2.500000E-1	7.985814E-3	-7.985814E-3	-1.003527E-7	7.920898E+0
-3.000000E-1	1.165391E-2	-1.165391E-2	-1.464473E-7	8.496094E+0
-3.500000E-1	1.627947E-2	-1.627947E-2	-2.045738E-7	8.683594E+0
-4.000000E-1	2.199601E-2	-2.199601E-2	-2.764100E-7	8.872070E+0
-4.500000E-1	2.906525E-2	-2.906525E-2	-3.652447E-7	9.059570E+0
-5.000000E-1	3.728044E-2	-3.728044E-2	-4.684798E-7	9.248047E+0
-5.000000E-1	3.738198E-2	-3.738198E-2	-4.697558E-7	9.436523E+0
-4.500000E-1	2.916681E-2	-2.916681E-2	-3.665210E-7	9.624023E+0
-4.000000E-1	2.227723E-2	-2.227723E-2	-2.799439E-7	9.812500E+0
-3.500000E-1	1.653224E-2	-1.653224E-2	-2.077502E-7	1.000098E+1
-3.000000E-1	1.185309E-2	-1.185309E-2	-1.489503E-7	1.018848E+1
-2.500000E-1	8.126244E-3	-8.126244E-3	-1.021174E-7	1.037695E+1
-2.000000E-1	5.242274E-3	-5.242274E-3	-6.587636E-8	1.075879E+1
-1.500000E-1	3.196446E-3	-3.196446E-3	-4.016773E-8	1.094629E+1
-1.000000E-1	1.734459E-3	-1.734459E-3	-2.179586E-8	1.113477E+1
-5.000000E-2	7.296784E-4	-7.296784E-4	-9.169409E-9	1.151660E+1
0.000000E+0	2.189578E-6	2.189578E-6	2.751505E-11	1.241113E+1
0.000000E+0	7.391565E-7	7.391565E-7	9.288514E-12	1.293555E+1
5.000000E-2	7.229303E-4	7.229303E-4	9.084610E-9	1.351172E+1
1.000000E-1	1.727191E-3	1.727191E-3	2.170452E-8	1.408691E+1
1.500000E-1	3.236874E-3	3.236874E-3	4.067576E-8	1.427441E+1
2.000000E-1	5.464361E-3	5.464361E-3	6.866719E-8	1.446289E+1
2.500000E-1	8.354473E-3	8.354473E-3	1.049854E-7	1.465039E+1
3.000000E-1	1.267543E-2	1.267543E-2	1.592842E-7	1.522559E+1
3.500000E-1	1.796917E-2	1.796917E-2	2.258073E-7	1.541309E+1
4.000000E-1	2.469084E-2	2.469084E-2	3.102742E-7	1.560156E+1
4.500000E-1	3.304911E-2	3.304911E-2	4.153073E-7	1.578906E+1
5.000000E-1	4.315384E-2	4.315384E-2	5.422871E-7	1.597754E+1
5.000000E-1	4.324411E-2	4.324411E-2	5.434215E-7	1.616602E+1
4.500000E-1	3.357926E-2	3.357926E-2	4.219694E-7	1.635352E+1
4.000000E-1	2.561230E-2	2.561230E-2	3.218536E-7	1.654199E+1
3.500000E-1	1.891100E-2	1.891100E-2	2.376426E-7	1.673047E+1
3.000000E-1	1.333341E-2	1.333341E-2	1.675526E-7	1.691797E+1
2.500000E-1	9.096795E-3	9.096795E-3	1.143137E-7	1.710645E+1
2.000000E-1	5.790236E-3	5.790236E-3	7.276225E-8	1.748828E+1
1.500000E-1	3.461034E-3	3.461034E-3	4.349263E-8	1.767578E+1
1.000000E-1	1.873930E-3	1.873930E-3	2.354850E-8	1.786426E+1
5.000000E-2	7.966596E-4	7.966596E-4	1.001112E-8	1.805176E+1
0.000000E+0	1.778710E-6	1.778710E-6	2.235193E-11	1.894727E+1
-5.000000E-2	7.546367E-4	-7.546367E-4	-9.483045E-9	1.952344E+1
-1.000000E-1	1.795380E-3	-1.795380E-3	-2.256141E-8	2.009863E+1
-1.500000E-1	3.303048E-3	-3.303048E-3	-4.150732E-8	2.028711E+1
-2.000000E-1	5.487479E-3	-5.487479E-3	-6.895769E-8	2.047461E+1
-2.500000E-1	8.340403E-3	-8.340403E-3	-1.048086E-7	2.066309E+1
-3.000000E-1	1.230114E-2	-1.230114E-2	-1.545807E-7	2.123730E+1
-3.500000E-1	1.712503E-2	-1.712503E-2	-2.151995E-7	2.142578E+1
-4.000000E-1	2.308822E-2	-2.308822E-2	-2.901351E-7	2.161426E+1
-4.500000E-1	3.042343E-2	-3.042343E-2	-3.823121E-7	2.180176E+1
-5.000000E-1	3.895599E-2	-3.895599E-2	-4.895354E-7	2.199023E+1
-5.000000E-1	3.893449E-2	-3.893449E-2	-4.892653E-7	2.217773E+1
-4.500000E-1	3.047440E-2	-3.047440E-2	-3.829526E-7	2.236621E+1
-4.000000E-1	2.334821E-2	-2.334821E-2	-2.934023E-7	2.255469E+1
-3.500000E-1	1.735636E-2	-1.735636E-2	-2.181064E-7	2.274219E+1
-3.000000E-1	1.245787E-2	-1.245787E-2	-1.565502E-7	2.293066E+1
-2.500000E-1	8.572634E-3	-8.572634E-3	-1.077269E-7	2.311914E+1
-2.000000E-1	5.516870E-3	-5.516870E-3	-6.932703E-8	2.350000E+1
-1.500000E-1	3.354880E-3	-3.354880E-3	-4.215867E-8	2.368848E+1
-1.000000E-1	1.833218E-3	-1.833218E-3	-2.303690E-8	2.387695E+1
-5.000000E-2	7.637359E-4	-7.637359E-4	-9.597389E-9	2.425879E+1
0.000000E+0	1.975786E-6	1.975786E-6	2.482846E-11	2.515332E+1
0.000000E+0	8.066545E-7	8.066545E-7	1.013672E-11	2.567676E+1
5.000000E-2	7.667460E-4	7.667460E-4	9.635214E-9	2.625293E+1
1.000000E-1	1.846928E-3	1.846928E-3	2.320918E-8	2.682812E+1
1.500000E-1	3.444212E-3	3.444212E-3	4.328125E-8	2.701660E+1
2.000000E-1	5.798010E-3	5.798010E-3	7.285995E-8	2.720410E+1
2.500000E-1	8.983374E-3	8.983374E-3	1.128884E-7	2.777930E+1
3.000000E-1	1.336176E-2	1.336176E-2	1.679088E-7	2.796680E+1
3.500000E-1	1.896996E-2	1.896996E-2	2.383836E-7	2.815527E+1
4.000000E-1	2.598320E-2	2.598320E-2	3.265145E-7	2.834277E+1
4.500000E-1	3.450956E-2	3.450956E-2	4.336599E-7	2.853125E+1
5.000000E-1	4.493959E-2	4.493959E-2	5.647275E-7	2.871973E+1
5.000000E-1	4.499795E-2	4.499795E-2	5.654609E-7	2.890723E+1
4.500000E-1	3.482975E-2	3.482975E-2	4.376835E-7	2.909570E+1
4.000000E-1	2.636591E-2	2.636591E-2	3.313238E-7	2.928320E+1
3.500000E-1	1.942731E-2	1.942731E-2	2.441308E-7	2.947168E+1
3.000000E-1	1.382519E-2	1.382519E-2	1.737325E-7	2.966016E+1
2.500000E-1	9.394813E-3	9.394813E-3	1.180587E-7	2.984766E+1
2.000000E-1	6.003664E-3	6.003664E-3	7.544426E-8	3.022949E+1
1.500000E-1	3.584888E-3	3.584888E-3	4.504903E-8	3.041797E+1
1.000000E-1	1.916533E-3	1.916533E-3	2.408387E-8	3.060547E+1
5.000000E-2	8.019253E-4	8.019253E-4	1.007729E-8	3.079395E+1
0.000000E+0	1.258599E-6	1.258599E-6	1.581602E-11	3.168848E+1
-5.000000E-2	7.649073E-4	-7.649073E-4	-9.612108E-9	3.226563E+1
-1.000000E-1	1.843324E-3	-1.843324E-3	-2.316389E-8	3.284082E+1
-1.500000E-1	3.409936E-3	-3.409936E-3	-4.285052E-8	3.302832E+1
-2.000000E-1	5.615405E-3	-5.615405E-3	-7.056526E-8	3.321680E+1
-2.500000E-1	8.663727E-3	-8.663727E-3	-1.088716E-7	3.379102E+1
-3.000000E-1	1.257638E-2	-1.257638E-2	-1.580394E-7	3.397949E+1
-3.500000E-1	1.764029E-2	-1.764029E-2	-2.216744E-7	3.416699E+1
-4.000000E-1	2.383994E-2	-2.383994E-2	-2.995815E-7	3.435547E+1
-4.500000E-1	3.129541E-2	-3.129541E-2	-3.932697E-7	3.454395E+1
-5.000000E-1	4.014493E-2	-4.014493E-2	-5.044760E-7	3.473145E+1
-5.000000E-1	4.008276E-2	-4.008276E-2	-5.036949E-7	3.491992E+1
-4.500000E-1	3.143503E-2	-3.143503E-2	-3.950242E-7	3.510742E+1
-4.000000E-1	2.402007E-2	-2.402007E-2	-3.018451E-7	3.529590E+1
-3.500000E-1	1.783709E-2	-1.783709E-2	-2.241475E-7	3.548437E+1
-3.000000E-1	1.280987E-2	-1.280987E-2	-1.609736E-7	3.567188E+1
-2.500000E-1	8.789539E-3	-8.789539E-3	-1.104526E-7	3.586035E+1
-2.000000E-1	5.699747E-3	-5.699747E-3	-7.162514E-8	3.624219E+1
-1.500000E-1	3.486254E-3	-3.486254E-3	-4.380956E-8	3.642969E+1
-1.000000E-1	1.888459E-3	-1.888459E-3	-2.373108E-8	3.661816E+1
-5.000000E-2	8.070628E-4	-8.070628E-4	-1.014185E-8	3.680664E+1
0.000000E+0	2.318689E-6	2.318689E-6	2.913750E-11	3.770117E+1
0.000000E+0	7.225778E-7	7.225778E-7	9.080181E-12	3.822559E+1
5.000000E-2	8.104424E-4	8.104424E-4	1.018432E-8	3.860742E+1
1.000000E-1	1.925315E-3	1.925315E-3	2.419422E-8	3.879590E+1
1.500000E-1	3.596957E-3	3.596957E-3	4.520069E-8	3.898340E+1
2.000000E-1	6.013366E-3	6.013366E-3	7.556619E-8	3.917187E+1
2.500000E-1	9.526235E-3	9.526235E-3	1.197102E-7	3.974609E+1
3.000000E-1	1.402464E-2	1.402464E-2	1.762388E-7	3.993457E+1
3.500000E-1	1.979646E-2	1.979646E-2	2.487697E-7	4.012305E+1
4.000000E-1	2.714303E-2	2.714303E-2	3.410894E-7	4.031055E+1
4.500000E-1	3.589507E-2	3.589507E-2	4.510708E-7	4.049902E+1
5.000000E-1	4.654965E-2	4.654965E-2	5.849601E-7	4.068652E+1
5.000000E-1	4.667369E-2	4.667369E-2	5.865189E-7	4.087500E+1
4.500000E-1	3.644663E-2	3.644663E-2	4.580018E-7	4.106348E+1
4.000000E-1	2.779028E-2	2.779028E-2	3.492230E-7	4.125098E+1
3.500000E-1	2.036601E-2	2.036601E-2	2.559268E-7	4.143945E+1
3.000000E-1	1.456531E-2	1.456531E-2	1.830331E-7	4.162695E+1
2.500000E-1	9.884214E-3	9.884214E-3	1.242087E-7	4.181543E+1
2.000000E-1	6.344780E-3	6.344780E-3	7.973085E-8	4.219727E+1
1.500000E-1	3.818615E-3	3.818615E-3	4.798613E-8	4.238477E+1
1.000000E-1	2.059770E-3	2.059770E-3	2.588383E-8	4.257324E+1
5.000000E-2	8.693425E-4	8.693425E-4	1.092448E-8	4.276172E+1
0.000000E+0	1.552593E-6	1.552593E-6	1.951046E-11	4.365625E+1
-5.000000E-2	8.216406E-4	-8.216406E-4	-1.032504E-8	4.403906E+1
-1.000000E-1	1.948470E-3	-1.948470E-3	-2.448520E-8	4.422754E+1
-1.500000E-1	3.576111E-3	-3.576111E-3	-4.493873E-8	4.441504E+1
-2.000000E-1	5.939795E-3	-5.939795E-3	-7.464166E-8	4.460352E+1
-2.500000E-1	9.138685E-3	-9.138685E-3	-1.148401E-7	4.517773E+1
-3.000000E-1	1.323522E-2	-1.323522E-2	-1.663187E-7	4.536621E+1
-3.500000E-1	1.850324E-2	-1.850324E-2	-2.325186E-7	4.555371E+1
-4.000000E-1	2.488070E-2	-2.488070E-2	-3.126601E-7	4.574219E+1
-4.500000E-1	3.262457E-2	-3.262457E-2	-4.099724E-7	4.593066E+1
-5.000000E-1	4.158297E-2	-4.158297E-2	-5.225470E-7	4.611816E+1
-5.000000E-1	4.158404E-2	-4.158404E-2	-5.225604E-7	4.630664E+1
-4.500000E-1	3.255268E-2	-3.255268E-2	-4.090691E-7	4.649512E+1
-4.000000E-1	2.497648E-2	-2.497648E-2	-3.138637E-7	4.668262E+1
-3.500000E-1	1.858767E-2	-1.858767E-2	-2.335795E-7	4.687109E+1
-3.000000E-1	1.333406E-2	-1.333406E-2	-1.675608E-7	4.705859E+1
-2.500000E-1	9.194668E-3	-9.194668E-3	-1.155436E-7	4.724707E+1
-2.000000E-1	5.948370E-3	-5.948370E-3	-7.474942E-8	4.762891E+1
-1.500000E-1	3.641405E-3	-3.641405E-3	-4.575924E-8	4.781738E+1
-1.000000E-1	1.980880E-3	-1.980880E-3	-2.489247E-8	4.800488E+1
-5.000000E-2	8.408625E-4	-8.408625E-4	-1.056659E-8	4.819336E+1
0.000000E+0	2.317297E-6	2.317297E-6	2.912001E-11	4.908789E+1
0.000000E+0	8.350366E-7	8.350366E-7	1.049338E-11	4.961230E+1
5.000000E-2	8.358905E-4	8.358905E-4	1.050411E-8	4.999414E+1
1.000000E-1	1.995310E-3	1.995310E-3	2.507380E-8	5.018262E+1
1.500000E-1	3.728479E-3	3.728479E-3	4.685345E-8	5.037109E+1
2.000000E-1	6.262569E-3	6.262569E-3	7.869777E-8	5.055859E+1
2.500000E-1	9.639617E-3	9.639617E-3	1.211350E-7	5.113281E+1
3.000000E-1	1.420652E-2	1.420652E-2	1.785244E-7	5.132129E+1
3.500000E-1	2.016296E-2	2.016296E-2	2.533752E-7	5.150977E+1
4.000000E-1	2.751008E-2	2.751008E-2	3.457018E-7	5.169727E+1
4.500000E-1	3.659382E-2	3.659382E-2	4.598515E-7	5.188574E+1
5.000000E-1	4.747087E-2	4.747087E-2	5.965366E-7	5.207422E+1
5.000000E-1	4.755416E-2	4.755416E-2	5.975832E-7	5.226172E+1
4.500000E-1	3.713485E-2	3.713485E-2	4.666503E-7	5.245020E+1
4.000000E-1	2.824676E-2	2.824676E-2	3.549592E-7	5.263770E+1
3.500000E-1	2.080037E-2	2.080037E-2	2.613851E-7	5.282617E+1
3.000000E-1	1.479317E-2	1.479317E-2	1.858964E-7	5.301465E+1
2.500000E-1	1.013470E-2	1.013470E-2	1.273564E-7	5.320215E+1
2.000000E-1	6.525066E-3	6.525066E-3	8.199640E-8	5.358398E+1
1.500000E-1	3.923132E-3	3.923132E-3	4.929953E-8	5.377246E+1
1.000000E-1	2.106736E-3	2.106736E-3	2.647403E-8	5.395996E+1
5.000000E-2	8.857354E-4	8.857354E-4	1.113048E-8	5.414844E+1
0.000000E+0	1.363648E-6	1.363648E-6	1.713611E-11	5.504297E+1
-5.000000E-2	8.367046E-4	-8.367046E-4	-1.051434E-8	5.542578E+1
-1.000000E-1	1.986375E-3	-1.986375E-3	-2.496152E-8	5.561426E+1
-1.500000E-1	3.676374E-3	-3.676374E-3	-4.619868E-8	5.580273E+1
-2.000000E-1	6.111835E-3	-6.111835E-3	-7.680359E-8	5.599023E+1
-2.500000E-1	9.357316E-3	-9.357316E-3	-1.175875E-7	5.656445E+1
-3.000000E-1	1.357145E-2	-1.357145E-2	-1.705439E-7	5.675293E+1
-3.500000E-1	1.890292E-2	-1.890292E-2	-2.375411E-7	5.694141E+1
-4.000000E-1	2.545301E-2	-2.545301E-2	-3.198520E-7	5.712891E+1
-4.500000E-1	3.334774E-2	-3.334774E-2	-4.190600E-7	5.731738E+1
-5.000000E-1	4.260157E-2	-4.260157E-2	-5.353471E-7	5.750586E+1
-5.000000E-1	4.251868E-2	-4.251868E-2	-5.343055E-7	5.769336E+1
-4.500000E-1	3.348457E-2	-3.348457E-2	-4.207795E-7	5.788184E+1
-4.000000E-1	2.561311E-2	-2.561311E-2	-3.218638E-7	5.807031E+1
-3.500000E-1	1.913696E-2	-1.913696E-2	-2.404821E-7	5.825781E+1
-3.000000E-1	1.376624E-2	-1.376624E-2	-1.729917E-7	5.844629E+1
-2.500000E-1	9.503030E-3	-9.503030E-3	-1.194186E-7	5.863379E+1
-2.000000E-1	6.162417E-3	-6.162417E-3	-7.743922E-8	5.901562E+1
-1.500000E-1	3.756907E-3	-3.756907E-3	-4.721068E-8	5.920410E+1
-1.000000E-1	2.039777E-3	-2.039777E-3	-2.563259E-8	5.939258E+1
-5.000000E-2	8.727874E-4	-8.727874E-4	-1.096777E-8	5.958008E+1
0.000000E+0	2.362353E-6	2.362353E-6	2.968620E-11	6.047461E+1
0.000000E+0	8.080575E-7	8.080575E-7	1.015435E-11	6.099902E+1
5.000000E-2	8.662398E-4	8.662398E-4	1.088549E-8	6.138184E+1
1.000000E-1	2.055991E-3	2.055991E-3	2.583634E-8	6.156934E+1
1.500000E-1	3.847708E-3	3.847708E-3	4.835172E-8	6.175781E+1
2.000000E-1	6.438417E-3	6.438417E-3	8.090753E-8	6.194531E+1
2.500000E-1	9.978036E-3	9.978036E-3	1.253877E-7	6.252051E+1
3.000000E-1	1.470532E-2	1.470532E-2	1.847925E-7	6.270801E+1
3.500000E-1	2.082527E-2	2.082527E-2	2.616980E-7	6.289648E+1
4.000000E-1	2.837534E-2	2.837534E-2	3.565751E-7	6.308496E+1
4.500000E-1	3.763309E-2	3.763309E-2	4.729114E-7	6.327246E+1
5.000000E-1	4.882964E-2	4.882964E-2	6.136113E-7	6.346094E+1
5.000000E-1	4.894589E-2	4.894589E-2	6.150722E-7	6.364844E+1
4.500000E-1	3.812077E-2	3.812077E-2	4.790397E-7	6.383691E+1
4.000000E-1	2.881652E-2	2.881652E-2	3.621190E-7	6.402539E+1
3.500000E-1	2.121995E-2	2.121995E-2	2.666578E-7	6.421289E+1
3.000000E-1	1.515114E-2	1.515114E-2	1.903949E-7	6.440137E+1
2.500000E-1	1.034132E-2	1.034132E-2	1.299529E-7	6.458984E+1
2.000000E-1	6.592599E-3	6.592599E-3	8.284504E-8	6.497070E+1
1.500000E-1	3.966151E-3	3.966151E-3	4.984012E-8	6.515918E+1
1.000000E-1	2.148872E-3	2.148872E-3	2.700352E-8	6.534766E+1
5.000000E-2	9.053218E-4	9.053218E-4	1.137661E-8	6.553516E+1
0.000000E+0	1.297396E-6	1.297396E-6	1.630356E-11	6.643066E+1
-5.000000E-2	8.509919E-4	-8.509919E-4	-1.069388E-8	6.681348E+1
-1.000000E-1	2.021462E-3	-2.021462E-3	-2.540244E-8	6.700098E+1
-1.500000E-1	3.721113E-3	-3.721113E-3	-4.676089E-8	6.718945E+1
-2.000000E-1	6.167226E-3	-6.167226E-3	-7.749965E-8	6.737793E+1
-2.500000E-1	9.552369E-3	-9.552369E-3	-1.200386E-7	6.795215E+1
-3.000000E-1	1.383347E-2	-1.383347E-2	-1.738365E-7	6.813965E+1
-3.500000E-1	1.926172E-2	-1.926172E-2	-2.420499E-7	6.832812E+1
-4.000000E-1	2.599681E-2	-2.599681E-2	-3.266855E-7	6.851660E+1
-4.500000E-1	3.403789E-2	-3.403789E-2	-4.277327E-7	6.870410E+1
-5.000000E-1	4.359825E-2	-4.359825E-2	-5.478717E-7	6.889258E+1
-5.000000E-1	4.357289E-2	-4.357289E-2	-5.475531E-7	6.908105E+1
-4.500000E-1	3.411831E-2	-3.411831E-2	-4.287433E-7	6.926855E+1
-4.000000E-1	2.620921E-2	-2.620921E-2	-3.293546E-7	6.945703E+1
-3.500000E-1	1.948965E-2	-1.948965E-2	-2.449142E-7	6.964453E+1
-3.000000E-1	1.403295E-2	-1.403295E-2	-1.763433E-7	6.983301E+1
-2.500000E-1	9.673620E-3	-9.673620E-3	-1.215623E-7	7.002148E+1
-2.000000E-1	6.250809E-3	-6.250809E-3	-7.854999E-8	7.040332E+1
-1.500000E-1	3.799882E-3	-3.799882E-3	-4.775072E-8	7.059082E+1
-1.000000E-1	2.066377E-3	-2.066377E-3	-2.596686E-8	7.077930E+1
-5.000000E-2	8.828866E-4	-8.828866E-4	-1.109468E-8	7.096680E+1
0.000000E+0	2.318561E-6	2.318561E-6	2.913590E-11	7.186230E+1
0.000000E+0	8.014796E-7	8.014796E-7	1.007169E-11	7.238574E+1
5.000000E-2	8.823709E-4	8.823709E-4	1.108820E-8	7.276855E+1
1.000000E-1	2.103722E-3	2.103722E-3	2.643615E-8	7.295605E+1
1.500000E-1	3.932808E-3	3.932808E-3	4.942113E-8	7.314453E+1
2.000000E-1	6.592970E-3	6.592970E-3	8.284970E-8	7.333301E+1
2.500000E-1	1.014255E-2	1.014255E-2	1.274550E-7	7.390723E+1
3.000000E-1	1.497109E-2	1.497109E-2	1.881323E-7	7.409473E+1
3.500000E-1	2.113972E-2	2.113972E-2	2.656496E-7	7.428320E+1
4.000000E-1	2.891714E-2	2.891714E-2	3.633835E-7	7.447168E+1
4.500000E-1	3.854892E-2	3.854892E-2	4.844200E-7	7.465918E+1
5.000000E-1	4.975882E-2	4.975882E-2	6.252877E-7	7.484766E+1
5.000000E-1	4.987890E-2	4.987890E-2	6.267967E-7	7.503613E+1
4.500000E-1	3.888841E-2	3.888841E-2	4.886862E-7	7.522363E+1
4.000000E-1	2.951959E-2	2.951959E-2	3.709541E-7	7.541211E+1
3.500000E-1	2.173394E-2	2.173394E-2	2.731168E-7	7.559961E+1
3.000000E-1	1.546699E-2	1.546699E-2	1.943639E-7	7.578809E+1
2.500000E-1	1.055376E-2	1.055376E-2	1.326225E-7	7.597656E+1
2.000000E-1	6.749337E-3	6.749337E-3	8.481467E-8	7.635840E+1
1.500000E-1	4.067040E-3	4.067040E-3	5.110793E-8	7.654590E+1
1.000000E-1	2.178032E-3	2.178032E-3	2.736996E-8	7.673438E+1
5.000000E-2	9.140364E-4	9.140364E-4	1.148612E-8	7.692187E+1
0.000000E+0	1.311702E-6	1.311702E-6	1.648333E-11	7.781738E+1
-5.000000E-2	8.730158E-4	-8.730158E-4	-1.097064E-8	7.820020E+1
-1.000000E-1	2.079996E-3	-2.079996E-3	-2.613800E-8	7.838770E+1
-1.500000E-1	3.842215E-3	-3.842215E-3	-4.828270E-8	7.857617E+1
-2.000000E-1	6.389378E-3	-6.389378E-3	-8.029129E-8	7.876465E+1
-2.500000E-1	9.756620E-3	-9.756620E-3	-1.226053E-7	7.933887E+1
-3.000000E-1	1.411397E-2	-1.411397E-2	-1.773614E-7	7.952637E+1
-3.500000E-1	1.963109E-2	-1.963109E-2	-2.466915E-7	7.971484E+1
-4.000000E-1	2.634734E-2	-2.634734E-2	-3.310905E-7	7.990332E+1
-4.500000E-1	3.460916E-2	-3.460916E-2	-4.349115E-7	8.009082E+1
-5.000000E-1	4.407688E-2	-4.407688E-2	-5.538864E-7	8.027930E+1
-5.000000E-1	4.412103E-2	-4.412103E-2	-5.544412E-7	8.046777E+1
-4.500000E-1	3.471322E-2	-3.471322E-2	-4.362192E-7	8.065527E+1
-4.000000E-1	2.665943E-2	-2.665943E-2	-3.350123E-7	8.084375E+1
-3.500000E-1	1.988808E-2	-1.988808E-2	-2.499210E-7	8.103125E+1
-3.000000E-1	1.434268E-2	-1.434268E-2	-1.802354E-7	8.121973E+1
-2.500000E-1	9.913443E-3	-9.913443E-3	-1.245760E-7	8.140820E+1
-2.000000E-1	6.401861E-3	-6.401861E-3	-8.044816E-8	8.179004E+1
-1.500000E-1	3.906678E-3	-3.906678E-3	-4.909276E-8	8.197754E+1
-1.000000E-1	2.128965E-3	-2.128965E-3	-2.675336E-8	8.216602E+1
-5.000000E-2	9.068959E-4	-9.068959E-4	-1.139639E-8	8.235352E+1
0.000000E+0	2.190797E-6	2.190797E-6	2.753037E-11	8.324902E+1
0.000000E+0	8.256608E-7	8.256608E-7	1.037556E-11	8.377246E+1
5.000000E-2	9.034892E-4	9.034892E-4	1.135358E-8	8.415527E+1
1.000000E-1	2.151094E-3	2.151094E-3	2.703144E-8	8.434277E+1
1.500000E-1	3.980946E-3	3.980946E-3	5.002605E-8	8.453125E+1
2.000000E-1	6.661825E-3	6.661825E-3	8.371496E-8	8.471973E+1
2.500000E-1	1.031947E-2	1.031947E-2	1.296783E-7	8.529395E+1
3.000000E-1	1.520293E-2	1.520293E-2	1.910456E-7	8.548242E+1
3.500000E-1	2.161088E-2	2.161088E-2	2.715703E-7	8.566992E+1
4.000000E-1	2.934212E-2	2.934212E-2	3.687240E-7	8.585840E+1
4.500000E-1	3.891396E-2	3.891396E-2	4.890072E-7	8.604590E+1
5.000000E-1	5.028769E-2	5.028769E-2	6.319337E-7	8.623437E+1
5.000000E-1	5.043616E-2	5.043616E-2	6.337995E-7	8.642285E+1
4.500000E-1	3.923366E-2	3.923366E-2	4.930247E-7	8.661035E+1
4.000000E-1	2.977436E-2	2.977436E-2	3.741557E-7	8.679883E+1
3.500000E-1	2.195945E-2	2.195945E-2	2.759506E-7	8.698730E+1
3.000000E-1	1.560398E-2	1.560398E-2	1.960854E-7	8.717480E+1
2.500000E-1	1.069488E-2	1.069488E-2	1.343958E-7	8.736328E+1
2.000000E-1	6.865476E-3	6.865476E-3	8.627412E-8	8.774512E+1
1.500000E-1	4.123821E-3	4.123821E-3	5.182146E-8	8.793262E+1
1.000000E-1	2.216687E-3	2.216687E-3	2.785571E-8	8.812109E+1
5.000000E-2	9.354380E-4	9.354380E-4	1.175506E-8	8.830859E+1
0.000000E+0	1.441442E-6	1.441442E-6	1.811370E-11	8.920410E+1
-5.000000E-2	8.835972E-4	-8.835972E-4	-1.110361E-8	8.958691E+1
-1.000000E-1	2.097147E-3	-2.097147E-3	-2.635353E-8	8.977441E+1
-1.500000E-1	3.910629E-3	-3.910629E-3	-4.914241E-8	8.996289E+1
-2.000000E-1	6.441015E-3	-6.441015E-3	-8.094018E-8	9.015137E+1
-2.500000E-1	9.869938E-3	-9.869938E-3	-1.240293E-7	9.072559E+1
-3.000000E-1	1.438779E-2	-1.438779E-2	-1.808023E-7	9.091406E+1
-3.500000E-1	1.996829E-2	-1.996829E-2	-2.509289E-7	9.110156E+1
-4.000000E-1	2.675571E-2	-2.675571E-2	-3.362222E-7	9.129004E+1
-4.500000E-1	3.504367E-2	-3.504367E-2	-4.403717E-7	9.147852E+1
-5.000000E-1	4.471284E-2	-4.471284E-2	-5.618781E-7	9.166602E+1
-5.000000E-1	4.465952E-2	-4.465952E-2	-5.612081E-7	9.185449E+1
-4.500000E-1	3.510662E-2	-3.510662E-2	-4.411628E-7	9.204199E+1
-4.000000E-1	2.693201E-2	-2.693201E-2	-3.384376E-7	9.223047E+1
-3.500000E-1	2.015083E-2	-2.015083E-2	-2.532228E-7	9.241895E+1
-3.000000E-1	1.447209E-2	-1.447209E-2	-1.818617E-7	9.260645E+1
-2.500000E-1	9.973246E-3	-9.973246E-3	-1.253275E-7	9.279492E+1
-2.000000E-1	6.469352E-3	-6.469352E-3	-8.129628E-8	9.317676E+1
-1.500000E-1	3.943996E-3	-3.943996E-3	-4.956171E-8	9.336426E+1
-1.000000E-1	2.143642E-3	-2.143642E-3	-2.693780E-8	9.355273E+1
-5.000000E-2	9.159375E-4	-9.159375E-4	-1.151001E-8	9.374121E+1
0.000000E+0	1.781057E-6	1.781057E-6	2.238142E-11	9.463574E+1
0.000000E+0	8.013284E-7	8.013284E-7	1.006979E-11	9.516016E+1
5.000000E-2	9.121058E-4	9.121058E-4	1.146186E-8	9.554199E+1
1.000000E-1	2.173799E-3	2.173799E-3	2.731677E-8	9.573047E+1
1.500000E-1	4.079987E-3	4.079987E-3	5.127063E-8	9.591797E+1
2.000000E-1	6.812118E-3	6.812118E-3	8.560360E-8	9.610645E+1
2.500000E-1	1.061499E-2	1.061499E-2	1.333919E-7	9.668066E+1
3.000000E-1	1.550495E-2	1.550495E-2	1.948409E-7	9.686914E+1
3.500000E-1	2.183600E-2	2.183600E-2	2.743992E-7	9.705664E+1
4.000000E-1	2.970131E-2	2.970131E-2	3.732377E-7	9.724512E+1
4.500000E-1	3.929270E-2	3.929270E-2	4.937666E-7	9.743359E+1
5.000000E-1	5.104574E-2	5.104574E-2	6.414597E-7	9.762109E+1
5.000000E-1	5.113242E-2	5.113242E-2	6.425489E-7	9.780957E+1
4.500000E-1	3.976939E-2	3.976939E-2	4.997569E-7	9.799707E+1
4.000000E-1	3.016569E-2	3.016569E-2	3.790732E-7	9.818555E+1
3.500000E-1	2.229230E-2	2.229230E-2	2.801333E-7	9.837402E+1
3.000000E-1	1.593729E-2	1.593729E-2	2.002739E-7	9.856152E+1
2.500000E-1	1.089062E-2	1.089062E-2	1.368556E-7	9.875000E+1
2.000000E-1	6.991439E-3	6.991439E-3	8.785701E-8	9.913184E+1
1.500000E-1	4.195410E-3	4.195410E-3	5.272108E-8	9.931934E+1
1.000000E-1	2.257599E-3	2.257599E-3	2.836983E-8	9.950781E+1
5.000000E-2	9.518333E-4	9.518333E-4	1.196109E-8	9.969629E+1
0.000000E+0	1.463948E-6	1.463948E-6	1.839651E-11	1.005908E+2
-5.000000E-2	8.976888E-4	-8.976888E-4	-1.128069E-8	1.009736E+2
-1.000000E-1	2.147676E-3	-2.147676E-3	-2.698849E-8	1.011621E+2
-1.500000E-1	3.982272E-3	-3.982272E-3	-5.004271E-8	1.013496E+2
-2.000000E-1	6.556385E-3	-6.556385E-3	-8.238996E-8	1.015381E+2
-2.500000E-1	1.005499E-2	-1.005499E-2	-1.263547E-7	1.021123E+2
-3.000000E-1	1.456148E-2	-1.456148E-2	-1.829849E-7	1.023008E+2
-3.500000E-1	2.026174E-2	-2.026174E-2	-2.546165E-7	1.024883E+2
-4.000000E-1	2.718908E-2	-2.718908E-2	-3.416681E-7	1.026768E+2
-4.500000E-1	3.547553E-2	-3.547553E-2	-4.457986E-7	1.028652E+2
-5.000000E-1	4.520412E-2	-4.520412E-2	-5.680517E-7	1.030527E+2
-5.000000E-1	4.506372E-2	-4.506372E-2	-5.662874E-7	1.032412E+2
-4.500000E-1	3.543610E-2	-3.543610E-2	-4.453032E-7	1.034287E+2
-4.000000E-1	2.705500E-2	-2.705500E-2	-3.399831E-7	1.036172E+2
-3.500000E-1	2.016996E-2	-2.016996E-2	-2.534632E-7	1.038057E+2
-3.000000E-1	1.455859E-2	-1.455859E-2	-1.829486E-7	1.039932E+2
-2.500000E-1	1.008517E-2	-1.008517E-2	-1.267340E-7	1.041816E+2
-2.000000E-1	6.543073E-3	-6.543073E-3	-8.222268E-8	1.045635E+2
-1.500000E-1	4.010639E-3	-4.010639E-3	-5.039918E-8	1.047510E+2
-1.000000E-1	2.179114E-3	-2.179114E-3	-2.738356E-8	1.049395E+2
-5.000000E-2	9.322031E-4	-9.322031E-4	-1.171441E-8	1.051279E+2
0.000000E+0	1.974280E-6	1.974280E-6	2.480954E-11	1.060225E+2
0.000000E+0	1.454259E-6	1.454259E-6	1.827476E-11	1.065459E+2
5.000000E-2	9.252831E-4	9.252831E-4	1.162745E-8	1.069287E+2
1.000000E-1	2.208957E-3	2.208957E-3	2.775857E-8	1.071172E+2
1.500000E-1	4.125458E-3	4.125458E-3	5.184203E-8	1.073047E+2
2.000000E-1	6.884107E-3	6.884107E-3	8.650824E-8	1.074932E+2
2.500000E-1	1.060714E-2	1.060714E-2	1.332933E-7	1.080674E+2
3.000000E-1	1.561381E-2	1.561381E-2	1.962089E-7	1.082559E+2
3.500000E-1	2.198694E-2	2.198694E-2	2.762960E-7	1.084434E+2
4.000000E-1	3.014346E-2	3.014346E-2	3.787939E-7	1.086318E+2
4.500000E-1	3.986947E-2	3.986947E-2	5.010145E-7	1.088203E+2
5.000000E-1	5.153735E-2	5.153735E-2	6.476374E-7	1.090078E+2
5.000000E-1	5.156517E-2	5.156517E-2	6.479870E-7	1.091963E+2
4.500000E-1	4.020083E-2	4.020083E-2	5.051785E-7	1.093838E+2
4.000000E-1	3.060678E-2	3.060678E-2	3.846162E-7	1.095723E+2
3.500000E-1	2.267035E-2	2.267035E-2	2.848840E-7	1.097607E+2
3.000000E-1	1.617989E-2	1.617989E-2	2.033225E-7	1.099482E+2
2.500000E-1	1.103582E-2	1.103582E-2	1.386802E-7	1.101367E+2
2.000000E-1	7.026859E-3	7.026859E-3	8.830211E-8	1.105186E+2
1.500000E-1	4.242833E-3	4.242833E-3	5.331701E-8	1.107061E+2
1.000000E-1	2.287067E-3	2.287067E-3	2.874013E-8	1.108945E+2
5.000000E-2	9.621060E-4	9.621060E-4	1.209018E-8	1.110820E+2
0.000000E+0	1.659449E-6	1.659449E-6	2.085325E-11	1.119775E+2
-5.000000E-2	9.097503E-4	-9.097503E-4	-1.143226E-8	1.123604E+2
-1.000000E-1	2.166709E-3	-2.166709E-3	-2.722767E-8	1.125479E+2
-1.500000E-1	4.003672E-3	-4.003672E-3	-5.031163E-8	1.127363E+2
-2.000000E-1	6.588833E-3	-6.588833E-3	-8.279771E-8	1.129248E+2
-2.500000E-1	1.007125E-2	-1.007125E-2	-1.265591E-7	1.134990E+2
-3.000000E-1	1.457037E-2	-1.457037E-2	-1.830967E-7	1.136875E+2
-3.500000E-1	2.032061E-2	-2.032061E-2	-2.553563E-7	1.138750E+2
-4.000000E-1	2.739715E-2	-2.739715E-2	-3.442827E-7	1.140635E+2
-4.500000E-1	3.573988E-2	-3.573988E-2	-4.491206E-7	1.142520E+2
-5.000000E-1	4.561584E-2	-4.561584E-2	-5.732256E-7	1.144395E+2
-5.000000E-1	4.561990E-2	-4.561990E-2	-5.732766E-7	1.146279E+2
-4.500000E-1	3.598617E-2	-3.598617E-2	-4.522155E-7	1.148154E+2
-4.000000E-1	2.763017E-2	-2.763017E-2	-3.472110E-7	1.150039E+2
-3.500000E-1	2.061505E-2	-2.061505E-2	-2.590564E-7	1.151924E+2
-3.000000E-1	1.489068E-2	-1.489068E-2	-1.871218E-7	1.153799E+2
-2.500000E-1	1.026958E-2	-1.026958E-2	-1.290513E-7	1.155684E+2
-2.000000E-1	6.618017E-3	-6.618017E-3	-8.316445E-8	1.159502E+2
-1.500000E-1	4.050622E-3	-4.050622E-3	-5.090162E-8	1.161377E+2
-1.000000E-1	2.206251E-3	-2.206251E-3	-2.772457E-8	1.163262E+2
-5.000000E-2	9.466091E-4	-9.466091E-4	-1.189544E-8	1.165146E+2
0.000000E+0	1.839588E-6	1.839588E-6	2.311695E-11	1.174092E+2
0.000000E+0	1.747587E-6	1.747587E-6	2.196082E-11	1.179336E+2
5.000000E-2	9.381866E-4	9.381866E-4	1.178960E-8	1.183154E+2
1.000000E-1	2.234095E-3	2.234095E-3	2.807447E-8	1.185039E+2
1.500000E-1	4.179793E-3	4.179793E-3	5.252483E-8	1.186914E+2
2.000000E-1	7.014526E-3	7.014526E-3	8.814713E-8	1.188799E+2
2.500000E-1	1.089549E-2	1.089549E-2	1.369168E-7	1.194541E+2
3.000000E-1	1.593120E-2	1.593120E-2	2.001973E-7	1.196426E+2
3.500000E-1	2.249316E-2	2.249316E-2	2.826574E-7	1.198301E+2
4.000000E-1	3.062023E-2	3.062023E-2	3.847852E-7	1.200186E+2
4.500000E-1	4.041422E-2	4.041422E-2	5.078601E-7	1.202070E+2
5.000000E-1	5.227291E-2	5.227291E-2	6.568808E-7	1.203945E+2
5.000000E-1	5.243465E-2	5.243465E-2	6.589133E-7	1.205830E+2
4.500000E-1	4.073840E-2	4.073840E-2	5.119338E-7	1.207705E+2
4.000000E-1	3.090091E-2	3.090091E-2	3.883123E-7	1.209590E+2
3.500000E-1	2.279186E-2	2.279186E-2	2.864110E-7	1.211475E+2
3.000000E-1	1.631643E-2	1.631643E-2	2.050383E-7	1.213350E+2
2.500000E-1	1.117917E-2	1.117917E-2	1.404816E-7	1.215234E+2
2.000000E-1	7.151276E-3	7.151276E-3	8.986559E-8	1.219053E+2
1.500000E-1	4.292429E-3	4.292429E-3	5.394025E-8	1.220928E+2
1.000000E-1	2.309656E-3	2.309656E-3	2.902400E-8	1.222813E+2
5.000000E-2	9.749322E-4	9.749322E-4	1.225136E-8	1.224697E+2
0.000000E+0	1.926725E-6	1.926725E-6	2.421194E-11	1.233643E+2
-5.000000E-2	9.217809E-4	-9.217809E-4	-1.158344E-8	1.237471E+2
-1.000000E-1	2.194609E-3	-2.194609E-3	-2.757827E-8	1.239355E+2
-1.500000E-1	4.072588E-3	-4.072588E-3	-5.117765E-8	1.241230E+2
-2.000000E-1	6.707407E-3	-6.707407E-3	-8.428776E-8	1.243115E+2
-2.500000E-1	1.023951E-2	-1.023951E-2	-1.286735E-7	1.248857E+2
-3.000000E-1	1.483131E-2	-1.483131E-2	-1.863758E-7	1.250742E+2
-3.500000E-1	2.066419E-2	-2.066419E-2	-2.596738E-7	1.252627E+2
-4.000000E-1	2.774677E-2	-2.774677E-2	-3.486762E-7	1.254502E+2
-4.500000E-1	3.622416E-2	-3.622416E-2	-4.552062E-7	1.256387E+2
-5.000000E-1	4.614070E-2	-4.614070E-2	-5.798211E-7	1.258262E+2
-5.000000E-1	4.605897E-2	-4.605897E-2	-5.787941E-7	1.260146E+2
-4.500000E-1	3.620666E-2	-3.620666E-2	-4.549863E-7	1.262031E+2
-4.000000E-1	2.777925E-2	-2.777925E-2	-3.490843E-7	1.263906E+2
-3.500000E-1	2.070560E-2	-2.070560E-2	-2.601942E-7	1.265791E+2
-3.000000E-1	1.499111E-2	-1.499111E-2	-1.883839E-7	1.267676E+2
-2.500000E-1	1.038648E-2	-1.038648E-2	-1.305203E-7	1.269551E+2
-2.000000E-1	6.716975E-3	-6.716975E-3	-8.440799E-8	1.273369E+2
-1.500000E-1	4.073353E-3	-4.073353E-3	-5.118726E-8	1.275254E+2
-1.000000E-1	2.214591E-3	-2.214591E-3	-2.782937E-8	1.277129E+2
-5.000000E-2	9.444230E-4	-9.444230E-4	-1.186797E-8	1.279014E+2
0.000000E+0	2.348207E-6	2.348207E-6	2.950844E-11	1.287959E+2
0.000000E+0	8.826072E-7	8.826072E-7	1.109117E-11	1.293203E+2
5.000000E-2	9.463106E-4	9.463106E-4	1.189169E-8	1.297021E+2
1.000000E-1	2.257642E-3	2.257642E-3	2.837037E-8	1.298906E+2
1.500000E-1	4.198468E-3	4.198468E-3	5.275950E-8	1.300791E+2
2.000000E-1	6.990974E-3	6.990974E-3	8.785117E-8	1.302666E+2
2.500000E-1	1.085180E-2	1.085180E-2	1.363677E-7	1.308418E+2
3.000000E-1	1.598485E-2	1.598485E-2	2.008715E-7	1.310293E+2
3.500000E-1	2.243357E-2	2.243357E-2	2.819086E-7	1.312178E+2
4.000000E-1	3.061312E-2	3.061312E-2	3.846958E-7	1.314053E+2
4.500000E-1	4.048257E-2	4.048257E-2	5.087190E-7	1.315938E+2
5.000000E-1	5.226374E-2	5.226374E-2	6.567655E-7	1.317822E+2
5.000000E-1	5.224778E-2	5.224778E-2	6.565649E-7	1.319697E+2
4.500000E-1	4.073077E-2	4.073077E-2	5.118380E-7	1.321582E+2
4.000000E-1	3.103909E-2	3.103909E-2	3.900487E-7	1.323467E+2
3.500000E-1	2.285402E-2	2.285402E-2	2.871921E-7	1.325342E+2
3.000000E-1	1.635417E-2	1.635417E-2	2.055125E-7	1.327227E+2
2.500000E-1	1.112234E-2	1.112234E-2	1.397675E-7	1.329102E+2
2.000000E-1	7.093801E-3	7.093801E-3	8.914333E-8	1.332920E+2
1.500000E-1	4.265256E-3	4.265256E-3	5.359879E-8	1.334805E+2
1.000000E-1	2.297186E-3	2.297186E-3	2.886729E-8	1.336680E+2
5.000000E-2	9.746545E-4	9.746545E-4	1.224787E-8	1.338564E+2
0.000000E+0	1.350365E-6	1.350365E-6	1.696919E-11	1.347510E+2
-5.000000E-2	9.228425E-4	-9.228425E-4	-1.159678E-8	1.351348E+2
-1.000000E-1	2.187063E-3	-2.187063E-3	-2.748344E-8	1.353223E+2
-1.500000E-1	4.045977E-3	-4.045977E-3	-5.084325E-8	1.355107E+2
-2.000000E-1	6.652228E-3	-6.652228E-3	-8.359436E-8	1.356982E+2
-2.500000E-1	1.021176E-2	-1.021176E-2	-1.283247E-7	1.362734E+2
-3.000000E-1	1.483556E-2	-1.483556E-2	-1.864291E-7	1.364609E+2
-3.500000E-1	2.059993E-2	-2.059993E-2	-2.588664E-7	1.366494E+2
-4.000000E-1	2.779516E-2	-2.779516E-2	-3.492843E-7	1.368379E+2
-4.500000E-1	3.632442E-2	-3.632442E-2	-4.564661E-7	1.370254E+2
-5.000000E-1	4.627594E-2	-4.627594E-2	-5.815206E-7	1.372139E+2
-5.000000E-1	4.633401E-2	-4.633401E-2	-5.822504E-7	1.374014E+2
-4.500000E-1	3.648054E-2	-3.648054E-2	-4.584280E-7	1.375898E+2
-4.000000E-1	2.792791E-2	-2.792791E-2	-3.509524E-7	1.377783E+2
-3.500000E-1	2.086697E-2	-2.086697E-2	-2.622221E-7	1.379658E+2
-3.000000E-1	1.505708E-2	-1.505708E-2	-1.892128E-7	1.381543E+2
-2.500000E-1	1.042693E-2	-1.042693E-2	-1.310287E-7	1.383428E+2
-2.000000E-1	6.715793E-3	-6.715793E-3	-8.439314E-8	1.387236E+2
-1.500000E-1	4.102768E-3	-4.102768E-3	-5.155690E-8	1.389121E+2
-1.000000E-1	2.229090E-3	-2.229090E-3	-2.801157E-8	1.391006E+2
-5.000000E-2	9.519949E-4	-9.519949E-4	-1.196312E-8	1.392881E+2
0.000000E+0	1.844038E-6	1.844038E-6	2.317287E-11	1.401836E+2
0.000000E+0	9.937333E-7	9.937333E-7	1.248762E-11	1.407070E+2
5.000000E-2	9.425259E-4	9.425259E-4	1.184413E-8	1.410898E+2
1.000000E-1	2.245950E-3	2.245950E-3	2.822344E-8	1.412773E+2
1.500000E-1	4.188054E-3	4.188054E-3	5.262864E-8	1.414658E+2
2.000000E-1	7.032963E-3	7.032963E-3	8.837882E-8	1.416543E+2
2.500000E-1	1.093719E-2	1.093719E-2	1.374408E-7	1.422285E+2
3.000000E-1	1.607951E-2	1.607951E-2	2.020611E-7	1.424160E+2
3.500000E-1	2.265217E-2	2.265217E-2	2.846556E-7	1.426045E+2
4.000000E-1	3.078850E-2	3.078850E-2	3.868997E-7	1.427930E+2
4.500000E-1	4.064555E-2	4.064555E-2	5.107670E-7	1.429805E+2
5.000000E-1	5.245239E-2	5.245239E-2	6.591362E-7	1.431689E+2
5.000000E-1	5.239157E-2	5.239157E-2	6.583719E-7	1.433574E+2
4.500000E-1	4.086813E-2	4.086813E-2	5.135641E-7	1.435449E+2
4.000000E-1	3.113274E-2	3.113274E-2	3.912255E-7	1.437334E+2
3.500000E-1	2.299959E-2	2.299959E-2	2.890214E-7	1.439209E+2
3.000000E-1	1.640618E-2	1.640618E-2	2.061661E-7	1.441094E+2
2.500000E-1	1.126081E-2	1.126081E-2	1.415075E-7	1.442979E+2
2.000000E-1	7.188033E-3	7.188033E-3	9.032748E-8	1.446787E+2
1.500000E-1	4.357956E-3	4.357956E-3	5.476369E-8	1.448672E+2
1.000000E-1	2.350481E-3	2.350481E-3	2.953701E-8	1.450557E+2
5.000000E-2	9.895865E-4	9.895865E-4	1.243551E-8	1.452432E+2
0.000000E+0	1.585831E-6	1.585831E-6	1.992814E-11	1.461387E+2
-5.000000E-2	9.424734E-4	-9.424734E-4	-1.184347E-8	1.465215E+2
-1.000000E-1	2.227540E-3	-2.227540E-3	-2.799210E-8	1.467090E+2
-1.500000E-1	4.116928E-3	-4.116928E-3	-5.173484E-8	1.468975E+2
-2.000000E-1	6.742886E-3	-6.742886E-3	-8.473360E-8	1.470859E+2
-2.500000E-1	1.034857E-2	-1.034857E-2	-1.300440E-7	1.476602E+2
-3.000000E-1	1.492557E-2	-1.492557E-2	-1.875603E-7	1.478486E+2
-3.500000E-1	2.075486E-2	-2.075486E-2	-2.608133E-7	1.480361E+2
-4.000000E-1	2.802603E-2	-2.802603E-2	-3.521855E-7	1.482246E+2
-4.500000E-1	3.643030E-2	-3.643030E-2	-4.577967E-7	1.484121E+2
-5.000000E-1	4.642265E-2	-4.642265E-2	-5.833643E-7	1.486006E+2
-5.000000E-1	4.641214E-2	-4.641214E-2	-5.832321E-7	1.487891E+2
-4.500000E-1	3.645036E-2	-3.645036E-2	-4.580487E-7	1.489766E+2
-4.000000E-1	2.797734E-2	-2.797734E-2	-3.515736E-7	1.491650E+2
-3.500000E-1	2.091602E-2	-2.091602E-2	-2.628385E-7	1.493535E+2
-3.000000E-1	1.509810E-2	-1.509810E-2	-1.897283E-7	1.495410E+2
-2.500000E-1	1.045209E-2	-1.045209E-2	-1.313448E-7	1.497295E+2
-2.000000E-1	6.744222E-3	-6.744222E-3	-8.475040E-8	1.501113E+2
-1.500000E-1	4.112997E-3	-4.112997E-3	-5.168545E-8	1.502988E+2
-1.000000E-1	2.229428E-3	-2.229428E-3	-2.801582E-8	1.504873E+2
-5.000000E-2	9.494699E-4	-9.494699E-4	-1.193139E-8	1.506748E+2
0.000000E+0	1.988011E-6	1.988011E-6	2.498208E-11	1.515703E+2
0.000000E+0	1.713528E-6	1.713528E-6	2.153283E-11	1.520938E+2
5.000000E-2	9.499123E-4	9.499123E-4	1.193695E-8	1.524766E+2
1.000000E-1	2.277727E-3	2.277727E-3	2.862276E-8	1.526650E+2
1.500000E-1	4.233752E-3	4.233752E-3	5.320290E-8	1.528525E+2
2.000000E-1	7.099686E-3	7.099686E-3	8.921729E-8	1.530410E+2
2.500000E-1	1.103952E-2	1.103952E-2	1.387267E-7	1.536152E+2
3.000000E-1	1.617913E-2	1.617913E-2	2.033129E-7	1.538037E+2
3.500000E-1	2.276714E-2	2.276714E-2	2.861003E-7	1.539912E+2
4.000000E-1	3.105540E-2	3.105540E-2	3.902537E-7	1.541797E+2
4.500000E-1	4.098998E-2	4.098998E-2	5.150952E-7	1.543682E+2
5.000000E-1	5.319185E-2	5.319185E-2	6.684285E-7	1.545557E+2
5.000000E-1	5.320704E-2	5.320704E-2	6.686194E-7	1.547441E+2
4.500000E-1	4.113966E-2	4.113966E-2	5.169762E-7	1.549316E+2
4.000000E-1	3.131736E-2	3.131736E-2	3.935456E-7	1.551201E+2
3.500000E-1	2.303709E-2	2.303709E-2	2.894926E-7	1.553086E+2
3.000000E-1	1.645933E-2	1.645933E-2	2.068340E-7	1.554961E+2
2.500000E-1	1.131344E-2	1.131344E-2	1.421689E-7	1.556846E+2
2.000000E-1	7.242059E-3	7.242059E-3	9.100639E-8	1.560664E+2
1.500000E-1	4.337005E-3	4.337005E-3	5.450041E-8	1.562539E+2
1.000000E-1	2.325467E-3	2.325467E-3	2.922268E-8	1.564424E+2
5.000000E-2	9.763248E-4	9.763248E-4	1.226886E-8	1.566299E+2
0.000000E+0	1.805447E-6	1.805447E-6	2.268791E-11	1.575254E+2
-5.000000E-2	9.279680E-4	-9.279680E-4	-1.166119E-8	1.579082E+2
-1.000000E-1	2.199124E-3	-2.199124E-3	-2.763501E-8	1.580957E+2
-1.500000E-1	4.059025E-3	-4.059025E-3	-5.100721E-8	1.582842E+2
-2.000000E-1	6.721650E-3	-6.721650E-3	-8.446675E-8	1.584727E+2
-2.500000E-1	1.037275E-2	-1.037275E-2	-1.303478E-7	1.590469E+2
-3.000000E-1	1.501387E-2	-1.501387E-2	-1.886698E-7	1.592354E+2
-3.500000E-1	2.095010E-2	-2.095010E-2	-2.632667E-7	1.594229E+2
-4.000000E-1	2.813488E-2	-2.813488E-2	-3.535533E-7	1.596113E+2
-4.500000E-1	3.668063E-2	-3.668063E-2	-4.609424E-7	1.597988E+2
-5.000000E-1	4.665890E-2	-4.665890E-2	-5.863330E-7	1.599873E+2
-5.000000E-1	4.662797E-2	-4.662797E-2	-5.859443E-7	1.601758E+2
-4.500000E-1	3.667345E-2	-3.667345E-2	-4.608521E-7	1.603633E+2
-4.000000E-1	2.809578E-2	-2.809578E-2	-3.530620E-7	1.605518E+2
-3.500000E-1	2.100664E-2	-2.100664E-2	-2.639772E-7	1.607402E+2
-3.000000E-1	1.514220E-2	-1.514220E-2	-1.902825E-7	1.609277E+2
-2.500000E-1	1.045902E-2	-1.045902E-2	-1.314319E-7	1.611162E+2
-2.000000E-1	6.761958E-3	-6.761958E-3	-8.497327E-8	1.614980E+2
-1.500000E-1	4.109054E-3	-4.109054E-3	-5.163589E-8	1.616855E+2
-1.000000E-1	2.241656E-3	-2.241656E-3	-2.816948E-8	1.618740E+2
-5.000000E-2	9.570536E-4	-9.570536E-4	-1.202669E-8	1.620615E+2
0.000000E+0	2.338061E-6	2.338061E-6	2.938094E-11	1.629570E+2
0.000000E+0	9.161699E-7	9.161699E-7	1.151293E-11	1.634805E+2
5.000000E-2	9.525296E-4	9.525296E-4	1.196984E-8	1.638633E+2
1.000000E-1	2.268298E-3	2.268298E-3	2.850427E-8	1.640508E+2
1.500000E-1	4.241721E-3	4.241721E-3	5.330304E-8	1.642393E+2
2.000000E-1	7.117016E-3	7.117016E-3	8.943506E-8	1.644277E+2
2.500000E-1	1.095731E-2	1.095731E-2	1.376936E-7	1.650020E+2
3.000000E-1	1.614084E-2	1.614084E-2	2.028318E-7	1.651904E+2
3.500000E-1	2.273105E-2	2.273105E-2	2.856468E-7	1.653779E+2
4.000000E-1	3.087952E-2	3.087952E-2	3.880435E-7	1.655664E+2
4.500000E-1	4.076847E-2	4.076847E-2	5.123117E-7	1.657539E+2
5.000000E-1	5.264299E-2	5.264299E-2	6.615314E-7	1.659424E+2
5.000000E-1	5.295698E-2	5.295698E-2	6.654770E-7	1.661309E+2
4.500000E-1	4.129640E-2	4.129640E-2	5.189459E-7	1.663184E+2
4.000000E-1	3.123207E-2	3.123207E-2	3.924737E-7	1.665068E+2
3.500000E-1	2.316688E-2	2.316688E-2	2.911236E-7	1.666953E+2
3.000000E-1	1.649884E-2	1.649884E-2	2.073306E-7	1.668828E+2
2.500000E-1	1.125934E-2	1.125934E-2	1.414890E-7	1.670713E+2
2.000000E-1	7.218499E-3	7.218499E-3	9.071033E-8	1.674531E+2
1.500000E-1	4.357430E-3	4.357430E-3	5.475708E-8	1.676406E+2
1.000000E-1	2.343308E-3	2.343308E-3	2.944688E-8	1.678291E+2
5.000000E-2	9.896947E-4	9.896947E-4	1.243687E-8	1.680166E+2
0.000000E+0	1.369312E-6	1.369312E-6	1.720728E-11	1.689121E+2
-5.000000E-2	9.269295E-4	-9.269295E-4	-1.164814E-8	1.692949E+2
-1.000000E-1	2.194559E-3	-2.194559E-3	-2.757764E-8	1.694824E+2
-1.500000E-1	4.063162E-3	-4.063162E-3	-5.105920E-8	1.696709E+2
-2.000000E-1	6.726662E-3	-6.726662E-3	-8.452973E-8	1.698594E+2
-2.500000E-1	1.038746E-2	-1.038746E-2	-1.305327E-7	1.704336E+2
-3.000000E-1	1.498935E-2	-1.498935E-2	-1.883617E-7	1.706211E+2
-3.500000E-1	2.086465E-2	-2.086465E-2	-2.621929E-7	1.708096E+2
-4.000000E-1	2.807661E-2	-2.807661E-2	-3.528211E-7	1.709980E+2
-4.500000E-1	3.658625E-2	-3.658625E-2	-4.597564E-7	1.711855E+2
-5.000000E-1	4.663741E-2	-4.663741E-2	-5.860630E-7	1.713740E+2
-5.000000E-1	4.666381E-2	-4.666381E-2	-5.863947E-7	1.715625E+2
-4.500000E-1	3.669909E-2	-3.669909E-2	-4.611744E-7	1.717500E+2
-4.000000E-1	2.824142E-2	-2.824142E-2	-3.548922E-7	1.719385E+2
-3.500000E-1	2.101969E-2	-2.101969E-2	-2.641412E-7	1.721260E+2
-3.000000E-1	1.516595E-2	-1.516595E-2	-1.905810E-7	1.723145E+2
-2.500000E-1	1.052290E-2	-1.052290E-2	-1.322346E-7	1.725029E+2
-2.000000E-1	6.818561E-3	-6.818561E-3	-8.568456E-8	1.728848E+2
-1.500000E-1	4.156524E-3	-4.156524E-3	-5.223242E-8	1.730723E+2
-1.000000E-1	2.260903E-3	-2.260903E-3	-2.841134E-8	1.732607E+2
-5.000000E-2	9.596796E-4	-9.596796E-4	-1.205969E-8	1.734482E+2
0.000000E+0	1.826514E-6	1.826514E-6	2.295265E-11	1.743438E+2
0.000000E+0	9.572717E-7	9.572717E-7	1.202943E-11	1.748672E+2
5.000000E-2	9.564162E-4	9.564162E-4	1.201868E-8	1.752500E+2
1.000000E-1	2.281826E-3	2.281826E-3	2.867427E-8	1.754375E+2
1.500000E-1	4.250958E-3	4.250958E-3	5.341911E-8	1.756260E+2
2.000000E-1	7.112541E-3	7.112541E-3	8.937882E-8	1.758145E+2
2.500000E-1	1.102209E-2	1.102209E-2	1.385077E-7	1.763887E+2
3.000000E-1	1.619749E-2	1.619749E-2	2.035436E-7	1.765771E+2
3.500000E-1	2.280121E-2	2.280121E-2	2.865285E-7	1.767646E+2
4.000000E-1	3.104941E-2	3.104941E-2	3.901784E-7	1.769531E+2
4.500000E-1	4.102748E-2	4.102748E-2	5.155665E-7	1.771406E+2
5.000000E-1	5.279234E-2	5.279234E-2	6.634082E-7	1.773291E+2
5.000000E-1	5.279306E-2	5.279306E-2	6.634172E-7	1.775176E+2
4.500000E-1	4.119208E-2	4.119208E-2	5.176350E-7	1.777051E+2
4.000000E-1	3.141916E-2	3.141916E-2	3.948248E-7	1.778936E+2
3.500000E-1	2.313133E-2	2.313133E-2	2.906768E-7	1.780811E+2
3.000000E-1	1.649129E-2	1.649129E-2	2.072356E-7	1.782695E+2
2.500000E-1	1.122521E-2	1.122521E-2	1.410601E-7	1.784580E+2
2.000000E-1	7.185531E-3	7.185531E-3	9.029604E-8	1.788398E+2
1.500000E-1	4.342380E-3	4.342380E-3	5.456796E-8	1.790273E+2
1.000000E-1	2.324386E-3	2.324386E-3	2.920909E-8	1.792158E+2
5.000000E-2	9.726253E-4	9.726253E-4	1.222237E-8	1.794033E+2
0.000000E+0	1.599250E-6	1.599250E-6	2.009677E-11	1.802988E+2
-5.000000E-2	9.246385E-4	-9.246385E-4	-1.161935E-8	1.806816E+2
-1.000000E-1	2.203142E-3	-2.203142E-3	-2.768550E-8	1.808691E+2
-1.500000E-1	4.080693E-3	-4.080693E-3	-5.127950E-8	1.810576E+2
-2.000000E-1	6.789545E-3	-6.789545E-3	-8.531994E-8	1.812461E+2
-2.500000E-1	1.034060E-2	-1.034060E-2	-1.299438E-7	1.818203E+2
-3.000000E-1	1.499177E-2	-1.499177E-2	-1.883921E-7	1.820088E+2
-3.500000E-1	2.093222E-2	-2.093222E-2	-2.630420E-7	1.821963E+2
-4.000000E-1	2.814272E-2	-2.814272E-2	-3.536519E-7	1.823848E+2
-4.500000E-1	3.665965E-2	-3.665965E-2	-4.606788E-7	1.825732E+2
-5.000000E-1	4.669838E-2	-4.669838E-2	-5.868291E-7	1.827607E+2
-5.000000E-1	4.666874E-2	-4.666874E-2	-5.864566E-7	1.829492E+2
-4.500000E-1	3.669154E-2	-3.669154E-2	-4.610795E-7	1.831367E+2
-4.000000E-1	2.817135E-2	-2.817135E-2	-3.540116E-7	1.833252E+2
-3.500000E-1	2.101403E-2	-2.101403E-2	-2.640701E-7	1.835137E+2
-3.000000E-1	1.515835E-2	-1.515835E-2	-1.904855E-7	1.837012E+2
-2.500000E-1	1.049141E-2	-1.049141E-2	-1.318390E-7	1.838896E+2
-2.000000E-1	6.791016E-3	-6.791016E-3	-8.533843E-8	1.842715E+2
-1.500000E-1	4.129551E-3	-4.129551E-3	-5.189347E-8	1.844590E+2
-1.000000E-1	2.257176E-3	-2.257176E-3	-2.836451E-8	1.846475E+2
-5.000000E-2	9.589237E-4	-9.589237E-4	-1.205019E-8	1.848359E+2
0.000000E+0	2.087896E-6	2.087896E-6	2.623728E-11	1.857305E+2
0.000000E+0	1.767497E-6	1.767497E-6	2.221102E-11	1.862549E+2
5.000000E-2	9.557636E-4	9.557636E-4	1.201048E-8	1.866367E+2
1.000000E-1	2.290338E-3	2.290338E-3	2.878124E-8	1.868252E+2
1.500000E-1	4.278298E-3	4.278298E-3	5.376268E-8	1.870127E+2
2.000000E-1	7.129192E-3	7.129192E-3	8.958807E-8	1.872012E+2
2.500000E-1	1.109221E-2	1.109221E-2	1.393888E-7	1.877754E+2
3.000000E-1	1.633979E-2	1.633979E-2	2.053318E-7	1.879639E+2
3.500000E-1	2.302896E-2	2.302896E-2	2.893905E-7	1.881514E+2
4.000000E-1	3.133857E-2	3.133857E-2	3.938121E-7	1.883398E+2
4.500000E-1	4.136241E-2	4.136241E-2	5.197754E-7	1.885283E+2
5.000000E-1	5.315213E-2	5.315213E-2	6.679293E-7	1.887158E+2
5.000000E-1	5.315816E-2	5.315816E-2	6.680051E-7	1.889043E+2
4.500000E-1	4.129737E-2	4.129737E-2	5.189580E-7	1.890918E+2
4.000000E-1	3.138274E-2	3.138274E-2	3.943671E-7	1.892803E+2
3.500000E-1	2.322406E-2	2.322406E-2	2.918421E-7	1.894688E+2
3.000000E-1	1.655286E-2	1.655286E-2	2.080094E-7	1.896562E+2
2.500000E-1	1.128253E-2	1.128253E-2	1.417804E-7	1.898447E+2
2.000000E-1	7.201304E-3	7.201304E-3	9.049426E-8	1.902266E+2
1.500000E-1	4.343922E-3	4.343922E-3	5.458734E-8	1.904141E+2
1.000000E-1	2.334433E-3	2.334433E-3	2.933535E-8	1.906025E+2
5.000000E-2	9.871585E-4	9.871585E-4	1.240500E-8	1.907900E+2
0.000000E+0	1.971260E-6	1.971260E-6	2.477158E-11	1.916855E+2
-5.000000E-2	9.393802E-4	-9.393802E-4	-1.180460E-8	1.920684E+2
-1.000000E-1	2.215496E-3	-2.215496E-3	-2.784074E-8	1.922559E+2
-1.500000E-1	4.107372E-3	-4.107372E-3	-5.161476E-8	1.924443E+2
-2.000000E-1	6.782058E-3	-6.782058E-3	-8.522586E-8	1.926328E+2
-2.500000E-1	1.042163E-2	-1.042163E-2	-1.309621E-7	1.932070E+2
-3.000000E-1	1.511042E-2	-1.511042E-2	-1.898832E-7	1.933945E+2
-3.500000E-1	2.102158E-2	-2.102158E-2	-2.641650E-7	1.935830E+2
-4.000000E-1	2.818227E-2	-2.818227E-2	-3.541488E-7	1.937715E+2
-4.500000E-1	3.683672E-2	-3.683672E-2	-4.629039E-7	1.939590E+2
-5.000000E-1	4.693550E-2	-4.693550E-2	-5.898089E-7	1.941475E+2
-5.000000E-1	4.684909E-2	-4.684909E-2	-5.887231E-7	1.943359E+2
-4.500000E-1	3.685208E-2	-3.685208E-2	-4.630969E-7	1.945234E+2
-4.000000E-1	2.832325E-2	-2.832325E-2	-3.559204E-7	1.947119E+2
-3.500000E-1	2.124568E-2	-2.124568E-2	-2.669811E-7	1.948994E+2
-3.000000E-1	1.532548E-2	-1.532548E-2	-1.925856E-7	1.950879E+2
-2.500000E-1	1.060254E-2	-1.060254E-2	-1.332355E-7	1.952764E+2
-2.000000E-1	6.836234E-3	-6.836234E-3	-8.590665E-8	1.956582E+2
-1.500000E-1	4.172439E-3	-4.172439E-3	-5.243241E-8	1.958457E+2
-1.000000E-1	2.276732E-3	-2.276732E-3	-2.861026E-8	1.960342E+2
-5.000000E-2	9.713330E-4	-9.713330E-4	-1.220613E-8	1.962217E+2
0.000000E+0	2.283667E-6	2.283667E-6	2.869740E-11	1.971172E+2
0.000000E+0	8.089145E-7	8.089145E-7	1.016512E-11	1.976406E+2
5.000000E-2	9.796974E-4	9.796974E-4	1.231124E-8	1.980234E+2
1.000000E-1	2.322441E-3	2.322441E-3	2.918466E-8	1.982109E+2
1.500000E-1	4.317223E-3	4.317223E-3	5.425182E-8	1.983994E+2
2.000000E-1	7.202090E-3	7.202090E-3	9.050414E-8	1.985879E+2
2.500000E-1	1.113689E-2	1.113689E-2	1.399503E-7	1.991621E+2
3.000000E-1	1.640200E-2	1.640200E-2	2.061136E-7	1.993496E+2
3.500000E-1	2.322241E-2	2.322241E-2	2.918214E-7	1.995381E+2
4.000000E-1	3.153073E-2	3.153073E-2	3.962268E-7	1.997266E+2
4.500000E-1	4.139636E-2	4.139636E-2	5.202020E-7	1.999141E+2
5.000000E-1	5.325920E-2	5.325920E-2	6.692748E-7	2.001025E+2
5.000000E-1	5.329424E-2	5.329424E-2	6.697152E-7	2.002910E+2
4.500000E-1	4.145165E-2	4.145165E-2	5.208968E-7	2.004785E+2
4.000000E-1	3.146827E-2	3.146827E-2	3.954419E-7	2.006670E+2
3.500000E-1	2.334569E-2	2.334569E-2	2.933706E-7	2.008545E+2
3.000000E-1	1.671851E-2	1.671851E-2	2.100910E-7	2.010430E+2
2.500000E-1	1.143671E-2	1.143671E-2	1.437180E-7	2.012314E+2
2.000000E-1	7.337381E-3	7.337381E-3	9.220425E-8	2.016133E+2
1.500000E-1	4.390631E-3	4.390631E-3	5.517430E-8	2.018008E+2
1.000000E-1	2.361993E-3	2.361993E-3	2.968168E-8	2.019893E+2
5.000000E-2	9.967651E-4	9.967651E-4	1.252572E-8	2.021768E+2
0.000000E+0	1.405224E-6	1.405224E-6	1.765856E-11	2.030723E+2
-5.000000E-2	9.472942E-4	-9.472942E-4	-1.190405E-8	2.034551E+2
-1.000000E-1	2.245199E-3	-2.245199E-3	-2.821400E-8	2.036426E+2
-1.500000E-1	4.143578E-3	-4.143578E-3	-5.206974E-8	2.038311E+2
-2.000000E-1	6.828327E-3	-6.828327E-3	-8.580729E-8	2.040195E+2
-2.500000E-1	1.050090E-2	-1.050090E-2	-1.319582E-7	2.045937E+2
-3.000000E-1	1.528553E-2	-1.528553E-2	-1.920836E-7	2.047822E+2
-3.500000E-1	2.127861E-2	-2.127861E-2	-2.673949E-7	2.049697E+2
-4.000000E-1	2.858904E-2	-2.858904E-2	-3.592605E-7	2.051582E+2
-4.500000E-1	3.717458E-2	-3.717458E-2	-4.671496E-7	2.053457E+2
-5.000000E-1	4.731268E-2	-4.731268E-2	-5.945487E-7	2.055342E+2
-5.000000E-1	4.733495E-2	-4.733495E-2	-5.948286E-7	2.057227E+2
-4.500000E-1	3.720639E-2	-3.720639E-2	-4.675493E-7	2.059102E+2
-4.000000E-1	2.866187E-2	-2.866187E-2	-3.601757E-7	2.060986E+2
-3.500000E-1	2.136948E-2	-2.136948E-2	-2.685368E-7	2.062871E+2
-3.000000E-1	1.541667E-2	-1.541667E-2	-1.937316E-7	2.064746E+2
-2.500000E-1	1.064496E-2	-1.064496E-2	-1.337685E-7	2.066631E+2
-2.000000E-1	6.863858E-3	-6.863858E-3	-8.625378E-8	2.070449E+2
-1.500000E-1	4.189309E-3	-4.189309E-3	-5.264441E-8	2.072324E+2
-1.000000E-1	2.290367E-3	-2.290367E-3	-2.878160E-8	2.074209E+2
-5.000000E-2	9.727813E-4	-9.727813E-4	-1.222433E-8	2.076084E+2
0.000000E+0	1.834546E-6	1.834546E-6	2.305359E-11	2.085039E+2
0.000000E+0	1.108928E-6	1.108928E-6	1.393520E-11	2.090273E+2
5.000000E-2	9.685302E-4	9.685302E-4	1.217091E-8	2.094102E+2
1.000000E-1	2.304682E-3	2.304682E-3	2.896149E-8	2.095977E+2
1.500000E-1	4.333029E-3	4.333029E-3	5.445045E-8	2.097861E+2
2.000000E-1	7.202241E-3	7.202241E-3	9.050603E-8	2.099746E+2
2.500000E-1	1.109143E-2	1.109143E-2	1.393790E-7	2.105488E+2
3.000000E-1	1.626116E-2	1.626116E-2	2.043437E-7	2.107373E+2
3.500000E-1	2.298173E-2	2.298173E-2	2.887969E-7	2.109248E+2
4.000000E-1	3.122298E-2	3.122298E-2	3.923596E-7	2.111133E+2
4.500000E-1	4.129662E-2	4.129662E-2	5.189486E-7	2.113008E+2
5.000000E-1	5.328071E-2	5.328071E-2	6.695451E-7	2.114893E+2
5.000000E-1	5.357592E-2	5.357592E-2	6.732548E-7	2.116777E+2
4.500000E-1	4.183302E-2	4.183302E-2	5.256892E-7	2.118652E+2
4.000000E-1	3.182478E-2	3.182478E-2	3.999220E-7	2.120537E+2
3.500000E-1	2.357032E-2	2.357032E-2	2.961934E-7	2.122422E+2
3.000000E-1	1.687513E-2	1.687513E-2	2.120591E-7	2.124297E+2
2.500000E-1	1.150344E-2	1.150344E-2	1.445565E-7	2.126182E+2
2.000000E-1	7.351184E-3	7.351184E-3	9.237770E-8	2.130000E+2
1.500000E-1	4.444285E-3	4.444285E-3	5.584854E-8	2.131875E+2
1.000000E-1	2.406690E-3	2.406690E-3	3.024336E-8	2.133760E+2
5.000000E-2	1.012203E-3	1.012203E-3	1.271972E-8	2.135635E+2
0.000000E+0	1.668660E-6	1.668660E-6	2.096900E-11	2.144590E+2
-5.000000E-2	9.583960E-4	-9.583960E-4	-1.204356E-8	2.148418E+2
-1.000000E-1	2.268879E-3	-2.268879E-3	-2.851158E-8	2.150293E+2
-1.500000E-1	4.189343E-3	-4.189343E-3	-5.264484E-8	2.152178E+2
-2.000000E-1	6.939366E-3	-6.939366E-3	-8.720264E-8	2.154063E+2
-2.500000E-1	1.057219E-2	-1.057219E-2	-1.328541E-7	2.159805E+2
-3.000000E-1	1.528943E-2	-1.528943E-2	-1.921326E-7	2.161689E+2
-3.500000E-1	2.125749E-2	-2.125749E-2	-2.671295E-7	2.163564E+2
-4.000000E-1	2.850217E-2	-2.850217E-2	-3.581688E-7	2.165449E+2
-4.500000E-1	3.723299E-2	-3.723299E-2	-4.678836E-7	2.167324E+2
-5.000000E-1	4.746679E-2	-4.746679E-2	-5.964853E-7	2.169209E+2
-5.000000E-1	4.742039E-2	-4.742039E-2	-5.959022E-7	2.171094E+2
-4.500000E-1	3.732535E-2	-3.732535E-2	-4.690442E-7	2.172969E+2
-4.000000E-1	2.862995E-2	-2.862995E-2	-3.597745E-7	2.174854E+2
-3.500000E-1	2.137715E-2	-2.137715E-2	-2.686332E-7	2.176738E+2
-3.000000E-1	1.544265E-2	-1.544265E-2	-1.940581E-7	2.178613E+2
-2.500000E-1	1.071629E-2	-1.071629E-2	-1.346649E-7	2.180498E+2
-2.000000E-1	6.976829E-3	-6.976829E-3	-8.767341E-8	2.184316E+2
-1.500000E-1	4.228277E-3	-4.228277E-3	-5.313409E-8	2.186191E+2
-1.000000E-1	2.288409E-3	-2.288409E-3	-2.875699E-8	2.188076E+2
-5.000000E-2	9.760057E-4	-9.760057E-4	-1.226485E-8	2.189951E+2
0.000000E+0	1.889019E-6	1.889019E-6	2.373811E-11	2.198906E+2
0.000000E+0	1.707132E-6	1.707132E-6	2.145246E-11	2.204141E+2
5.000000E-2	9.830174E-4	9.830174E-4	1.235296E-8	2.207969E+2
1.000000E-1	2.340879E-3	2.340879E-3	2.941636E-8	2.209844E+2
1.500000E-1	4.341273E-3	4.341273E-3	5.455404E-8	2.211729E+2
2.000000E-1	7.265328E-3	7.265328E-3	9.129881E-8	2.213613E+2
2.500000E-1	1.123078E-2	1.123078E-2	1.411302E-7	2.219355E+2
3.000000E-1	1.646980E-2	1.646980E-2	2.069656E-7	2.221240E+2
3.500000E-1	2.319001E-2	2.319001E-2	2.914142E-7	2.223115E+2
4.000000E-1	3.148928E-2	3.148928E-2	3.957060E-7	2.225000E+2
4.500000E-1	4.156378E-2	4.156378E-2	5.223058E-7	2.226875E+2
5.000000E-1	5.367513E-2	5.367513E-2	6.745016E-7	2.228760E+2
5.000000E-1	5.376387E-2	5.376387E-2	6.756168E-7	2.230645E+2
4.500000E-1	4.201574E-2	4.201574E-2	5.279854E-7	2.232520E+2
4.000000E-1	3.198427E-2	3.198427E-2	4.019262E-7	2.234404E+2
3.500000E-1	2.366092E-2	2.366092E-2	2.973319E-7	2.236279E+2
3.000000E-1	1.689501E-2	1.689501E-2	2.123090E-7	2.238164E+2
2.500000E-1	1.156673E-2	1.156673E-2	1.453518E-7	2.240049E+2
2.000000E-1	7.386124E-3	7.386124E-3	9.281678E-8	2.243857E+2
1.500000E-1	4.445515E-3	4.445515E-3	5.586399E-8	2.245742E+2
1.000000E-1	2.382134E-3	2.382134E-3	2.993478E-8	2.247627E+2
5.000000E-2	1.009936E-3	1.009936E-3	1.269123E-8	2.249502E+2
0.000000E+0	1.912559E-6	1.912559E-6	2.403392E-11	2.258447E+2
-5.000000E-2	9.523545E-4	-9.523545E-4	-1.196764E-8	2.262285E+2
-1.000000E-1	2.261320E-3	-2.261320E-3	-2.841659E-8	2.264160E+2
-1.500000E-1	4.173187E-3	-4.173187E-3	-5.244181E-8	2.266045E+2
-2.000000E-1	6.904840E-3	-6.904840E-3	-8.676878E-8	2.267920E+2
-2.500000E-1	1.072632E-2	-1.072632E-2	-1.347909E-7	2.273672E+2
-3.000000E-1	1.547163E-2	-1.547163E-2	-1.944223E-7	2.275547E+2
-3.500000E-1	2.151106E-2	-2.151106E-2	-2.703160E-7	2.277432E+2
-4.000000E-1	2.878341E-2	-2.878341E-2	-3.617030E-7	2.279316E+2
-4.500000E-1	3.752018E-2	-3.752018E-2	-4.714925E-7	2.281191E+2
-5.000000E-1	4.766072E-2	-4.766072E-2	-5.989222E-7	2.283076E+2
-5.000000E-1	4.782726E-2	-4.782726E-2	-6.010151E-7	2.284951E+2
-4.500000E-1	3.760264E-2	-3.760264E-2	-4.725287E-7	2.286836E+2
-4.000000E-1	2.889210E-2	-2.889210E-2	-3.630689E-7	2.288721E+2
-3.500000E-1	2.159371E-2	-2.159371E-2	-2.713545E-7	2.290596E+2
-3.000000E-1	1.558162E-2	-1.558162E-2	-1.958044E-7	2.292480E+2
-2.500000E-1	1.075208E-2	-1.075208E-2	-1.351146E-7	2.294365E+2
-2.000000E-1	6.956557E-3	-6.956557E-3	-8.741868E-8	2.298174E+2
-1.500000E-1	4.239799E-3	-4.239799E-3	-5.327888E-8	2.300059E+2
-1.000000E-1	2.303126E-3	-2.303126E-3	-2.894193E-8	2.301943E+2
-5.000000E-2	9.778878E-4	-9.778878E-4	-1.228850E-8	2.303818E+2
0.000000E+0	2.327880E-6	2.327880E-6	2.925300E-11	2.312773E+2
