voltage_6_2_21	absJ_6_2_21	J_6_2_21	current_6_2_21	time_6_2_21	
0.000000E+0	1.592176E-6	1.592176E-6	1.580869E-11	0.000000E+0
5.000000E-2	5.693267E-4	5.693267E-4	5.652836E-9	5.761719E-1
1.000000E-1	1.053868E-3	1.053868E-3	1.046384E-8	7.646484E-1
1.500000E-1	2.457728E-3	2.457728E-3	2.440274E-8	1.339844E+0
2.000000E-1	4.110820E-3	4.110820E-3	4.081627E-8	1.528320E+0
2.500000E-1	6.375342E-3	6.375342E-3	6.330067E-8	1.715820E+0
3.000000E-1	9.417680E-3	9.417680E-3	9.350800E-8	1.904297E+0
3.500000E-1	1.312105E-2	1.312105E-2	1.302787E-7	2.478516E+0
4.000000E-1	1.780582E-2	1.780582E-2	1.767937E-7	2.666992E+0
4.500000E-1	2.372833E-2	2.372833E-2	2.355982E-7	2.854492E+0
5.000000E-1	3.085076E-2	3.085076E-2	3.063167E-7	3.042969E+0
5.000000E-1	3.088664E-2	3.088664E-2	3.066730E-7	3.231445E+0
4.500000E-1	2.382595E-2	2.382595E-2	2.365675E-7	3.418945E+0
4.000000E-1	1.792458E-2	1.792458E-2	1.779729E-7	3.607422E+0
3.500000E-1	1.315463E-2	1.315463E-2	1.306121E-7	3.794922E+0
3.000000E-1	9.356463E-3	9.356463E-3	9.290017E-8	4.176758E+0
2.500000E-1	6.416215E-3	6.416215E-3	6.370650E-8	4.365234E+0
2.000000E-1	4.157655E-3	4.157655E-3	4.128129E-8	4.553711E+0
1.500000E-1	2.514963E-3	2.514963E-3	2.497103E-8	4.741211E+0
1.000000E-1	1.365399E-3	1.365399E-3	1.355702E-8	4.929688E+0
5.000000E-2	5.751245E-4	5.751245E-4	5.710402E-9	5.311523E+0
0.000000E+0	1.514399E-6	1.514399E-6	1.503644E-11	6.206055E+0
-5.000000E-2	5.524261E-4	-5.524261E-4	-5.485030E-9	6.782227E+0
-1.000000E-1	1.320679E-3	-1.320679E-3	-1.311300E-8	7.357422E+0
-1.500000E-1	2.413897E-3	-2.413897E-3	-2.396754E-8	7.545898E+0
-2.000000E-1	3.957788E-3	-3.957788E-3	-3.929681E-8	7.733398E+0
-2.500000E-1	6.090940E-3	-6.090940E-3	-6.047685E-8	7.921875E+0
-3.000000E-1	8.943235E-3	-8.943235E-3	-8.879724E-8	8.110352E+0
-3.500000E-1	1.256705E-2	-1.256705E-2	-1.247780E-7	8.684570E+0
-4.000000E-1	1.694906E-2	-1.694906E-2	-1.682869E-7	8.873047E+0
-4.500000E-1	2.231080E-2	-2.231080E-2	-2.215236E-7	9.060547E+0
-5.000000E-1	2.870312E-2	-2.870312E-2	-2.849928E-7	9.249023E+0
-5.000000E-1	2.891280E-2	-2.891280E-2	-2.870747E-7	9.437500E+0
-4.500000E-1	2.257988E-2	-2.257988E-2	-2.241953E-7	9.625000E+0
-4.000000E-1	1.724929E-2	-1.724929E-2	-1.712679E-7	9.813477E+0
-3.500000E-1	1.283926E-2	-1.283926E-2	-1.274808E-7	1.000098E+1
-3.000000E-1	9.175999E-3	-9.175999E-3	-9.110835E-8	1.038281E+1
-2.500000E-1	6.346602E-3	-6.346602E-3	-6.301531E-8	1.057129E+1
-2.000000E-1	4.181056E-3	-4.181056E-3	-4.151364E-8	1.075977E+1
-1.500000E-1	2.550239E-3	-2.550239E-3	-2.532128E-8	1.094727E+1
-1.000000E-1	1.393146E-3	-1.393146E-3	-1.383252E-8	1.113574E+1
-5.000000E-2	5.911704E-4	-5.911704E-4	-5.869722E-9	1.151758E+1
0.000000E+0	2.056518E-6	2.056518E-6	2.041913E-11	1.241211E+1
0.000000E+0	5.094941E-7	5.094941E-7	5.058759E-12	1.293652E+1
5.000000E-2	5.988793E-4	5.988793E-4	5.946263E-9	1.351172E+1
1.000000E-1	1.386375E-3	1.386375E-3	1.376530E-8	1.408691E+1
1.500000E-1	2.572614E-3	2.572614E-3	2.554344E-8	1.427539E+1
2.000000E-1	4.296003E-3	4.296003E-3	4.265495E-8	1.446387E+1
2.500000E-1	6.636373E-3	6.636373E-3	6.589244E-8	1.465137E+1
3.000000E-1	9.749922E-3	9.749922E-3	9.680682E-8	1.483984E+1
3.500000E-1	1.349153E-2	1.349153E-2	1.339572E-7	1.541406E+1
4.000000E-1	1.845665E-2	1.845665E-2	1.832558E-7	1.560254E+1
4.500000E-1	2.468957E-2	2.468957E-2	2.451424E-7	1.579004E+1
5.000000E-1	3.191679E-2	3.191679E-2	3.169013E-7	1.597852E+1
5.000000E-1	3.202558E-2	3.202558E-2	3.179815E-7	1.616699E+1
4.500000E-1	2.481243E-2	2.481243E-2	2.463622E-7	1.635449E+1
4.000000E-1	1.877890E-2	1.877890E-2	1.864554E-7	1.654297E+1
3.500000E-1	1.376762E-2	1.376762E-2	1.366985E-7	1.673145E+1
3.000000E-1	9.751809E-3	9.751809E-3	9.682556E-8	1.711230E+1
2.500000E-1	6.727504E-3	6.727504E-3	6.679728E-8	1.730078E+1
2.000000E-1	4.337684E-3	4.337684E-3	4.306879E-8	1.748926E+1
1.500000E-1	2.614417E-3	2.614417E-3	2.595851E-8	1.767676E+1
1.000000E-1	1.417670E-3	1.417670E-3	1.407602E-8	1.786523E+1
5.000000E-2	5.949763E-4	5.949763E-4	5.907510E-9	1.824707E+1
0.000000E+0	1.561076E-6	1.561076E-6	1.549990E-11	1.914160E+1
-5.000000E-2	5.659620E-4	-5.659620E-4	-5.619428E-9	1.971777E+1
-1.000000E-1	1.348695E-3	-1.348695E-3	-1.339117E-8	2.029297E+1
-1.500000E-1	2.496511E-3	-2.496511E-3	-2.478782E-8	2.048145E+1
-2.000000E-1	4.125830E-3	-4.125830E-3	-4.096530E-8	2.066992E+1
-2.500000E-1	6.384266E-3	-6.384266E-3	-6.338928E-8	2.085742E+1
-3.000000E-1	9.324202E-3	-9.324202E-3	-9.257985E-8	2.104590E+1
-3.500000E-1	1.276665E-2	-1.276665E-2	-1.267599E-7	2.162012E+1
-4.000000E-1	1.722986E-2	-1.722986E-2	-1.710750E-7	2.180859E+1
-4.500000E-1	2.267703E-2	-2.267703E-2	-2.251599E-7	2.199609E+1
-5.000000E-1	2.912904E-2	-2.912904E-2	-2.892218E-7	2.218457E+1
-5.000000E-1	2.917556E-2	-2.917556E-2	-2.896837E-7	2.237305E+1
-4.500000E-1	2.285602E-2	-2.285602E-2	-2.269371E-7	2.256055E+1
-4.000000E-1	1.743066E-2	-1.743066E-2	-1.730687E-7	2.274902E+1
-3.500000E-1	1.290505E-2	-1.290505E-2	-1.281340E-7	2.293652E+1
-3.000000E-1	9.171767E-3	-9.171767E-3	-9.106633E-8	2.331836E+1
-2.500000E-1	6.277122E-3	-6.277122E-3	-6.232544E-8	2.350684E+1
-2.000000E-1	4.097312E-3	-4.097312E-3	-4.068215E-8	2.369434E+1
-1.500000E-1	2.501911E-3	-2.501911E-3	-2.484143E-8	2.388281E+1
-1.000000E-1	1.368170E-3	-1.368170E-3	-1.358454E-8	2.407129E+1
-5.000000E-2	5.795449E-4	-5.795449E-4	-5.754292E-9	2.445313E+1
0.000000E+0	1.978764E-6	1.978764E-6	1.964712E-11	2.534766E+1
0.000000E+0	9.608325E-7	9.608325E-7	9.540091E-12	2.587109E+1
5.000000E-2	5.858163E-4	5.858163E-4	5.816561E-9	2.644727E+1
1.000000E-1	1.365998E-3	1.365998E-3	1.356297E-8	2.702246E+1
1.500000E-1	2.533415E-3	2.533415E-3	2.515424E-8	2.721094E+1
2.000000E-1	4.253027E-3	4.253027E-3	4.222824E-8	2.739844E+1
2.500000E-1	6.615726E-3	6.615726E-3	6.568744E-8	2.758691E+1
3.000000E-1	9.799415E-3	9.799415E-3	9.729823E-8	2.777539E+1
3.500000E-1	1.369773E-2	1.369773E-2	1.360045E-7	2.834961E+1
4.000000E-1	1.874405E-2	1.874405E-2	1.861094E-7	2.853711E+1
4.500000E-1	2.490161E-2	2.490161E-2	2.472477E-7	2.872559E+1
5.000000E-1	3.247819E-2	3.247819E-2	3.224754E-7	2.891406E+1
5.000000E-1	3.254835E-2	3.254835E-2	3.231721E-7	2.910156E+1
4.500000E-1	2.523405E-2	2.523405E-2	2.505485E-7	2.929004E+1
4.000000E-1	1.902881E-2	1.902881E-2	1.889368E-7	2.947852E+1
3.500000E-1	1.401680E-2	1.401680E-2	1.391726E-7	2.966602E+1
3.000000E-1	9.886023E-3	9.886023E-3	9.815817E-8	3.004785E+1
2.500000E-1	6.754904E-3	6.754904E-3	6.706934E-8	3.023633E+1
2.000000E-1	4.340618E-3	4.340618E-3	4.309793E-8	3.042383E+1
1.500000E-1	2.623557E-3	2.623557E-3	2.604926E-8	3.061230E+1
1.000000E-1	1.426337E-3	1.426337E-3	1.416208E-8	3.080078E+1
5.000000E-2	6.045186E-4	6.045186E-4	6.002255E-9	3.118164E+1
0.000000E+0	1.783388E-6	1.783388E-6	1.770723E-11	3.207715E+1
-5.000000E-2	5.742605E-4	-5.742605E-4	-5.701824E-9	3.265332E+1
-1.000000E-1	1.054491E-3	-1.054491E-3	-1.047002E-8	3.284180E+1
-1.500000E-1	2.479530E-3	-2.479530E-3	-2.461921E-8	3.341699E+1
-2.000000E-1	4.090782E-3	-4.090782E-3	-4.061731E-8	3.360449E+1
-2.500000E-1	6.293325E-3	-6.293325E-3	-6.248632E-8	3.379297E+1
-3.000000E-1	9.209367E-3	-9.209367E-3	-9.143966E-8	3.398047E+1
-3.500000E-1	1.315093E-2	-1.315093E-2	-1.305754E-7	3.455566E+1
-4.000000E-1	1.784662E-2	-1.784662E-2	-1.771988E-7	3.474316E+1
-4.500000E-1	2.340173E-2	-2.340173E-2	-2.323554E-7	3.493164E+1
-5.000000E-1	3.035905E-2	-3.035905E-2	-3.014345E-7	3.512012E+1
-5.000000E-1	3.031987E-2	-3.031987E-2	-3.010455E-7	3.530762E+1
-4.500000E-1	2.360341E-2	-2.360341E-2	-2.343579E-7	3.549609E+1
-4.000000E-1	1.803534E-2	-1.803534E-2	-1.790726E-7	3.568359E+1
-3.500000E-1	1.345063E-2	-1.345063E-2	-1.335511E-7	3.587207E+1
-3.000000E-1	9.491834E-3	-9.491834E-3	-9.424427E-8	3.625391E+1
-2.500000E-1	6.493169E-3	-6.493169E-3	-6.447057E-8	3.644238E+1
-2.000000E-1	4.303655E-3	-4.303655E-3	-4.273092E-8	3.662988E+1
-1.500000E-1	2.596188E-3	-2.596188E-3	-2.577751E-8	3.681836E+1
-1.000000E-1	1.420584E-3	-1.420584E-3	-1.410496E-8	3.700586E+1
-5.000000E-2	6.055642E-4	-6.055642E-4	-6.012637E-9	3.738770E+1
0.000000E+0	1.906513E-6	1.906513E-6	1.892974E-11	3.828223E+1
0.000000E+0	2.077873E-6	2.077873E-6	2.063117E-11	3.880664E+1
5.000000E-2	6.110834E-4	6.110834E-4	6.067437E-9	3.938281E+1
1.000000E-1	1.413150E-3	1.413150E-3	1.403114E-8	3.995801E+1
1.500000E-1	2.621788E-3	2.621788E-3	2.603169E-8	4.014551E+1
2.000000E-1	4.355289E-3	4.355289E-3	4.324360E-8	4.033398E+1
2.500000E-1	6.815624E-3	6.815624E-3	6.767222E-8	4.052246E+1
3.000000E-1	1.002504E-2	1.002504E-2	9.953849E-8	4.070996E+1
3.500000E-1	1.401328E-2	1.401328E-2	1.391376E-7	4.128418E+1
4.000000E-1	1.917911E-2	1.917911E-2	1.904291E-7	4.147266E+1
4.500000E-1	2.554375E-2	2.554375E-2	2.536235E-7	4.166113E+1
5.000000E-1	3.304621E-2	3.304621E-2	3.281153E-7	4.184863E+1
5.000000E-1	3.308368E-2	3.308368E-2	3.284873E-7	4.203711E+1
4.500000E-1	2.550934E-2	2.550934E-2	2.532818E-7	4.222461E+1
4.000000E-1	1.926505E-2	1.926505E-2	1.912824E-7	4.241309E+1
3.500000E-1	1.414013E-2	1.414013E-2	1.403971E-7	4.260156E+1
3.000000E-1	9.998312E-3	9.998312E-3	9.927308E-8	4.298340E+1
2.500000E-1	6.809233E-3	6.809233E-3	6.760877E-8	4.317090E+1
2.000000E-1	4.397210E-3	4.397210E-3	4.365983E-8	4.335938E+1
1.500000E-1	2.666867E-3	2.666867E-3	2.647928E-8	4.354687E+1
1.000000E-1	1.450913E-3	1.450913E-3	1.440609E-8	4.373535E+1
5.000000E-2	6.085496E-4	6.085496E-4	6.042279E-9	4.411719E+1
0.000000E+0	1.374300E-6	1.374300E-6	1.364540E-11	4.501172E+1
-5.000000E-2	5.766600E-4	-5.766600E-4	-5.725648E-9	4.558789E+1
-1.000000E-1	1.376782E-3	-1.376782E-3	-1.367005E-8	4.616309E+1
-1.500000E-1	2.518557E-3	-2.518557E-3	-2.500671E-8	4.635156E+1
-2.000000E-1	4.161362E-3	-4.161362E-3	-4.131810E-8	4.654004E+1
-2.500000E-1	6.410517E-3	-6.410517E-3	-6.364992E-8	4.672754E+1
-3.000000E-1	9.415228E-3	-9.415228E-3	-9.348365E-8	4.691602E+1
-3.500000E-1	1.313934E-2	-1.313934E-2	-1.304603E-7	4.749023E+1
-4.000000E-1	1.774752E-2	-1.774752E-2	-1.762148E-7	4.767871E+1
-4.500000E-1	2.336756E-2	-2.336756E-2	-2.320161E-7	4.786621E+1
-5.000000E-1	3.008749E-2	-3.008749E-2	-2.987382E-7	4.805469E+1
-5.000000E-1	3.005960E-2	-3.005960E-2	-2.984613E-7	4.824316E+1
-4.500000E-1	2.353017E-2	-2.353017E-2	-2.336307E-7	4.843066E+1
-4.000000E-1	1.793321E-2	-1.793321E-2	-1.780586E-7	4.861914E+1
-3.500000E-1	1.328074E-2	-1.328074E-2	-1.318643E-7	4.880762E+1
-3.000000E-1	9.459636E-3	-9.459636E-3	-9.392458E-8	4.918848E+1
-2.500000E-1	6.525489E-3	-6.525489E-3	-6.479148E-8	4.937695E+1
-2.000000E-1	4.263705E-3	-4.263705E-3	-4.233426E-8	4.956543E+1
-1.500000E-1	2.608784E-3	-2.608784E-3	-2.590257E-8	4.975293E+1
-1.000000E-1	1.431613E-3	-1.431613E-3	-1.421446E-8	4.994141E+1
-5.000000E-2	6.049542E-4	-6.049542E-4	-6.006581E-9	5.032324E+1
0.000000E+0	1.969750E-6	1.969750E-6	1.955762E-11	5.121777E+1
0.000000E+0	2.238163E-6	2.238163E-6	2.222268E-11	5.174219E+1
5.000000E-2	6.079939E-4	6.079939E-4	6.036762E-9	5.231738E+1
1.000000E-1	1.425560E-3	1.425560E-3	1.415436E-8	5.289258E+1
1.500000E-1	2.656749E-3	2.656749E-3	2.637882E-8	5.308105E+1
2.000000E-1	4.426511E-3	4.426511E-3	4.395076E-8	5.326953E+1
2.500000E-1	6.886299E-3	6.886299E-3	6.837395E-8	5.345703E+1
3.000000E-1	1.017415E-2	1.017415E-2	1.010190E-7	5.364551E+1
3.500000E-1	1.428754E-2	1.428754E-2	1.418608E-7	5.421973E+1
4.000000E-1	1.941670E-2	1.941670E-2	1.927881E-7	5.440820E+1
4.500000E-1	2.587520E-2	2.587520E-2	2.569145E-7	5.459570E+1
5.000000E-1	3.363493E-2	3.363493E-2	3.339607E-7	5.478418E+1
5.000000E-1	3.348701E-2	3.348701E-2	3.324920E-7	5.497266E+1
4.500000E-1	2.585076E-2	2.585076E-2	2.566718E-7	5.516016E+1
4.000000E-1	1.952631E-2	1.952631E-2	1.938764E-7	5.534863E+1
3.500000E-1	1.436474E-2	1.436474E-2	1.426273E-7	5.553613E+1
3.000000E-1	1.020299E-2	1.020299E-2	1.013053E-7	5.572461E+1
2.500000E-1	6.887147E-3	6.887147E-3	6.838238E-8	5.610645E+1
2.000000E-1	4.467079E-3	4.467079E-3	4.435356E-8	5.629492E+1
1.500000E-1	2.692414E-3	2.692414E-3	2.673294E-8	5.648242E+1
1.000000E-1	1.454867E-3	1.454867E-3	1.444535E-8	5.667090E+1
5.000000E-2	6.135284E-4	6.135284E-4	6.091714E-9	5.705273E+1
0.000000E+0	1.347583E-6	1.347583E-6	1.338013E-11	5.794727E+1
-5.000000E-2	5.905020E-4	-5.905020E-4	-5.863085E-9	5.852344E+1
-1.000000E-1	1.406017E-3	-1.406017E-3	-1.396032E-8	5.909863E+1
-1.500000E-1	2.579510E-3	-2.579510E-3	-2.561191E-8	5.928711E+1
-2.000000E-1	4.239742E-3	-4.239742E-3	-4.209633E-8	5.947461E+1
-2.500000E-1	6.538051E-3	-6.538051E-3	-6.491621E-8	5.966309E+1
-3.000000E-1	9.573411E-3	-9.573411E-3	-9.505425E-8	5.985156E+1
-3.500000E-1	1.352484E-2	-1.352484E-2	-1.342879E-7	6.042578E+1
-4.000000E-1	1.821835E-2	-1.821835E-2	-1.808897E-7	6.061426E+1
-4.500000E-1	2.393753E-2	-2.393753E-2	-2.376754E-7	6.080176E+1
-5.000000E-1	3.081895E-2	-3.081895E-2	-3.060009E-7	6.099023E+1
-5.000000E-1	3.081162E-2	-3.081162E-2	-3.059281E-7	6.117773E+1
-4.500000E-1	2.403964E-2	-2.403964E-2	-2.386892E-7	6.136621E+1
-4.000000E-1	1.831761E-2	-1.831761E-2	-1.818753E-7	6.155469E+1
-3.500000E-1	1.355694E-2	-1.355694E-2	-1.346066E-7	6.174219E+1
-3.000000E-1	9.656708E-3	-9.656708E-3	-9.588130E-8	6.212402E+1
-2.500000E-1	6.669499E-3	-6.669499E-3	-6.622135E-8	6.231250E+1
-2.000000E-1	4.371255E-3	-4.371255E-3	-4.340212E-8	6.250000E+1
-1.500000E-1	2.666353E-3	-2.666353E-3	-2.647418E-8	6.268848E+1
-1.000000E-1	1.460723E-3	-1.460723E-3	-1.450350E-8	6.287695E+1
-5.000000E-2	6.151126E-4	-6.151126E-4	-6.107443E-9	6.325879E+1
0.000000E+0	2.050012E-6	2.050012E-6	2.035454E-11	6.415332E+1
0.000000E+0	1.261082E-6	1.261082E-6	1.252126E-11	6.467676E+1
5.000000E-2	6.195690E-4	6.195690E-4	6.151691E-9	6.525293E+1
1.000000E-1	1.458036E-3	1.458036E-3	1.447682E-8	6.582813E+1
1.500000E-1	2.687854E-3	2.687854E-3	2.668766E-8	6.601660E+1
2.000000E-1	4.509456E-3	4.509456E-3	4.477432E-8	6.620410E+1
2.500000E-1	7.025815E-3	7.025815E-3	6.975920E-8	6.639258E+1
3.000000E-1	1.040758E-2	1.040758E-2	1.033367E-7	6.658105E+1
3.500000E-1	1.460827E-2	1.460827E-2	1.450453E-7	6.715527E+1
4.000000E-1	1.994053E-2	1.994053E-2	1.979892E-7	6.734277E+1
4.500000E-1	2.668511E-2	2.668511E-2	2.649560E-7	6.753125E+1
5.000000E-1	3.461125E-2	3.461125E-2	3.436546E-7	6.771973E+1
5.000000E-1	3.462365E-2	3.462365E-2	3.437777E-7	6.790723E+1
4.500000E-1	2.682200E-2	2.682200E-2	2.663152E-7	6.809570E+1
4.000000E-1	2.024823E-2	2.024823E-2	2.010444E-7	6.828418E+1
3.500000E-1	1.492201E-2	1.492201E-2	1.481604E-7	6.847168E+1
3.000000E-1	1.050894E-2	1.050894E-2	1.043431E-7	6.866016E+1
2.500000E-1	7.118024E-3	7.118024E-3	7.067475E-8	6.904199E+1
2.000000E-1	4.628478E-3	4.628478E-3	4.595609E-8	6.922949E+1
1.500000E-1	2.784472E-3	2.784472E-3	2.764698E-8	6.941797E+1
1.000000E-1	1.503386E-3	1.503386E-3	1.492710E-8	6.960547E+1
5.000000E-2	6.334355E-4	6.334355E-4	6.289371E-9	6.998730E+1
0.000000E+0	1.011811E-6	1.011811E-6	1.004626E-11	7.088184E+1
-5.000000E-2	6.156590E-4	-6.156590E-4	-6.112869E-9	7.145898E+1
-1.000000E-1	1.449235E-3	-1.449235E-3	-1.438943E-8	7.203418E+1
-1.500000E-1	2.657083E-3	-2.657083E-3	-2.638214E-8	7.222168E+1
-2.000000E-1	4.384217E-3	-4.384217E-3	-4.353082E-8	7.241016E+1
-2.500000E-1	6.761658E-3	-6.761658E-3	-6.713640E-8	7.259863E+1
-3.000000E-1	9.877514E-3	-9.877514E-3	-9.807368E-8	7.278613E+1
-3.500000E-1	1.393533E-2	-1.393533E-2	-1.383637E-7	7.336035E+1
-4.000000E-1	1.871605E-2	-1.871605E-2	-1.858314E-7	7.354883E+1
-4.500000E-1	2.457912E-2	-2.457912E-2	-2.440457E-7	7.373730E+1
-5.000000E-1	3.158759E-2	-3.158759E-2	-3.136327E-7	7.392480E+1
-5.000000E-1	3.156622E-2	-3.156622E-2	-3.134205E-7	7.411328E+1
-4.500000E-1	2.471534E-2	-2.471534E-2	-2.453982E-7	7.430176E+1
-4.000000E-1	1.884518E-2	-1.884518E-2	-1.871135E-7	7.448926E+1
-3.500000E-1	1.399317E-2	-1.399317E-2	-1.389380E-7	7.467773E+1
-3.000000E-1	1.000904E-2	-1.000904E-2	-9.937963E-8	7.505957E+1
-2.500000E-1	6.919239E-3	-6.919239E-3	-6.870101E-8	7.524707E+1
-2.000000E-1	4.541717E-3	-4.541717E-3	-4.509464E-8	7.543555E+1
-1.500000E-1	2.762556E-3	-2.762556E-3	-2.742938E-8	7.562402E+1
-1.000000E-1	1.516338E-3	-1.516338E-3	-1.505570E-8	7.581152E+1
-5.000000E-2	6.369476E-4	-6.369476E-4	-6.324243E-9	7.619336E+1
0.000000E+0	2.484283E-6	2.484283E-6	2.466641E-11	7.708789E+1
0.000000E+0	6.622241E-7	6.622241E-7	6.575213E-12	7.761230E+1
5.000000E-2	6.484045E-4	6.484045E-4	6.437998E-9	7.818848E+1
1.000000E-1	1.520669E-3	1.520669E-3	1.509870E-8	7.876367E+1
1.500000E-1	2.846209E-3	2.846209E-3	2.825996E-8	7.895117E+1
2.000000E-1	4.761360E-3	4.761360E-3	4.727547E-8	7.913965E+1
2.500000E-1	7.373640E-3	7.373640E-3	7.321275E-8	7.932813E+1
3.000000E-1	1.076442E-2	1.076442E-2	1.068798E-7	7.990234E+1
3.500000E-1	1.525940E-2	1.525940E-2	1.515103E-7	8.008984E+1
4.000000E-1	2.064281E-2	2.064281E-2	2.049621E-7	8.027832E+1
4.500000E-1	2.731727E-2	2.731727E-2	2.712327E-7	8.046680E+1
5.000000E-1	3.534128E-2	3.534128E-2	3.509030E-7	8.065430E+1
5.000000E-1	3.543418E-2	3.543418E-2	3.518254E-7	8.084277E+1
4.500000E-1	2.748392E-2	2.748392E-2	2.728874E-7	8.103125E+1
4.000000E-1	2.073220E-2	2.073220E-2	2.058497E-7	8.121875E+1
3.500000E-1	1.525140E-2	1.525140E-2	1.514309E-7	8.140723E+1
3.000000E-1	1.086292E-2	1.086292E-2	1.078578E-7	8.159473E+1
2.500000E-1	7.391183E-3	7.391183E-3	7.338694E-8	8.197656E+1
2.000000E-1	4.785495E-3	4.785495E-3	4.751510E-8	8.216504E+1
1.500000E-1	2.861389E-3	2.861389E-3	2.841069E-8	8.235254E+1
1.000000E-1	1.552277E-3	1.552277E-3	1.541253E-8	8.254102E+1
5.000000E-2	6.654829E-4	6.654829E-4	6.607569E-9	8.292285E+1
0.000000E+0	1.907371E-6	1.907371E-6	1.893826E-11	8.381738E+1
-5.000000E-2	6.358092E-4	-6.358092E-4	-6.312939E-9	8.439355E+1
-1.000000E-1	1.501036E-3	-1.501036E-3	-1.490376E-8	8.496875E+1
-1.500000E-1	2.740545E-3	-2.740545E-3	-2.721083E-8	8.515723E+1
-2.000000E-1	4.523602E-3	-4.523602E-3	-4.491477E-8	8.534570E+1
-2.500000E-1	6.969563E-3	-6.969563E-3	-6.920068E-8	8.553320E+1
-3.000000E-1	1.013141E-2	-1.013141E-2	-1.005946E-7	8.572168E+1
-3.500000E-1	1.416303E-2	-1.416303E-2	-1.406245E-7	8.629590E+1
-4.000000E-1	1.904132E-2	-1.904132E-2	-1.890610E-7	8.648438E+1
-4.500000E-1	2.508488E-2	-2.508488E-2	-2.490674E-7	8.667188E+1
-5.000000E-1	3.240096E-2	-3.240096E-2	-3.217086E-7	8.686035E+1
-5.000000E-1	3.262996E-2	-3.262996E-2	-3.239824E-7	8.704883E+1
-4.500000E-1	2.551222E-2	-2.551222E-2	-2.533104E-7	8.723633E+1
-4.000000E-1	1.950656E-2	-1.950656E-2	-1.936803E-7	8.742480E+1
-3.500000E-1	1.439999E-2	-1.439999E-2	-1.429773E-7	8.761328E+1
-3.000000E-1	1.032991E-2	-1.032991E-2	-1.025655E-7	8.780078E+1
-2.500000E-1	6.999063E-3	-6.999063E-3	-6.949359E-8	8.818262E+1
-2.000000E-1	4.562003E-3	-4.562003E-3	-4.529605E-8	8.837109E+1
-1.500000E-1	2.769033E-3	-2.769033E-3	-2.749368E-8	8.855859E+1
-1.000000E-1	1.526073E-3	-1.526073E-3	-1.515235E-8	8.874707E+1
-5.000000E-2	6.499829E-4	-6.499829E-4	-6.453670E-9	8.912891E+1
0.000000E+0	1.931349E-6	1.931349E-6	1.917633E-11	9.002344E+1
0.000000E+0	1.023297E-6	1.023297E-6	1.016030E-11	9.054785E+1
5.000000E-2	6.533602E-4	6.533602E-4	6.487203E-9	9.112402E+1
1.000000E-1	1.562781E-3	1.562781E-3	1.551683E-8	9.169922E+1
1.500000E-1	2.966537E-3	2.966537E-3	2.945470E-8	9.188672E+1
2.000000E-1	4.894641E-3	4.894641E-3	4.859881E-8	9.207520E+1
2.500000E-1	7.577587E-3	7.577587E-3	7.523774E-8	9.226270E+1
3.000000E-1	1.121888E-2	1.121888E-2	1.113921E-7	9.283789E+1
3.500000E-1	1.578026E-2	1.578026E-2	1.566819E-7	9.302539E+1
4.000000E-1	2.141310E-2	2.141310E-2	2.126103E-7	9.321387E+1
4.500000E-1	2.844210E-2	2.844210E-2	2.824012E-7	9.340137E+1
5.000000E-1	3.655746E-2	3.655746E-2	3.629784E-7	9.358984E+1
5.000000E-1	3.662638E-2	3.662638E-2	3.636628E-7	9.377832E+1
4.500000E-1	2.835781E-2	2.835781E-2	2.815642E-7	9.396582E+1
4.000000E-1	2.142514E-2	2.142514E-2	2.127299E-7	9.415430E+1
3.500000E-1	1.570295E-2	1.570295E-2	1.559143E-7	9.434277E+1
3.000000E-1	1.127175E-2	1.127175E-2	1.119170E-7	9.453027E+1
2.500000E-1	7.582544E-3	7.582544E-3	7.528696E-8	9.491211E+1
2.000000E-1	4.854917E-3	4.854917E-3	4.820439E-8	9.510059E+1
1.500000E-1	2.963464E-3	2.963464E-3	2.942419E-8	9.528809E+1
1.000000E-1	1.607233E-3	1.607233E-3	1.595819E-8	9.547656E+1
5.000000E-2	6.771854E-4	6.771854E-4	6.723763E-9	9.585840E+1
0.000000E+0	1.704225E-6	1.704225E-6	1.692122E-11	9.675293E+1
-5.000000E-2	6.523710E-4	-6.523710E-4	-6.477381E-9	9.732910E+1
-1.000000E-1	1.497368E-3	-1.497368E-3	-1.486734E-8	9.790430E+1
-1.500000E-1	2.763116E-3	-2.763116E-3	-2.743494E-8	9.809277E+1
-2.000000E-1	4.666786E-3	-4.666786E-3	-4.633645E-8	9.828125E+1
-2.500000E-1	7.101905E-3	-7.101905E-3	-7.051470E-8	9.846875E+1
-3.000000E-1	1.045373E-2	-1.045373E-2	-1.037949E-7	9.904297E+1
-3.500000E-1	1.444069E-2	-1.444069E-2	-1.433814E-7	9.923145E+1
-4.000000E-1	1.952685E-2	-1.952685E-2	-1.938818E-7	9.941992E+1
-4.500000E-1	2.578084E-2	-2.578084E-2	-2.559776E-7	9.960742E+1
-5.000000E-1	3.309021E-2	-3.309021E-2	-3.285522E-7	9.979590E+1
-5.000000E-1	3.336306E-2	-3.336306E-2	-3.312613E-7	9.998437E+1
-4.500000E-1	2.621266E-2	-2.621266E-2	-2.602651E-7	1.001719E+2
-4.000000E-1	2.012763E-2	-2.012763E-2	-1.998469E-7	1.003604E+2
-3.500000E-1	1.497317E-2	-1.497317E-2	-1.486684E-7	1.005479E+2
-3.000000E-1	1.073009E-2	-1.073009E-2	-1.065389E-7	1.007363E+2
-2.500000E-1	7.407528E-3	-7.407528E-3	-7.354923E-8	1.011182E+2
-2.000000E-1	4.860646E-3	-4.860646E-3	-4.826128E-8	1.013066E+2
-1.500000E-1	2.926403E-3	-2.926403E-3	-2.905621E-8	1.014941E+2
-1.000000E-1	1.610774E-3	-1.610774E-3	-1.599335E-8	1.016826E+2
-5.000000E-2	6.832633E-4	-6.832633E-4	-6.784110E-9	1.020645E+2
0.000000E+0	2.147544E-6	2.147544E-6	2.132293E-11	1.029590E+2
0.000000E+0	2.223356E-6	2.223356E-6	2.207567E-11	1.034824E+2
5.000000E-2	6.758158E-4	6.758158E-4	6.710165E-9	1.040586E+2
1.000000E-1	1.580087E-3	1.580087E-3	1.568866E-8	1.046338E+2
1.500000E-1	2.906543E-3	2.906543E-3	2.885902E-8	1.048223E+2
2.000000E-1	4.876247E-3	4.876247E-3	4.841618E-8	1.050098E+2
2.500000E-1	7.589414E-3	7.589414E-3	7.535517E-8	1.051982E+2
3.000000E-1	1.084545E-2	1.084545E-2	1.076843E-7	1.057725E+2
3.500000E-1	1.538710E-2	1.538710E-2	1.527783E-7	1.059609E+2
4.000000E-1	2.120552E-2	2.120552E-2	2.105493E-7	1.061494E+2
4.500000E-1	2.824378E-2	2.824378E-2	2.804321E-7	1.063369E+2
5.000000E-1	3.655563E-2	3.655563E-2	3.629603E-7	1.065254E+2
5.000000E-1	3.639521E-2	3.639521E-2	3.613675E-7	1.067129E+2
4.500000E-1	2.827928E-2	2.827928E-2	2.807845E-7	1.069014E+2
4.000000E-1	2.106836E-2	2.106836E-2	2.091874E-7	1.070898E+2
3.500000E-1	1.555751E-2	1.555751E-2	1.544703E-7	1.072773E+2
3.000000E-1	1.104638E-2	1.104638E-2	1.096793E-7	1.074658E+2
2.500000E-1	7.382424E-3	7.382424E-3	7.329997E-8	1.078477E+2
2.000000E-1	4.804496E-3	4.804496E-3	4.770376E-8	1.080352E+2
1.500000E-1	2.889668E-3	2.889668E-3	2.869147E-8	1.082236E+2
1.000000E-1	1.560727E-3	1.560727E-3	1.549643E-8	1.084121E+2
5.000000E-2	6.635459E-4	6.635459E-4	6.588337E-9	1.087939E+2
0.000000E+0	1.349688E-6	1.349688E-6	1.340103E-11	1.096885E+2
-5.000000E-2	6.379044E-4	-6.379044E-4	-6.333743E-9	1.102646E+2
-1.000000E-1	1.525932E-3	-1.525932E-3	-1.515096E-8	1.108398E+2
-1.500000E-1	2.801427E-3	-2.801427E-3	-2.781532E-8	1.110283E+2
-2.000000E-1	4.565314E-3	-4.565314E-3	-4.532893E-8	1.112158E+2
-2.500000E-1	7.005263E-3	-7.005263E-3	-6.955514E-8	1.114043E+2
-3.000000E-1	1.024513E-2	-1.024513E-2	-1.017237E-7	1.115928E+2
-3.500000E-1	1.452202E-2	-1.452202E-2	-1.441889E-7	1.121670E+2
-4.000000E-1	1.942814E-2	-1.942814E-2	-1.929017E-7	1.123555E+2
-4.500000E-1	2.547384E-2	-2.547384E-2	-2.529293E-7	1.125430E+2
-5.000000E-1	3.255104E-2	-3.255104E-2	-3.231988E-7	1.127314E+2
-5.000000E-1	3.263264E-2	-3.263264E-2	-3.240090E-7	1.129189E+2
-4.500000E-1	2.553783E-2	-2.553783E-2	-2.535647E-7	1.131074E+2
-4.000000E-1	1.959080E-2	-1.959080E-2	-1.945167E-7	1.132959E+2
-3.500000E-1	1.453814E-2	-1.453814E-2	-1.443490E-7	1.134834E+2
-3.000000E-1	1.044794E-2	-1.044794E-2	-1.037374E-7	1.136719E+2
-2.500000E-1	7.125242E-3	-7.125242E-3	-7.074642E-8	1.140537E+2
-2.000000E-1	4.658240E-3	-4.658240E-3	-4.625159E-8	1.142412E+2
-1.500000E-1	2.868300E-3	-2.868300E-3	-2.847931E-8	1.144297E+2
-1.000000E-1	1.566215E-3	-1.566215E-3	-1.555092E-8	1.146182E+2
-5.000000E-2	6.745806E-4	-6.745806E-4	-6.697900E-9	1.150000E+2
0.000000E+0	2.322929E-6	2.322929E-6	2.306433E-11	1.158945E+2
0.000000E+0	7.169065E-7	7.169065E-7	7.118153E-12	1.164180E+2
5.000000E-2	6.800357E-4	6.800357E-4	6.752064E-9	1.169941E+2
1.000000E-1	1.568891E-3	1.568891E-3	1.557749E-8	1.175693E+2
1.500000E-1	2.911313E-3	2.911313E-3	2.890638E-8	1.177578E+2
2.000000E-1	4.855614E-3	4.855614E-3	4.821132E-8	1.179453E+2
2.500000E-1	7.512334E-3	7.512334E-3	7.458985E-8	1.181338E+2
3.000000E-1	1.099722E-2	1.099722E-2	1.091912E-7	1.187080E+2
3.500000E-1	1.558700E-2	1.558700E-2	1.547631E-7	1.188965E+2
4.000000E-1	2.122690E-2	2.122690E-2	2.107616E-7	1.190840E+2
4.500000E-1	2.803688E-2	2.803688E-2	2.783777E-7	1.192725E+2
5.000000E-1	3.627611E-2	3.627611E-2	3.601849E-7	1.194609E+2
5.000000E-1	3.627467E-2	3.627467E-2	3.601706E-7	1.196484E+2
4.500000E-1	2.809319E-2	2.809319E-2	2.789368E-7	1.198369E+2
4.000000E-1	2.120162E-2	2.120162E-2	2.105105E-7	1.200244E+2
3.500000E-1	1.557314E-2	1.557314E-2	1.546255E-7	1.202129E+2
3.000000E-1	1.107785E-2	1.107785E-2	1.099918E-7	1.204014E+2
2.500000E-1	7.520041E-3	7.520041E-3	7.466637E-8	1.207832E+2
2.000000E-1	4.891954E-3	4.891954E-3	4.857213E-8	1.209707E+2
1.500000E-1	2.955815E-3	2.955815E-3	2.934824E-8	1.211592E+2
1.000000E-1	1.602798E-3	1.602798E-3	1.591416E-8	1.213467E+2
5.000000E-2	6.777079E-4	6.777079E-4	6.728951E-9	1.217285E+2
0.000000E+0	1.783602E-6	1.783602E-6	1.770936E-11	1.226230E+2
-5.000000E-2	6.461027E-4	-6.461027E-4	-6.415143E-9	1.232002E+2
-1.000000E-1	1.547816E-3	-1.547816E-3	-1.536824E-8	1.237754E+2
-1.500000E-1	2.818009E-3	-2.818009E-3	-2.797997E-8	1.239629E+2
-2.000000E-1	4.726951E-3	-4.726951E-3	-4.693382E-8	1.241514E+2
-2.500000E-1	7.194273E-3	-7.194273E-3	-7.143183E-8	1.243398E+2
-3.000000E-1	1.038374E-2	-1.038374E-2	-1.031000E-7	1.249141E+2
-3.500000E-1	1.447034E-2	-1.447034E-2	-1.436758E-7	1.251016E+2
-4.000000E-1	1.956115E-2	-1.956115E-2	-1.942224E-7	1.252900E+2
-4.500000E-1	2.565954E-2	-2.565954E-2	-2.547732E-7	1.254785E+2
-5.000000E-1	3.276706E-2	-3.276706E-2	-3.253436E-7	1.256660E+2
-5.000000E-1	3.281578E-2	-3.281578E-2	-3.258274E-7	1.258545E+2
-4.500000E-1	2.569806E-2	-2.569806E-2	-2.551556E-7	1.260430E+2
-4.000000E-1	1.961846E-2	-1.961846E-2	-1.947914E-7	1.262305E+2
-3.500000E-1	1.454839E-2	-1.454839E-2	-1.444507E-7	1.264189E+2
-3.000000E-1	1.042773E-2	-1.042773E-2	-1.035368E-7	1.266074E+2
-2.500000E-1	7.125289E-3	-7.125289E-3	-7.074688E-8	1.269883E+2
-2.000000E-1	4.696909E-3	-4.696909E-3	-4.663553E-8	1.271768E+2
-1.500000E-1	2.861262E-3	-2.861262E-3	-2.840942E-8	1.273652E+2
-1.000000E-1	1.577273E-3	-1.577273E-3	-1.566072E-8	1.275527E+2
-5.000000E-2	6.706065E-4	-6.706065E-4	-6.658442E-9	1.279346E+2
0.000000E+0	2.009283E-6	2.009283E-6	1.995014E-11	1.288291E+2
0.000000E+0	2.185467E-6	2.185467E-6	2.169947E-11	1.293535E+2
5.000000E-2	6.726951E-4	6.726951E-4	6.679179E-9	1.299297E+2
1.000000E-1	1.564818E-3	1.564818E-3	1.553705E-8	1.305049E+2
1.500000E-1	2.913841E-3	2.913841E-3	2.893148E-8	1.306924E+2
2.000000E-1	4.878774E-3	4.878774E-3	4.844127E-8	1.308809E+2
2.500000E-1	7.604388E-3	7.604388E-3	7.550385E-8	1.310684E+2
3.000000E-1	1.096430E-2	1.096430E-2	1.088644E-7	1.316436E+2
3.500000E-1	1.543355E-2	1.543355E-2	1.532395E-7	1.318311E+2
4.000000E-1	2.101019E-2	2.101019E-2	2.086098E-7	1.320195E+2
4.500000E-1	2.786846E-2	2.786846E-2	2.767055E-7	1.322070E+2
5.000000E-1	3.611210E-2	3.611210E-2	3.585565E-7	1.323955E+2
5.000000E-1	3.604676E-2	3.604676E-2	3.579077E-7	1.325840E+2
4.500000E-1	2.788932E-2	2.788932E-2	2.769126E-7	1.327715E+2
4.000000E-1	2.111050E-2	2.111050E-2	2.096058E-7	1.329600E+2
3.500000E-1	1.555830E-2	1.555830E-2	1.544781E-7	1.331484E+2
3.000000E-1	1.108762E-2	1.108762E-2	1.100888E-7	1.333359E+2
2.500000E-1	7.526311E-3	7.526311E-3	7.472862E-8	1.337178E+2
2.000000E-1	4.901406E-3	4.901406E-3	4.866598E-8	1.339063E+2
1.500000E-1	2.950339E-3	2.950339E-3	2.929387E-8	1.340937E+2
1.000000E-1	1.599919E-3	1.599919E-3	1.588557E-8	1.342822E+2
5.000000E-2	6.722693E-4	6.722693E-4	6.674951E-9	1.346641E+2
0.000000E+0	1.406774E-6	1.406774E-6	1.396784E-11	1.355586E+2
-5.000000E-2	6.508740E-4	-6.508740E-4	-6.462517E-9	1.361348E+2
-1.000000E-1	1.543322E-3	-1.543322E-3	-1.532362E-8	1.367100E+2
-1.500000E-1	2.821524E-3	-2.821524E-3	-2.801487E-8	1.368984E+2
-2.000000E-1	4.652796E-3	-4.652796E-3	-4.619754E-8	1.370869E+2
-2.500000E-1	7.185455E-3	-7.185455E-3	-7.134427E-8	1.372744E+2
-3.000000E-1	1.048866E-2	-1.048866E-2	-1.041417E-7	1.374629E+2
-3.500000E-1	1.464724E-2	-1.464724E-2	-1.454322E-7	1.380371E+2
-4.000000E-1	1.967888E-2	-1.967888E-2	-1.953913E-7	1.382256E+2
-4.500000E-1	2.585924E-2	-2.585924E-2	-2.567560E-7	1.384131E+2
-5.000000E-1	3.304808E-2	-3.304808E-2	-3.281339E-7	1.386016E+2
-5.000000E-1	3.289792E-2	-3.289792E-2	-3.266429E-7	1.387900E+2
-4.500000E-1	2.568713E-2	-2.568713E-2	-2.550471E-7	1.389775E+2
-4.000000E-1	1.959713E-2	-1.959713E-2	-1.945796E-7	1.391660E+2
-3.500000E-1	1.462677E-2	-1.462677E-2	-1.452290E-7	1.393545E+2
-3.000000E-1	1.051871E-2	-1.051871E-2	-1.044401E-7	1.395420E+2
-2.500000E-1	7.208338E-3	-7.208338E-3	-7.157148E-8	1.399238E+2
-2.000000E-1	4.727130E-3	-4.727130E-3	-4.693560E-8	1.401123E+2
-1.500000E-1	2.884347E-3	-2.884347E-3	-2.863864E-8	1.402998E+2
-1.000000E-1	1.581547E-3	-1.581547E-3	-1.570315E-8	1.404883E+2
-5.000000E-2	6.682303E-4	-6.682303E-4	-6.634848E-9	1.408701E+2
0.000000E+0	2.387619E-6	2.387619E-6	2.370663E-11	1.417646E+2
0.000000E+0	7.706608E-7	7.706608E-7	7.651879E-12	1.422891E+2
5.000000E-2	6.686308E-4	6.686308E-4	6.638824E-9	1.428643E+2
1.000000E-1	1.580424E-3	1.580424E-3	1.569201E-8	1.434395E+2
1.500000E-1	2.926578E-3	2.926578E-3	2.905795E-8	1.436279E+2
2.000000E-1	4.905493E-3	4.905493E-3	4.870656E-8	1.438164E+2
2.500000E-1	7.566959E-3	7.566959E-3	7.513221E-8	1.440039E+2
3.000000E-1	1.101601E-2	1.101601E-2	1.093778E-7	1.445781E+2
3.500000E-1	1.552273E-2	1.552273E-2	1.541249E-7	1.447666E+2
4.000000E-1	2.113007E-2	2.113007E-2	2.098001E-7	1.449551E+2
4.500000E-1	2.804637E-2	2.804637E-2	2.784720E-7	1.451426E+2
5.000000E-1	3.627639E-2	3.627639E-2	3.601877E-7	1.453311E+2
5.000000E-1	3.615427E-2	3.615427E-2	3.589752E-7	1.455195E+2
4.500000E-1	2.800946E-2	2.800946E-2	2.781055E-7	1.457070E+2
4.000000E-1	2.122412E-2	2.122412E-2	2.107340E-7	1.458955E+2
3.500000E-1	1.559316E-2	1.559316E-2	1.548242E-7	1.460830E+2
3.000000E-1	1.107019E-2	1.107019E-2	1.099157E-7	1.462715E+2
2.500000E-1	7.550486E-3	7.550486E-3	7.496865E-8	1.466533E+2
2.000000E-1	4.896368E-3	4.896368E-3	4.861596E-8	1.468418E+2
1.500000E-1	2.964579E-3	2.964579E-3	2.943526E-8	1.470293E+2
1.000000E-1	1.607842E-3	1.607842E-3	1.596424E-8	1.472178E+2
5.000000E-2	6.775249E-4	6.775249E-4	6.727134E-9	1.475996E+2
0.000000E+0	1.661463E-6	1.661463E-6	1.649664E-11	1.484941E+2
-5.000000E-2	6.487463E-4	-6.487463E-4	-6.441392E-9	1.490703E+2
-1.000000E-1	1.570904E-3	-1.570904E-3	-1.559748E-8	1.496455E+2
-1.500000E-1	2.855943E-3	-2.855943E-3	-2.835661E-8	1.498340E+2
-2.000000E-1	4.692067E-3	-4.692067E-3	-4.658746E-8	1.500215E+2
-2.500000E-1	7.191551E-3	-7.191551E-3	-7.140480E-8	1.502100E+2
-3.000000E-1	1.048260E-2	-1.048260E-2	-1.040816E-7	1.503984E+2
-3.500000E-1	1.465811E-2	-1.465811E-2	-1.455401E-7	1.509727E+2
-4.000000E-1	1.971561E-2	-1.971561E-2	-1.957560E-7	1.511611E+2
-4.500000E-1	2.579008E-2	-2.579008E-2	-2.560693E-7	1.513486E+2
-5.000000E-1	3.302663E-2	-3.302663E-2	-3.279209E-7	1.515371E+2
-5.000000E-1	3.309409E-2	-3.309409E-2	-3.285907E-7	1.517246E+2
-4.500000E-1	2.587855E-2	-2.587855E-2	-2.569477E-7	1.519131E+2
-4.000000E-1	1.974137E-2	-1.974137E-2	-1.960118E-7	1.521016E+2
-3.500000E-1	1.470173E-2	-1.470173E-2	-1.459732E-7	1.522891E+2
-3.000000E-1	1.056275E-2	-1.056275E-2	-1.048774E-7	1.524775E+2
-2.500000E-1	7.212941E-3	-7.212941E-3	-7.161717E-8	1.528594E+2
-2.000000E-1	4.729553E-3	-4.729553E-3	-4.695966E-8	1.530469E+2
-1.500000E-1	2.889161E-3	-2.889161E-3	-2.868643E-8	1.532354E+2
-1.000000E-1	1.566626E-3	-1.566626E-3	-1.555500E-8	1.534238E+2
-5.000000E-2	6.752173E-4	-6.752173E-4	-6.704222E-9	1.538057E+2
0.000000E+0	1.934192E-6	1.934192E-6	1.920456E-11	1.547002E+2
0.000000E+0	2.050798E-6	2.050798E-6	2.036234E-11	1.552236E+2
5.000000E-2	6.832914E-4	6.832914E-4	6.784389E-9	1.557998E+2
1.000000E-1	1.603690E-3	1.603690E-3	1.592301E-8	1.563750E+2
1.500000E-1	2.961412E-3	2.961412E-3	2.940381E-8	1.565635E+2
2.000000E-1	4.940634E-3	4.940634E-3	4.905548E-8	1.567510E+2
2.500000E-1	7.693556E-3	7.693556E-3	7.638920E-8	1.569395E+2
3.000000E-1	1.117500E-2	1.117500E-2	1.109564E-7	1.575137E+2
3.500000E-1	1.571803E-2	1.571803E-2	1.560641E-7	1.577021E+2
4.000000E-1	2.138291E-2	2.138291E-2	2.123106E-7	1.578896E+2
4.500000E-1	2.824475E-2	2.824475E-2	2.804417E-7	1.580781E+2
5.000000E-1	3.651676E-2	3.651676E-2	3.625743E-7	1.582666E+2
5.000000E-1	3.651747E-2	3.651747E-2	3.625814E-7	1.584541E+2
4.500000E-1	2.825241E-2	2.825241E-2	2.805177E-7	1.586426E+2
4.000000E-1	2.138477E-2	2.138477E-2	2.123290E-7	1.588301E+2
3.500000E-1	1.575751E-2	1.575751E-2	1.564561E-7	1.590186E+2
3.000000E-1	1.127108E-2	1.127108E-2	1.119104E-7	1.592070E+2
2.500000E-1	7.631117E-3	7.631117E-3	7.576924E-8	1.595889E+2
2.000000E-1	4.943371E-3	4.943371E-3	4.908265E-8	1.597764E+2
1.500000E-1	3.001849E-3	3.001849E-3	2.980531E-8	1.599648E+2
1.000000E-1	1.625731E-3	1.625731E-3	1.614186E-8	1.601523E+2
5.000000E-2	6.804484E-4	6.804484E-4	6.756162E-9	1.605342E+2
0.000000E+0	1.483359E-6	1.483359E-6	1.472825E-11	1.614287E+2
-5.000000E-2	6.565758E-4	-6.565758E-4	-6.519131E-9	1.620059E+2
-1.000000E-1	1.561509E-3	-1.561509E-3	-1.550420E-8	1.625811E+2
-1.500000E-1	2.847657E-3	-2.847657E-3	-2.827434E-8	1.627686E+2
-2.000000E-1	4.700261E-3	-4.700261E-3	-4.666882E-8	1.629570E+2
-2.500000E-1	7.194832E-3	-7.194832E-3	-7.143737E-8	1.631455E+2
-3.000000E-1	1.048369E-2	-1.048369E-2	-1.040924E-7	1.633330E+2
-3.500000E-1	1.483347E-2	-1.483347E-2	-1.472813E-7	1.639072E+2
-4.000000E-1	1.989105E-2	-1.989105E-2	-1.974979E-7	1.640957E+2
-4.500000E-1	2.609143E-2	-2.609143E-2	-2.590614E-7	1.642842E+2
-5.000000E-1	3.341227E-2	-3.341227E-2	-3.317499E-7	1.644717E+2
-5.000000E-1	3.349176E-2	-3.349176E-2	-3.325392E-7	1.646602E+2
-4.500000E-1	2.616353E-2	-2.616353E-2	-2.597773E-7	1.648486E+2
-4.000000E-1	1.996907E-2	-1.996907E-2	-1.982726E-7	1.650361E+2
-3.500000E-1	1.490038E-2	-1.490038E-2	-1.479456E-7	1.652246E+2
-3.000000E-1	1.071135E-2	-1.071135E-2	-1.063528E-7	1.654131E+2
-2.500000E-1	7.330680E-3	-7.330680E-3	-7.278621E-8	1.657939E+2
-2.000000E-1	4.806439E-3	-4.806439E-3	-4.772306E-8	1.659824E+2
-1.500000E-1	2.945552E-3	-2.945552E-3	-2.924634E-8	1.661709E+2
-1.000000E-1	1.605968E-3	-1.605968E-3	-1.594563E-8	1.663584E+2
-5.000000E-2	6.793920E-4	-6.793920E-4	-6.745673E-9	1.667402E+2
0.000000E+0	2.384804E-6	2.384804E-6	2.367868E-11	1.676348E+2
0.000000E+0	1.011751E-6	1.011751E-6	1.004566E-11	1.681592E+2
5.000000E-2	6.810506E-4	6.810506E-4	6.762140E-9	1.687354E+2
1.000000E-1	1.593716E-3	1.593716E-3	1.582398E-8	1.693105E+2
1.500000E-1	2.949439E-3	2.949439E-3	2.928493E-8	1.694980E+2
2.000000E-1	4.928931E-3	4.928931E-3	4.893928E-8	1.696865E+2
2.500000E-1	7.701163E-3	7.701163E-3	7.646472E-8	1.698750E+2
3.000000E-1	1.129106E-2	1.129106E-2	1.121088E-7	1.704492E+2
3.500000E-1	1.583131E-2	1.583131E-2	1.571888E-7	1.706367E+2
4.000000E-1	2.161686E-2	2.161686E-2	2.146335E-7	1.708252E+2
4.500000E-1	2.862029E-2	2.862029E-2	2.841704E-7	1.710137E+2
5.000000E-1	3.688515E-2	3.688515E-2	3.662321E-7	1.712012E+2
5.000000E-1	3.668523E-2	3.668523E-2	3.642471E-7	1.713896E+2
4.500000E-1	2.849852E-2	2.849852E-2	2.829614E-7	1.715781E+2
4.000000E-1	2.157536E-2	2.157536E-2	2.142214E-7	1.717656E+2
3.500000E-1	1.596242E-2	1.596242E-2	1.584906E-7	1.719541E+2
3.000000E-1	1.137887E-2	1.137887E-2	1.129806E-7	1.721416E+2
2.500000E-1	7.689724E-3	7.689724E-3	7.635115E-8	1.725234E+2
2.000000E-1	4.980423E-3	4.980423E-3	4.945054E-8	1.727119E+2
1.500000E-1	3.017999E-3	3.017999E-3	2.996567E-8	1.728994E+2
1.000000E-1	1.638578E-3	1.638578E-3	1.626941E-8	1.730879E+2
5.000000E-2	6.837833E-4	6.837833E-4	6.789274E-9	1.734697E+2
0.000000E+0	1.536351E-6	1.536351E-6	1.525440E-11	1.743643E+2
-5.000000E-2	6.492387E-4	-6.492387E-4	-6.446281E-9	1.749414E+2
-1.000000E-1	1.548448E-3	-1.548448E-3	-1.537452E-8	1.755166E+2
-1.500000E-1	2.825450E-3	-2.825450E-3	-2.805385E-8	1.757041E+2
-2.000000E-1	4.665841E-3	-4.665841E-3	-4.632706E-8	1.758926E+2
-2.500000E-1	7.163441E-3	-7.163441E-3	-7.112570E-8	1.760811E+2
-3.000000E-1	1.043314E-2	-1.043314E-2	-1.035905E-7	1.762686E+2
-3.500000E-1	1.470629E-2	-1.470629E-2	-1.460185E-7	1.768428E+2
-4.000000E-1	1.978803E-2	-1.978803E-2	-1.964750E-7	1.770313E+2
-4.500000E-1	2.592054E-2	-2.592054E-2	-2.573646E-7	1.772197E+2
-5.000000E-1	3.316205E-2	-3.316205E-2	-3.292655E-7	1.774072E+2
-5.000000E-1	3.317611E-2	-3.317611E-2	-3.294051E-7	1.775957E+2
-4.500000E-1	2.595105E-2	-2.595105E-2	-2.576676E-7	1.777842E+2
-4.000000E-1	1.985439E-2	-1.985439E-2	-1.971339E-7	1.779717E+2
-3.500000E-1	1.473921E-2	-1.473921E-2	-1.463454E-7	1.781602E+2
-3.000000E-1	1.057800E-2	-1.057800E-2	-1.050288E-7	1.783477E+2
-2.500000E-1	7.245843E-3	-7.245843E-3	-7.194386E-8	1.787295E+2
-2.000000E-1	4.756485E-3	-4.756485E-3	-4.722706E-8	1.789180E+2
-1.500000E-1	2.903553E-3	-2.903553E-3	-2.882933E-8	1.791064E+2
-1.000000E-1	1.587757E-3	-1.587757E-3	-1.576481E-8	1.792939E+2
-5.000000E-2	6.685054E-4	-6.685054E-4	-6.637580E-9	1.796758E+2
0.000000E+0	2.254956E-6	2.254956E-6	2.238942E-11	1.805703E+2
0.000000E+0	5.206548E-7	5.206548E-7	5.169573E-12	1.810947E+2
5.000000E-2	6.788876E-4	6.788876E-4	6.740664E-9	1.816709E+2
1.000000E-1	1.599459E-3	1.599459E-3	1.588100E-8	1.822461E+2
1.500000E-1	2.959342E-3	2.959342E-3	2.938326E-8	1.824336E+2
2.000000E-1	4.957443E-3	4.957443E-3	4.922237E-8	1.826221E+2
2.500000E-1	7.684027E-3	7.684027E-3	7.629458E-8	1.828096E+2
3.000000E-1	1.126338E-2	1.126338E-2	1.118339E-7	1.833848E+2
3.500000E-1	1.580190E-2	1.580190E-2	1.568968E-7	1.835723E+2
4.000000E-1	2.157281E-2	2.157281E-2	2.141961E-7	1.837607E+2
4.500000E-1	2.856848E-2	2.856848E-2	2.836560E-7	1.839492E+2
5.000000E-1	3.680906E-2	3.680906E-2	3.654766E-7	1.841367E+2
5.000000E-1	3.677657E-2	3.677657E-2	3.651540E-7	1.843252E+2
4.500000E-1	2.846755E-2	2.846755E-2	2.826539E-7	1.845127E+2
4.000000E-1	2.162216E-2	2.162216E-2	2.146861E-7	1.847012E+2
3.500000E-1	1.593693E-2	1.593693E-2	1.582375E-7	1.848896E+2
3.000000E-1	1.134833E-2	1.134833E-2	1.126774E-7	1.850771E+2
2.500000E-1	7.675372E-3	7.675372E-3	7.620864E-8	1.854590E+2
2.000000E-1	4.986143E-3	4.986143E-3	4.950734E-8	1.856475E+2
1.500000E-1	3.009289E-3	3.009289E-3	2.987918E-8	1.858350E+2
1.000000E-1	1.642586E-3	1.642586E-3	1.630921E-8	1.860234E+2
5.000000E-2	6.895736E-4	6.895736E-4	6.846765E-9	1.864053E+2
0.000000E+0	1.769617E-6	1.769617E-6	1.757050E-11	1.872998E+2
-5.000000E-2	6.542297E-4	-6.542297E-4	-6.495836E-9	1.878760E+2
-1.000000E-1	1.557211E-3	-1.557211E-3	-1.546152E-8	1.884512E+2
-1.500000E-1	2.870034E-3	-2.870034E-3	-2.849652E-8	1.886396E+2
-2.000000E-1	4.735788E-3	-4.735788E-3	-4.702156E-8	1.888281E+2
-2.500000E-1	7.260018E-3	-7.260018E-3	-7.208460E-8	1.890156E+2
-3.000000E-1	1.053069E-2	-1.053069E-2	-1.045591E-7	1.892041E+2
-3.500000E-1	1.484007E-2	-1.484007E-2	-1.473468E-7	1.897783E+2
-4.000000E-1	1.986066E-2	-1.986066E-2	-1.971962E-7	1.899668E+2
-4.500000E-1	2.603015E-2	-2.603015E-2	-2.584529E-7	1.901543E+2
-5.000000E-1	3.325734E-2	-3.325734E-2	-3.302116E-7	1.903428E+2
-5.000000E-1	3.332245E-2	-3.332245E-2	-3.308581E-7	1.905313E+2
-4.500000E-1	2.607847E-2	-2.607847E-2	-2.589327E-7	1.907188E+2
-4.000000E-1	1.995187E-2	-1.995187E-2	-1.981018E-7	1.909072E+2
-3.500000E-1	1.484509E-2	-1.484509E-2	-1.473967E-7	1.910957E+2
-3.000000E-1	1.066561E-2	-1.066561E-2	-1.058987E-7	1.912832E+2
-2.500000E-1	7.323454E-3	-7.323454E-3	-7.271446E-8	1.916650E+2
-2.000000E-1	4.788254E-3	-4.788254E-3	-4.754250E-8	1.918535E+2
-1.500000E-1	2.924575E-3	-2.924575E-3	-2.903806E-8	1.920410E+2
-1.000000E-1	1.604174E-3	-1.604174E-3	-1.592782E-8	1.922295E+2
-5.000000E-2	6.799531E-4	-6.799531E-4	-6.751244E-9	1.926113E+2
0.000000E+0	2.001335E-6	2.001335E-6	1.987122E-11	1.935059E+2
0.000000E+0	2.012652E-6	2.012652E-6	1.998359E-11	1.940303E+2
5.000000E-2	6.844969E-4	6.844969E-4	6.796359E-9	1.946055E+2
1.000000E-1	1.620267E-3	1.620267E-3	1.608760E-8	1.951807E+2
1.500000E-1	3.009937E-3	3.009937E-3	2.988562E-8	1.953691E+2
2.000000E-1	5.014323E-3	5.014323E-3	4.978713E-8	1.955576E+2
2.500000E-1	7.765988E-3	7.765988E-3	7.710837E-8	1.957451E+2
3.000000E-1	1.134428E-2	1.134428E-2	1.126372E-7	1.963193E+2
3.500000E-1	1.600429E-2	1.600429E-2	1.589063E-7	1.965078E+2
4.000000E-1	2.167310E-2	2.167310E-2	2.151919E-7	1.966963E+2
4.500000E-1	2.861239E-2	2.861239E-2	2.840920E-7	1.968838E+2
5.000000E-1	3.698816E-2	3.698816E-2	3.672549E-7	1.970723E+2
5.000000E-1	3.688013E-2	3.688013E-2	3.661822E-7	1.972607E+2
4.500000E-1	2.858959E-2	2.858959E-2	2.838656E-7	1.974482E+2
4.000000E-1	2.177154E-2	2.177154E-2	2.161693E-7	1.976367E+2
3.500000E-1	1.606140E-2	1.606140E-2	1.594734E-7	1.978242E+2
3.000000E-1	1.146653E-2	1.146653E-2	1.138510E-7	1.980127E+2
2.500000E-1	7.770097E-3	7.770097E-3	7.714917E-8	1.983945E+2
2.000000E-1	5.093664E-3	5.093664E-3	5.057491E-8	1.985830E+2
1.500000E-1	3.088221E-3	3.088221E-3	3.066290E-8	1.987705E+2
1.000000E-1	1.688319E-3	1.688319E-3	1.676329E-8	1.989590E+2
5.000000E-2	7.089362E-4	7.089362E-4	7.039016E-9	1.993408E+2
0.000000E+0	1.588872E-6	1.588872E-6	1.577589E-11	2.002354E+2
-5.000000E-2	6.794715E-4	-6.794715E-4	-6.746462E-9	2.008115E+2
-1.000000E-1	1.619818E-3	-1.619818E-3	-1.608315E-8	2.013867E+2
-1.500000E-1	2.961752E-3	-2.961752E-3	-2.940719E-8	2.015752E+2
-2.000000E-1	4.847611E-3	-4.847611E-3	-4.813185E-8	2.017627E+2
-2.500000E-1	7.416043E-3	-7.416043E-3	-7.363377E-8	2.019512E+2
-3.000000E-1	1.089331E-2	-1.089331E-2	-1.081595E-7	2.025254E+2
-3.500000E-1	1.503918E-2	-1.503918E-2	-1.493238E-7	2.027139E+2
-4.000000E-1	2.027392E-2	-2.027392E-2	-2.012994E-7	2.029023E+2
-4.500000E-1	2.651642E-2	-2.651642E-2	-2.632811E-7	2.030898E+2
-5.000000E-1	3.378050E-2	-3.378050E-2	-3.354061E-7	2.032783E+2
-5.000000E-1	3.373300E-2	-3.373300E-2	-3.349344E-7	2.034658E+2
-4.500000E-1	2.646636E-2	-2.646636E-2	-2.627841E-7	2.036543E+2
-4.000000E-1	2.026275E-2	-2.026275E-2	-2.011885E-7	2.038428E+2
-3.500000E-1	1.506262E-2	-1.506262E-2	-1.495565E-7	2.040303E+2
-3.000000E-1	1.087968E-2	-1.087968E-2	-1.080242E-7	2.042187E+2
-2.500000E-1	7.504513E-3	-7.504513E-3	-7.451219E-8	2.046006E+2
-2.000000E-1	4.920294E-3	-4.920294E-3	-4.885352E-8	2.047881E+2
-1.500000E-1	3.019598E-3	-3.019598E-3	-2.998154E-8	2.049766E+2
-1.000000E-1	1.660473E-3	-1.660473E-3	-1.648681E-8	2.051650E+2
-5.000000E-2	7.041855E-4	-7.041855E-4	-6.991846E-9	2.055469E+2
0.000000E+0	2.108675E-6	2.108675E-6	2.093700E-11	2.064414E+2
0.000000E+0	2.239289E-6	2.239289E-6	2.223386E-11	2.069648E+2
5.000000E-2	7.085250E-4	7.085250E-4	7.034934E-9	2.075410E+2
1.000000E-1	1.663224E-3	1.663224E-3	1.651412E-8	2.081162E+2
1.500000E-1	3.071817E-3	3.071817E-3	3.050002E-8	2.083047E+2
2.000000E-1	5.100781E-3	5.100781E-3	5.064558E-8	2.084922E+2
2.500000E-1	7.856551E-3	7.856551E-3	7.800757E-8	2.086807E+2
3.000000E-1	1.139051E-2	1.139051E-2	1.130962E-7	2.092549E+2
3.500000E-1	1.600908E-2	1.600908E-2	1.589539E-7	2.094434E+2
4.000000E-1	2.188196E-2	2.188196E-2	2.172656E-7	2.096309E+2
4.500000E-1	2.891624E-2	2.891624E-2	2.871089E-7	2.098193E+2
5.000000E-1	3.718798E-2	3.718798E-2	3.692389E-7	2.100078E+2
5.000000E-1	3.701928E-2	3.701928E-2	3.675638E-7	2.101953E+2
4.500000E-1	2.875744E-2	2.875744E-2	2.855322E-7	2.103838E+2
4.000000E-1	2.178201E-2	2.178201E-2	2.162732E-7	2.105713E+2
3.500000E-1	1.606233E-2	1.606233E-2	1.594826E-7	2.107598E+2
3.000000E-1	1.144579E-2	1.144579E-2	1.136451E-7	2.109482E+2
2.500000E-1	7.787467E-3	7.787467E-3	7.732164E-8	2.113301E+2
2.000000E-1	5.084400E-3	5.084400E-3	5.048293E-8	2.115176E+2
1.500000E-1	3.077744E-3	3.077744E-3	3.055887E-8	2.117061E+2
1.000000E-1	1.682398E-3	1.682398E-3	1.670450E-8	2.118936E+2
5.000000E-2	7.100830E-4	7.100830E-4	7.050403E-9	2.122754E+2
0.000000E+0	1.372363E-6	1.372363E-6	1.362617E-11	2.131699E+2
-5.000000E-2	6.780880E-4	-6.780880E-4	-6.732725E-9	2.137471E+2
-1.000000E-1	1.609079E-3	-1.609079E-3	-1.597652E-8	2.143223E+2
-1.500000E-1	2.933253E-3	-2.933253E-3	-2.912422E-8	2.145098E+2
-2.000000E-1	4.807357E-3	-4.807357E-3	-4.773217E-8	2.146982E+2
-2.500000E-1	7.384650E-3	-7.384650E-3	-7.332208E-8	2.148867E+2
-3.000000E-1	1.080263E-2	-1.080263E-2	-1.072591E-7	2.154609E+2
-3.500000E-1	1.491729E-2	-1.491729E-2	-1.481135E-7	2.156494E+2
-4.000000E-1	2.012045E-2	-2.012045E-2	-1.997756E-7	2.158369E+2
-4.500000E-1	2.635736E-2	-2.635736E-2	-2.617018E-7	2.160254E+2
-5.000000E-1	3.372319E-2	-3.372319E-2	-3.348370E-7	2.162129E+2
-5.000000E-1	3.377228E-2	-3.377228E-2	-3.353244E-7	2.164014E+2
-4.500000E-1	2.642589E-2	-2.642589E-2	-2.623822E-7	2.165898E+2
-4.000000E-1	2.022124E-2	-2.022124E-2	-2.007764E-7	2.167773E+2
-3.500000E-1	1.507849E-2	-1.507849E-2	-1.497141E-7	2.169658E+2
-3.000000E-1	1.085157E-2	-1.085157E-2	-1.077451E-7	2.171543E+2
-2.500000E-1	7.426253E-3	-7.426253E-3	-7.373515E-8	2.175352E+2
-2.000000E-1	4.902558E-3	-4.902558E-3	-4.867742E-8	2.177236E+2
-1.500000E-1	3.013379E-3	-3.013379E-3	-2.991979E-8	2.179121E+2
-1.000000E-1	1.662652E-3	-1.662652E-3	-1.650845E-8	2.180996E+2
-5.000000E-2	7.107609E-4	-7.107609E-4	-7.057134E-9	2.184814E+2
0.000000E+0	2.286496E-6	2.286496E-6	2.270258E-11	2.193760E+2
0.000000E+0	1.291189E-6	1.291189E-6	1.282020E-11	2.199004E+2
5.000000E-2	7.080015E-4	7.080015E-4	7.029736E-9	2.204766E+2
1.000000E-1	1.668278E-3	1.668278E-3	1.656431E-8	2.210518E+2
1.500000E-1	3.063322E-3	3.063322E-3	3.041568E-8	2.212393E+2
2.000000E-1	5.100181E-3	5.100181E-3	5.063962E-8	2.214277E+2
2.500000E-1	7.906125E-3	7.906125E-3	7.849979E-8	2.216162E+2
3.000000E-1	1.142283E-2	1.142283E-2	1.134171E-7	2.221904E+2
3.500000E-1	1.601770E-2	1.601770E-2	1.590395E-7	2.223779E+2
4.000000E-1	2.182852E-2	2.182852E-2	2.167350E-7	2.225664E+2
4.500000E-1	2.893008E-2	2.893008E-2	2.872463E-7	2.227549E+2
5.000000E-1	3.735495E-2	3.735495E-2	3.708967E-7	2.229424E+2
5.000000E-1	3.726284E-2	3.726284E-2	3.699822E-7	2.231309E+2
4.500000E-1	2.889346E-2	2.889346E-2	2.868827E-7	2.233184E+2
4.000000E-1	2.183189E-2	2.183189E-2	2.167685E-7	2.235068E+2
3.500000E-1	1.610172E-2	1.610172E-2	1.598737E-7	2.236953E+2
3.000000E-1	1.149654E-2	1.149654E-2	1.141490E-7	2.238828E+2
2.500000E-1	7.821816E-3	7.821816E-3	7.766268E-8	2.242646E+2
2.000000E-1	5.053831E-3	5.053831E-3	5.017941E-8	2.244531E+2
1.500000E-1	3.062608E-3	3.062608E-3	3.040859E-8	2.246406E+2
1.000000E-1	1.664946E-3	1.664946E-3	1.653122E-8	2.248291E+2
5.000000E-2	7.037440E-4	7.037440E-4	6.987463E-9	2.252109E+2
0.000000E+0	1.367955E-6	1.367955E-6	1.358240E-11	2.261055E+2
-5.000000E-2	6.800089E-4	-6.800089E-4	-6.751798E-9	2.266816E+2
-1.000000E-1	1.609203E-3	-1.609203E-3	-1.597775E-8	2.272568E+2
-1.500000E-1	2.945746E-3	-2.945746E-3	-2.924827E-8	2.274453E+2
-2.000000E-1	4.858157E-3	-4.858157E-3	-4.823656E-8	2.276338E+2
-2.500000E-1	7.410750E-3	-7.410750E-3	-7.358122E-8	2.278213E+2
-3.000000E-1	1.080873E-2	-1.080873E-2	-1.073197E-7	2.283965E+2
-3.500000E-1	1.500906E-2	-1.500906E-2	-1.490247E-7	2.285840E+2
-4.000000E-1	2.021135E-2	-2.021135E-2	-2.006782E-7	2.287725E+2
-4.500000E-1	2.639703E-2	-2.639703E-2	-2.620957E-7	2.289600E+2
-5.000000E-1	3.379806E-2	-3.379806E-2	-3.355804E-7	2.291484E+2
-5.000000E-1	3.381218E-2	-3.381218E-2	-3.357206E-7	2.293369E+2
-4.500000E-1	2.650397E-2	-2.650397E-2	-2.631575E-7	2.295244E+2
-4.000000E-1	2.033074E-2	-2.033074E-2	-2.018636E-7	2.297129E+2
-3.500000E-1	1.512739E-2	-1.512739E-2	-1.501996E-7	2.299014E+2
-3.000000E-1	1.089563E-2	-1.089563E-2	-1.081825E-7	2.300889E+2
-2.500000E-1	7.461124E-3	-7.461124E-3	-7.408138E-8	2.304707E+2
-2.000000E-1	4.910838E-3	-4.910838E-3	-4.875963E-8	2.306592E+2
-1.500000E-1	3.012544E-3	-3.012544E-3	-2.991150E-8	2.308467E+2
-1.000000E-1	1.654175E-3	-1.654175E-3	-1.642428E-8	2.310352E+2
-5.000000E-2	7.083850E-4	-7.083850E-4	-7.033543E-9	2.314170E+2
0.000000E+0	2.252851E-6	2.252851E-6	2.236852E-11	2.323115E+2
0.000000E+0	1.028093E-6	1.028093E-6	1.020792E-11	2.328359E+2
5.000000E-2	7.036270E-4	7.036270E-4	6.986301E-9	2.334111E+2
1.000000E-1	1.645529E-3	1.645529E-3	1.633843E-8	2.339863E+2
1.500000E-1	3.034517E-3	3.034517E-3	3.012967E-8	2.341748E+2
2.000000E-1	5.025826E-3	5.025826E-3	4.990135E-8	2.343633E+2
2.500000E-1	7.819352E-3	7.819352E-3	7.763822E-8	2.345508E+2
3.000000E-1	1.142185E-2	1.142185E-2	1.134074E-7	2.351250E+2
3.500000E-1	1.603965E-2	1.603965E-2	1.592574E-7	2.353135E+2
4.000000E-1	2.186814E-2	2.186814E-2	2.171284E-7	2.355020E+2
4.500000E-1	2.894968E-2	2.894968E-2	2.874409E-7	2.356895E+2
5.000000E-1	3.736596E-2	3.736596E-2	3.710060E-7	2.358779E+2
5.000000E-1	3.721921E-2	3.721921E-2	3.695489E-7	2.360654E+2
4.500000E-1	2.887565E-2	2.887565E-2	2.867059E-7	2.362539E+2
4.000000E-1	2.196752E-2	2.196752E-2	2.181152E-7	2.364424E+2
3.500000E-1	1.621891E-2	1.621891E-2	1.610373E-7	2.366299E+2
3.000000E-1	1.159048E-2	1.159048E-2	1.150817E-7	2.368184E+2
2.500000E-1	7.847907E-3	7.847907E-3	7.792175E-8	2.372002E+2
2.000000E-1	5.085214E-3	5.085214E-3	5.049101E-8	2.373877E+2
1.500000E-1	3.076859E-3	3.076859E-3	3.055008E-8	2.375762E+2
1.000000E-1	1.679903E-3	1.679903E-3	1.667973E-8	2.377646E+2
5.000000E-2	7.093559E-4	7.093559E-4	7.043184E-9	2.381455E+2
0.000000E+0	1.270930E-6	1.270930E-6	1.261904E-11	2.390410E+2
-5.000000E-2	6.796928E-4	-6.796928E-4	-6.748659E-9	2.396172E+2
-1.000000E-1	1.597724E-3	-1.597724E-3	-1.586378E-8	2.401924E+2
-1.500000E-1	2.942541E-3	-2.942541E-3	-2.921644E-8	2.403809E+2
-2.000000E-1	4.839911E-3	-4.839911E-3	-4.805540E-8	2.405684E+2
-2.500000E-1	7.433017E-3	-7.433017E-3	-7.380231E-8	2.407568E+2
-3.000000E-1	1.085832E-2	-1.085832E-2	-1.078121E-7	2.413311E+2
-3.500000E-1	1.506955E-2	-1.506955E-2	-1.496253E-7	2.415195E+2
-4.000000E-1	2.027433E-2	-2.027433E-2	-2.013035E-7	2.417070E+2
-4.500000E-1	2.656459E-2	-2.656459E-2	-2.637594E-7	2.418955E+2
-5.000000E-1	3.390935E-2	-3.390935E-2	-3.366854E-7	2.420840E+2
-5.000000E-1	3.389615E-2	-3.389615E-2	-3.365543E-7	2.422715E+2
-4.500000E-1	2.657771E-2	-2.657771E-2	-2.638897E-7	2.424600E+2
-4.000000E-1	2.033266E-2	-2.033266E-2	-2.018827E-7	2.426475E+2
-3.500000E-1	1.517268E-2	-1.517268E-2	-1.506493E-7	2.428359E+2
-3.000000E-1	1.095347E-2	-1.095347E-2	-1.087568E-7	2.430244E+2
-2.500000E-1	7.532379E-3	-7.532379E-3	-7.478887E-8	2.434063E+2
-2.000000E-1	4.950527E-3	-4.950527E-3	-4.915370E-8	2.435938E+2
-1.500000E-1	3.039327E-3	-3.039327E-3	-3.017743E-8	2.437822E+2
-1.000000E-1	1.656911E-3	-1.656911E-3	-1.645144E-8	2.439697E+2
-5.000000E-2	7.057280E-4	-7.057280E-4	-7.007162E-9	2.443516E+2
0.000000E+0	2.332200E-6	2.332200E-6	2.315638E-11	2.452471E+2
0.000000E+0	8.438880E-7	8.438880E-7	8.378950E-12	2.457705E+2
5.000000E-2	7.027010E-4	7.027010E-4	6.977107E-9	2.463467E+2
1.000000E-1	1.648705E-3	1.648705E-3	1.636997E-8	2.469219E+2
1.500000E-1	3.059587E-3	3.059587E-3	3.037859E-8	2.471094E+2
2.000000E-1	5.102000E-3	5.102000E-3	5.065768E-8	2.472979E+2
2.500000E-1	7.870268E-3	7.870268E-3	7.814377E-8	2.474863E+2
3.000000E-1	1.148063E-2	1.148063E-2	1.139910E-7	2.480605E+2
3.500000E-1	1.612495E-2	1.612495E-2	1.601044E-7	2.482480E+2
4.000000E-1	2.194802E-2	2.194802E-2	2.179215E-7	2.484365E+2
4.500000E-1	2.900750E-2	2.900750E-2	2.880150E-7	2.486250E+2
5.000000E-1	3.758328E-2	3.758328E-2	3.731638E-7	2.488125E+2
5.000000E-1	3.757415E-2	3.757415E-2	3.730731E-7	2.490010E+2
4.500000E-1	2.911258E-2	2.911258E-2	2.890583E-7	2.491895E+2
4.000000E-1	2.205454E-2	2.205454E-2	2.189792E-7	2.493770E+2
3.500000E-1	1.624943E-2	1.624943E-2	1.613403E-7	2.495654E+2
3.000000E-1	1.159110E-2	1.159110E-2	1.150878E-7	2.497529E+2
2.500000E-1	7.840839E-3	7.840839E-3	7.785157E-8	2.501348E+2
2.000000E-1	5.098499E-3	5.098499E-3	5.062292E-8	2.503232E+2
1.500000E-1	3.079257E-3	3.079257E-3	3.057389E-8	2.505107E+2
1.000000E-1	1.672783E-3	1.672783E-3	1.660904E-8	2.506992E+2
5.000000E-2	7.052087E-4	7.052087E-4	7.002006E-9	2.510811E+2
0.000000E+0	1.475772E-6	1.475772E-6	1.465292E-11	2.519756E+2
-5.000000E-2	6.770329E-4	-6.770329E-4	-6.722249E-9	2.525527E+2
-1.000000E-1	1.609101E-3	-1.609101E-3	-1.597674E-8	2.531279E+2
-1.500000E-1	2.942126E-3	-2.942126E-3	-2.921232E-8	2.533154E+2
-2.000000E-1	4.832344E-3	-4.832344E-3	-4.798027E-8	2.535039E+2
-2.500000E-1	7.398715E-3	-7.398715E-3	-7.346172E-8	2.536914E+2
-3.000000E-1	1.056873E-2	-1.056873E-2	-1.049368E-7	2.538799E+2
-3.500000E-1	1.519590E-2	-1.519590E-2	-1.508799E-7	2.544541E+2
-4.000000E-1	2.036373E-2	-2.036373E-2	-2.021912E-7	2.546426E+2
-4.500000E-1	2.669653E-2	-2.669653E-2	-2.650694E-7	2.548311E+2
-5.000000E-1	3.416776E-2	-3.416776E-2	-3.392512E-7	2.550186E+2
-5.000000E-1	3.421605E-2	-3.421605E-2	-3.397306E-7	2.552070E+2
-4.500000E-1	2.680788E-2	-2.680788E-2	-2.661750E-7	2.553945E+2
-4.000000E-1	2.049180E-2	-2.049180E-2	-2.034628E-7	2.555830E+2
-3.500000E-1	1.530369E-2	-1.530369E-2	-1.519501E-7	2.557715E+2
-3.000000E-1	1.104648E-2	-1.104648E-2	-1.096803E-7	2.559590E+2
-2.500000E-1	7.558285E-3	-7.558285E-3	-7.504609E-8	2.563408E+2
-2.000000E-1	4.975472E-3	-4.975472E-3	-4.940138E-8	2.565293E+2
-1.500000E-1	3.045280E-3	-3.045280E-3	-3.023654E-8	2.567168E+2
-1.000000E-1	1.677646E-3	-1.677646E-3	-1.665732E-8	2.569053E+2
-5.000000E-2	7.142498E-4	-7.142498E-4	-7.091775E-9	2.572871E+2
0.000000E+0	2.374437E-6	2.374437E-6	2.357575E-11	2.581816E+2
