voltage_spot_12_scan_1	absJ_spot_12_scan_1	J_spot_12_scan_1	current_spot_12_scan_1	time_spot_12_scan_1	
0.000000E+0	2.085152E-8	-2.085152E-8	-3.234912E-13	0.000000E+0
5.000000E-2	3.358634E-6	3.358634E-6	5.210597E-11	7.031250E-1
1.000000E-1	8.754781E-6	8.754781E-6	1.358220E-10	1.818359E+0
1.500000E-1	1.583940E-5	1.583940E-5	2.457331E-10	2.186523E+0
2.000000E-1	2.695998E-5	2.695998E-5	4.182582E-10	2.554688E+0
2.500000E-1	3.963726E-5	3.963726E-5	6.149340E-10	2.922852E+0
3.000000E-1	4.659530E-5	4.659530E-5	7.228813E-10	3.291992E+0
3.500000E-1	7.490939E-5	7.490939E-5	1.162147E-9	4.406250E+0
4.000000E-1	1.069212E-4	1.069212E-4	1.658779E-9	4.774414E+0
4.500000E-1	1.418064E-4	1.418064E-4	2.199990E-9	5.142578E+0
5.000000E-1	1.796992E-4	1.796992E-4	2.787860E-9	5.509766E+0
5.000000E-1	1.994157E-4	1.994157E-4	3.093743E-9	5.877930E+0
4.500000E-1	1.438540E-4	1.438540E-4	2.231757E-9	6.246094E+0
4.000000E-1	1.070067E-4	1.070067E-4	1.660106E-9	6.613281E+0
3.500000E-1	9.722685E-5	9.722685E-5	1.508381E-9	6.981445E+0
3.000000E-1	7.814677E-5	7.814677E-5	1.212372E-9	7.349609E+0
2.500000E-1	5.422347E-5	5.422347E-5	8.412249E-10	8.089844E+0
2.000000E-1	2.618805E-5	2.618805E-5	4.062824E-10	8.458984E+0
1.500000E-1	1.670533E-5	1.670533E-5	2.591672E-10	8.827148E+0
1.000000E-1	9.691242E-6	9.691242E-6	1.503503E-10	9.195313E+0
5.000000E-2	4.091279E-6	4.091279E-6	6.347226E-11	1.037012E+1
0.000000E+0	1.559704E-8	1.559704E-8	2.419731E-13	1.107324E+1
-5.000000E-2	3.491602E-6	-3.491602E-6	-5.416885E-11	1.177734E+1
-1.000000E-1	6.639497E-6	-6.639497E-6	-1.030054E-10	1.248047E+1
-1.500000E-1	1.342944E-5	-1.342944E-5	-2.083448E-10	1.359570E+1
-2.000000E-1	2.091751E-5	-2.091751E-5	-3.245151E-10	1.396387E+1
-2.500000E-1	2.767307E-5	-2.767307E-5	-4.293210E-10	1.433203E+1
-3.000000E-1	4.690147E-5	-4.690147E-5	-7.276311E-10	1.470117E+1
-3.500000E-1	5.677751E-5	-5.677751E-5	-8.808485E-10	1.506934E+1
-4.000000E-1	7.953680E-5	-7.953680E-5	-1.233937E-9	1.618359E+1
-4.500000E-1	8.732452E-5	-8.732452E-5	-1.354756E-9	1.655176E+1
-5.000000E-1	1.115383E-4	-1.115383E-4	-1.730409E-9	1.691992E+1
-5.000000E-1	9.695716E-5	-9.695716E-5	-1.504197E-9	1.728809E+1
-4.500000E-1	7.970491E-5	-7.970491E-5	-1.236545E-9	1.765527E+1
-4.000000E-1	7.391732E-5	-7.391732E-5	-1.146756E-9	1.802344E+1
-3.500000E-1	5.838468E-5	-5.838468E-5	-9.057821E-10	1.876465E+1
-3.000000E-1	4.066827E-5	-4.066827E-5	-6.309291E-10	1.913281E+1
-2.500000E-1	3.336006E-5	-3.336006E-5	-5.175492E-10	1.950098E+1
-2.000000E-1	2.155046E-5	-2.155046E-5	-3.343346E-10	1.987012E+1
-1.500000E-1	1.484913E-5	-1.484913E-5	-2.303699E-10	2.023828E+1
-1.000000E-1	8.759080E-6	-8.759080E-6	-1.358887E-10	2.060645E+1
-5.000000E-2	3.992158E-6	-3.992158E-6	-6.193449E-11	2.178125E+1
0.000000E+0	3.981557E-8	-3.981557E-8	-6.177003E-13	2.248535E+1
0.000000E+0	2.057063E-8	-2.057063E-8	-3.191336E-13	2.318848E+1
5.000000E-2	4.629814E-6	4.629814E-6	7.182711E-11	2.389160E+1
1.000000E-1	1.136847E-5	1.136847E-5	1.763708E-10	2.517383E+1
1.500000E-1	2.348220E-5	2.348220E-5	3.643038E-10	2.554199E+1
2.000000E-1	4.664478E-5	4.664478E-5	7.236489E-10	2.591113E+1
2.500000E-1	5.796391E-5	5.796391E-5	8.992542E-10	2.627930E+1
3.000000E-1	7.591550E-5	7.591550E-5	1.177756E-9	2.739453E+1
3.500000E-1	8.615358E-5	8.615358E-5	1.336590E-9	2.776172E+1
4.000000E-1	9.707389E-5	9.707389E-5	1.506008E-9	2.812988E+1
4.500000E-1	1.329324E-4	1.329324E-4	2.062319E-9	2.849805E+1
5.000000E-1	1.436092E-4	1.436092E-4	2.227959E-9	2.886523E+1
5.000000E-1	1.431266E-4	1.431266E-4	2.220472E-9	2.923340E+1
4.500000E-1	9.984222E-5	9.984222E-5	1.548956E-9	2.960059E+1
4.000000E-1	8.258965E-5	8.258965E-5	1.281299E-9	2.996875E+1
3.500000E-1	6.441330E-5	6.441330E-5	9.993104E-10	3.070996E+1
3.000000E-1	5.052470E-5	5.052470E-5	7.838421E-10	3.107813E+1
2.500000E-1	3.531138E-5	3.531138E-5	5.478220E-10	3.144629E+1
2.000000E-1	2.542288E-5	2.542288E-5	3.944115E-10	3.181543E+1
1.500000E-1	1.529087E-5	1.529087E-5	2.372231E-10	3.218359E+1
1.000000E-1	9.039961E-6	9.039961E-6	1.402463E-10	3.255176E+1
5.000000E-2	3.963953E-6	3.963953E-6	6.149692E-11	3.372656E+1
0.000000E+0	1.017440E-8	1.017440E-8	1.578460E-13	3.442969E+1
-5.000000E-2	3.689914E-6	-3.689914E-6	-5.724546E-11	3.513379E+1
-1.000000E-1	6.652768E-6	-6.652768E-6	-1.032113E-10	3.583691E+1
-1.500000E-1	1.429081E-5	-1.429081E-5	-2.217081E-10	3.695117E+1
-2.000000E-1	2.099194E-5	-2.099194E-5	-3.256698E-10	3.732031E+1
-2.500000E-1	2.703860E-5	-2.703860E-5	-4.194778E-10	3.768848E+1
-3.000000E-1	3.774929E-5	-3.774929E-5	-5.856440E-10	3.805664E+1
-3.500000E-1	5.358494E-5	-5.358494E-5	-8.313188E-10	3.842578E+1
-4.000000E-1	6.277585E-5	-6.277585E-5	-9.739070E-10	3.879395E+1
-4.500000E-1	7.760533E-5	-7.760533E-5	-1.203972E-9	3.990820E+1
-5.000000E-1	1.035213E-4	-1.035213E-4	-1.606033E-9	4.027637E+1
-5.000000E-1	1.351210E-4	-1.351210E-4	-2.096273E-9	4.064453E+1
-4.500000E-1	1.281965E-4	-1.281965E-4	-1.988846E-9	4.101172E+1
-4.000000E-1	1.037880E-4	-1.037880E-4	-1.610171E-9	4.137988E+1
-3.500000E-1	8.822854E-5	-8.822854E-5	-1.368781E-9	4.174805E+1
-3.000000E-1	5.170289E-5	-5.170289E-5	-8.021206E-10	4.248926E+1
-2.500000E-1	4.314306E-5	-4.314306E-5	-6.693230E-10	4.285742E+1
-2.000000E-1	2.765941E-5	-2.765941E-5	-4.291092E-10	4.322559E+1
-1.500000E-1	1.439227E-5	-1.439227E-5	-2.232823E-10	4.359473E+1
-1.000000E-1	7.914162E-6	-7.914162E-6	-1.227806E-10	4.396289E+1
-5.000000E-2	4.231693E-6	-4.231693E-6	-6.565064E-11	4.513770E+1
0.000000E+0	3.558892E-8	-3.558892E-8	-5.521278E-13	4.584082E+1
0.000000E+0	2.499857E-8	-2.499857E-8	-3.878287E-13	4.654492E+1
5.000000E-2	4.429435E-6	4.429435E-6	6.871843E-11	4.724707E+1
1.000000E-1	6.700454E-6	6.700454E-6	1.039511E-10	4.795020E+1
1.500000E-1	1.849958E-5	1.849958E-5	2.870032E-10	4.906543E+1
2.000000E-1	3.324910E-5	3.324910E-5	5.158278E-10	4.943359E+1
2.500000E-1	4.911785E-5	4.911785E-5	7.620162E-10	4.980273E+1
3.000000E-1	6.464790E-5	6.464790E-5	1.002950E-9	5.017090E+1
3.500000E-1	9.043751E-5	9.043751E-5	1.403051E-9	5.128516E+1
4.000000E-1	1.218995E-4	1.218995E-4	1.891153E-9	5.165332E+1
4.500000E-1	1.529858E-4	1.529858E-4	2.373428E-9	5.202148E+1
5.000000E-1	1.790745E-4	1.790745E-4	2.778169E-9	5.238867E+1
5.000000E-1	1.686683E-4	1.686683E-4	2.616726E-9	5.275684E+1
4.500000E-1	1.325901E-4	1.325901E-4	2.057008E-9	5.312402E+1
4.000000E-1	1.084353E-4	1.084353E-4	1.682269E-9	5.349219E+1
3.500000E-1	8.691406E-5	8.691406E-5	1.348388E-9	5.386035E+1
3.000000E-1	6.750241E-5	6.750241E-5	1.047235E-9	5.422754E+1
2.500000E-1	4.941016E-5	4.941016E-5	7.665511E-10	5.496875E+1
2.000000E-1	3.848827E-5	3.848827E-5	5.971085E-10	5.533691E+1
1.500000E-1	2.362882E-5	2.362882E-5	3.665784E-10	5.570605E+1
1.000000E-1	1.226439E-5	1.226439E-5	1.902702E-10	5.607422E+1
5.000000E-2	6.470591E-6	6.470591E-6	1.003850E-10	5.644238E+1
0.000000E+0	2.932273E-9	-2.932273E-9	-4.549139E-14	5.761719E+1
-5.000000E-2	5.992779E-6	-5.992779E-6	-9.297220E-11	5.832129E+1
-1.000000E-1	6.741752E-6	-6.741752E-6	-1.045918E-10	5.902441E+1
-1.500000E-1	2.716542E-5	-2.716542E-5	-4.214453E-10	6.013965E+1
-2.000000E-1	3.907651E-5	-3.907651E-5	-6.062344E-10	6.050781E+1
-2.500000E-1	5.328548E-5	-5.328548E-5	-8.266730E-10	6.087598E+1
-3.000000E-1	6.637731E-5	-6.637731E-5	-1.029780E-9	6.124512E+1
-3.500000E-1	8.680480E-5	-8.680480E-5	-1.346693E-9	6.235938E+1
-4.000000E-1	1.114702E-4	-1.114702E-4	-1.729353E-9	6.272754E+1
-4.500000E-1	1.257950E-4	-1.257950E-4	-1.951589E-9	6.309473E+1
-5.000000E-1	1.522686E-4	-1.522686E-4	-2.362301E-9	6.346289E+1
-5.000000E-1	1.505009E-4	-1.505009E-4	-2.334877E-9	6.383105E+1
-4.500000E-1	1.339273E-4	-1.339273E-4	-2.077753E-9	6.419824E+1
-4.000000E-1	1.073858E-4	-1.073858E-4	-1.665987E-9	6.456641E+1
-3.500000E-1	8.909640E-5	-8.909640E-5	-1.382245E-9	6.493457E+1
-3.000000E-1	7.003103E-5	-7.003103E-5	-1.086464E-9	6.530176E+1
-2.500000E-1	6.024777E-5	-6.024777E-5	-9.346861E-10	6.604297E+1
-2.000000E-1	4.447105E-5	-4.447105E-5	-6.899255E-10	6.641113E+1
-1.500000E-1	3.136231E-5	-3.136231E-5	-4.865560E-10	6.678027E+1
-1.000000E-1	1.180961E-5	-1.180961E-5	-1.832147E-10	6.714844E+1
-5.000000E-2	5.328260E-6	-5.328260E-6	-8.266283E-11	6.832324E+1
0.000000E+0	3.782703E-8	-3.782703E-8	-5.868500E-13	6.902637E+1
0.000000E+0	4.963752E-8	-4.963752E-8	-7.700784E-13	6.973047E+1
5.000000E-2	5.816695E-6	5.816695E-6	9.024043E-11	7.043359E+1
1.000000E-1	6.728732E-6	6.728732E-6	1.043898E-10	7.113672E+1
1.500000E-1	2.394513E-5	2.394513E-5	3.714856E-10	7.225195E+1
2.000000E-1	3.858578E-5	3.858578E-5	5.986213E-10	7.262012E+1
2.500000E-1	5.354604E-5	5.354604E-5	8.307153E-10	7.298828E+1
3.000000E-1	6.685494E-5	6.685494E-5	1.037190E-9	7.335645E+1
3.500000E-1	9.635577E-5	9.635577E-5	1.494867E-9	7.447168E+1
4.000000E-1	1.160877E-4	1.160877E-4	1.800989E-9	7.483984E+1
4.500000E-1	1.456156E-4	1.456156E-4	2.259086E-9	7.520703E+1
5.000000E-1	1.679908E-4	1.679908E-4	2.606216E-9	7.557520E+1
5.000000E-1	1.623891E-4	1.623891E-4	2.519310E-9	7.594336E+1
4.500000E-1	1.272698E-4	1.272698E-4	1.974469E-9	7.631055E+1
4.000000E-1	1.042952E-4	1.042952E-4	1.618039E-9	7.667871E+1
3.500000E-1	8.532130E-5	8.532130E-5	1.323678E-9	7.704590E+1
3.000000E-1	6.616182E-5	6.616182E-5	1.026437E-9	7.741406E+1
2.500000E-1	4.565025E-5	4.565025E-5	7.082197E-10	7.815527E+1
2.000000E-1	3.395719E-5	3.395719E-5	5.268131E-10	7.852344E+1
1.500000E-1	2.393668E-5	2.393668E-5	3.713546E-10	7.889160E+1
1.000000E-1	1.344822E-5	1.344822E-5	2.086362E-10	7.926074E+1
5.000000E-2	6.573891E-6	6.573891E-6	1.019876E-10	7.962891E+1
0.000000E+0	1.090970E-8	-1.090970E-8	-1.692535E-13	8.080371E+1
-5.000000E-2	6.779002E-6	-6.779002E-6	-1.051697E-10	8.225391E+1
-1.000000E-1	1.495197E-5	-1.495197E-5	-2.319654E-10	8.262207E+1
-1.500000E-1	2.467496E-5	-2.467496E-5	-3.828083E-10	8.299023E+1
-2.000000E-1	3.713523E-5	-3.713523E-5	-5.761174E-10	8.335938E+1
-2.500000E-1	6.042628E-5	-6.042628E-5	-9.374557E-10	8.372754E+1
-3.000000E-1	6.984764E-5	-6.984764E-5	-1.083619E-9	8.484180E+1
-3.500000E-1	9.069354E-5	-9.069354E-5	-1.407023E-9	8.520996E+1
-4.000000E-1	1.146093E-4	-1.146093E-4	-1.778053E-9	8.557813E+1
-4.500000E-1	1.379080E-4	-1.379080E-4	-2.139510E-9	8.594531E+1
-5.000000E-1	1.572662E-4	-1.572662E-4	-2.439833E-9	8.631348E+1
-5.000000E-1	1.412130E-4	-1.412130E-4	-2.190784E-9	8.668164E+1
-4.500000E-1	1.303700E-4	-1.303700E-4	-2.022565E-9	8.704883E+1
-4.000000E-1	1.163959E-4	-1.163959E-4	-1.805770E-9	8.741699E+1
-3.500000E-1	9.160781E-5	-9.160781E-5	-1.421207E-9	8.778418E+1
-3.000000E-1	7.123136E-5	-7.123136E-5	-1.105086E-9	8.815234E+1
-2.500000E-1	5.203329E-5	-5.203329E-5	-8.072465E-10	8.889355E+1
-2.000000E-1	3.529202E-5	-3.529202E-5	-5.475217E-10	8.926172E+1
-1.500000E-1	2.185424E-5	-2.185424E-5	-3.390475E-10	8.963086E+1
-1.000000E-1	1.276606E-5	-1.276606E-5	-1.980531E-10	8.999902E+1
-5.000000E-2	5.996662E-6	-5.996662E-6	-9.303244E-11	9.117383E+1
0.000000E+0	2.172905E-8	-2.172905E-8	-3.371053E-13	9.187695E+1
0.000000E+0	4.560856E-8	-4.560856E-8	-7.075729E-13	9.258105E+1
5.000000E-2	6.275451E-6	6.275451E-6	9.735759E-11	9.328418E+1
1.000000E-1	1.464436E-5	1.464436E-5	2.271932E-10	9.439941E+1
1.500000E-1	2.543023E-5	2.543023E-5	3.945256E-10	9.476758E+1
2.000000E-1	4.191501E-5	4.191501E-5	6.502710E-10	9.513574E+1
2.500000E-1	5.755870E-5	5.755870E-5	8.929679E-10	9.550391E+1
3.000000E-1	7.666250E-5	7.666250E-5	1.189345E-9	9.661914E+1
3.500000E-1	9.748854E-5	9.748854E-5	1.512441E-9	9.698633E+1
4.000000E-1	1.168384E-4	1.168384E-4	1.812636E-9	9.735449E+1
4.500000E-1	1.416313E-4	1.416313E-4	2.197274E-9	9.772266E+1
5.000000E-1	1.651680E-4	1.651680E-4	2.562422E-9	9.808984E+1
5.000000E-1	1.746859E-4	1.746859E-4	2.710084E-9	9.845801E+1
4.500000E-1	1.636510E-4	1.636510E-4	2.538888E-9	9.882617E+1
4.000000E-1	1.151157E-4	1.151157E-4	1.785910E-9	9.919336E+1
3.500000E-1	9.339316E-5	9.339316E-5	1.448905E-9	9.956152E+1
3.000000E-1	7.518294E-5	7.518294E-5	1.166391E-9	9.992969E+1
2.500000E-1	5.952653E-5	5.952653E-5	9.234968E-10	1.006709E+2
2.000000E-1	4.169887E-5	4.169887E-5	6.469178E-10	1.010391E+2
1.500000E-1	2.698033E-5	2.698033E-5	4.185738E-10	1.014072E+2
1.000000E-1	1.494283E-5	1.494283E-5	2.318236E-10	1.017754E+2
5.000000E-2	6.546317E-6	6.546317E-6	1.015598E-10	1.021445E+2
0.000000E+0	1.231590E-8	-1.231590E-8	-1.910694E-13	1.033193E+2
-5.000000E-2	6.541205E-6	-6.541205E-6	-1.014805E-10	1.040225E+2
-1.000000E-1	6.741598E-6	-6.741598E-6	-1.045894E-10	1.047256E+2
-1.500000E-1	2.671937E-5	-2.671937E-5	-4.145253E-10	1.058408E+2
-2.000000E-1	4.313763E-5	-4.313763E-5	-6.692389E-10	1.062090E+2
-2.500000E-1	6.256015E-5	-6.256015E-5	-9.705605E-10	1.065781E+2
-3.000000E-1	6.753612E-5	-6.753612E-5	-1.047758E-9	1.069463E+2
-3.500000E-1	9.875482E-5	-9.875482E-5	-1.532086E-9	1.080615E+2
-4.000000E-1	1.233228E-4	-1.233228E-4	-1.913234E-9	1.084287E+2
-4.500000E-1	1.373720E-4	-1.373720E-4	-2.131195E-9	1.087969E+2
-5.000000E-1	1.541995E-4	-1.541995E-4	-2.392257E-9	1.091650E+2
-5.000000E-1	1.519498E-4	-1.519498E-4	-2.357355E-9	1.095322E+2
-4.500000E-1	1.280368E-4	-1.280368E-4	-1.986368E-9	1.099004E+2
-4.000000E-1	1.111197E-4	-1.111197E-4	-1.723915E-9	1.102676E+2
-3.500000E-1	9.541501E-5	-9.541501E-5	-1.480272E-9	1.106357E+2
-3.000000E-1	7.681185E-5	-7.681185E-5	-1.191662E-9	1.110039E+2
-2.500000E-1	5.530198E-5	-5.530198E-5	-8.579570E-10	1.117451E+2
-2.000000E-1	3.792069E-5	-3.792069E-5	-5.883030E-10	1.121133E+2
-1.500000E-1	2.469208E-5	-2.469208E-5	-3.830739E-10	1.124814E+2
-1.000000E-1	1.372037E-5	-1.372037E-5	-2.128584E-10	1.128496E+2
-5.000000E-2	7.121492E-6	-7.121492E-6	-1.104831E-10	1.144365E+2
0.000000E+0	3.771432E-8	-3.771432E-8	-5.851014E-13	1.156113E+2
0.000000E+0	4.374614E-8	-4.374614E-8	-6.786793E-13	1.163154E+2
5.000000E-2	6.102071E-6	6.102071E-6	9.466775E-11	1.170186E+2
1.000000E-1	1.316059E-5	1.316059E-5	2.041739E-10	1.181338E+2
1.500000E-1	2.446186E-5	2.446186E-5	3.795023E-10	1.185020E+2
2.000000E-1	3.641400E-5	3.641400E-5	5.649282E-10	1.188701E+2
2.500000E-1	5.175372E-5	5.175372E-5	8.029092E-10	1.192393E+2
3.000000E-1	6.332535E-5	6.332535E-5	9.824318E-10	1.196074E+2
3.500000E-1	9.277836E-5	9.277836E-5	1.439367E-9	1.207217E+2
4.000000E-1	1.097995E-4	1.097995E-4	1.703433E-9	1.210898E+2
4.500000E-1	1.340396E-4	1.340396E-4	2.079496E-9	1.214580E+2
5.000000E-1	1.588511E-4	1.588511E-4	2.464422E-9	1.218252E+2
5.000000E-1	1.598171E-4	1.598171E-4	2.479408E-9	1.221934E+2
4.500000E-1	1.314794E-4	1.314794E-4	2.039777E-9	1.225605E+2
4.000000E-1	1.074017E-4	1.074017E-4	1.666234E-9	1.229287E+2
3.500000E-1	8.958422E-5	8.958422E-5	1.389813E-9	1.232969E+2
3.000000E-1	6.945007E-5	6.945007E-5	1.077451E-9	1.236641E+2
2.500000E-1	4.860213E-5	4.860213E-5	7.540153E-10	1.244053E+2
2.000000E-1	3.420661E-5	3.420661E-5	5.306826E-10	1.247744E+2
1.500000E-1	2.437220E-5	2.437220E-5	3.781112E-10	1.251426E+2
1.000000E-1	1.456947E-5	1.456947E-5	2.260313E-10	1.255107E+2
5.000000E-2	6.373532E-6	6.373532E-6	9.887922E-11	1.266855E+2
0.000000E+0	5.433292E-8	-5.433292E-8	-8.429230E-13	1.273887E+2
-5.000000E-2	5.981720E-6	-5.981720E-6	-9.280063E-11	1.280928E+2
-1.000000E-1	1.487232E-5	-1.487232E-5	-2.307297E-10	1.292070E+2
-1.500000E-1	2.546189E-5	-2.546189E-5	-3.950167E-10	1.295762E+2
-2.000000E-1	4.095589E-5	-4.095589E-5	-6.353913E-10	1.299443E+2
-2.500000E-1	5.540990E-5	-5.540990E-5	-8.596313E-10	1.303125E+2
-3.000000E-1	7.543529E-5	-7.543529E-5	-1.170306E-9	1.314277E+2
-3.500000E-1	9.483237E-5	-9.483237E-5	-1.471233E-9	1.317949E+2
-4.000000E-1	1.210138E-4	-1.210138E-4	-1.877412E-9	1.321631E+2
-4.500000E-1	1.526407E-4	-1.526407E-4	-2.368074E-9	1.325303E+2
-5.000000E-1	1.723682E-4	-1.723682E-4	-2.674126E-9	1.328984E+2
-5.000000E-1	1.703597E-4	-1.703597E-4	-2.642967E-9	1.332666E+2
-4.500000E-1	1.344904E-4	-1.344904E-4	-2.086489E-9	1.336338E+2
-4.000000E-1	1.197231E-4	-1.197231E-4	-1.857389E-9	1.340020E+2
-3.500000E-1	1.037560E-4	-1.037560E-4	-1.609675E-9	1.343701E+2
-3.000000E-1	8.434832E-5	-8.434832E-5	-1.308583E-9	1.347373E+2
-2.500000E-1	5.942553E-5	-5.942553E-5	-9.219299E-10	1.354785E+2
-2.000000E-1	4.542988E-5	-4.542988E-5	-7.048009E-10	1.358477E+2
-1.500000E-1	2.953128E-5	-2.953128E-5	-4.581494E-10	1.362158E+2
-1.000000E-1	1.625896E-5	-1.625896E-5	-2.522421E-10	1.365840E+2
-5.000000E-2	6.094568E-6	-6.094568E-6	-9.455135E-11	1.377598E+2
0.000000E+0	4.166009E-8	-4.166009E-8	-6.463163E-13	1.384629E+2
0.000000E+0	5.126557E-8	-5.126557E-8	-7.953360E-13	1.391660E+2
5.000000E-2	6.466234E-6	6.466234E-6	1.003174E-10	1.398691E+2
1.000000E-1	1.602098E-5	1.602098E-5	2.485501E-10	1.411514E+2
1.500000E-1	2.521484E-5	2.521484E-5	3.911840E-10	1.415205E+2
2.000000E-1	3.759108E-5	3.759108E-5	5.831894E-10	1.418887E+2
2.500000E-1	5.885321E-5	5.885321E-5	9.130509E-10	1.422568E+2
3.000000E-1	7.716541E-5	7.716541E-5	1.197147E-9	1.433721E+2
3.500000E-1	9.626120E-5	9.626120E-5	1.493400E-9	1.437393E+2
4.000000E-1	1.216570E-4	1.216570E-4	1.887392E-9	1.441074E+2
4.500000E-1	1.425717E-4	1.425717E-4	2.211862E-9	1.444746E+2
5.000000E-1	1.749265E-4	1.749265E-4	2.713817E-9	1.448428E+2
5.000000E-1	1.646114E-4	1.646114E-4	2.553787E-9	1.452109E+2
4.500000E-1	1.449031E-4	1.449031E-4	2.248032E-9	1.455791E+2
4.000000E-1	1.115494E-4	1.115494E-4	1.730582E-9	1.459463E+2
3.500000E-1	9.922955E-5	9.922955E-5	1.539451E-9	1.463145E+2
3.000000E-1	7.207067E-5	7.207067E-5	1.118107E-9	1.466816E+2
2.500000E-1	4.839691E-5	4.839691E-5	7.508315E-10	1.474229E+2
2.000000E-1	3.630708E-5	3.630708E-5	5.632694E-10	1.477920E+2
1.500000E-1	2.322077E-5	2.322077E-5	3.602479E-10	1.481602E+2
1.000000E-1	1.245245E-5	1.245245E-5	1.931878E-10	1.485283E+2
5.000000E-2	5.739118E-6	5.739118E-6	8.903689E-11	1.497031E+2
0.000000E+0	5.049806E-8	-5.049806E-8	-7.834289E-13	1.504063E+2
-5.000000E-2	5.121187E-6	-5.121187E-6	-7.945029E-11	1.511104E+2
-1.000000E-1	1.234427E-5	-1.234427E-5	-1.915095E-10	1.522246E+2
-1.500000E-1	2.461714E-5	-2.461714E-5	-3.819112E-10	1.525937E+2
-2.000000E-1	4.208681E-5	-4.208681E-5	-6.529364E-10	1.529619E+2
-2.500000E-1	6.019511E-5	-6.019511E-5	-9.338692E-10	1.533301E+2
-3.000000E-1	6.733392E-5	-6.733392E-5	-1.044621E-9	1.536992E+2
-3.500000E-1	8.949997E-5	-8.949997E-5	-1.388506E-9	1.548135E+2
-4.000000E-1	1.079754E-4	-1.079754E-4	-1.675135E-9	1.551816E+2
-4.500000E-1	1.311633E-4	-1.311633E-4	-2.034872E-9	1.555498E+2
-5.000000E-1	1.489857E-4	-1.489857E-4	-2.311369E-9	1.559170E+2
-5.000000E-1	1.567636E-4	-1.567636E-4	-2.432037E-9	1.562852E+2
-4.500000E-1	1.532295E-4	-1.532295E-4	-2.377208E-9	1.566523E+2
-4.000000E-1	1.263900E-4	-1.263900E-4	-1.960819E-9	1.570205E+2
-3.500000E-1	1.013046E-4	-1.013046E-4	-1.571643E-9	1.573887E+2
-3.000000E-1	8.058340E-5	-8.058340E-5	-1.250174E-9	1.577559E+2
-2.500000E-1	5.021921E-5	-5.021921E-5	-7.791028E-10	1.584971E+2
-2.000000E-1	3.917051E-5	-3.917051E-5	-6.076928E-10	1.588662E+2
-1.500000E-1	2.618750E-5	-2.618750E-5	-4.062739E-10	1.592344E+2
-1.000000E-1	1.350614E-5	-1.350614E-5	-2.095347E-10	1.596025E+2
-5.000000E-2	5.427004E-6	-5.427004E-6	-8.419475E-11	1.607773E+2
0.000000E+0	4.289186E-8	-4.289186E-8	-6.654260E-13	1.614805E+2
0.000000E+0	3.881907E-8	-3.881907E-8	-6.022405E-13	1.621846E+2
5.000000E-2	4.660510E-6	4.660510E-6	7.230332E-11	1.628877E+2
1.000000E-1	1.192708E-5	1.192708E-5	1.850371E-10	1.640029E+2
1.500000E-1	2.033913E-5	2.033913E-5	3.155420E-10	1.643711E+2
2.000000E-1	3.224297E-5	3.224297E-5	5.002186E-10	1.647393E+2
2.500000E-1	4.399508E-5	4.399508E-5	6.825413E-10	1.651074E+2
3.000000E-1	6.121721E-5	6.121721E-5	9.497262E-10	1.654766E+2
3.500000E-1	6.738716E-5	6.738716E-5	1.045447E-9	1.658447E+2
4.000000E-1	1.026086E-4	1.026086E-4	1.591874E-9	1.669600E+2
4.500000E-1	1.436696E-4	1.436696E-4	2.228896E-9	1.673271E+2
5.000000E-1	1.500977E-4	1.500977E-4	2.328621E-9	1.676953E+2
5.000000E-1	1.591068E-4	1.591068E-4	2.468389E-9	1.680625E+2
4.500000E-1	1.292087E-4	1.292087E-4	2.004549E-9	1.684307E+2
4.000000E-1	1.085182E-4	1.085182E-4	1.683556E-9	1.687988E+2
3.500000E-1	8.899804E-5	8.899804E-5	1.380719E-9	1.691660E+2
3.000000E-1	6.770159E-5	6.770159E-5	1.050325E-9	1.695342E+2
2.500000E-1	5.268106E-5	5.268106E-5	8.172960E-10	1.702754E+2
2.000000E-1	3.677755E-5	3.677755E-5	5.705683E-10	1.706436E+2
1.500000E-1	2.135455E-5	2.135455E-5	3.312953E-10	1.710127E+2
1.000000E-1	1.256434E-5	1.256434E-5	1.949237E-10	1.713809E+2
5.000000E-2	5.273061E-6	5.273061E-6	8.180647E-11	1.725557E+2
0.000000E+0	3.415766E-8	-3.415766E-8	-5.299233E-13	1.732588E+2
-5.000000E-2	5.703124E-6	-5.703124E-6	-8.847849E-11	1.739619E+2
-1.000000E-1	1.230318E-5	-1.230318E-5	-1.908720E-10	1.750771E+2
-1.500000E-1	2.359314E-5	-2.359314E-5	-3.660248E-10	1.754453E+2
-2.000000E-1	3.954827E-5	-3.954827E-5	-6.135534E-10	1.758145E+2
-2.500000E-1	5.656292E-5	-5.656292E-5	-8.775192E-10	1.761826E+2
-3.000000E-1	7.064215E-5	-7.064215E-5	-1.095945E-9	1.772969E+2
-3.500000E-1	9.350564E-5	-9.350564E-5	-1.450650E-9	1.776650E+2
-4.000000E-1	1.100815E-4	-1.100815E-4	-1.707809E-9	1.780332E+2
-4.500000E-1	1.535738E-4	-1.535738E-4	-2.382549E-9	1.784004E+2
-5.000000E-1	1.444707E-4	-1.444707E-4	-2.241324E-9	1.787686E+2
-5.000000E-1	1.402076E-4	-1.402076E-4	-2.175186E-9	1.791357E+2
-4.500000E-1	1.640281E-4	-1.640281E-4	-2.544738E-9	1.795039E+2
-4.000000E-1	1.391431E-4	-1.391431E-4	-2.158671E-9	1.798721E+2
-3.500000E-1	1.015990E-4	-1.015990E-4	-1.576210E-9	1.802393E+2
-3.000000E-1	7.898518E-5	-7.898518E-5	-1.225379E-9	1.806074E+2
-2.500000E-1	5.851378E-5	-5.851378E-5	-9.077850E-10	1.813486E+2
-2.000000E-1	4.208395E-5	-4.208395E-5	-6.528920E-10	1.817168E+2
-1.500000E-1	2.547695E-5	-2.547695E-5	-3.952504E-10	1.820850E+2
-1.000000E-1	1.631270E-5	-1.631270E-5	-2.530759E-10	1.824531E+2
-5.000000E-2	7.116303E-6	-7.116303E-6	-1.104026E-10	1.828213E+2
0.000000E+0	2.738070E-8	-2.738070E-8	-4.247852E-13	1.839961E+2
0.000000E+0	2.673127E-8	-2.673127E-8	-4.147099E-13	1.847002E+2
5.000000E-2	6.596013E-6	6.596013E-6	1.023308E-10	1.854033E+2
1.000000E-1	1.867988E-5	1.867988E-5	2.898003E-10	1.865186E+2
1.500000E-1	3.276344E-5	3.276344E-5	5.082932E-10	1.868867E+2
2.000000E-1	3.973125E-5	3.973125E-5	6.163921E-10	1.872549E+2
2.500000E-1	6.199413E-5	6.199413E-5	9.617793E-10	1.876230E+2
3.000000E-1	6.684449E-5	6.684449E-5	1.037028E-9	1.879922E+2
3.500000E-1	6.082328E-5	6.082328E-5	9.436147E-10	1.883604E+2
4.000000E-1	8.131487E-5	8.131487E-5	1.261522E-9	1.894746E+2
4.500000E-1	1.705074E-4	1.705074E-4	2.645259E-9	1.898428E+2
5.000000E-1	1.676065E-4	1.676065E-4	2.600253E-9	1.902109E+2
5.000000E-1	1.632309E-4	1.632309E-4	2.532370E-9	1.905781E+2
4.500000E-1	1.471452E-4	1.471452E-4	2.282816E-9	1.909463E+2
4.000000E-1	1.172355E-4	1.172355E-4	1.818796E-9	1.913135E+2
3.500000E-1	1.137706E-4	1.137706E-4	1.765041E-9	1.916816E+2
3.000000E-1	9.021481E-5	9.021481E-5	1.399596E-9	1.920498E+2
2.500000E-1	6.541347E-5	6.541347E-5	1.014827E-9	1.924170E+2
2.000000E-1	4.689056E-5	4.689056E-5	7.274619E-10	1.931582E+2
1.500000E-1	3.090576E-5	3.090576E-5	4.794731E-10	1.935264E+2
1.000000E-1	1.803117E-5	1.803117E-5	2.797362E-10	1.938945E+2
5.000000E-2	8.257909E-6	8.257909E-6	1.281135E-10	1.942637E+2
0.000000E+0	9.595632E-9	-9.595632E-9	-1.488670E-13	1.954375E+2
-5.000000E-2	7.083262E-6	-7.083262E-6	-1.098900E-10	1.967207E+2
-1.000000E-1	1.639436E-5	-1.639436E-5	-2.543428E-10	1.970889E+2
-1.500000E-1	2.774271E-5	-2.774271E-5	-4.304015E-10	1.974570E+2
-2.000000E-1	4.010356E-5	-4.010356E-5	-6.221681E-10	1.978262E+2
-2.500000E-1	5.157683E-5	-5.157683E-5	-8.001648E-10	1.981943E+2
-3.000000E-1	6.703677E-5	-6.703677E-5	-1.040011E-9	1.985625E+2
-3.500000E-1	8.943074E-5	-8.943074E-5	-1.387432E-9	1.996777E+2
-4.000000E-1	1.104256E-4	-1.104256E-4	-1.713147E-9	2.000449E+2
-4.500000E-1	1.387954E-4	-1.387954E-4	-2.153277E-9	2.004131E+2
-5.000000E-1	1.489082E-4	-1.489082E-4	-2.310168E-9	2.007813E+2
-5.000000E-1	1.521865E-4	-1.521865E-4	-2.361027E-9	2.011484E+2
-4.500000E-1	1.254768E-4	-1.254768E-4	-1.946651E-9	2.015166E+2
-4.000000E-1	8.172998E-5	-8.172998E-5	-1.267962E-9	2.018838E+2
-3.500000E-1	7.199763E-5	-7.199763E-5	-1.116974E-9	2.022520E+2
-3.000000E-1	6.490090E-5	-6.490090E-5	-1.006875E-9	2.026201E+2
-2.500000E-1	4.291877E-5	-4.291877E-5	-6.658434E-10	2.033604E+2
-2.000000E-1	2.943836E-5	-2.943836E-5	-4.567078E-10	2.037295E+2
-1.500000E-1	2.294285E-5	-2.294285E-5	-3.559362E-10	2.040977E+2
-1.000000E-1	1.113439E-5	-1.113439E-5	-1.727394E-10	2.044658E+2
-5.000000E-2	4.585668E-6	-4.585668E-6	-7.114223E-11	2.056406E+2
0.000000E+0	3.016896E-8	-3.016896E-8	-4.680423E-13	2.063438E+2
0.000000E+0	3.317279E-8	-3.317279E-8	-5.146439E-13	2.070479E+2
5.000000E-2	4.798126E-6	4.798126E-6	7.443831E-11	2.077500E+2
1.000000E-1	1.222132E-5	1.222132E-5	1.896021E-10	2.088652E+2
1.500000E-1	2.252938E-5	2.252938E-5	3.495216E-10	2.092344E+2
2.000000E-1	3.540012E-5	3.540012E-5	5.491988E-10	2.096025E+2
2.500000E-1	4.959965E-5	4.959965E-5	7.694908E-10	2.099707E+2
3.000000E-1	6.585681E-5	6.585681E-5	1.021705E-9	2.103389E+2
3.500000E-1	1.109846E-4	1.109846E-4	1.721820E-9	2.114541E+2
4.000000E-1	1.376427E-4	1.376427E-4	2.135394E-9	2.118213E+2
4.500000E-1	1.589192E-4	1.589192E-4	2.465478E-9	2.121895E+2
5.000000E-1	2.098365E-4	2.098365E-4	3.255411E-9	2.125566E+2
5.000000E-1	1.930340E-4	1.930340E-4	2.994736E-9	2.129248E+2
4.500000E-1	1.624353E-4	1.624353E-4	2.520028E-9	2.132930E+2
4.000000E-1	1.358555E-4	1.358555E-4	2.107667E-9	2.136602E+2
3.500000E-1	1.116131E-4	1.116131E-4	1.731570E-9	2.140283E+2
3.000000E-1	8.185696E-5	8.185696E-5	1.269932E-9	2.143955E+2
2.500000E-1	4.773686E-5	4.773686E-5	7.405915E-10	2.151367E+2
2.000000E-1	3.839300E-5	3.839300E-5	5.956304E-10	2.155049E+2
1.500000E-1	2.340763E-5	2.340763E-5	3.631468E-10	2.158740E+2
1.000000E-1	1.365741E-5	1.365741E-5	2.118815E-10	2.162422E+2
5.000000E-2	5.693154E-6	5.693154E-6	8.832381E-11	2.174170E+2
0.000000E+0	3.508619E-8	-3.508619E-8	-5.443285E-13	2.181201E+2
-5.000000E-2	5.641286E-6	-5.641286E-6	-8.751913E-11	2.188232E+2
-1.000000E-1	1.451458E-5	-1.451458E-5	-2.251798E-10	2.199385E+2
-1.500000E-1	2.661604E-5	-2.661604E-5	-4.129223E-10	2.203066E+2
-2.000000E-1	3.856406E-5	-3.856406E-5	-5.982843E-10	2.206758E+2
-2.500000E-1	5.120590E-5	-5.120590E-5	-7.944103E-10	2.210439E+2
-3.000000E-1	6.652704E-5	-6.652704E-5	-1.032103E-9	2.221582E+2
-3.500000E-1	8.458397E-5	-8.458397E-5	-1.312239E-9	2.225264E+2
-4.000000E-1	8.511646E-5	-8.511646E-5	-1.320500E-9	2.228936E+2
-4.500000E-1	9.576900E-5	-9.576900E-5	-1.485764E-9	2.232617E+2
-5.000000E-1	1.199337E-4	-1.199337E-4	-1.860656E-9	2.236299E+2
-5.000000E-1	1.230911E-4	-1.230911E-4	-1.909640E-9	2.239971E+2
-4.500000E-1	1.020846E-4	-1.020846E-4	-1.583744E-9	2.243652E+2
-4.000000E-1	9.243977E-5	-9.243977E-5	-1.434114E-9	2.247324E+2
-3.500000E-1	7.077590E-5	-7.077590E-5	-1.098020E-9	2.251006E+2
-3.000000E-1	5.701500E-5	-5.701500E-5	-8.845329E-10	2.258418E+2
-2.500000E-1	4.168610E-5	-4.168610E-5	-6.467198E-10	2.262100E+2
-2.000000E-1	2.961768E-5	-2.961768E-5	-4.594898E-10	2.265781E+2
-1.500000E-1	1.774251E-5	-1.774251E-5	-2.752580E-10	2.269473E+2
-1.000000E-1	1.011288E-5	-1.011288E-5	-1.568916E-10	2.273154E+2
-5.000000E-2	4.579109E-6	-4.579109E-6	-7.104047E-11	2.284902E+2
0.000000E+0	2.881911E-8	-2.881911E-8	-4.471007E-13	2.291934E+2
0.000000E+0	3.585280E-8	-3.585280E-8	-5.562217E-13	2.298965E+2
5.000000E-2	4.995444E-6	4.995444E-6	7.749950E-11	2.305996E+2
1.000000E-1	1.113261E-5	1.113261E-5	1.727117E-10	2.317148E+2
1.500000E-1	2.168046E-5	2.168046E-5	3.363515E-10	2.320830E+2
2.000000E-1	3.467927E-5	3.467927E-5	5.380155E-10	2.324512E+2
2.500000E-1	5.554448E-5	5.554448E-5	8.617192E-10	2.328203E+2
3.000000E-1	6.858717E-5	6.858717E-5	1.064064E-9	2.339346E+2
3.500000E-1	8.301855E-5	8.301855E-5	1.287953E-9	2.343027E+2
4.000000E-1	8.866467E-5	8.866467E-5	1.375547E-9	2.346699E+2
4.500000E-1	1.040416E-4	1.040416E-4	1.614106E-9	2.350381E+2
5.000000E-1	1.398124E-4	1.398124E-4	2.169055E-9	2.354053E+2
5.000000E-1	1.521173E-4	1.521173E-4	2.359953E-9	2.357734E+2
4.500000E-1	1.277063E-4	1.277063E-4	1.981240E-9	2.361416E+2
4.000000E-1	1.049495E-4	1.049495E-4	1.628191E-9	2.365088E+2
3.500000E-1	8.578341E-5	8.578341E-5	1.330847E-9	2.368770E+2
3.000000E-1	9.286480E-5	9.286480E-5	1.440708E-9	2.372441E+2
2.500000E-1	4.729557E-5	4.729557E-5	7.337453E-10	2.379854E+2
2.000000E-1	3.284151E-5	3.284151E-5	5.095045E-10	2.383535E+2
1.500000E-1	2.076753E-5	2.076753E-5	3.221882E-10	2.387227E+2
1.000000E-1	1.179253E-5	1.179253E-5	1.829497E-10	2.390908E+2
5.000000E-2	4.969139E-6	4.969139E-6	7.709142E-11	2.402656E+2
0.000000E+0	1.967610E-8	-1.967610E-8	-3.052558E-13	2.409688E+2
-5.000000E-2	3.977045E-6	-3.977045E-6	-6.170002E-11	2.416719E+2
-1.000000E-1	8.308366E-6	-8.308366E-6	-1.288963E-10	2.429541E+2
-1.500000E-1	1.423876E-5	-1.423876E-5	-2.209006E-10	2.433223E+2
-2.000000E-1	2.586506E-5	-2.586506E-5	-4.012715E-10	2.436914E+2
-2.500000E-1	3.922948E-5	-3.922948E-5	-6.086076E-10	2.440596E+2
-3.000000E-1	5.258491E-5	-5.258491E-5	-8.158043E-10	2.444277E+2
-3.500000E-1	6.442272E-5	-6.442272E-5	-9.994565E-10	2.455430E+2
-4.000000E-1	8.272862E-5	-8.272862E-5	-1.283455E-9	2.459102E+2
-4.500000E-1	1.034406E-4	-1.034406E-4	-1.604781E-9	2.462783E+2
-5.000000E-1	1.237562E-4	-1.237562E-4	-1.919958E-9	2.466455E+2
-5.000000E-1	1.098265E-4	-1.098265E-4	-1.703853E-9	2.470137E+2
-4.500000E-1	1.030160E-4	-1.030160E-4	-1.598194E-9	2.473809E+2
-4.000000E-1	9.106269E-5	-9.106269E-5	-1.412750E-9	2.477490E+2
-3.500000E-1	6.904224E-5	-6.904224E-5	-1.071124E-9	2.481172E+2
-3.000000E-1	4.674132E-5	-4.674132E-5	-7.251466E-10	2.488574E+2
-2.500000E-1	3.257835E-5	-3.257835E-5	-5.054217E-10	2.492266E+2
-2.000000E-1	2.311042E-5	-2.311042E-5	-3.585360E-10	2.495947E+2
-1.500000E-1	1.546388E-5	-1.546388E-5	-2.399072E-10	2.499629E+2
-1.000000E-1	9.079003E-6	-9.079003E-6	-1.408520E-10	2.503311E+2
-5.000000E-2	3.659136E-6	-3.659136E-6	-5.676798E-11	2.515059E+2
0.000000E+0	3.324703E-8	-3.324703E-8	-5.157957E-13	2.522090E+2
0.000000E+0	2.030764E-8	-2.030764E-8	-3.150535E-13	2.529131E+2
5.000000E-2	3.769489E-6	3.769489E-6	5.848000E-11	2.536162E+2
1.000000E-1	8.953188E-6	8.953188E-6	1.389001E-10	2.547314E+2
1.500000E-1	1.572366E-5	1.572366E-5	2.439375E-10	2.550996E+2
2.000000E-1	2.320698E-5	2.320698E-5	3.600340E-10	2.554678E+2
2.500000E-1	3.640196E-5	3.640196E-5	5.647414E-10	2.558359E+2
3.000000E-1	5.014367E-5	5.014367E-5	7.779307E-10	2.562041E+2
3.500000E-1	6.188715E-5	6.188715E-5	9.601197E-10	2.565732E+2
4.000000E-1	6.690263E-5	6.690263E-5	1.037930E-9	2.569414E+2
4.500000E-1	9.957885E-5	9.957885E-5	1.544870E-9	2.580557E+2
5.000000E-1	1.195306E-4	1.195306E-4	1.854403E-9	2.584238E+2
5.000000E-1	1.188706E-4	1.188706E-4	1.844163E-9	2.587920E+2
4.500000E-1	1.004388E-4	1.004388E-4	1.558212E-9	2.591592E+2
4.000000E-1	8.119311E-5	8.119311E-5	1.259633E-9	2.595273E+2
3.500000E-1	6.659247E-5	6.659247E-5	1.033118E-9	2.598945E+2
3.000000E-1	5.048138E-5	5.048138E-5	7.831701E-10	2.606357E+2
2.500000E-1	3.756886E-5	3.756886E-5	5.828448E-10	2.610039E+2
2.000000E-1	2.663127E-5	2.663127E-5	4.131585E-10	2.613730E+2
1.500000E-1	1.629124E-5	1.629124E-5	2.527429E-10	2.617412E+2
1.000000E-1	8.851210E-6	8.851210E-6	1.373180E-10	2.621094E+2
5.000000E-2	3.718866E-6	3.718866E-6	5.769463E-11	2.632842E+2
0.000000E+0	4.383202E-11	-4.383202E-11	-6.800116E-16	2.639873E+2
-5.000000E-2	3.456443E-6	-3.456443E-6	-5.362338E-11	2.646904E+2
-1.000000E-1	8.433078E-6	-8.433078E-6	-1.308311E-10	2.658057E+2
-1.500000E-1	1.481268E-5	-1.481268E-5	-2.298045E-10	2.661738E+2
-2.000000E-1	2.260672E-5	-2.260672E-5	-3.507215E-10	2.665430E+2
-2.500000E-1	3.291214E-5	-3.291214E-5	-5.106001E-10	2.669111E+2
-3.000000E-1	4.552045E-5	-4.552045E-5	-7.062060E-10	2.672793E+2
-3.500000E-1	5.892739E-5	-5.892739E-5	-9.142018E-10	2.676475E+2
-4.000000E-1	6.738059E-5	-6.738059E-5	-1.045345E-9	2.680166E+2
-4.500000E-1	1.013627E-4	-1.013627E-4	-1.572545E-9	2.691309E+2
-5.000000E-1	1.203574E-4	-1.203574E-4	-1.867230E-9	2.694990E+2
-5.000000E-1	1.216052E-4	-1.216052E-4	-1.886587E-9	2.698662E+2
-4.500000E-1	1.031561E-4	-1.031561E-4	-1.600367E-9	2.702344E+2
-4.000000E-1	8.724853E-5	-8.724853E-5	-1.353577E-9	2.706025E+2
-3.500000E-1	6.681059E-5	-6.681059E-5	-1.036502E-9	2.709697E+2
-3.000000E-1	4.993315E-5	-4.993315E-5	-7.746648E-10	2.717109E+2
-2.500000E-1	4.056620E-5	-4.056620E-5	-6.293455E-10	2.720791E+2
-2.000000E-1	2.436836E-5	-2.436836E-5	-3.780517E-10	2.724473E+2
-1.500000E-1	1.600197E-5	-1.600197E-5	-2.482551E-10	2.728164E+2
-1.000000E-1	9.979400E-6	-9.979400E-6	-1.548208E-10	2.731846E+2
-5.000000E-2	4.278622E-6	-4.278622E-6	-6.637871E-11	2.743594E+2
0.000000E+0	4.845675E-8	4.845675E-8	7.517598E-13	2.750625E+2
0.000000E+0	4.066895E-8	-4.066895E-8	-6.309397E-13	2.757656E+2
5.000000E-2	4.107843E-6	4.107843E-6	6.372923E-11	2.764688E+2
1.000000E-1	6.675206E-6	6.675206E-6	1.035594E-10	2.771719E+2
1.500000E-1	1.808798E-5	1.808798E-5	2.806176E-10	2.782871E+2
2.000000E-1	2.914265E-5	2.914265E-5	4.521202E-10	2.786553E+2
2.500000E-1	4.042572E-5	4.042572E-5	6.271662E-10	2.790234E+2
3.000000E-1	5.555970E-5	5.555970E-5	8.619553E-10	2.793926E+2
3.500000E-1	6.622899E-5	6.622899E-5	1.027479E-9	2.797607E+2
4.000000E-1	8.104112E-5	8.104112E-5	1.257275E-9	2.808750E+2
4.500000E-1	9.967302E-5	9.967302E-5	1.546331E-9	2.812432E+2
5.000000E-1	1.175768E-4	1.175768E-4	1.824091E-9	2.816104E+2
5.000000E-1	1.197209E-4	1.197209E-4	1.857355E-9	2.819785E+2
4.500000E-1	1.071373E-4	1.071373E-4	1.662132E-9	2.823467E+2
4.000000E-1	8.472263E-5	8.472263E-5	1.314390E-9	2.827139E+2
3.500000E-1	6.705837E-5	6.705837E-5	1.040346E-9	2.830820E+2
3.000000E-1	5.434129E-5	5.434129E-5	8.430528E-10	2.838232E+2
2.500000E-1	3.986892E-5	3.986892E-5	6.185279E-10	2.841914E+2
2.000000E-1	2.883536E-5	2.883536E-5	4.473529E-10	2.845596E+2
1.500000E-1	1.797990E-5	1.797990E-5	2.789409E-10	2.849277E+2
1.000000E-1	1.018607E-5	1.018607E-5	1.580271E-10	2.852969E+2
5.000000E-2	4.098417E-6	4.098417E-6	6.358299E-11	2.864707E+2
0.000000E+0	1.726445E-10	1.726445E-10	2.678413E-15	2.871738E+2
-5.000000E-2	3.831979E-6	-3.831979E-6	-5.944947E-11	2.878779E+2
-1.000000E-1	6.657558E-6	-6.657558E-6	-1.032856E-10	2.885811E+2
-1.500000E-1	1.561325E-5	-1.561325E-5	-2.422246E-10	2.896963E+2
-2.000000E-1	2.515238E-5	-2.515238E-5	-3.902150E-10	2.900645E+2
-2.500000E-1	3.663074E-5	-3.663074E-5	-5.682907E-10	2.904326E+2
-3.000000E-1	4.956492E-5	-4.956492E-5	-7.689520E-10	2.908008E+2
-3.500000E-1	5.999217E-5	-5.999217E-5	-9.307208E-10	2.911699E+2
-4.000000E-1	7.739977E-5	-7.739977E-5	-1.200783E-9	2.922842E+2
-4.500000E-1	9.601247E-5	-9.601247E-5	-1.489541E-9	2.926523E+2
-5.000000E-1	1.171866E-4	-1.171866E-4	-1.818037E-9	2.930195E+2
-5.000000E-1	1.110229E-4	-1.110229E-4	-1.722414E-9	2.933877E+2
-4.500000E-1	9.561025E-5	-9.561025E-5	-1.483301E-9	2.937559E+2
-4.000000E-1	7.842671E-5	-7.842671E-5	-1.216715E-9	2.941230E+2
-3.500000E-1	6.558950E-5	-6.558950E-5	-1.017558E-9	2.944912E+2
-3.000000E-1	4.962513E-5	-4.962513E-5	-7.698862E-10	2.952324E+2
-2.500000E-1	3.732842E-5	-3.732842E-5	-5.791145E-10	2.956006E+2
-2.000000E-1	2.551969E-5	-2.551969E-5	-3.959134E-10	2.959687E+2
-1.500000E-1	1.652827E-5	-1.652827E-5	-2.564202E-10	2.963369E+2
-1.000000E-1	9.740088E-6	-9.740088E-6	-1.511081E-10	2.967061E+2
-5.000000E-2	4.384637E-6	-4.384637E-6	-6.802343E-11	2.978809E+2
0.000000E+0	3.587338E-8	-3.587338E-8	-5.565409E-13	2.985830E+2
0.000000E+0	2.967786E-8	-2.967786E-8	-4.604234E-13	2.992871E+2
5.000000E-2	4.114853E-6	4.114853E-6	6.383799E-11	2.999902E+2
1.000000E-1	1.119484E-5	1.119484E-5	1.736772E-10	3.014395E+2
1.500000E-1	1.656257E-5	1.656257E-5	2.569523E-10	3.018076E+2
2.000000E-1	2.662224E-5	2.662224E-5	4.130185E-10	3.021768E+2
2.500000E-1	3.738811E-5	3.738811E-5	5.800406E-10	3.025449E+2
3.000000E-1	5.056265E-5	5.056265E-5	7.844308E-10	3.029131E+2
3.500000E-1	7.753997E-5	7.753997E-5	1.202958E-9	3.040283E+2
4.000000E-1	8.686984E-5	8.686984E-5	1.347702E-9	3.043955E+2
4.500000E-1	1.043598E-4	1.043598E-4	1.619042E-9	3.047637E+2
5.000000E-1	1.325890E-4	1.325890E-4	2.056991E-9	3.051318E+2
5.000000E-1	1.233138E-4	1.233138E-4	1.913095E-9	3.054990E+2
4.500000E-1	1.001507E-4	1.001507E-4	1.553741E-9	3.058672E+2
4.000000E-1	8.491632E-5	8.491632E-5	1.317395E-9	3.062344E+2
3.500000E-1	6.839412E-5	6.839412E-5	1.061069E-9	3.066025E+2
3.000000E-1	5.253982E-5	5.253982E-5	8.151047E-10	3.073437E+2
2.500000E-1	3.741607E-5	3.741607E-5	5.804744E-10	3.077119E+2
2.000000E-1	2.537455E-5	2.537455E-5	3.936618E-10	3.080801E+2
1.500000E-1	1.474502E-5	1.474502E-5	2.287548E-10	3.084482E+2
1.000000E-1	8.561182E-6	8.561182E-6	1.328185E-10	3.088174E+2
5.000000E-2	4.057314E-6	4.057314E-6	6.294533E-11	3.099922E+2
0.000000E+0	2.506476E-9	-2.506476E-9	-3.888556E-14	3.106953E+2
-5.000000E-2	3.719764E-6	-3.719764E-6	-5.770856E-11	3.113984E+2
-1.000000E-1	9.268064E-6	-9.268064E-6	-1.437851E-10	3.128477E+2
-1.500000E-1	2.038991E-5	-2.038991E-5	-3.163299E-10	3.132168E+2
-2.000000E-1	3.004264E-5	-3.004264E-5	-4.660827E-10	3.135850E+2
-2.500000E-1	4.298781E-5	-4.298781E-5	-6.669145E-10	3.139531E+2
-3.000000E-1	5.825146E-5	-5.825146E-5	-9.037153E-10	3.143213E+2
-3.500000E-1	6.257098E-5	-6.257098E-5	-9.707286E-10	3.146904E+2
-4.000000E-1	6.571087E-5	-6.571087E-5	-1.019441E-9	3.150586E+2
-4.500000E-1	6.752246E-5	-6.752246E-5	-1.047546E-9	3.154268E+2
-5.000000E-1	9.680143E-5	-9.680143E-5	-1.501781E-9	3.165420E+2
-5.000000E-1	9.717735E-5	-9.717735E-5	-1.507613E-9	3.169092E+2
-4.500000E-1	8.063677E-5	-8.063677E-5	-1.251002E-9	3.172773E+2
-4.000000E-1	6.560014E-5	-6.560014E-5	-1.017723E-9	3.176455E+2
-3.500000E-1	4.871687E-5	-4.871687E-5	-7.557954E-10	3.183857E+2
-3.000000E-1	3.616169E-5	-3.616169E-5	-5.610139E-10	3.187549E+2
-2.500000E-1	2.587197E-5	-2.587197E-5	-4.013787E-10	3.191230E+2
-2.000000E-1	1.815914E-5	-1.815914E-5	-2.817215E-10	3.194912E+2
-1.500000E-1	1.168515E-5	-1.168515E-5	-1.812839E-10	3.198594E+2
-1.000000E-1	7.117457E-6	-7.117457E-6	-1.104205E-10	3.202275E+2
-5.000000E-2	3.148767E-6	-3.148767E-6	-4.885009E-11	3.214023E+2
0.000000E+0	2.937103E-8	-2.937103E-8	-4.556633E-13	3.221064E+2
0.000000E+0	1.909108E-8	-1.909108E-8	-2.961797E-13	3.228096E+2
5.000000E-2	3.477185E-6	3.477185E-6	5.394518E-11	3.235127E+2
1.000000E-1	8.245732E-6	8.245732E-6	1.279246E-10	3.246279E+2
1.500000E-1	1.506559E-5	1.506559E-5	2.337281E-10	3.249961E+2
2.000000E-1	2.388443E-5	2.388443E-5	3.705440E-10	3.253643E+2
2.500000E-1	3.202203E-5	3.202203E-5	4.967910E-10	3.257324E+2
3.000000E-1	4.403433E-5	4.403433E-5	6.831503E-10	3.261016E+2
3.500000E-1	5.896920E-5	5.896920E-5	9.148505E-10	3.264697E+2
4.000000E-1	6.703529E-5	6.703529E-5	1.039988E-9	3.268379E+2
4.500000E-1	9.365950E-5	9.365950E-5	1.453037E-9	3.279521E+2
5.000000E-1	1.115343E-4	1.115343E-4	1.730347E-9	3.283203E+2
5.000000E-1	1.077302E-4	1.077302E-4	1.671331E-9	3.286885E+2
4.500000E-1	9.411432E-5	9.411432E-5	1.460093E-9	3.290557E+2
4.000000E-1	7.642446E-5	7.642446E-5	1.185652E-9	3.294238E+2
3.500000E-1	6.576064E-5	6.576064E-5	1.020213E-9	3.301650E+2
3.000000E-1	5.293795E-5	5.293795E-5	8.212814E-10	3.305332E+2
2.500000E-1	3.793921E-5	3.793921E-5	5.885904E-10	3.309014E+2
2.000000E-1	2.649647E-5	2.649647E-5	4.110672E-10	3.312695E+2
1.500000E-1	1.560874E-5	1.560874E-5	2.421546E-10	3.316377E+2
1.000000E-1	9.297174E-6	9.297174E-6	1.442367E-10	3.320068E+2
5.000000E-2	3.526910E-6	3.526910E-6	5.471661E-11	3.331816E+2
0.000000E+0	1.026742E-8	1.026742E-8	1.592892E-13	3.338848E+2
-5.000000E-2	3.602698E-6	-3.602698E-6	-5.589239E-11	3.345879E+2
-1.000000E-1	6.621674E-6	-6.621674E-6	-1.027289E-10	3.352910E+2
-1.500000E-1	6.750841E-6	-6.750841E-6	-1.047328E-10	3.359941E+2
-2.000000E-1	1.916708E-5	-1.916708E-5	-2.973588E-10	3.371094E+2
-2.500000E-1	2.860612E-5	-2.860612E-5	-4.437964E-10	3.374775E+2
-3.000000E-1	3.804867E-5	-3.804867E-5	-5.902885E-10	3.378457E+2
-3.500000E-1	5.162747E-5	-5.162747E-5	-8.009506E-10	3.382148E+2
-4.000000E-1	6.587112E-5	-6.587112E-5	-1.021927E-9	3.385830E+2
-4.500000E-1	8.139345E-5	-8.139345E-5	-1.262741E-9	3.396973E+2
-5.000000E-1	9.652013E-5	-9.652013E-5	-1.497417E-9	3.400654E+2
-5.000000E-1	1.083562E-4	-1.083562E-4	-1.681042E-9	3.404336E+2
-4.500000E-1	8.768762E-5	-8.768762E-5	-1.360389E-9	3.408008E+2
-4.000000E-1	7.047108E-5	-7.047108E-5	-1.093291E-9	3.411689E+2
-3.500000E-1	5.139994E-5	-5.139994E-5	-7.974206E-10	3.419092E+2
-3.000000E-1	4.097147E-5	-4.097147E-5	-6.356329E-10	3.422783E+2
-2.500000E-1	3.262419E-5	-3.262419E-5	-5.061329E-10	3.426465E+2
-2.000000E-1	2.258188E-5	-2.258188E-5	-3.503361E-10	3.430146E+2
-1.500000E-1	1.331147E-5	-1.331147E-5	-2.065146E-10	3.433828E+2
-1.000000E-1	7.623773E-6	-7.623773E-6	-1.182755E-10	3.437520E+2
-5.000000E-2	3.558444E-6	-3.558444E-6	-5.520583E-11	3.449268E+2
0.000000E+0	4.158496E-8	-4.158496E-8	-6.451506E-13	3.456299E+2
0.000000E+0	2.231139E-8	-2.231139E-8	-3.461398E-13	3.463330E+2
5.000000E-2	3.440141E-6	3.440141E-6	5.337047E-11	3.470361E+2
1.000000E-1	6.613056E-6	6.613056E-6	1.025952E-10	3.477393E+2
1.500000E-1	1.344868E-5	1.344868E-5	2.086434E-10	3.488545E+2
2.000000E-1	2.067041E-5	2.067041E-5	3.206815E-10	3.492227E+2
2.500000E-1	2.997126E-5	2.997126E-5	4.649753E-10	3.495908E+2
3.000000E-1	4.131262E-5	4.131262E-5	6.409255E-10	3.499600E+2
3.500000E-1	5.544715E-5	5.544715E-5	8.602092E-10	3.503281E+2
4.000000E-1	7.136614E-5	7.136614E-5	1.107177E-9	3.514424E+2
4.500000E-1	8.179212E-5	8.179212E-5	1.268926E-9	3.518105E+2
5.000000E-1	1.019572E-4	1.019572E-4	1.581768E-9	3.521787E+2
5.000000E-1	1.087164E-4	1.087164E-4	1.686630E-9	3.525459E+2
4.500000E-1	9.869172E-5	9.869172E-5	1.531107E-9	3.529141E+2
4.000000E-1	8.993145E-5	8.993145E-5	1.395200E-9	3.532812E+2
3.500000E-1	6.830292E-5	6.830292E-5	1.059654E-9	3.536494E+2
3.000000E-1	6.048926E-5	6.048926E-5	9.384327E-10	3.543906E+2
2.500000E-1	4.068596E-5	4.068596E-5	6.312036E-10	3.547588E+2
2.000000E-1	2.772494E-5	2.772494E-5	4.301258E-10	3.551270E+2
1.500000E-1	1.975820E-5	1.975820E-5	3.065294E-10	3.554951E+2
1.000000E-1	1.042933E-5	1.042933E-5	1.618010E-10	3.558643E+2
5.000000E-2	5.447325E-6	5.447325E-6	8.451000E-11	3.570391E+2
0.000000E+0	5.521939E-9	-5.521939E-9	-8.566758E-14	3.577422E+2
-5.000000E-2	4.388103E-6	-4.388103E-6	-6.807720E-11	3.584453E+2
-1.000000E-1	6.686544E-6	-6.686544E-6	-1.037353E-10	3.591484E+2
-1.500000E-1	1.947289E-5	-1.947289E-5	-3.021031E-10	3.602637E+2
-2.000000E-1	2.800118E-5	-2.800118E-5	-4.344113E-10	3.606318E+2
-2.500000E-1	3.725913E-5	-3.725913E-5	-5.780396E-10	3.610010E+2
-3.000000E-1	5.189564E-5	-5.189564E-5	-8.051109E-10	3.613691E+2
-3.500000E-1	6.830504E-5	-6.830504E-5	-1.059687E-9	3.624834E+2
-4.000000E-1	8.210745E-5	-8.210745E-5	-1.273818E-9	3.628516E+2
-4.500000E-1	1.029758E-4	-1.029758E-4	-1.597570E-9	3.632188E+2
-5.000000E-1	1.265188E-4	-1.265188E-4	-1.962817E-9	3.635869E+2
-5.000000E-1	1.216995E-4	-1.216995E-4	-1.888051E-9	3.639551E+2
-4.500000E-1	1.068087E-4	-1.068087E-4	-1.657035E-9	3.643223E+2
-4.000000E-1	8.664907E-5	-8.664907E-5	-1.344277E-9	3.646904E+2
-3.500000E-1	7.185963E-5	-7.185963E-5	-1.114833E-9	3.650576E+2
-3.000000E-1	5.490940E-5	-5.490940E-5	-8.518666E-10	3.657988E+2
-2.500000E-1	4.002005E-5	-4.002005E-5	-6.208725E-10	3.661670E+2
-2.000000E-1	2.954424E-5	-2.954424E-5	-4.583505E-10	3.665361E+2
-1.500000E-1	1.754315E-5	-1.754315E-5	-2.721651E-10	3.669043E+2
-1.000000E-1	1.002606E-5	-1.002606E-5	-1.555446E-10	3.672725E+2
-5.000000E-2	4.896970E-6	-4.896970E-6	-7.597177E-11	3.684473E+2
0.000000E+0	2.357805E-8	-2.357805E-8	-3.657907E-13	3.691504E+2
0.000000E+0	2.640119E-8	-2.640119E-8	-4.095890E-13	3.698545E+2
5.000000E-2	4.789929E-6	4.789929E-6	7.431114E-11	3.705576E+2
1.000000E-1	1.261372E-5	1.261372E-5	1.956897E-10	3.716719E+2
1.500000E-1	2.201792E-5	2.201792E-5	3.415869E-10	3.720410E+2
2.000000E-1	3.506094E-5	3.506094E-5	5.439368E-10	3.724092E+2
2.500000E-1	4.848801E-5	4.848801E-5	7.522448E-10	3.727773E+2
3.000000E-1	7.663743E-5	7.663743E-5	1.188956E-9	3.738916E+2
3.500000E-1	9.792029E-5	9.792029E-5	1.519139E-9	3.742598E+2
4.000000E-1	1.257705E-4	1.257705E-4	1.951208E-9	3.746279E+2
4.500000E-1	1.557000E-4	1.557000E-4	2.415535E-9	3.749951E+2
5.000000E-1	1.776184E-4	1.776184E-4	2.755579E-9	3.753633E+2
5.000000E-1	1.535672E-4	1.535672E-4	2.382448E-9	3.757305E+2
4.500000E-1	1.334156E-4	1.334156E-4	2.069814E-9	3.760986E+2
4.000000E-1	1.125490E-4	1.125490E-4	1.746090E-9	3.764668E+2
3.500000E-1	8.937061E-5	8.937061E-5	1.386499E-9	3.768340E+2
3.000000E-1	7.159348E-5	7.159348E-5	1.110704E-9	3.772021E+2
2.500000E-1	5.067841E-5	5.067841E-5	7.862268E-10	3.779424E+2
2.000000E-1	3.383628E-5	3.383628E-5	5.249373E-10	3.783115E+2
1.500000E-1	2.102566E-5	2.102566E-5	3.261929E-10	3.786797E+2
1.000000E-1	1.119133E-5	1.119133E-5	1.736227E-10	3.790479E+2
5.000000E-2	4.639168E-6	4.639168E-6	7.197223E-11	3.802227E+2
0.000000E+0	6.132010E-9	-6.132010E-9	-9.513224E-14	3.809258E+2
-5.000000E-2	4.544159E-6	-4.544159E-6	-7.049825E-11	3.816299E+2
-1.000000E-1	1.192076E-5	-1.192076E-5	-1.849391E-10	3.827441E+2
-1.500000E-1	2.296689E-5	-2.296689E-5	-3.563092E-10	3.831133E+2
-2.000000E-1	3.591580E-5	-3.591580E-5	-5.571990E-10	3.834814E+2
-2.500000E-1	5.320566E-5	-5.320566E-5	-8.254346E-10	3.838496E+2
-3.000000E-1	6.510246E-5	-6.510246E-5	-1.010002E-9	3.842178E+2
-3.500000E-1	9.643202E-5	-9.643202E-5	-1.496050E-9	3.853330E+2
-4.000000E-1	1.141074E-4	-1.141074E-4	-1.770267E-9	3.857002E+2
-4.500000E-1	1.477091E-4	-1.477091E-4	-2.291564E-9	3.860684E+2
-5.000000E-1	1.704657E-4	-1.704657E-4	-2.644612E-9	3.864365E+2
-5.000000E-1	1.577906E-4	-1.577906E-4	-2.447969E-9	3.868037E+2
-4.500000E-1	1.261211E-4	-1.261211E-4	-1.956648E-9	3.871719E+2
-4.000000E-1	1.085084E-4	-1.085084E-4	-1.683404E-9	3.875391E+2
-3.500000E-1	8.595100E-5	-8.595100E-5	-1.333447E-9	3.879072E+2
-3.000000E-1	6.513868E-5	-6.513868E-5	-1.010564E-9	3.886484E+2
-2.500000E-1	5.442756E-5	-5.442756E-5	-8.443912E-10	3.890166E+2
-2.000000E-1	4.075217E-5	-4.075217E-5	-6.322307E-10	3.893848E+2
-1.500000E-1	2.604322E-5	-2.604322E-5	-4.040355E-10	3.897539E+2
-1.000000E-1	1.388900E-5	-1.388900E-5	-2.154745E-10	3.901221E+2
-5.000000E-2	6.503974E-6	-6.503974E-6	-1.009029E-10	3.912969E+2
0.000000E+0	7.327995E-9	7.327995E-9	1.136868E-13	3.920000E+2
0.000000E+0	4.196692E-8	-4.196692E-8	-6.510764E-13	3.927031E+2
5.000000E-2	6.565634E-6	6.565634E-6	1.018595E-10	3.934063E+2
1.000000E-1	1.522509E-5	1.522509E-5	2.362026E-10	3.945215E+2
1.500000E-1	2.816788E-5	2.816788E-5	4.369975E-10	3.948896E+2
2.000000E-1	4.542520E-5	4.542520E-5	7.047282E-10	3.952578E+2
2.500000E-1	7.329156E-5	7.329156E-5	1.137048E-9	3.963730E+2
3.000000E-1	9.374832E-5	9.374832E-5	1.454415E-9	3.967412E+2
3.500000E-1	1.198350E-4	1.198350E-4	1.859124E-9	3.971084E+2
4.000000E-1	1.560946E-4	1.560946E-4	2.421658E-9	3.974766E+2
4.500000E-1	1.827560E-4	1.827560E-4	2.835283E-9	3.978438E+2
5.000000E-1	2.265113E-4	2.265113E-4	3.514105E-9	3.982119E+2
5.000000E-1	2.072014E-4	2.072014E-4	3.214530E-9	3.985801E+2
4.500000E-1	1.832549E-4	1.832549E-4	2.843023E-9	3.989473E+2
4.000000E-1	1.493826E-4	1.493826E-4	2.317528E-9	3.993154E+2
3.500000E-1	1.257085E-4	1.257085E-4	1.950246E-9	3.996826E+2
3.000000E-1	9.017672E-5	9.017672E-5	1.399005E-9	4.000508E+2
2.500000E-1	6.533631E-5	6.533631E-5	1.013630E-9	4.004189E+2
2.000000E-1	4.385254E-5	4.385254E-5	6.803299E-10	4.011592E+2
1.500000E-1	2.759569E-5	2.759569E-5	4.281206E-10	4.015283E+2
1.000000E-1	1.601341E-5	1.601341E-5	2.484326E-10	4.018965E+2
5.000000E-2	7.219765E-6	7.219765E-6	1.120077E-10	4.022646E+2
0.000000E+0	1.342691E-8	-1.342691E-8	-2.083056E-13	4.034395E+2
-5.000000E-2	6.601260E-6	-6.601260E-6	-1.024122E-10	4.041426E+2
-1.000000E-1	1.519045E-5	-1.519045E-5	-2.356652E-10	4.052578E+2
-1.500000E-1	2.631247E-5	-2.631247E-5	-4.082126E-10	4.056260E+2
-2.000000E-1	4.619727E-5	-4.619727E-5	-7.167062E-10	4.059951E+2
-2.500000E-1	6.603368E-5	-6.603368E-5	-1.024449E-9	4.063633E+2
-3.000000E-1	8.632227E-5	-8.632227E-5	-1.339207E-9	4.074775E+2
-3.500000E-1	1.138786E-4	-1.138786E-4	-1.766717E-9	4.078457E+2
-4.000000E-1	1.255255E-4	-1.255255E-4	-1.947408E-9	4.082139E+2
-4.500000E-1	1.546288E-4	-1.546288E-4	-2.398917E-9	4.085811E+2
-5.000000E-1	1.751064E-4	-1.751064E-4	-2.716607E-9	4.089492E+2
-5.000000E-1	1.980223E-4	-1.980223E-4	-3.072126E-9	4.093164E+2
-4.500000E-1	1.540799E-4	-1.540799E-4	-2.390401E-9	4.096846E+2
-4.000000E-1	1.269525E-4	-1.269525E-4	-1.969546E-9	4.100527E+2
-3.500000E-1	1.139494E-4	-1.139494E-4	-1.767816E-9	4.104199E+2
-3.000000E-1	8.609532E-5	-8.609532E-5	-1.335686E-9	4.107881E+2
-2.500000E-1	6.478043E-5	-6.478043E-5	-1.005006E-9	4.115293E+2
-2.000000E-1	4.762804E-5	-4.762804E-5	-7.389032E-10	4.118975E+2
-1.500000E-1	2.973211E-5	-2.973211E-5	-4.612651E-10	4.122656E+2
-1.000000E-1	1.819050E-5	-1.819050E-5	-2.822081E-10	4.126338E+2
-5.000000E-2	7.158053E-6	-7.158053E-6	-1.110503E-10	4.130020E+2
0.000000E+0	3.572668E-8	-3.572668E-8	-5.542650E-13	4.141768E+2
0.000000E+0	3.170755E-8	-3.170755E-8	-4.919121E-13	4.148809E+2
5.000000E-2	6.574014E-6	6.574014E-6	1.019895E-10	4.155840E+2
1.000000E-1	1.627503E-5	1.627503E-5	2.524914E-10	4.166992E+2
1.500000E-1	3.077589E-5	3.077589E-5	4.774583E-10	4.170674E+2
2.000000E-1	4.373126E-5	4.373126E-5	6.784484E-10	4.174355E+2
2.500000E-1	6.301211E-5	6.301211E-5	9.775722E-10	4.178037E+2
3.000000E-1	8.611704E-5	8.611704E-5	1.336023E-9	4.189189E+2
3.500000E-1	1.099063E-4	1.099063E-4	1.705091E-9	4.192861E+2
4.000000E-1	1.312403E-4	1.312403E-4	2.036067E-9	4.196543E+2
4.500000E-1	1.710556E-4	1.710556E-4	2.653763E-9	4.200225E+2
5.000000E-1	1.997862E-4	1.997862E-4	3.099491E-9	4.203896E+2
5.000000E-1	2.058291E-4	2.058291E-4	3.193240E-9	4.207578E+2
4.500000E-1	1.778569E-4	1.778569E-4	2.759279E-9	4.211250E+2
4.000000E-1	1.430637E-4	1.430637E-4	2.219496E-9	4.214932E+2
3.500000E-1	1.113659E-4	1.113659E-4	1.727735E-9	4.218613E+2
3.000000E-1	8.589769E-5	8.589769E-5	1.332620E-9	4.222285E+2
2.500000E-1	6.572313E-5	6.572313E-5	1.019631E-9	4.225967E+2
2.000000E-1	4.447866E-5	4.447866E-5	6.900437E-10	4.233379E+2
1.500000E-1	3.044759E-5	3.044759E-5	4.723651E-10	4.237061E+2
1.000000E-1	1.633178E-5	1.633178E-5	2.533719E-10	4.240742E+2
5.000000E-2	7.467031E-6	7.467031E-6	1.158438E-10	4.244424E+2
0.000000E+0	1.137307E-8	-1.137307E-8	-1.764422E-13	4.256172E+2
-5.000000E-2	6.572454E-6	-6.572454E-6	-1.019653E-10	4.263213E+2
-1.000000E-1	6.742777E-6	-6.742777E-6	-1.046077E-10	4.270244E+2
-1.500000E-1	2.740437E-5	-2.740437E-5	-4.251524E-10	4.281396E+2
-2.000000E-1	4.397323E-5	-4.397323E-5	-6.822023E-10	4.285078E+2
-2.500000E-1	5.866248E-5	-5.866248E-5	-9.100920E-10	4.288760E+2
-3.000000E-1	7.835723E-5	-7.835723E-5	-1.215637E-9	4.299902E+2
-3.500000E-1	9.908046E-5	-9.908046E-5	-1.537138E-9	4.303584E+2
-4.000000E-1	1.212905E-4	-1.212905E-4	-1.881705E-9	4.307266E+2
-4.500000E-1	1.419193E-4	-1.419193E-4	-2.201741E-9	4.310937E+2
-5.000000E-1	1.696447E-4	-1.696447E-4	-2.631875E-9	4.314619E+2
-5.000000E-1	1.737374E-4	-1.737374E-4	-2.695369E-9	4.318291E+2
-4.500000E-1	1.446765E-4	-1.446765E-4	-2.244517E-9	4.321973E+2
-4.000000E-1	1.194204E-4	-1.194204E-4	-1.852692E-9	4.325654E+2
-3.500000E-1	9.474246E-5	-9.474246E-5	-1.469838E-9	4.329326E+2
-3.000000E-1	7.392054E-5	-7.392054E-5	-1.146806E-9	4.333008E+2
-2.500000E-1	6.016478E-5	-6.016478E-5	-9.333987E-10	4.340420E+2
-2.000000E-1	4.023188E-5	-4.023188E-5	-6.241589E-10	4.344102E+2
-1.500000E-1	2.817665E-5	-2.817665E-5	-4.371337E-10	4.347783E+2
-1.000000E-1	1.812976E-5	-1.812976E-5	-2.812658E-10	4.351465E+2
-5.000000E-2	7.185712E-6	-7.185712E-6	-1.114794E-10	4.355146E+2
0.000000E+0	3.436788E-8	-3.436788E-8	-5.331846E-13	4.366895E+2
0.000000E+0	3.168428E-8	-3.168428E-8	-4.915512E-13	4.373936E+2
5.000000E-2	6.532097E-6	6.532097E-6	1.013392E-10	4.380967E+2
1.000000E-1	1.526143E-5	1.526143E-5	2.367664E-10	4.393789E+2
1.500000E-1	2.856200E-5	2.856200E-5	4.431120E-10	4.397471E+2
2.000000E-1	4.473935E-5	4.473935E-5	6.940879E-10	4.401152E+2
2.500000E-1	6.466150E-5	6.466150E-5	1.003161E-9	4.404844E+2
3.000000E-1	9.436686E-5	9.436686E-5	1.464011E-9	4.415986E+2
3.500000E-1	1.217520E-4	1.217520E-4	1.888865E-9	4.419668E+2
4.000000E-1	1.493436E-4	1.493436E-4	2.316922E-9	4.423340E+2
4.500000E-1	1.786939E-4	1.786939E-4	2.772264E-9	4.427021E+2
5.000000E-1	2.229214E-4	2.229214E-4	3.458411E-9	4.430703E+2
5.000000E-1	2.229098E-4	2.229098E-4	3.458231E-9	4.434375E+2
4.500000E-1	1.846670E-4	1.846670E-4	2.864931E-9	4.438057E+2
4.000000E-1	1.524155E-4	1.524155E-4	2.364580E-9	4.441729E+2
3.500000E-1	1.271450E-4	1.271450E-4	1.972533E-9	4.445410E+2
3.000000E-1	9.524870E-5	9.524870E-5	1.477692E-9	4.449092E+2
2.500000E-1	6.950640E-5	6.950640E-5	1.078325E-9	4.452764E+2
2.000000E-1	4.175861E-5	4.175861E-5	6.478446E-10	4.460176E+2
1.500000E-1	3.042395E-5	3.042395E-5	4.719983E-10	4.463857E+2
1.000000E-1	1.901549E-5	1.901549E-5	2.950071E-10	4.467539E+2
5.000000E-2	8.564656E-6	8.564656E-6	1.328724E-10	4.471230E+2
0.000000E+0	3.456199E-8	-3.456199E-8	-5.361961E-13	4.482969E+2
-5.000000E-2	6.605972E-6	-6.605972E-6	-1.024853E-10	4.490010E+2
-1.000000E-1	6.754134E-6	-6.754134E-6	-1.047839E-10	4.497041E+2
-1.500000E-1	2.817972E-5	-2.817972E-5	-4.371813E-10	4.508193E+2
-2.000000E-1	4.295393E-5	-4.295393E-5	-6.663889E-10	4.511875E+2
-2.500000E-1	5.887942E-5	-5.887942E-5	-9.134575E-10	4.515557E+2
-3.000000E-1	8.322869E-5	-8.322869E-5	-1.291213E-9	4.526709E+2
-3.500000E-1	1.070529E-4	-1.070529E-4	-1.660823E-9	4.530381E+2
-4.000000E-1	1.344017E-4	-1.344017E-4	-2.085113E-9	4.534063E+2
-4.500000E-1	1.653929E-4	-1.653929E-4	-2.565912E-9	4.537744E+2
-5.000000E-1	1.868688E-4	-1.868688E-4	-2.899089E-9	4.541416E+2
-5.000000E-1	1.790350E-4	-1.790350E-4	-2.777556E-9	4.545098E+2
-4.500000E-1	1.561087E-4	-1.561087E-4	-2.421876E-9	4.548770E+2
-4.000000E-1	1.247421E-4	-1.247421E-4	-1.935254E-9	4.552451E+2
-3.500000E-1	1.027625E-4	-1.027625E-4	-1.594261E-9	4.556133E+2
-3.000000E-1	7.269894E-5	-7.269894E-5	-1.127854E-9	4.559805E+2
-2.500000E-1	5.030867E-5	-5.030867E-5	-7.804906E-10	4.567217E+2
-2.000000E-1	3.609731E-5	-3.609731E-5	-5.600151E-10	4.570898E+2
-1.500000E-1	2.296463E-5	-2.296463E-5	-3.562742E-10	4.574580E+2
-1.000000E-1	1.308819E-5	-1.308819E-5	-2.030507E-10	4.578271E+2
-5.000000E-2	5.391905E-6	-5.391905E-6	-8.365021E-11	4.590020E+2
0.000000E+0	2.825197E-8	-2.825197E-8	-4.383022E-13	4.597051E+2
