voltage_8_2_21_500mV_500ms	absJ_8_2_21_500mV_500ms	J_8_2_21_500mV_500ms	current_8_2_21_500mV_500ms	time_8_2_21_500mV_500ms	
0.000000E+0	1.599739E-6	-1.599739E-6	-1.216102E-11	0.000000E+0
5.000000E-2	5.373477E-6	5.373477E-6	4.084852E-11	1.002930E+0
1.000000E-1	1.325230E-5	1.325230E-5	1.007424E-10	2.004883E+0
1.500000E-1	3.441284E-5	3.441284E-5	2.616022E-10	4.018555E+0
2.000000E-1	4.642472E-5	4.642472E-5	3.529151E-10	4.686523E+0
2.500000E-1	8.407129E-5	8.407129E-5	6.390997E-10	5.354492E+0
3.000000E-1	1.549276E-4	1.549276E-4	1.177741E-9	7.367188E+0
3.500000E-1	2.561559E-4	2.561559E-4	1.947266E-9	8.035156E+0
4.000000E-1	4.171691E-4	4.171691E-4	3.171269E-9	8.702148E+0
4.500000E-1	6.193465E-4	6.193465E-4	4.708197E-9	9.369141E+0
5.000000E-1	9.598696E-4	9.598696E-4	7.296812E-9	1.003613E+1
5.000000E-1	9.111878E-4	9.111878E-4	6.926739E-9	1.070410E+1
4.500000E-1	6.651988E-4	6.651988E-4	5.056761E-9	1.137109E+1
4.000000E-1	4.497241E-4	4.497241E-4	3.418748E-9	1.203809E+1
3.500000E-1	3.026352E-4	3.026352E-4	2.300596E-9	1.270508E+1
3.000000E-1	1.720910E-4	1.720910E-4	1.308215E-9	1.337305E+1
2.500000E-1	1.158422E-4	1.158422E-4	8.806183E-10	1.471289E+1
2.000000E-1	7.116861E-5	7.116861E-5	5.410151E-10	1.538086E+1
1.500000E-1	3.727946E-5	3.727946E-5	2.833939E-10	1.604883E+1
1.000000E-1	1.896618E-5	1.896618E-5	1.441786E-10	1.671680E+1
5.000000E-2	7.669114E-6	7.669114E-6	5.829967E-11	1.849023E+1
0.000000E+0	1.483095E-8	1.483095E-8	1.127431E-13	1.949219E+1
-5.000000E-2	7.314676E-6	-7.314676E-6	-5.560528E-11	2.049609E+1
-1.000000E-1	1.863350E-5	-1.863350E-5	-1.416496E-10	2.250879E+1
-1.500000E-1	3.285108E-5	-3.285108E-5	-2.497299E-10	2.317676E+1
-2.000000E-1	5.986368E-5	-5.986368E-5	-4.550764E-10	2.384473E+1
-2.500000E-1	1.062970E-4	-1.062970E-4	-8.080571E-10	2.451270E+1
-3.000000E-1	2.103250E-4	-2.103250E-4	-1.598865E-9	2.652637E+1
-3.500000E-1	3.201915E-4	-3.201915E-4	-2.434057E-9	2.719336E+1
-4.000000E-1	4.851280E-4	-4.851280E-4	-3.687884E-9	2.786035E+1
-4.500000E-1	6.078498E-4	-6.078498E-4	-4.620800E-9	2.852832E+1
-5.000000E-1	8.331011E-4	-8.331011E-4	-6.333133E-9	2.919531E+1
-5.000000E-1	8.316563E-4	-8.316563E-4	-6.322150E-9	2.986230E+1
-4.500000E-1	5.711842E-4	-5.711842E-4	-4.342073E-9	3.052930E+1
-4.000000E-1	3.601512E-4	-3.601512E-4	-2.737826E-9	3.119727E+1
-3.500000E-1	2.352498E-4	-2.352498E-4	-1.788340E-9	3.186426E+1
-3.000000E-1	1.439201E-4	-1.439201E-4	-1.094063E-9	3.253125E+1
-2.500000E-1	8.405891E-5	-8.405891E-5	-6.390056E-10	3.387207E+1
-2.000000E-1	4.898888E-5	-4.898888E-5	-3.724075E-10	3.454004E+1
-1.500000E-1	2.764100E-5	-2.764100E-5	-2.101235E-10	3.520801E+1
-1.000000E-1	1.368328E-5	-1.368328E-5	-1.040186E-10	3.587598E+1
-5.000000E-2	6.500097E-6	-6.500097E-6	-4.941295E-11	3.764941E+1
0.000000E+0	2.770856E-8	-2.770856E-8	-2.106371E-13	3.865234E+1
0.000000E+0	2.039896E-8	-2.039896E-8	-1.550704E-13	3.965527E+1
5.000000E-2	6.290853E-6	6.290853E-6	4.782230E-11	4.065820E+1
1.000000E-1	1.613950E-5	1.613950E-5	1.226905E-10	4.267090E+1
1.500000E-1	3.490170E-5	3.490170E-5	2.653185E-10	4.333887E+1
2.000000E-1	8.181132E-5	8.181132E-5	6.219197E-10	4.400684E+1
2.500000E-1	1.272053E-4	1.272053E-4	9.669993E-10	4.467480E+1
3.000000E-1	1.815713E-4	1.815713E-4	1.380283E-9	4.668750E+1
3.500000E-1	3.055108E-4	3.055108E-4	2.322456E-9	4.735547E+1
4.000000E-1	4.824721E-4	4.824721E-4	3.667694E-9	4.802246E+1
4.500000E-1	7.422937E-4	7.422937E-4	5.642826E-9	4.868945E+1
5.000000E-1	1.061404E-3	1.061404E-3	8.068664E-9	4.935742E+1
5.000000E-1	1.081209E-3	1.081209E-3	8.219218E-9	5.002441E+1
4.500000E-1	7.306382E-4	7.306382E-4	5.554223E-9	5.069141E+1
4.000000E-1	5.397099E-4	5.397099E-4	4.102809E-9	5.135937E+1
3.500000E-1	3.543861E-4	3.543861E-4	2.694000E-9	5.202637E+1
3.000000E-1	2.356141E-4	2.356141E-4	1.791110E-9	5.269336E+1
2.500000E-1	1.432351E-4	1.432351E-4	1.088856E-9	5.336133E+1
2.000000E-1	8.250173E-5	8.250173E-5	6.271681E-10	5.470117E+1
1.500000E-1	5.450598E-5	5.450598E-5	4.143478E-10	5.536914E+1
1.000000E-1	2.418602E-5	2.418602E-5	1.838592E-10	5.603711E+1
5.000000E-2	7.844277E-6	7.844277E-6	5.963124E-11	5.781055E+1
0.000000E+0	7.873698E-9	7.873698E-9	5.985490E-14	5.881348E+1
-5.000000E-2	9.044556E-6	-9.044556E-6	-6.875561E-11	5.981641E+1
-1.000000E-1	2.129789E-5	-2.129789E-5	-1.619040E-10	6.183008E+1
-1.500000E-1	3.865304E-5	-3.865304E-5	-2.938357E-10	6.249805E+1
-2.000000E-1	6.516063E-5	-6.516063E-5	-4.953432E-10	6.316602E+1
-2.500000E-1	1.076282E-4	-1.076282E-4	-8.181763E-10	6.383398E+1
-3.000000E-1	1.845523E-4	-1.845523E-4	-1.402944E-9	6.584668E+1
-3.500000E-1	3.030223E-4	-3.030223E-4	-2.303539E-9	6.651367E+1
-4.000000E-1	4.393193E-4	-4.393193E-4	-3.339652E-9	6.718164E+1
-4.500000E-1	6.593098E-4	-6.593098E-4	-5.011993E-9	6.784863E+1
-5.000000E-1	9.030481E-4	-9.030481E-4	-6.864862E-9	6.851563E+1
-5.000000E-1	8.825641E-4	-8.825641E-4	-6.709145E-9	6.918359E+1
-4.500000E-1	6.159126E-4	-6.159126E-4	-4.682093E-9	6.985059E+1
-4.000000E-1	4.008465E-4	-4.008465E-4	-3.047186E-9	7.051758E+1
-3.500000E-1	2.711135E-4	-2.711135E-4	-2.060972E-9	7.118457E+1
-3.000000E-1	1.764982E-4	-1.764982E-4	-1.341718E-9	7.185254E+1
-2.500000E-1	1.059053E-4	-1.059053E-4	-8.050792E-10	7.319238E+1
-2.000000E-1	7.081890E-5	-7.081890E-5	-5.383567E-10	7.386035E+1
-1.500000E-1	4.184359E-5	-4.184359E-5	-3.180899E-10	7.452832E+1
-1.000000E-1	2.275590E-5	-2.275590E-5	-1.729876E-10	7.519629E+1
-5.000000E-2	8.272164E-6	-8.272164E-6	-6.288398E-11	7.696973E+1
0.000000E+0	4.390687E-8	-4.390687E-8	-3.337747E-13	7.797266E+1
0.000000E+0	2.775602E-8	-2.775602E-8	-2.109979E-13	7.897559E+1
5.000000E-2	8.151087E-6	8.151087E-6	6.196357E-11	7.997852E+1
1.000000E-1	1.876889E-5	1.876889E-5	1.426788E-10	8.199219E+1
1.500000E-1	4.237771E-5	4.237771E-5	3.221502E-10	8.265918E+1
2.000000E-1	7.534654E-5	7.534654E-5	5.727752E-10	8.332715E+1
2.500000E-1	1.334773E-4	1.334773E-4	1.014678E-9	8.399512E+1
3.000000E-1	2.303700E-4	2.303700E-4	1.751245E-9	8.600879E+1
3.500000E-1	3.554203E-4	3.554203E-4	2.701862E-9	8.667578E+1
4.000000E-1	5.575238E-4	5.575238E-4	4.238228E-9	8.734277E+1
4.500000E-1	9.036827E-4	9.036827E-4	6.869686E-9	8.800977E+1
5.000000E-1	1.192682E-3	1.192682E-3	9.066626E-9	8.867773E+1
5.000000E-1	1.337083E-3	1.337083E-3	1.016434E-8	8.934473E+1
4.500000E-1	8.907637E-4	8.907637E-4	6.771477E-9	9.001172E+1
4.000000E-1	6.191156E-4	6.191156E-4	4.706442E-9	9.067969E+1
3.500000E-1	4.346589E-4	4.346589E-4	3.304224E-9	9.134668E+1
3.000000E-1	2.702662E-4	2.702662E-4	2.054531E-9	9.201367E+1
2.500000E-1	1.746213E-4	1.746213E-4	1.327450E-9	9.268164E+1
2.000000E-1	8.970975E-5	8.970975E-5	6.819626E-10	9.402148E+1
1.500000E-1	4.938235E-5	4.938235E-5	3.753986E-10	9.468945E+1
1.000000E-1	2.424868E-5	2.424868E-5	1.843355E-10	9.535742E+1
5.000000E-2	9.559030E-6	9.559030E-6	7.266659E-11	9.713086E+1
0.000000E+0	9.266611E-9	9.266611E-9	7.044365E-14	9.813281E+1
-5.000000E-2	1.025722E-5	-1.025722E-5	-7.797415E-11	9.913672E+1
-1.000000E-1	2.556147E-5	-2.556147E-5	-1.943152E-10	1.011494E+2
-1.500000E-1	4.393977E-5	-4.393977E-5	-3.340248E-10	1.018174E+2
-2.000000E-1	7.616698E-5	-7.616698E-5	-5.790121E-10	1.024854E+2
-2.500000E-1	1.400888E-4	-1.400888E-4	-1.064938E-9	1.044990E+2
-3.000000E-1	2.193528E-4	-2.193528E-4	-1.667493E-9	1.051660E+2
-3.500000E-1	3.305395E-4	-3.305395E-4	-2.512721E-9	1.058330E+2
-4.000000E-1	4.745474E-4	-4.745474E-4	-3.607452E-9	1.065010E+2
-4.500000E-1	7.028279E-4	-7.028279E-4	-5.342812E-9	1.071680E+2
-5.000000E-1	1.059601E-3	-1.059601E-3	-8.054959E-9	1.078350E+2
-5.000000E-1	1.036559E-3	-1.036559E-3	-7.879795E-9	1.085029E+2
-4.500000E-1	6.866130E-4	-6.866130E-4	-5.219549E-9	1.091699E+2
-4.000000E-1	4.425161E-4	-4.425161E-4	-3.363954E-9	1.098369E+2
-3.500000E-1	3.081615E-4	-3.081615E-4	-2.342606E-9	1.105049E+2
-3.000000E-1	1.864005E-4	-1.864005E-4	-1.416994E-9	1.111719E+2
-2.500000E-1	1.314616E-4	-1.314616E-4	-9.993549E-10	1.125117E+2
-2.000000E-1	7.637130E-5	-7.637130E-5	-5.805653E-10	1.131797E+2
-1.500000E-1	3.776898E-5	-3.776898E-5	-2.871152E-10	1.138477E+2
-1.000000E-1	1.828045E-5	-1.828045E-5	-1.389658E-10	1.145156E+2
-5.000000E-2	9.369310E-6	-9.369310E-6	-7.122436E-11	1.162891E+2
0.000000E+0	5.090977E-8	-5.090977E-8	-3.870099E-13	1.172920E+2
0.000000E+0	3.353213E-8	-3.353213E-8	-2.549072E-13	1.182949E+2
5.000000E-2	8.693200E-6	8.693200E-6	6.608465E-11	1.192969E+2
1.000000E-1	2.114238E-5	2.114238E-5	1.607218E-10	1.213105E+2
1.500000E-1	4.444142E-5	4.444142E-5	3.378383E-10	1.219785E+2
2.000000E-1	8.417847E-5	8.417847E-5	6.399145E-10	1.226465E+2
2.500000E-1	1.488800E-4	1.488800E-4	1.131768E-9	1.246592E+2
3.000000E-1	2.521562E-4	2.521562E-4	1.916861E-9	1.253262E+2
3.500000E-1	3.454591E-4	3.454591E-4	2.626138E-9	1.259941E+2
4.000000E-1	5.471604E-4	5.471604E-4	4.159447E-9	1.266611E+2
4.500000E-1	8.644563E-4	8.644563E-4	6.571492E-9	1.273281E+2
5.000000E-1	1.296789E-3	1.296789E-3	9.858036E-9	1.279961E+2
5.000000E-1	1.338731E-3	1.338731E-3	1.017687E-8	1.286631E+2
4.500000E-1	9.457511E-4	9.457511E-4	7.189485E-9	1.293301E+2
4.000000E-1	6.376805E-4	6.376805E-4	4.847570E-9	1.299980E+2
3.500000E-1	3.855554E-4	3.855554E-4	2.930945E-9	1.306650E+2
3.000000E-1	2.625033E-4	2.625033E-4	1.995518E-9	1.313320E+2
2.500000E-1	1.634103E-4	1.634103E-4	1.242225E-9	1.319990E+2
2.000000E-1	9.334939E-5	9.334939E-5	7.096307E-10	1.333398E+2
1.500000E-1	5.348066E-5	5.348066E-5	4.065535E-10	1.340068E+2
1.000000E-1	2.775353E-5	2.775353E-5	2.109790E-10	1.346748E+2
5.000000E-2	9.859091E-6	9.859091E-6	7.494761E-11	1.364492E+2
0.000000E+0	2.466350E-9	2.466350E-9	1.874889E-14	1.374512E+2
-5.000000E-2	9.452436E-6	-9.452436E-6	-7.185627E-11	1.384541E+2
-1.000000E-1	2.483899E-5	-2.483899E-5	-1.888230E-10	1.404678E+2
-1.500000E-1	5.023037E-5	-5.023037E-5	-3.818452E-10	1.411357E+2
-2.000000E-1	8.637678E-5	-8.637678E-5	-6.566258E-10	1.418037E+2
-2.500000E-1	1.264905E-4	-1.264905E-4	-9.615650E-10	1.438164E+2
-3.000000E-1	2.105635E-4	-2.105635E-4	-1.600678E-9	1.444844E+2
-3.500000E-1	3.393545E-4	-3.393545E-4	-2.579732E-9	1.451514E+2
-4.000000E-1	5.261622E-4	-5.261622E-4	-3.999821E-9	1.458184E+2
-4.500000E-1	7.880631E-4	-7.880631E-4	-5.990760E-9	1.464854E+2
-5.000000E-1	1.145806E-3	-1.145806E-3	-8.710277E-9	1.471533E+2
-5.000000E-1	1.110292E-3	-1.110292E-3	-8.440303E-9	1.478203E+2
-4.500000E-1	7.225389E-4	-7.225389E-4	-5.492653E-9	1.484873E+2
-4.000000E-1	4.842557E-4	-4.842557E-4	-3.681253E-9	1.491553E+2
-3.500000E-1	3.151555E-4	-3.151555E-4	-2.395774E-9	1.498223E+2
-3.000000E-1	1.963625E-4	-1.963625E-4	-1.492724E-9	1.504893E+2
-2.500000E-1	1.238838E-4	-1.238838E-4	-9.417495E-10	1.518291E+2
-2.000000E-1	7.320656E-5	-7.320656E-5	-5.565074E-10	1.524971E+2
-1.500000E-1	4.375656E-5	-4.375656E-5	-3.326321E-10	1.531650E+2
-1.000000E-1	2.012107E-5	-2.012107E-5	-1.529579E-10	1.538330E+2
-5.000000E-2	7.548233E-6	-7.548233E-6	-5.738075E-11	1.556074E+2
0.000000E+0	3.605508E-8	-3.605508E-8	-2.740863E-13	1.566094E+2
0.000000E+0	2.653289E-8	-2.653289E-8	-2.016998E-13	1.576133E+2
5.000000E-2	8.704236E-6	8.704236E-6	6.616854E-11	1.586152E+2
1.000000E-1	2.023038E-5	2.023038E-5	1.537889E-10	1.606289E+2
1.500000E-1	4.291940E-5	4.291940E-5	3.262681E-10	1.612969E+2
2.000000E-1	8.312556E-5	8.312556E-5	6.319104E-10	1.619648E+2
2.500000E-1	1.605366E-4	1.605366E-4	1.220380E-9	1.639775E+2
3.000000E-1	2.618771E-4	2.618771E-4	1.990758E-9	1.646445E+2
3.500000E-1	4.491219E-4	4.491219E-4	3.414170E-9	1.653115E+2
4.000000E-1	6.782408E-4	6.782408E-4	5.155904E-9	1.659795E+2
4.500000E-1	1.037203E-3	1.037203E-3	7.884694E-9	1.666465E+2
5.000000E-1	1.541704E-3	1.541704E-3	1.171985E-8	1.686592E+2
5.000000E-1	1.500901E-3	1.500901E-3	1.140967E-8	1.693262E+2
4.500000E-1	1.048659E-3	1.048659E-3	7.971775E-9	1.706660E+2
4.000000E-1	6.861951E-4	6.861951E-4	5.216372E-9	1.713330E+2
3.500000E-1	4.657805E-4	4.657805E-4	3.540807E-9	1.720010E+2
3.000000E-1	3.030066E-4	3.030066E-4	2.303419E-9	1.726680E+2
2.500000E-1	1.819204E-4	1.819204E-4	1.382937E-9	1.733350E+2
2.000000E-1	1.063925E-4	1.063925E-4	8.087827E-10	1.746748E+2
1.500000E-1	5.822536E-5	5.822536E-5	4.426221E-10	1.753428E+2
1.000000E-1	2.775688E-5	2.775688E-5	2.110044E-10	1.760107E+2
5.000000E-2	1.134774E-5	1.134774E-5	8.626416E-11	1.777842E+2
0.000000E+0	3.694960E-9	3.694960E-9	2.808864E-14	1.787871E+2
-5.000000E-2	1.094599E-5	-1.094599E-5	-8.321008E-11	1.797900E+2
-1.000000E-1	2.641898E-5	-2.641898E-5	-2.008339E-10	1.818027E+2
-1.500000E-1	5.189558E-5	-5.189558E-5	-3.945039E-10	1.824707E+2
-2.000000E-1	9.712827E-5	-9.712827E-5	-7.383573E-10	1.831387E+2
-2.500000E-1	1.581943E-4	-1.581943E-4	-1.202574E-9	1.851523E+2
-3.000000E-1	2.623206E-4	-2.623206E-4	-1.994129E-9	1.858193E+2
-3.500000E-1	4.247484E-4	-4.247484E-4	-3.228886E-9	1.864863E+2
-4.000000E-1	5.683904E-4	-5.683904E-4	-4.320835E-9	1.871533E+2
-4.500000E-1	8.751847E-4	-8.751847E-4	-6.653048E-9	1.878213E+2
-5.000000E-1	1.251669E-3	-1.251669E-3	-9.515038E-9	1.884883E+2
-5.000000E-1	1.254964E-3	-1.254964E-3	-9.540083E-9	1.891553E+2
-4.500000E-1	8.711656E-4	-8.711656E-4	-6.622495E-9	1.898232E+2
-4.000000E-1	6.023551E-4	-6.023551E-4	-4.579030E-9	1.904902E+2
-3.500000E-1	3.628385E-4	-3.628385E-4	-2.758254E-9	1.911572E+2
-3.000000E-1	2.223407E-4	-2.223407E-4	-1.690207E-9	1.918252E+2
-2.500000E-1	1.423952E-4	-1.423952E-4	-1.082471E-9	1.924922E+2
-2.000000E-1	8.092780E-5	-8.092780E-5	-6.152033E-10	1.938320E+2
-1.500000E-1	4.430506E-5	-4.430506E-5	-3.368017E-10	1.945000E+2
-1.000000E-1	2.184378E-5	-2.184378E-5	-1.660538E-10	1.951680E+2
-5.000000E-2	8.586735E-6	-8.586735E-6	-6.527531E-11	1.969414E+2
0.000000E+0	4.637687E-8	-4.637687E-8	-3.525513E-13	1.979443E+2
0.000000E+0	3.669951E-8	-3.669951E-8	-2.789852E-13	1.989473E+2
5.000000E-2	9.674941E-6	9.674941E-6	7.354772E-11	1.999502E+2
1.000000E-1	2.587413E-5	2.587413E-5	1.966920E-10	2.019639E+2
1.500000E-1	5.822519E-5	5.822519E-5	4.426208E-10	2.026318E+2
2.000000E-1	9.899499E-5	9.899499E-5	7.525479E-10	2.032998E+2
2.500000E-1	1.915855E-4	1.915855E-4	1.456410E-9	2.053125E+2
3.000000E-1	2.943895E-4	2.943895E-4	2.237913E-9	2.059795E+2
3.500000E-1	4.785730E-4	4.785730E-4	3.638054E-9	2.066475E+2
4.000000E-1	7.263830E-4	7.263830E-4	5.521875E-9	2.073145E+2
4.500000E-1	1.091400E-3	1.091400E-3	8.296693E-9	2.079814E+2
5.000000E-1	1.647882E-3	1.647882E-3	1.252700E-8	2.099941E+2
5.000000E-1	1.604705E-3	1.604705E-3	1.219877E-8	2.106611E+2
4.500000E-1	1.153698E-3	1.153698E-3	8.770269E-9	2.120010E+2
4.000000E-1	7.953154E-4	7.953154E-4	6.045891E-9	2.126680E+2
3.500000E-1	5.185050E-4	5.185050E-4	3.941612E-9	2.133359E+2
3.000000E-1	3.372461E-4	3.372461E-4	2.563704E-9	2.140029E+2
2.500000E-1	2.062406E-4	2.062406E-4	1.567816E-9	2.146699E+2
2.000000E-1	1.129971E-4	1.129971E-4	8.589901E-10	2.160098E+2
1.500000E-1	6.757343E-5	6.757343E-5	5.136850E-10	2.166777E+2
1.000000E-1	3.705473E-5	3.705473E-5	2.816856E-10	2.173457E+2
5.000000E-2	1.330237E-5	1.330237E-5	1.011230E-10	2.180137E+2
0.000000E+0	2.746392E-8	-2.746392E-8	-2.087774E-13	2.197871E+2
-5.000000E-2	1.308727E-5	-1.308727E-5	-9.948786E-11	2.218008E+2
-1.000000E-1	3.196730E-5	-3.196730E-5	-2.430115E-10	2.224687E+2
-1.500000E-1	6.241073E-5	-6.241073E-5	-4.744388E-10	2.231367E+2
-2.000000E-1	1.048131E-4	-1.048131E-4	-7.967765E-10	2.238047E+2
-2.500000E-1	1.744731E-4	-1.744731E-4	-1.326323E-9	2.258184E+2
-3.000000E-1	2.609714E-4	-2.609714E-4	-1.983873E-9	2.264854E+2
-3.500000E-1	4.375562E-4	-4.375562E-4	-3.326249E-9	2.271523E+2
-4.000000E-1	6.961617E-4	-6.961617E-4	-5.292137E-9	2.278203E+2
-4.500000E-1	1.017491E-3	-1.017491E-3	-7.734840E-9	2.284873E+2
-5.000000E-1	1.404349E-3	-1.404349E-3	-1.067569E-8	2.305000E+2
-5.000000E-1	1.288506E-3	-1.288506E-3	-9.795063E-9	2.318398E+2
-4.500000E-1	9.291418E-4	-9.291418E-4	-7.063223E-9	2.325068E+2
-4.000000E-1	6.567050E-4	-6.567050E-4	-4.992192E-9	2.331738E+2
-3.500000E-1	4.281755E-4	-4.281755E-4	-3.254938E-9	2.338418E+2
-3.000000E-1	2.706015E-4	-2.706015E-4	-2.057080E-9	2.345088E+2
-2.500000E-1	1.723567E-4	-1.723567E-4	-1.310235E-9	2.351758E+2
-2.000000E-1	9.936076E-5	-9.936076E-5	-7.553284E-10	2.365156E+2
-1.500000E-1	5.821119E-5	-5.821119E-5	-4.425144E-10	2.371836E+2
-1.000000E-1	2.602003E-5	-2.602003E-5	-1.978011E-10	2.378516E+2
-5.000000E-2	1.087858E-5	-1.087858E-5	-8.269763E-11	2.396260E+2
0.000000E+0	5.260208E-8	-5.260208E-8	-3.998746E-13	2.406279E+2
0.000000E+0	3.975734E-8	-3.975734E-8	-3.022305E-13	2.416309E+2
5.000000E-2	1.141693E-5	1.141693E-5	8.679014E-11	2.426338E+2
1.000000E-1	3.125993E-5	3.125993E-5	2.376342E-10	2.446475E+2
1.500000E-1	6.136415E-5	6.136415E-5	4.664828E-10	2.453154E+2
2.000000E-1	1.195797E-4	1.195797E-4	9.090301E-10	2.459824E+2
2.500000E-1	1.897455E-4	1.897455E-4	1.442422E-9	2.479961E+2
3.000000E-1	3.018639E-4	3.018639E-4	2.294733E-9	2.486631E+2
3.500000E-1	5.402337E-4	5.402337E-4	4.106791E-9	2.493301E+2
4.000000E-1	8.870347E-4	8.870347E-4	6.743130E-9	2.499980E+2
4.500000E-1	1.229723E-3	1.229723E-3	9.348203E-9	2.506650E+2
5.000000E-1	1.854073E-3	1.854073E-3	1.409444E-8	2.526777E+2
5.000000E-1	1.902351E-3	1.902351E-3	1.446144E-8	2.533447E+2
4.500000E-1	1.270265E-3	1.270265E-3	9.656400E-9	2.546846E+2
4.000000E-1	8.323281E-4	8.323281E-4	6.327257E-9	2.553516E+2
3.500000E-1	5.582891E-4	5.582891E-4	4.244046E-9	2.560195E+2
3.000000E-1	3.499310E-4	3.499310E-4	2.660133E-9	2.566865E+2
2.500000E-1	2.273992E-4	2.273992E-4	1.728661E-9	2.573535E+2
2.000000E-1	1.350806E-4	1.350806E-4	1.026866E-9	2.580205E+2
1.500000E-1	7.582786E-5	7.582786E-5	5.764342E-10	2.593613E+2
1.000000E-1	4.078131E-5	4.078131E-5	3.100146E-10	2.600293E+2
5.000000E-2	1.627562E-5	1.627562E-5	1.237253E-10	2.606973E+2
0.000000E+0	3.108038E-8	-3.108038E-8	-2.362693E-13	2.624707E+2
-5.000000E-2	1.449907E-5	-1.449907E-5	-1.102202E-10	2.644844E+2
-1.000000E-1	3.819211E-5	-3.819211E-5	-2.903318E-10	2.651523E+2
-1.500000E-1	7.844362E-5	-7.844362E-5	-5.963189E-10	2.658203E+2
-2.000000E-1	1.265814E-4	-1.265814E-4	-9.622566E-10	2.664883E+2
-2.500000E-1	1.806690E-4	-1.806690E-4	-1.373424E-9	2.685010E+2
-3.000000E-1	3.294384E-4	-3.294384E-4	-2.504351E-9	2.691689E+2
-3.500000E-1	4.968743E-4	-4.968743E-4	-3.777178E-9	2.698359E+2
-4.000000E-1	7.421470E-4	-7.421470E-4	-5.641711E-9	2.705029E+2
-4.500000E-1	1.112406E-3	-1.112406E-3	-8.456372E-9	2.711709E+2
-5.000000E-1	1.566486E-3	-1.566486E-3	-1.190824E-8	2.731826E+2
-5.000000E-1	1.481856E-3	-1.481856E-3	-1.126489E-8	2.738506E+2
-4.500000E-1	9.544329E-4	-9.544329E-4	-7.255483E-9	2.751904E+2
-4.000000E-1	6.605971E-4	-6.605971E-4	-5.021779E-9	2.758574E+2
-3.500000E-1	4.276876E-4	-4.276876E-4	-3.251229E-9	2.765244E+2
-3.000000E-1	2.748555E-4	-2.748555E-4	-2.089418E-9	2.771924E+2
-2.500000E-1	1.833799E-4	-1.833799E-4	-1.394032E-9	2.778594E+2
-2.000000E-1	1.069235E-4	-1.069235E-4	-8.128193E-10	2.791992E+2
-1.500000E-1	6.232394E-5	-6.232394E-5	-4.737790E-10	2.798672E+2
-1.000000E-1	3.362857E-5	-3.362857E-5	-2.556403E-10	2.805352E+2
-5.000000E-2	1.448456E-5	-1.448456E-5	-1.101099E-10	2.812031E+2
0.000000E+0	4.095126E-8	-4.095126E-8	-3.113065E-13	2.829766E+2
0.000000E+0	4.014984E-8	-4.014984E-8	-3.052142E-13	2.839795E+2
5.000000E-2	1.316773E-5	1.316773E-5	1.000995E-10	2.849824E+2
1.000000E-1	3.548431E-5	3.548431E-5	2.697474E-10	2.869961E+2
1.500000E-1	7.424078E-5	7.424078E-5	5.643694E-10	2.876631E+2
2.000000E-1	1.404254E-4	1.404254E-4	1.067497E-9	2.896768E+2
2.500000E-1	2.383485E-4	2.383485E-4	1.811896E-9	2.903437E+2
3.000000E-1	3.653875E-4	3.653875E-4	2.777631E-9	2.910107E+2
3.500000E-1	5.912727E-4	5.912727E-4	4.494783E-9	2.916787E+2
4.000000E-1	9.002465E-4	9.002465E-4	6.843565E-9	2.923457E+2
4.500000E-1	1.273400E-3	1.273400E-3	9.680235E-9	2.930127E+2
5.000000E-1	1.963748E-3	1.963748E-3	1.492817E-8	2.950254E+2
5.000000E-1	1.956337E-3	1.956337E-3	1.487184E-8	2.956934E+2
4.500000E-1	1.346624E-3	1.346624E-3	1.023687E-8	2.963604E+2
4.000000E-1	9.508589E-4	9.508589E-4	7.228314E-9	2.977002E+2
3.500000E-1	6.273147E-4	6.273147E-4	4.768770E-9	2.983672E+2
3.000000E-1	4.496648E-4	4.496648E-4	3.418297E-9	2.990342E+2
2.500000E-1	2.611216E-4	2.611216E-4	1.985015E-9	2.997021E+2
2.000000E-1	1.660084E-4	1.660084E-4	1.261976E-9	3.003691E+2
1.500000E-1	8.171009E-5	8.171009E-5	6.211502E-10	3.017090E+2
1.000000E-1	4.014082E-5	4.014082E-5	3.051456E-10	3.023770E+2
5.000000E-2	1.603673E-5	1.603673E-5	1.219093E-10	3.030449E+2
0.000000E+0	3.608063E-8	-3.608063E-8	-2.742806E-13	3.048184E+2
-5.000000E-2	1.597701E-5	-1.597701E-5	-1.214553E-10	3.071670E+2
-1.000000E-1	4.046559E-5	-4.046559E-5	-3.076145E-10	3.078350E+2
-1.500000E-1	7.873413E-5	-7.873413E-5	-5.985273E-10	3.085029E+2
-2.000000E-1	1.380012E-4	-1.380012E-4	-1.049068E-9	3.091709E+2
-2.500000E-1	2.266411E-4	-2.266411E-4	-1.722898E-9	3.111836E+2
-3.000000E-1	3.440860E-4	-3.440860E-4	-2.615700E-9	3.118506E+2
-3.500000E-1	5.325560E-4	-5.325560E-4	-4.048426E-9	3.125186E+2
-4.000000E-1	8.917667E-4	-8.917667E-4	-6.779102E-9	3.131855E+2
-4.500000E-1	1.215129E-3	-1.215129E-3	-9.237260E-9	3.138525E+2
-5.000000E-1	1.524029E-3	-1.524029E-3	-1.158548E-8	3.158652E+2
-5.000000E-1	1.502021E-3	-1.502021E-3	-1.141818E-8	3.165322E+2
-4.500000E-1	1.057303E-3	-1.057303E-3	-8.037491E-9	3.178721E+2
-4.000000E-1	7.924069E-4	-7.924069E-4	-6.023781E-9	3.185391E+2
-3.500000E-1	5.029203E-4	-5.029203E-4	-3.823139E-9	3.192070E+2
-3.000000E-1	3.243677E-4	-3.243677E-4	-2.465804E-9	3.198740E+2
-2.500000E-1	2.105586E-4	-2.105586E-4	-1.600641E-9	3.205410E+2
-2.000000E-1	1.253337E-4	-1.253337E-4	-9.527713E-10	3.218809E+2
-1.500000E-1	7.074062E-5	-7.074062E-5	-5.377616E-10	3.225488E+2
-1.000000E-1	3.781425E-5	-3.781425E-5	-2.874593E-10	3.232168E+2
-5.000000E-2	1.516020E-5	-1.516020E-5	-1.152460E-10	3.238848E+2
0.000000E+0	4.060075E-8	-4.060075E-8	-3.086420E-13	3.256582E+2
0.000000E+0	2.813939E-8	-2.813939E-8	-2.139122E-13	3.266621E+2
5.000000E-2	1.509214E-5	1.509214E-5	1.147286E-10	3.286748E+2
1.000000E-1	3.634950E-5	3.634950E-5	2.763245E-10	3.293428E+2
1.500000E-1	7.747115E-5	7.747115E-5	5.889263E-10	3.300107E+2
2.000000E-1	1.504643E-4	1.504643E-4	1.143811E-9	3.320244E+2
2.500000E-1	2.601041E-4	2.601041E-4	1.977280E-9	3.326914E+2
3.000000E-1	4.335451E-4	4.335451E-4	3.295757E-9	3.333584E+2
3.500000E-1	6.713973E-4	6.713973E-4	5.103881E-9	3.340264E+2
4.000000E-1	1.014861E-3	1.014861E-3	7.714850E-9	3.346934E+2
4.500000E-1	1.529536E-3	1.529536E-3	1.162735E-8	3.367061E+2
5.000000E-1	2.170064E-3	2.170064E-3	1.649656E-8	3.373730E+2
5.000000E-1	2.112528E-3	2.112528E-3	1.605918E-8	3.380400E+2
4.500000E-1	1.469049E-3	1.469049E-3	1.116753E-8	3.387080E+2
4.000000E-1	1.127711E-3	1.127711E-3	8.572725E-9	3.400479E+2
3.500000E-1	7.181996E-4	7.181996E-4	5.459666E-9	3.407148E+2
3.000000E-1	4.364937E-4	4.364937E-4	3.318172E-9	3.413818E+2
2.500000E-1	2.606606E-4	2.606606E-4	1.981510E-9	3.420498E+2
2.000000E-1	1.555099E-4	1.555099E-4	1.182167E-9	3.427168E+2
1.500000E-1	8.842984E-5	8.842984E-5	6.722329E-10	3.440566E+2
1.000000E-1	4.440162E-5	4.440162E-5	3.375357E-10	3.447246E+2
5.000000E-2	1.640667E-5	1.640667E-5	1.247215E-10	3.453926E+2
0.000000E+0	2.940816E-8	-2.940816E-8	-2.235573E-13	3.471660E+2
-5.000000E-2	1.655434E-5	-1.655434E-5	-1.258441E-10	3.491807E+2
-1.000000E-1	4.052389E-5	-4.052389E-5	-3.080577E-10	3.498486E+2
-1.500000E-1	7.837642E-5	-7.837642E-5	-5.958080E-10	3.505166E+2
-2.000000E-1	1.337797E-4	-1.337797E-4	-1.016977E-9	3.525293E+2
-2.500000E-1	2.512186E-4	-2.512186E-4	-1.909733E-9	3.531963E+2
-3.000000E-1	3.756118E-4	-3.756118E-4	-2.855355E-9	3.538643E+2
-3.500000E-1	5.881812E-4	-5.881812E-4	-4.471282E-9	3.545313E+2
-4.000000E-1	8.408084E-4	-8.408084E-4	-6.391723E-9	3.551982E+2
-4.500000E-1	1.191978E-3	-1.191978E-3	-9.061273E-9	3.558652E+2
-5.000000E-1	1.658028E-3	-1.658028E-3	-1.260413E-8	3.578779E+2
-5.000000E-1	1.597688E-3	-1.597688E-3	-1.214543E-8	3.585449E+2
-4.500000E-1	1.044995E-3	-1.044995E-3	-7.943926E-9	3.598857E+2
-4.000000E-1	7.488900E-4	-7.488900E-4	-5.692971E-9	3.605527E+2
-3.500000E-1	4.724766E-4	-4.724766E-4	-3.591710E-9	3.612197E+2
-3.000000E-1	3.133508E-4	-3.133508E-4	-2.382055E-9	3.618877E+2
-2.500000E-1	1.943030E-4	-1.943030E-4	-1.477068E-9	3.625547E+2
-2.000000E-1	1.191718E-4	-1.191718E-4	-9.059292E-10	3.638945E+2
-1.500000E-1	7.160997E-5	-7.160997E-5	-5.443703E-10	3.645625E+2
-1.000000E-1	3.703794E-5	-3.703794E-5	-2.815579E-10	3.652305E+2
-5.000000E-2	1.709505E-5	-1.709505E-5	-1.299545E-10	3.658984E+2
0.000000E+0	4.689899E-8	-4.689899E-8	-3.565204E-13	3.676719E+2
0.000000E+0	3.686745E-8	-3.686745E-8	-2.802619E-13	3.686748E+2
5.000000E-2	1.505416E-5	1.505416E-5	1.144399E-10	3.706885E+2
1.000000E-1	3.855598E-5	3.855598E-5	2.930979E-10	3.713564E+2
1.500000E-1	8.082146E-5	8.082146E-5	6.143949E-10	3.720244E+2
2.000000E-1	1.378951E-4	1.378951E-4	1.048262E-9	3.740371E+2
2.500000E-1	2.501079E-4	2.501079E-4	1.901290E-9	3.747041E+2
3.000000E-1	3.991016E-4	3.991016E-4	3.033922E-9	3.753721E+2
3.500000E-1	6.298488E-4	6.298488E-4	4.788034E-9	3.760391E+2
4.000000E-1	9.597829E-4	9.597829E-4	7.296153E-9	3.767061E+2
4.500000E-1	1.458208E-3	1.458208E-3	1.108512E-8	3.787187E+2
5.000000E-1	2.107112E-3	2.107112E-3	1.601801E-8	3.793857E+2
5.000000E-1	2.186500E-3	2.186500E-3	1.662151E-8	3.800537E+2
4.500000E-1	1.576289E-3	1.576289E-3	1.198276E-8	3.807207E+2
4.000000E-1	1.079718E-3	1.079718E-3	8.207885E-9	3.820605E+2
3.500000E-1	6.891376E-4	6.891376E-4	5.238740E-9	3.827275E+2
3.000000E-1	4.306026E-4	4.306026E-4	3.273389E-9	3.833955E+2
2.500000E-1	2.724202E-4	2.724202E-4	2.070905E-9	3.840625E+2
2.000000E-1	1.603905E-4	1.603905E-4	1.219269E-9	3.847295E+2
1.500000E-1	9.211847E-5	9.211847E-5	7.002734E-10	3.860693E+2
1.000000E-1	4.512890E-5	4.512890E-5	3.430644E-10	3.867373E+2
5.000000E-2	1.798137E-5	1.798137E-5	1.366922E-10	3.874053E+2
0.000000E+0	4.050217E-8	-4.050217E-8	-3.078926E-13	3.891787E+2
-5.000000E-2	1.669251E-5	-1.669251E-5	-1.268944E-10	3.911924E+2
-1.000000E-1	4.200480E-5	-4.200480E-5	-3.193154E-10	3.918604E+2
-1.500000E-1	7.462855E-5	-7.462855E-5	-5.673172E-10	3.925283E+2
-2.000000E-1	1.353150E-4	-1.353150E-4	-1.028648E-9	3.931963E+2
-2.500000E-1	2.345312E-4	-2.345312E-4	-1.782878E-9	3.952100E+2
-3.000000E-1	3.887339E-4	-3.887339E-4	-2.955108E-9	3.958770E+2
-3.500000E-1	5.595854E-4	-5.595854E-4	-4.253900E-9	3.965439E+2
-4.000000E-1	8.540036E-4	-8.540036E-4	-6.492032E-9	3.972109E+2
-4.500000E-1	1.262547E-3	-1.262547E-3	-9.597725E-9	3.978789E+2
-5.000000E-1	1.674086E-3	-1.674086E-3	-1.272620E-8	3.998906E+2
-5.000000E-1	1.662329E-3	-1.662329E-3	-1.263682E-8	4.005586E+2
-4.500000E-1	1.131135E-3	-1.131135E-3	-8.598754E-9	4.018984E+2
-4.000000E-1	8.042134E-4	-8.042134E-4	-6.113533E-9	4.025654E+2
-3.500000E-1	5.272882E-4	-5.272882E-4	-4.008381E-9	4.032324E+2
-3.000000E-1	3.835816E-4	-3.835816E-4	-2.915941E-9	4.039004E+2
-2.500000E-1	2.244183E-4	-2.244183E-4	-1.706001E-9	4.045674E+2
-2.000000E-1	1.241361E-4	-1.241361E-4	-9.436675E-10	4.059072E+2
-1.500000E-1	7.373297E-5	-7.373297E-5	-5.605091E-10	4.065752E+2
-1.000000E-1	3.565513E-5	-3.565513E-5	-2.710460E-10	4.072432E+2
-5.000000E-2	1.510400E-5	-1.510400E-5	-1.148188E-10	4.079111E+2
0.000000E+0	3.850865E-8	-3.850865E-8	-2.927381E-13	4.096846E+2
0.000000E+0	3.317797E-8	-3.317797E-8	-2.522149E-13	4.106875E+2
5.000000E-2	1.540375E-5	1.540375E-5	1.170974E-10	4.127012E+2
1.000000E-1	3.977815E-5	3.977815E-5	3.023887E-10	4.133691E+2
1.500000E-1	7.755314E-5	7.755314E-5	5.895496E-10	4.140371E+2
2.000000E-1	1.743897E-4	1.743897E-4	1.325689E-9	4.160498E+2
2.500000E-1	2.774911E-4	2.774911E-4	2.109454E-9	4.167178E+2
3.000000E-1	4.499076E-4	4.499076E-4	3.420143E-9	4.173848E+2
3.500000E-1	6.857289E-4	6.857289E-4	5.212828E-9	4.180518E+2
4.000000E-1	1.077221E-3	1.077221E-3	8.188905E-9	4.187197E+2
4.500000E-1	1.580279E-3	1.580279E-3	1.201309E-8	4.207314E+2
5.000000E-1	2.337737E-3	2.337737E-3	1.777119E-8	4.213994E+2
5.000000E-1	2.306496E-3	2.306496E-3	1.753370E-8	4.220664E+2
4.500000E-1	1.686729E-3	1.686729E-3	1.282231E-8	4.227334E+2
4.000000E-1	1.177531E-3	1.177531E-3	8.951451E-9	4.240732E+2
3.500000E-1	7.807971E-4	7.807971E-4	5.935525E-9	4.247402E+2
3.000000E-1	5.201606E-4	5.201606E-4	3.954198E-9	4.254082E+2
2.500000E-1	3.270950E-4	3.270950E-4	2.486536E-9	4.260752E+2
2.000000E-1	1.974399E-4	1.974399E-4	1.500914E-9	4.267422E+2
1.500000E-1	9.553768E-5	9.553768E-5	7.262658E-10	4.280820E+2
1.000000E-1	5.174683E-5	5.174683E-5	3.933731E-10	4.287500E+2
5.000000E-2	1.942240E-5	1.942240E-5	1.476467E-10	4.294180E+2
0.000000E+0	5.484205E-8	-5.484205E-8	-4.169026E-13	4.311914E+2
-5.000000E-2	2.165336E-5	-2.165336E-5	-1.646062E-10	4.332061E+2
-1.000000E-1	4.931595E-5	-4.931595E-5	-3.748939E-10	4.338730E+2
-1.500000E-1	9.623034E-5	-9.623034E-5	-7.315314E-10	4.345410E+2
-2.000000E-1	1.587184E-4	-1.587184E-4	-1.206558E-9	4.365537E+2
-2.500000E-1	2.663438E-4	-2.663438E-4	-2.024713E-9	4.372217E+2
-3.000000E-1	4.188495E-4	-4.188495E-4	-3.184043E-9	4.378887E+2
-3.500000E-1	6.350407E-4	-6.350407E-4	-4.827502E-9	4.385557E+2
-4.000000E-1	9.739477E-4	-9.739477E-4	-7.403832E-9	4.392227E+2
-4.500000E-1	1.365352E-3	-1.365352E-3	-1.037924E-8	4.398896E+2
-5.000000E-1	1.949127E-3	-1.949127E-3	-1.481703E-8	4.419023E+2
-5.000000E-1	1.863533E-3	-1.863533E-3	-1.416635E-8	4.425693E+2
-4.500000E-1	1.247331E-3	-1.247331E-3	-9.482061E-9	4.439092E+2
-4.000000E-1	8.437162E-4	-8.437162E-4	-6.413828E-9	4.445762E+2
-3.500000E-1	5.710574E-4	-5.710574E-4	-4.341109E-9	4.452441E+2
-3.000000E-1	3.968130E-4	-3.968130E-4	-3.016524E-9	4.459111E+2
-2.500000E-1	2.473271E-4	-2.473271E-4	-1.880151E-9	4.465781E+2
-2.000000E-1	1.429152E-4	-1.429152E-4	-1.086424E-9	4.472451E+2
-1.500000E-1	7.477991E-5	-7.477991E-5	-5.684678E-10	4.485850E+2
-1.000000E-1	3.960382E-5	-3.960382E-5	-3.010634E-10	4.492529E+2
-5.000000E-2	1.799774E-5	-1.799774E-5	-1.368166E-10	4.499209E+2
0.000000E+0	3.943787E-8	-3.943787E-8	-2.998019E-13	4.516943E+2
0.000000E+0	2.898281E-8	-2.898281E-8	-2.203238E-13	4.526973E+2
5.000000E-2	1.781465E-5	1.781465E-5	1.354248E-10	4.547100E+2
1.000000E-1	4.220578E-5	4.220578E-5	3.208432E-10	4.553779E+2
1.500000E-1	9.232197E-5	9.232197E-5	7.018204E-10	4.560459E+2
2.000000E-1	1.650921E-4	1.650921E-4	1.255010E-9	4.580586E+2
2.500000E-1	3.077599E-4	3.077599E-4	2.339553E-9	4.587266E+2
3.000000E-1	5.147084E-4	5.147084E-4	3.912751E-9	4.593936E+2
3.500000E-1	7.927129E-4	7.927129E-4	6.026107E-9	4.600605E+2
4.000000E-1	1.240864E-3	1.240864E-3	9.432897E-9	4.607275E+2
4.500000E-1	1.741018E-3	1.741018E-3	1.323501E-8	4.627402E+2
5.000000E-1	2.510765E-3	2.510765E-3	1.908653E-8	4.634072E+2
5.000000E-1	2.499185E-3	2.499185E-3	1.899850E-8	4.640742E+2
4.500000E-1	1.814278E-3	1.814278E-3	1.379192E-8	4.647412E+2
4.000000E-1	1.211299E-3	1.211299E-3	9.208150E-9	4.660811E+2
3.500000E-1	8.857133E-4	8.857133E-4	6.733085E-9	4.667490E+2
3.000000E-1	5.461412E-4	5.461412E-4	4.151699E-9	4.674160E+2
2.500000E-1	3.210575E-4	3.210575E-4	2.440640E-9	4.680830E+2
2.000000E-1	1.969842E-4	1.969842E-4	1.497450E-9	4.687500E+2
1.500000E-1	1.050775E-4	1.050775E-4	7.987862E-10	4.700898E+2
1.000000E-1	5.642960E-5	5.642960E-5	4.289710E-10	4.707578E+2
5.000000E-2	2.337058E-5	2.337058E-5	1.776603E-10	4.714258E+2
0.000000E+0	6.204211E-8	-6.204211E-8	-4.716366E-13	4.731992E+2
-5.000000E-2	2.036423E-5	-2.036423E-5	-1.548064E-10	4.752129E+2
-1.000000E-1	5.290949E-5	-5.290949E-5	-4.022115E-10	4.758809E+2
-1.500000E-1	1.106077E-4	-1.106077E-4	-8.408260E-10	4.765479E+2
-2.000000E-1	1.783103E-4	-1.783103E-4	-1.355493E-9	4.785615E+2
-2.500000E-1	3.023507E-4	-3.023507E-4	-2.298433E-9	4.792285E+2
-3.000000E-1	4.806583E-4	-4.806583E-4	-3.653906E-9	4.798955E+2
-3.500000E-1	7.719649E-4	-7.719649E-4	-5.868383E-9	4.805625E+2
-4.000000E-1	1.102229E-3	-1.102229E-3	-8.379011E-9	4.812305E+2
-4.500000E-1	1.431909E-3	-1.431909E-3	-1.088520E-8	4.832422E+2
-5.000000E-1	2.096042E-3	-2.096042E-3	-1.593386E-8	4.839092E+2
-5.000000E-1	2.126948E-3	-2.126948E-3	-1.616880E-8	4.845771E+2
-4.500000E-1	1.444493E-3	-1.444493E-3	-1.098086E-8	4.852441E+2
-4.000000E-1	9.768932E-4	-9.768932E-4	-7.426223E-9	4.865840E+2
-3.500000E-1	6.449047E-4	-6.449047E-4	-4.902487E-9	4.872510E+2
-3.000000E-1	4.397347E-4	-4.397347E-4	-3.342810E-9	4.879180E+2
-2.500000E-1	2.600904E-4	-2.600904E-4	-1.977176E-9	4.885850E+2
-2.000000E-1	1.682935E-4	-1.682935E-4	-1.279347E-9	4.892529E+2
-1.500000E-1	1.025199E-4	-1.025199E-4	-7.793438E-10	4.905928E+2
-1.000000E-1	5.288077E-5	-5.288077E-5	-4.019932E-10	4.912598E+2
-5.000000E-2	2.320665E-5	-2.320665E-5	-1.764141E-10	4.919277E+2
0.000000E+0	7.311056E-8	-7.311056E-8	-5.557776E-13	4.937012E+2
0.000000E+0	4.635314E-8	-4.635314E-8	-3.523709E-13	4.947041E+2
5.000000E-2	1.911650E-5	1.911650E-5	1.453213E-10	4.967178E+2
1.000000E-1	5.162933E-5	5.162933E-5	3.924799E-10	4.973857E+2
1.500000E-1	9.723393E-5	9.723393E-5	7.391605E-10	4.980537E+2
2.000000E-1	1.859508E-4	1.859508E-4	1.413575E-9	5.000664E+2
2.500000E-1	3.122851E-4	3.122851E-4	2.373953E-9	5.007334E+2
3.000000E-1	5.106267E-4	5.106267E-4	3.881722E-9	5.014004E+2
3.500000E-1	8.186262E-4	8.186262E-4	6.223097E-9	5.020674E+2
4.000000E-1	1.212729E-3	1.212729E-3	9.219022E-9	5.027354E+2
4.500000E-1	1.765541E-3	1.765541E-3	1.342143E-8	5.047471E+2
5.000000E-1	2.490594E-3	2.490594E-3	1.893319E-8	5.054150E+2
5.000000E-1	2.491758E-3	2.491758E-3	1.894204E-8	5.060820E+2
4.500000E-1	1.739716E-3	1.739716E-3	1.322511E-8	5.067490E+2
4.000000E-1	1.204908E-3	1.204908E-3	9.159566E-9	5.080889E+2
3.500000E-1	8.067318E-4	8.067318E-4	6.132677E-9	5.087559E+2
3.000000E-1	5.288834E-4	5.288834E-4	4.020507E-9	5.094229E+2
2.500000E-1	3.319559E-4	3.319559E-4	2.523488E-9	5.100898E+2
2.000000E-1	2.161435E-4	2.161435E-4	1.643097E-9	5.107578E+2
1.500000E-1	1.191364E-4	1.191364E-4	9.056603E-10	5.120977E+2
1.000000E-1	5.674295E-5	5.674295E-5	4.313530E-10	5.127646E+2
5.000000E-2	2.337833E-5	2.337833E-5	1.777192E-10	5.134326E+2
0.000000E+0	5.108502E-8	-5.108502E-8	-3.883421E-13	5.152061E+2
-5.000000E-2	2.342963E-5	-2.342963E-5	-1.781092E-10	5.172207E+2
-1.000000E-1	5.757520E-5	-5.757520E-5	-4.376797E-10	5.178877E+2
-1.500000E-1	1.038849E-4	-1.038849E-4	-7.897204E-10	5.185557E+2
-2.000000E-1	2.098693E-4	-2.098693E-4	-1.595401E-9	5.205684E+2
-2.500000E-1	3.312888E-4	-3.312888E-4	-2.518417E-9	5.212363E+2
-3.000000E-1	5.356748E-4	-5.356748E-4	-4.072135E-9	5.219033E+2
-3.500000E-1	8.442620E-4	-8.442620E-4	-6.417977E-9	5.225703E+2
-4.000000E-1	1.152289E-3	-1.152289E-3	-8.759562E-9	5.232373E+2
-4.500000E-1	1.645339E-3	-1.645339E-3	-1.250767E-8	5.252500E+2
-5.000000E-1	2.151804E-3	-2.151804E-3	-1.635775E-8	5.259170E+2
-5.000000E-1	2.091732E-3	-2.091732E-3	-1.590109E-8	5.265840E+2
-4.500000E-1	1.554984E-3	-1.554984E-3	-1.182080E-8	5.272510E+2
-4.000000E-1	1.053590E-3	-1.053590E-3	-8.009263E-9	5.285908E+2
-3.500000E-1	7.515194E-4	-7.515194E-4	-5.712959E-9	5.292588E+2
-3.000000E-1	4.595733E-4	-4.595733E-4	-3.493620E-9	5.299258E+2
-2.500000E-1	3.105251E-4	-3.105251E-4	-2.360574E-9	5.305928E+2
-2.000000E-1	1.874076E-4	-1.874076E-4	-1.424650E-9	5.312598E+2
-1.500000E-1	1.065297E-4	-1.065297E-4	-8.098261E-10	5.325996E+2
-1.000000E-1	5.446516E-5	-5.446516E-5	-4.140375E-10	5.332676E+2
-5.000000E-2	2.190791E-5	-2.190791E-5	-1.665413E-10	5.339355E+2
0.000000E+0	7.354870E-8	-7.354870E-8	-5.591083E-13	5.357090E+2
0.000000E+0	5.926359E-8	-5.926359E-8	-4.505146E-13	5.367119E+2
5.000000E-2	2.201253E-5	2.201253E-5	1.673366E-10	5.387256E+2
1.000000E-1	5.442986E-5	5.442986E-5	4.137692E-10	5.393936E+2
1.500000E-1	1.107659E-4	1.107659E-4	8.420286E-10	5.400605E+2
2.000000E-1	1.939810E-4	1.939810E-4	1.474620E-9	5.420742E+2
2.500000E-1	3.386780E-4	3.386780E-4	2.574589E-9	5.427412E+2
3.000000E-1	5.359799E-4	5.359799E-4	4.074454E-9	5.434082E+2
3.500000E-1	8.605649E-4	8.605649E-4	6.541910E-9	5.440752E+2
4.000000E-1	1.285434E-3	1.285434E-3	9.771713E-9	5.447432E+2
4.500000E-1	1.826521E-3	1.826521E-3	1.388499E-8	5.467549E+2
5.000000E-1	2.701578E-3	2.701578E-3	2.053707E-8	5.474219E+2
5.000000E-1	2.685939E-3	2.685939E-3	2.041818E-8	5.480889E+2
4.500000E-1	1.855485E-3	1.855485E-3	1.410517E-8	5.487568E+2
4.000000E-1	1.306684E-3	1.306684E-3	9.933252E-9	5.500967E+2
3.500000E-1	8.565572E-4	8.565572E-4	6.511444E-9	5.507637E+2
3.000000E-1	5.803255E-4	5.803255E-4	4.411564E-9	5.514307E+2
2.500000E-1	3.715059E-4	3.715059E-4	2.824143E-9	5.520977E+2
2.000000E-1	2.392263E-4	2.392263E-4	1.818569E-9	5.527646E+2
1.500000E-1	1.397672E-4	1.397672E-4	1.062493E-9	5.534326E+2
1.000000E-1	6.323366E-5	6.323366E-5	4.806946E-10	5.547725E+2
5.000000E-2	2.461082E-5	2.461082E-5	1.870885E-10	5.554395E+2
0.000000E+0	5.752199E-8	-5.752199E-8	-4.372752E-13	5.572129E+2
-5.000000E-2	2.329922E-5	-2.329922E-5	-1.771178E-10	5.592275E+2
-1.000000E-1	5.732458E-5	-5.732458E-5	-4.357745E-10	5.598945E+2
-1.500000E-1	1.120794E-4	-1.120794E-4	-8.520139E-10	5.605625E+2
-2.000000E-1	2.039638E-4	-2.039638E-4	-1.550508E-9	5.625752E+2
-2.500000E-1	3.232416E-4	-3.232416E-4	-2.457243E-9	5.632432E+2
-3.000000E-1	5.371341E-4	-5.371341E-4	-4.083228E-9	5.639102E+2
-3.500000E-1	7.630152E-4	-7.630152E-4	-5.800349E-9	5.645771E+2
-4.000000E-1	1.099630E-3	-1.099630E-3	-8.359256E-9	5.652441E+2
-4.500000E-1	1.583852E-3	-1.583852E-3	-1.204025E-8	5.672568E+2
-5.000000E-1	2.276518E-3	-2.276518E-3	-1.730581E-8	5.679238E+2
-5.000000E-1	2.266277E-3	-2.266277E-3	-1.722796E-8	5.685908E+2
-4.500000E-1	1.557695E-3	-1.557695E-3	-1.184141E-8	5.692578E+2
-4.000000E-1	1.067828E-3	-1.067828E-3	-8.117500E-9	5.705977E+2
-3.500000E-1	7.711287E-4	-7.711287E-4	-5.862027E-9	5.712656E+2
-3.000000E-1	5.251879E-4	-5.251879E-4	-3.992415E-9	5.719326E+2
-2.500000E-1	3.369653E-4	-3.369653E-4	-2.561569E-9	5.725996E+2
-2.000000E-1	1.894909E-4	-1.894909E-4	-1.440487E-9	5.732666E+2
-1.500000E-1	1.030249E-4	-1.030249E-4	-7.831825E-10	5.746064E+2
-1.000000E-1	5.546925E-5	-5.546925E-5	-4.216705E-10	5.752744E+2
-5.000000E-2	2.370956E-5	-2.370956E-5	-1.802372E-10	5.759424E+2
0.000000E+0	7.328218E-8	-7.328218E-8	-5.570822E-13	5.777158E+2
0.000000E+0	5.869583E-8	-5.869583E-8	-4.461986E-13	5.787188E+2
5.000000E-2	2.328285E-5	2.328285E-5	1.769934E-10	5.807324E+2
1.000000E-1	5.843221E-5	5.843221E-5	4.441946E-10	5.814004E+2
1.500000E-1	1.167710E-4	1.167710E-4	8.876792E-10	5.820674E+2
2.000000E-1	2.057443E-4	2.057443E-4	1.564043E-9	5.840811E+2
2.500000E-1	3.394081E-4	3.394081E-4	2.580139E-9	5.847480E+2
3.000000E-1	5.690169E-4	5.690169E-4	4.325597E-9	5.854150E+2
3.500000E-1	8.838439E-4	8.838439E-4	6.718874E-9	5.860820E+2
4.000000E-1	1.272659E-3	1.272659E-3	9.674602E-9	5.867490E+2
4.500000E-1	1.983072E-3	1.983072E-3	1.507507E-8	5.887617E+2
5.000000E-1	2.783790E-3	2.783790E-3	2.116203E-8	5.894287E+2
5.000000E-1	2.878799E-3	2.878799E-3	2.188428E-8	5.900957E+2
4.500000E-1	2.056618E-3	2.056618E-3	1.563416E-8	5.907627E+2
4.000000E-1	1.418052E-3	1.418052E-3	1.077986E-8	5.914307E+2
3.500000E-1	8.849946E-4	8.849946E-4	6.727621E-9	5.927705E+2
3.000000E-1	5.765058E-4	5.765058E-4	4.382527E-9	5.934375E+2
2.500000E-1	3.613304E-4	3.613304E-4	2.746790E-9	5.941045E+2
2.000000E-1	2.062901E-4	2.062901E-4	1.568192E-9	5.947715E+2
1.500000E-1	1.171439E-4	1.171439E-4	8.905135E-10	5.961113E+2
1.000000E-1	6.224800E-5	6.224800E-5	4.732017E-10	5.967793E+2
5.000000E-2	2.486930E-5	2.486930E-5	1.890534E-10	5.974473E+2
0.000000E+0	5.633538E-8	-5.633538E-8	-4.282547E-13	5.992207E+2
-5.000000E-2	2.339388E-5	-2.339388E-5	-1.778374E-10	6.012344E+2
-1.000000E-1	5.394412E-5	-5.394412E-5	-4.100766E-10	6.019023E+2
-1.500000E-1	1.162407E-4	-1.162407E-4	-8.836473E-10	6.025703E+2
-2.000000E-1	1.994623E-4	-1.994623E-4	-1.516288E-9	6.045830E+2
-2.500000E-1	3.078755E-4	-3.078755E-4	-2.340432E-9	6.052500E+2
-3.000000E-1	5.110447E-4	-5.110447E-4	-3.884900E-9	6.059170E+2
-3.500000E-1	7.385603E-4	-7.385603E-4	-5.614446E-9	6.065850E+2
-4.000000E-1	1.125963E-3	-1.125963E-3	-8.559434E-9	6.072520E+2
-4.500000E-1	1.582676E-3	-1.582676E-3	-1.203131E-8	6.092637E+2
-5.000000E-1	2.226522E-3	-2.226522E-3	-1.692575E-8	6.099316E+2
-5.000000E-1	2.117870E-3	-2.117870E-3	-1.609979E-8	6.105986E+2
-4.500000E-1	1.434430E-3	-1.434430E-3	-1.090436E-8	6.112656E+2
-4.000000E-1	9.936593E-4	-9.936593E-4	-7.553677E-9	6.126055E+2
-3.500000E-1	6.632687E-4	-6.632687E-4	-5.042088E-9	6.132725E+2
-3.000000E-1	4.414072E-4	-4.414072E-4	-3.355524E-9	6.139395E+2
-2.500000E-1	2.758014E-4	-2.758014E-4	-2.096609E-9	6.146074E+2
-2.000000E-1	1.612980E-4	-1.612980E-4	-1.226168E-9	6.152744E+2
-1.500000E-1	9.110895E-5	-9.110895E-5	-6.925992E-10	6.166143E+2
-1.000000E-1	5.063641E-5	-5.063641E-5	-3.849318E-10	6.172822E+2
-5.000000E-2	2.356269E-5	-2.356269E-5	-1.791207E-10	6.179492E+2
0.000000E+0	4.962822E-8	-4.962822E-8	-3.772677E-13	6.197236E+2
0.000000E+0	5.848590E-8	-5.848590E-8	-4.446027E-13	6.207266E+2
5.000000E-2	2.013677E-5	2.013677E-5	1.530773E-10	6.227393E+2
1.000000E-1	6.092839E-5	6.092839E-5	4.631702E-10	6.234072E+2
1.500000E-1	1.160559E-4	1.160559E-4	8.822428E-10	6.240752E+2
2.000000E-1	1.996422E-4	1.996422E-4	1.517656E-9	6.260879E+2
2.500000E-1	3.401839E-4	3.401839E-4	2.586037E-9	6.267559E+2
3.000000E-1	5.518286E-4	5.518286E-4	4.194934E-9	6.274229E+2
3.500000E-1	9.326069E-4	9.326069E-4	7.089564E-9	6.280898E+2
4.000000E-1	1.341008E-3	1.341008E-3	1.019418E-8	6.287568E+2
4.500000E-1	1.999372E-3	1.999372E-3	1.519898E-8	6.307695E+2
5.000000E-1	2.735412E-3	2.735412E-3	2.079427E-8	6.314365E+2
5.000000E-1	2.838718E-3	2.838718E-3	2.157959E-8	6.321035E+2
4.500000E-1	1.996899E-3	1.996899E-3	1.518018E-8	6.327705E+2
4.000000E-1	1.362643E-3	1.362643E-3	1.035865E-8	6.341104E+2
3.500000E-1	9.294819E-4	9.294819E-4	7.065809E-9	6.347783E+2
3.000000E-1	6.185743E-4	6.185743E-4	4.702327E-9	6.354453E+2
2.500000E-1	3.716262E-4	3.716262E-4	2.825057E-9	6.361123E+2
2.000000E-1	2.262883E-4	2.262883E-4	1.720216E-9	6.367793E+2
1.500000E-1	1.170366E-4	1.170366E-4	8.896981E-10	6.381191E+2
1.000000E-1	6.254746E-5	6.254746E-5	4.754782E-10	6.387871E+2
5.000000E-2	2.463607E-5	2.463607E-5	1.872804E-10	6.394551E+2
0.000000E+0	5.729014E-8	-5.729014E-8	-4.355127E-13	6.412285E+2
-5.000000E-2	2.140705E-5	-2.140705E-5	-1.627338E-10	6.432422E+2
-1.000000E-1	5.070709E-5	-5.070709E-5	-3.854691E-10	6.439102E+2
-1.500000E-1	1.061720E-4	-1.061720E-4	-8.071069E-10	6.445771E+2
-2.000000E-1	2.015256E-4	-2.015256E-4	-1.531973E-9	6.465908E+2
-2.500000E-1	3.267562E-4	-3.267562E-4	-2.483961E-9	6.472578E+2
-3.000000E-1	5.158991E-4	-5.158991E-4	-3.921802E-9	6.479248E+2
-3.500000E-1	7.886434E-4	-7.886434E-4	-5.995171E-9	6.485918E+2
-4.000000E-1	1.217195E-3	-1.217195E-3	-9.252968E-9	6.492598E+2
-4.500000E-1	1.638103E-3	-1.638103E-3	-1.245266E-8	6.512715E+2
-5.000000E-1	2.167897E-3	-2.167897E-3	-1.648009E-8	6.519385E+2
-5.000000E-1	2.116875E-3	-2.116875E-3	-1.609223E-8	6.526064E+2
-4.500000E-1	1.491644E-3	-1.491644E-3	-1.133930E-8	6.532734E+2
-4.000000E-1	1.037692E-3	-1.037692E-3	-7.888408E-9	6.546133E+2
-3.500000E-1	7.066113E-4	-7.066113E-4	-5.371573E-9	6.552803E+2
-3.000000E-1	4.323736E-4	-4.323736E-4	-3.286852E-9	6.559473E+2
-2.500000E-1	2.559228E-4	-2.559228E-4	-1.945494E-9	6.566143E+2
-2.000000E-1	1.720693E-4	-1.720693E-4	-1.308050E-9	6.572822E+2
-1.500000E-1	9.430301E-5	-9.430301E-5	-7.168800E-10	6.586221E+2
-1.000000E-1	4.616322E-5	-4.616322E-5	-3.509272E-10	6.592891E+2
-5.000000E-2	2.141364E-5	-2.141364E-5	-1.627839E-10	6.599570E+2
0.000000E+0	4.504602E-8	-4.504602E-8	-3.424344E-13	6.617305E+2
0.000000E+0	5.219862E-8	-5.219862E-8	-3.968076E-13	6.627334E+2
5.000000E-2	2.243505E-5	2.243505E-5	1.705485E-10	6.647471E+2
1.000000E-1	5.767094E-5	5.767094E-5	4.384075E-10	6.654150E+2
1.500000E-1	1.101712E-4	1.101712E-4	8.375078E-10	6.660830E+2
2.000000E-1	2.237563E-4	2.237563E-4	1.700968E-9	6.680957E+2
2.500000E-1	3.684152E-4	3.684152E-4	2.800648E-9	6.687627E+2
3.000000E-1	6.183727E-4	6.183727E-4	4.700794E-9	6.694297E+2
3.500000E-1	9.353629E-4	9.353629E-4	7.110515E-9	6.700967E+2
4.000000E-1	1.344009E-3	1.344009E-3	1.021699E-8	6.707646E+2
4.500000E-1	1.937315E-3	1.937315E-3	1.472723E-8	6.727764E+2
5.000000E-1	2.762149E-3	2.762149E-3	2.099752E-8	6.734443E+2
5.000000E-1	2.847513E-3	2.847513E-3	2.164645E-8	6.741113E+2
4.500000E-1	2.024992E-3	2.024992E-3	1.539374E-8	6.747783E+2
4.000000E-1	1.419764E-3	1.419764E-3	1.079287E-8	6.754453E+2
3.500000E-1	9.495812E-4	9.495812E-4	7.218601E-9	6.767852E+2
3.000000E-1	5.962801E-4	5.962801E-4	4.532849E-9	6.774521E+2
2.500000E-1	3.930454E-4	3.930454E-4	2.987883E-9	6.781191E+2
2.000000E-1	2.227322E-4	2.227322E-4	1.693183E-9	6.787871E+2
1.500000E-1	1.250979E-4	1.250979E-4	9.509794E-10	6.801270E+2
1.000000E-1	6.487240E-5	6.487240E-5	4.931521E-10	6.807939E+2
5.000000E-2	2.634654E-5	2.634654E-5	2.002832E-10	6.814619E+2
0.000000E+0	5.272256E-8	-5.272256E-8	-4.007905E-13	6.832354E+2
-5.000000E-2	2.418826E-5	-2.418826E-5	-1.838762E-10	6.852500E+2
-1.000000E-1	6.481478E-5	-6.481478E-5	-4.927141E-10	6.859170E+2
-1.500000E-1	1.164257E-4	-1.164257E-4	-8.850541E-10	6.865850E+2
-2.000000E-1	2.093622E-4	-2.093622E-4	-1.591546E-9	6.885977E+2
-2.500000E-1	3.356211E-4	-3.356211E-4	-2.551351E-9	6.892656E+2
-3.000000E-1	5.293139E-4	-5.293139E-4	-4.023780E-9	6.899326E+2
-3.500000E-1	8.093285E-4	-8.093285E-4	-6.152417E-9	6.905996E+2
-4.000000E-1	1.204050E-3	-1.204050E-3	-9.153041E-9	6.912666E+2
-4.500000E-1	1.602762E-3	-1.602762E-3	-1.218400E-8	6.932793E+2
-5.000000E-1	2.413986E-3	-2.413986E-3	-1.835083E-8	6.939463E+2
-5.000000E-1	2.427926E-3	-2.427926E-3	-1.845680E-8	6.946133E+2
-4.500000E-1	1.715054E-3	-1.715054E-3	-1.303763E-8	6.952803E+2
-4.000000E-1	1.091595E-3	-1.091595E-3	-8.298176E-9	6.966201E+2
-3.500000E-1	7.557867E-4	-7.557867E-4	-5.745399E-9	6.972881E+2
-3.000000E-1	5.023532E-4	-5.023532E-4	-3.818828E-9	6.979551E+2
-2.500000E-1	3.123370E-4	-3.123370E-4	-2.374348E-9	6.986221E+2
-2.000000E-1	2.013873E-4	-2.013873E-4	-1.530922E-9	6.992891E+2
-1.500000E-1	1.074544E-4	-1.074544E-4	-8.168556E-10	7.006289E+2
-1.000000E-1	5.589886E-5	-5.589886E-5	-4.249363E-10	7.012969E+2
-5.000000E-2	2.539517E-5	-2.539517E-5	-1.930510E-10	7.019648E+2
0.000000E+0	4.090562E-8	-4.090562E-8	-3.109596E-13	7.037383E+2
0.000000E+0	3.962408E-8	-3.962408E-8	-3.012174E-13	7.047412E+2
5.000000E-2	2.607208E-5	2.607208E-5	1.981968E-10	7.067549E+2
1.000000E-1	6.724297E-5	6.724297E-5	5.111729E-10	7.074229E+2
1.500000E-1	1.233383E-4	1.233383E-4	9.376026E-10	7.080898E+2
2.000000E-1	2.183830E-4	2.183830E-4	1.660121E-9	7.101035E+2
2.500000E-1	3.764759E-4	3.764759E-4	2.861924E-9	7.107705E+2
3.000000E-1	6.040614E-4	6.040614E-4	4.592001E-9	7.114375E+2
3.500000E-1	9.185859E-4	9.185859E-4	6.982978E-9	7.121045E+2
4.000000E-1	1.377216E-3	1.377216E-3	1.046943E-8	7.127715E+2
4.500000E-1	2.056431E-3	2.056431E-3	1.563274E-8	7.147842E+2
5.000000E-1	2.881625E-3	2.881625E-3	2.190576E-8	7.154512E+2
5.000000E-1	2.921916E-3	2.921916E-3	2.221205E-8	7.161182E+2
4.500000E-1	2.092910E-3	2.092910E-3	1.591005E-8	7.167861E+2
4.000000E-1	1.413764E-3	1.413764E-3	1.074726E-8	7.174531E+2
3.500000E-1	9.717948E-4	9.717948E-4	7.387466E-9	7.187930E+2
3.000000E-1	6.406641E-4	6.406641E-4	4.870251E-9	7.194600E+2
2.500000E-1	3.973444E-4	3.973444E-4	3.020564E-9	7.201270E+2
2.000000E-1	2.634739E-4	2.634739E-4	2.002897E-9	7.207939E+2
1.500000E-1	1.377329E-4	1.377329E-4	1.047029E-9	7.214619E+2
1.000000E-1	7.649624E-5	7.649624E-5	5.815151E-10	7.228018E+2
5.000000E-2	3.112709E-5	3.112709E-5	2.366244E-10	7.234687E+2
0.000000E+0	5.437471E-8	-5.437471E-8	-4.133499E-13	7.252422E+2
-5.000000E-2	2.959075E-5	-2.959075E-5	-2.249453E-10	7.272568E+2
-1.000000E-1	6.717466E-5	-6.717466E-5	-5.106536E-10	7.279238E+2
-1.500000E-1	1.305340E-4	-1.305340E-4	-9.923035E-10	7.285918E+2
-2.000000E-1	2.265462E-4	-2.265462E-4	-1.722177E-9	7.306045E+2
-2.500000E-1	3.740054E-4	-3.740054E-4	-2.843144E-9	7.312725E+2
-3.000000E-1	5.747773E-4	-5.747773E-4	-4.369387E-9	7.319395E+2
-3.500000E-1	8.823807E-4	-8.823807E-4	-6.707751E-9	7.326064E+2
-4.000000E-1	1.276369E-3	-1.276369E-3	-9.702800E-9	7.332734E+2
-4.500000E-1	1.671905E-3	-1.671905E-3	-1.270962E-8	7.352861E+2
-5.000000E-1	2.386753E-3	-2.386753E-3	-1.814381E-8	7.359531E+2
-5.000000E-1	2.333844E-3	-2.333844E-3	-1.774160E-8	7.366201E+2
-4.500000E-1	1.680203E-3	-1.680203E-3	-1.277270E-8	7.372871E+2
-4.000000E-1	1.134473E-3	-1.134473E-3	-8.624129E-9	7.386270E+2
-3.500000E-1	7.649822E-4	-7.649822E-4	-5.815302E-9	7.392949E+2
-3.000000E-1	4.919854E-4	-4.919854E-4	-3.740013E-9	7.399619E+2
-2.500000E-1	3.226338E-4	-3.226338E-4	-2.452623E-9	7.406289E+2
-2.000000E-1	2.050641E-4	-2.050641E-4	-1.558872E-9	7.412959E+2
-1.500000E-1	1.183783E-4	-1.183783E-4	-8.998976E-10	7.426357E+2
-1.000000E-1	6.040558E-5	-6.040558E-5	-4.591959E-10	7.433037E+2
-5.000000E-2	2.454835E-5	-2.454835E-5	-1.866136E-10	7.439717E+2
0.000000E+0	8.520317E-8	-8.520317E-8	-6.477041E-13	7.457451E+2
0.000000E+0	7.228724E-8	-7.228724E-8	-5.495188E-13	7.467480E+2
5.000000E-2	2.662863E-5	2.662863E-5	2.024276E-10	7.487617E+2
1.000000E-1	6.666009E-5	6.666009E-5	5.067419E-10	7.494287E+2
1.500000E-1	1.249541E-4	1.249541E-4	9.498859E-10	7.500967E+2
2.000000E-1	2.374437E-4	2.374437E-4	1.805018E-9	7.521094E+2
2.500000E-1	3.648688E-4	3.648688E-4	2.773688E-9	7.527773E+2
3.000000E-1	6.031283E-4	6.031283E-4	4.584908E-9	7.534443E+2
3.500000E-1	9.224345E-4	9.224345E-4	7.012235E-9	7.541113E+2
4.000000E-1	1.454723E-3	1.454723E-3	1.105863E-8	7.561240E+2
4.500000E-1	2.039930E-3	2.039930E-3	1.550730E-8	7.567910E+2
5.000000E-1	2.894304E-3	2.894304E-3	2.200215E-8	7.574580E+2
5.000000E-1	2.884065E-3	2.884065E-3	2.192431E-8	7.581250E+2
4.500000E-1	2.088988E-3	2.088988E-3	1.588023E-8	7.587920E+2
4.000000E-1	1.399049E-3	1.399049E-3	1.063540E-8	7.594600E+2
3.500000E-1	9.330150E-4	9.330150E-4	7.092667E-9	7.607998E+2
3.000000E-1	6.225308E-4	6.225308E-4	4.732404E-9	7.614668E+2
2.500000E-1	4.007695E-4	4.007695E-4	3.046601E-9	7.621338E+2
2.000000E-1	2.483330E-4	2.483330E-4	1.887797E-9	7.628008E+2
1.500000E-1	1.453086E-4	1.453086E-4	1.104618E-9	7.634678E+2
1.000000E-1	7.505492E-5	7.505492E-5	5.705584E-10	7.648076E+2
5.000000E-2	3.014105E-5	3.014105E-5	2.291286E-10	7.654756E+2
0.000000E+0	9.007745E-8	-9.007745E-8	-6.847578E-13	7.672490E+2
-5.000000E-2	2.907018E-5	-2.907018E-5	-2.209880E-10	7.692637E+2
-1.000000E-1	6.835859E-5	-6.835859E-5	-5.196537E-10	7.699307E+2
-1.500000E-1	1.259673E-4	-1.259673E-4	-9.575879E-10	7.705986E+2
-2.000000E-1	2.193535E-4	-2.193535E-4	-1.667499E-9	7.726113E+2
-2.500000E-1	3.708591E-4	-3.708591E-4	-2.819226E-9	7.732793E+2
-3.000000E-1	5.738823E-4	-5.738823E-4	-4.362583E-9	7.739463E+2
-3.500000E-1	9.318407E-4	-9.318407E-4	-7.083740E-9	7.746133E+2
-4.000000E-1	1.330553E-3	-1.330553E-3	-1.011470E-8	7.752803E+2
-4.500000E-1	1.814876E-3	-1.814876E-3	-1.379647E-8	7.772930E+2
-5.000000E-1	2.530948E-3	-2.530948E-3	-1.923996E-8	7.779600E+2
-5.000000E-1	2.484453E-3	-2.484453E-3	-1.888651E-8	7.786270E+2
-4.500000E-1	1.797418E-3	-1.797418E-3	-1.366375E-8	7.792939E+2
-4.000000E-1	1.199902E-3	-1.199902E-3	-9.121509E-9	7.806338E+2
-3.500000E-1	8.565084E-4	-8.565084E-4	-6.511073E-9	7.813018E+2
-3.000000E-1	5.535620E-4	-5.535620E-4	-4.208111E-9	7.819688E+2
-2.500000E-1	3.552859E-4	-3.552859E-4	-2.700840E-9	7.826357E+2
-2.000000E-1	2.058995E-4	-2.058995E-4	-1.565223E-9	7.833027E+2
-1.500000E-1	1.193630E-4	-1.193630E-4	-9.073827E-10	7.846426E+2
-1.000000E-1	6.625495E-5	-6.625495E-5	-5.036621E-10	7.853105E+2
-5.000000E-2	2.646035E-5	-2.646035E-5	-2.011484E-10	7.859785E+2
0.000000E+0	8.870097E-8	-8.870097E-8	-6.742940E-13	7.877520E+2
0.000000E+0	9.147037E-8	-9.147037E-8	-6.953466E-13	7.887549E+2
5.000000E-2	2.498106E-5	2.498106E-5	1.899030E-10	7.907686E+2
1.000000E-1	5.917675E-5	5.917675E-5	4.498545E-10	7.914365E+2
1.500000E-1	1.142173E-4	1.142173E-4	8.682663E-10	7.921035E+2
2.000000E-1	2.153256E-4	2.153256E-4	1.636879E-9	7.941172E+2
2.500000E-1	3.649548E-4	3.649548E-4	2.774342E-9	7.947842E+2
3.000000E-1	5.780967E-4	5.780967E-4	4.394621E-9	7.954512E+2
3.500000E-1	8.945461E-4	8.945461E-4	6.800231E-9	7.961182E+2
4.000000E-1	1.356462E-3	1.356462E-3	1.031166E-8	7.967861E+2
4.500000E-1	2.019970E-3	2.019970E-3	1.535557E-8	7.987979E+2
5.000000E-1	2.811637E-3	2.811637E-3	2.137372E-8	7.994648E+2
5.000000E-1	2.838794E-3	2.838794E-3	2.158017E-8	8.001318E+2
4.500000E-1	1.967070E-3	1.967070E-3	1.495343E-8	8.007998E+2
4.000000E-1	1.330982E-3	1.330982E-3	1.011796E-8	8.014668E+2
3.500000E-1	9.263001E-4	9.263001E-4	7.041621E-9	8.028066E+2
3.000000E-1	5.779675E-4	5.779675E-4	4.393639E-9	8.034736E+2
2.500000E-1	3.608379E-4	3.608379E-4	2.743046E-9	8.041406E+2
2.000000E-1	2.295430E-4	2.295430E-4	1.744958E-9	8.048076E+2
1.500000E-1	1.234168E-4	1.234168E-4	9.381992E-10	8.061475E+2
1.000000E-1	6.168457E-5	6.168457E-5	4.689186E-10	8.068154E+2
5.000000E-2	2.629453E-5	2.629453E-5	1.998878E-10	8.074834E+2
0.000000E+0	7.605522E-8	-7.605522E-8	-5.781625E-13	8.092568E+2
-5.000000E-2	2.287925E-5	-2.287925E-5	-1.739253E-10	8.112705E+2
-1.000000E-1	5.600933E-5	-5.600933E-5	-4.257761E-10	8.119385E+2
-1.500000E-1	1.102529E-4	-1.102529E-4	-8.381288E-10	8.126064E+2
-2.000000E-1	2.072264E-4	-2.072264E-4	-1.575310E-9	8.146191E+2
-2.500000E-1	3.348196E-4	-3.348196E-4	-2.545258E-9	8.152861E+2
-3.000000E-1	5.447346E-4	-5.447346E-4	-4.141006E-9	8.159531E+2
-3.500000E-1	8.492972E-4	-8.492972E-4	-6.456254E-9	8.166211E+2
-4.000000E-1	1.302344E-3	-1.302344E-3	-9.900264E-9	8.172881E+2
-4.500000E-1	1.835014E-3	-1.835014E-3	-1.394955E-8	8.192998E+2
-5.000000E-1	2.544244E-3	-2.544244E-3	-1.934103E-8	8.199678E+2
-5.000000E-1	2.476514E-3	-2.476514E-3	-1.882616E-8	8.206348E+2
-4.500000E-1	1.707795E-3	-1.707795E-3	-1.298245E-8	8.213018E+2
-4.000000E-1	1.182196E-3	-1.182196E-3	-8.986909E-9	8.226416E+2
-3.500000E-1	8.216500E-4	-8.216500E-4	-6.246083E-9	8.233086E+2
-3.000000E-1	5.386558E-4	-5.386558E-4	-4.094796E-9	8.239756E+2
-2.500000E-1	3.452166E-4	-3.452166E-4	-2.624295E-9	8.246436E+2
-2.000000E-1	2.118863E-4	-2.118863E-4	-1.610734E-9	8.253105E+2
-1.500000E-1	1.281118E-4	-1.281118E-4	-9.738900E-10	8.266504E+2
-1.000000E-1	6.784331E-5	-6.784331E-5	-5.157366E-10	8.273184E+2
-5.000000E-2	2.762557E-5	-2.762557E-5	-2.100062E-10	8.279854E+2
0.000000E+0	4.975601E-8	-4.975601E-8	-3.782391E-13	8.297588E+2
