Date: September 22, 2011
Month: September
File Name: 2 3-7
Season: Fall
Time: 12:53 PM
Electrode: Au
Carbon Number: 12
Time of Day: Afternoon
Junction Diameter: 0.500000
Date: September 22, 2011
Month: September
File Name: 2 3-7
Season: Fall
Time: 12:53 PM
Electrode: Au
Carbon Number: 12
Time of Day: Afternoon
Junction Diameter: 0.500000
Log Abs Std Density: 2.6314636037338937
Mean Log Abs Current Density: -7.2255683274655365
Skewness Log Abs Current Density: -2.6141743592346245
Kurtosis Log Abs Current Density: 6.3938466912664875
Voltage: [0.0, 0.05, 0.1, 0.15, 0.2, 0.25, 0.3, 0.35, 0.4, 0.45, 0.5, 0.5, 0.45, 0.4, 0.35, 0.3, 0.25, 0.2, 0.15, 0.1, 0.05, 0.0, -0.05, -0.1, -0.15, -0.2, -0.25, -0.3, -0.35, -0.4, -0.45, -0.5, -0.5, -0.45, -0.4, -0.35, -0.3, -0.25, -0.2, -0.15, -0.1, -0.05, 0.0, 0.0, 0.05, 0.1, 0.15, 0.2, 0.25, 0.3, 0.35, 0.4, 0.45, 0.5, 0.5, 0.45, 0.4, 0.35, 0.3, 0.25, 0.2, 0.15, 0.1, 0.05, 0.0, -0.05, -0.1, -0.15, -0.2, -0.25, -0.3, -0.35, -0.4, -0.45, -0.5, -0.5, -0.45, -0.4, -0.35, -0.3, -0.25, -0.2, -0.15, -0.1, -0.05, 0.0, 0.0, 0.05, 0.1, 0.15, 0.2, 0.25, 0.3, 0.35, 0.4, 0.45, 0.5, 0.5, 0.45, 0.4, 0.35, 0.3, 0.25, 0.2, 0.15, 0.1, 0.05, 0.0, -0.05, -0.1, -0.15, -0.2, -0.25, -0.3, -0.35, -0.4, -0.45, -0.5, -0.5, -0.45, -0.4, -0.35, -0.3, -0.25, -0.2, -0.15, -0.1, -0.05, 0.0, 0.0, 0.05, 0.1, 0.15, 0.2, 0.25, 0.3, 0.35, 0.4, 0.45, 0.5, 0.5, 0.45, 0.4, 0.35, 0.3, 0.25, 0.2, 0.15, 0.1, 0.05, 0.0, -0.05, -0.1, -0.15, -0.2, -0.25, -0.3, -0.35, -0.4, -0.45, -0.5, -0.5, -0.45, -0.4, -0.35, -0.3, -0.25, -0.2, -0.15, -0.1, -0.05, 0.0, 0.0, 0.05, 0.1, 0.15, 0.2, 0.25, 0.3, 0.35, 0.4, 0.45, 0.5, 0.5, 0.45, 0.4, 0.35, 0.3, 0.25, 0.2, 0.15, 0.1, 0.05, 0.0, -0.05, -0.1, -0.15, -0.2, -0.25, -0.3, -0.35, -0.4, -0.45, -0.5, -0.5, -0.45, -0.4, -0.35, -0.3, -0.25, -0.2, -0.15, -0.1, -0.05, 0.0]
Abs Current Density: [2.660345e-08, 0.000199504, 0.0002891108, 0.0008336, 0.001226533, 0.001841286, 0.002489704, 0.003094624, 0.003948767, 0.005058583, 0.005976897, 0.006216788, 0.00484532, 0.003801353, 0.002910694, 0.002119424, 0.001583746, 0.001025588, 0.0007160751, 0.0004269287, 0.0001776741, 2.299615e-07, 0.0001792769, 0.0002785498, 0.0006944319, 0.001076491, 0.001402303, 0.001929506, 0.002540561, 0.003302899, 0.00430126, 0.004955121, 0.004664943, 0.003923208, 0.003191275, 0.002556551, 0.002101324, 0.001661845, 0.001196599, 0.0007491354, 0.0004499662, 0.0001948546, 2.006359e-08, 1.183648e-07, 0.0002282591, 0.0002951943, 0.0008378568, 0.001333388, 0.001872462, 0.00258737, 0.003295095, 0.004253941, 0.005228291, 0.006152144, 0.006494327, 0.005209121, 0.004251259, 0.003380162, 0.002603289, 0.00193531, 0.001434205, 0.0008827338, 0.0005135531, 0.0002248302, 1.078039e-07, 0.0001899892, 0.0002864978, 0.0007076229, 0.001035202, 0.001489177, 0.001965799, 0.002546825, 0.003294375, 0.004193705, 0.004975516, 0.004880338, 0.004328689, 0.003482132, 0.002713033, 0.002118494, 0.001691273, 0.00114468, 0.0007505339, 0.0004694419, 0.0002015755, 1.925524e-07, 1.580729e-07, 0.0002231933, 0.0002978412, 0.001010466, 0.001669674, 0.002333041, 0.002928187, 0.003461817, 0.004173629, 0.005095807, 0.006151354, 0.006083831, 0.004884395, 0.003893022, 0.003025044, 0.002366083, 0.001825546, 0.001246127, 0.0008115791, 0.0004758958, 0.0001895367, 2.925093e-08, 0.000195959, 0.0002935872, 0.0002996524, 0.0008567575, 0.001212589, 0.001650149, 0.002079687, 0.002770187, 0.00307715, 0.003951201, 0.003911576, 0.003235466, 0.002787109, 0.002086463, 0.001624668, 0.001255887, 0.0009286835, 0.000617074, 0.0003829688, 0.0001699916, 1.898551e-07, 1.443998e-07, 0.0001845969, 0.000284022, 0.000732004, 0.001127596, 0.001507004, 0.002168698, 0.002869511, 0.00350306, 0.004317637, 0.005086505, 0.005219928, 0.004183374, 0.003244858, 0.002561702, 0.002053545, 0.00152331, 0.00109785, 0.0007125794, 0.0004076659, 0.0001747064, 8.308443e-08, 0.0001644533, 0.000272079, 0.0003047706, 0.0009590748, 0.001336745, 0.001790767, 0.002235273, 0.002922932, 0.003608603, 0.004297296, 0.004157001, 0.003371197, 0.002733257, 0.0020834, 0.001688126, 0.001293071, 0.0008894948, 0.0006485195, 0.0003967345, 0.0001776182, 1.734847e-07, 2.446181e-07, 0.0001925993, 0.0004448187, 0.0007073042, 0.001138831, 0.001630724, 0.002247703, 0.002858513, 0.003526658, 0.004422675, 0.005482851, 0.005527972, 0.004528418, 0.003613638, 0.002726501, 0.002199311, 0.001574706, 0.001100279, 0.0007131957, 0.0004152848, 0.0001861999, 1.344987e-07, 0.0001772884, 0.0002754815, 0.0006517749, 0.000971157, 0.001339753, 0.001816214, 0.002404897, 0.002945762, 0.003526269, 0.004264529, 0.004142451, 0.003457891, 0.002698982, 0.002292826, 0.001691958, 0.001259084, 0.0009168665, 0.0006094413, 0.000375253, 0.0001630494, 1.770866e-07]
