voltage_11_2_20	absJ_11_2_20	J_11_2_20	current_11_2_20	time_11_2_20	
0.000000E+0	4.544651E-9	4.544651E-9	2.702005E-14	0.000000E+0
5.000000E-2	2.319627E-6	2.319627E-6	1.379125E-11	6.035156E-1
1.000000E-1	6.135063E-6	6.135063E-6	3.647578E-11	1.206055E+0
1.500000E-1	1.100948E-5	1.100948E-5	6.545642E-11	1.809570E+0
2.000000E-1	1.641049E-5	1.641049E-5	9.756791E-11	2.413086E+0
2.500000E-1	3.882091E-5	3.882091E-5	2.308082E-10	3.395508E+0
3.000000E-1	5.389396E-5	5.389396E-5	3.204245E-10	3.664063E+0
3.500000E-1	6.853888E-5	6.853888E-5	4.074953E-10	3.932617E+0
4.000000E-1	9.307732E-5	9.307732E-5	5.533876E-10	4.201172E+0
4.500000E-1	9.697715E-5	9.697715E-5	5.765739E-10	4.470703E+0
5.000000E-1	1.196791E-4	1.196791E-4	7.115472E-10	4.739258E+0
5.000000E-1	1.398684E-4	1.398684E-4	8.315824E-10	5.007813E+0
4.500000E-1	1.263354E-4	1.263354E-4	7.511221E-10	5.276367E+0
4.000000E-1	1.370697E-4	1.370697E-4	8.149429E-10	5.544922E+0
3.500000E-1	7.267848E-5	7.267848E-5	4.321071E-10	5.813477E+0
3.000000E-1	4.456539E-5	4.456539E-5	2.649618E-10	6.082031E+0
2.500000E-1	3.414371E-5	3.414371E-5	2.030001E-10	6.350586E+0
2.000000E-1	2.347132E-5	2.347132E-5	1.395478E-10	6.619141E+0
1.500000E-1	1.048430E-5	1.048430E-5	6.233400E-11	7.594727E+0
1.000000E-1	6.806990E-6	6.806990E-6	4.047070E-11	8.197266E+0
5.000000E-2	3.306387E-6	3.306387E-6	1.965800E-11	8.800781E+0
0.000000E+0	7.642577E-8	7.642577E-8	4.543865E-13	9.404297E+0
-5.000000E-2	2.624390E-6	-2.624390E-6	-1.560321E-11	1.000781E+1
-1.000000E-1	5.953195E-6	-5.953195E-6	-3.539449E-11	1.061133E+1
-1.500000E-1	1.100292E-5	-1.100292E-5	-6.541744E-11	1.121484E+1
-2.000000E-1	1.379582E-5	-1.379582E-5	-8.202249E-11	1.181836E+1
-2.500000E-1	1.625648E-5	-1.625648E-5	-9.665227E-11	1.242090E+1
-3.000000E-1	1.683121E-5	-1.683121E-5	-1.000693E-10	1.302441E+1
-3.500000E-1	4.223356E-5	-4.223356E-5	-2.510980E-10	1.383984E+1
-4.000000E-1	5.038749E-5	-5.038749E-5	-2.995769E-10	1.410937E+1
-4.500000E-1	6.393756E-5	-6.393756E-5	-3.801383E-10	1.437793E+1
-5.000000E-1	7.638658E-5	-7.638658E-5	-4.541535E-10	1.464648E+1
-5.000000E-1	7.517684E-5	-7.517684E-5	-4.469610E-10	1.491504E+1
-4.500000E-1	6.340606E-5	-6.340606E-5	-3.769783E-10	1.518359E+1
-4.000000E-1	5.446437E-5	-5.446437E-5	-3.238158E-10	1.545215E+1
-3.500000E-1	4.413854E-5	-4.413854E-5	-2.624240E-10	1.572070E+1
-3.000000E-1	3.765148E-5	-3.765148E-5	-2.238554E-10	1.598926E+1
-2.500000E-1	3.033783E-5	-3.033783E-5	-1.803724E-10	1.625781E+1
-2.000000E-1	2.458558E-5	-2.458558E-5	-1.461726E-10	1.652637E+1
-1.500000E-1	1.939022E-5	-1.939022E-5	-1.152838E-10	1.679492E+1
-1.000000E-1	7.766583E-6	-7.766583E-6	-4.617592E-11	1.777051E+1
-5.000000E-2	3.493164E-6	-3.493164E-6	-2.076847E-11	1.837402E+1
0.000000E+0	4.403666E-8	-4.403666E-8	-2.618183E-13	1.897754E+1
0.000000E+0	1.849606E-8	-1.849606E-8	-1.099676E-13	1.958105E+1
5.000000E-2	3.616890E-6	3.616890E-6	2.150408E-11	2.018457E+1
1.000000E-1	7.959030E-6	7.959030E-6	4.732011E-11	2.078809E+1
1.500000E-1	1.438986E-5	1.438986E-5	8.555438E-11	2.139063E+1
2.000000E-1	3.315063E-5	3.315063E-5	1.970958E-10	2.220703E+1
2.500000E-1	3.962395E-5	3.962395E-5	2.355827E-10	2.247559E+1
3.000000E-1	5.005527E-5	5.005527E-5	2.976017E-10	2.274414E+1
3.500000E-1	7.250783E-5	7.250783E-5	4.310925E-10	2.301270E+1
4.000000E-1	9.496180E-5	9.496180E-5	5.645917E-10	2.328125E+1
4.500000E-1	1.108395E-4	1.108395E-4	6.589919E-10	2.354980E+1
5.000000E-1	1.336793E-4	1.336793E-4	7.947850E-10	2.381836E+1
5.000000E-1	1.111532E-4	1.111532E-4	6.608573E-10	2.408691E+1
4.500000E-1	9.099233E-5	9.099233E-5	5.409914E-10	2.435547E+1
4.000000E-1	9.791603E-5	9.791603E-5	5.821560E-10	2.462402E+1
3.500000E-1	5.798140E-5	5.798140E-5	3.447262E-10	2.489258E+1
3.000000E-1	4.177903E-5	4.177903E-5	2.483956E-10	2.516113E+1
2.500000E-1	3.441193E-5	3.441193E-5	2.045948E-10	2.542969E+1
2.000000E-1	2.514148E-5	2.514148E-5	1.494777E-10	2.569824E+1
1.500000E-1	1.246555E-5	1.246555E-5	7.411347E-11	2.667383E+1
1.000000E-1	6.579925E-6	6.579925E-6	3.912069E-11	2.727734E+1
5.000000E-2	2.801835E-6	2.801835E-6	1.665820E-11	2.788086E+1
0.000000E+0	6.555782E-8	6.555782E-8	3.897715E-13	2.848340E+1
-5.000000E-2	2.567897E-6	-2.567897E-6	-1.526733E-11	2.908789E+1
-1.000000E-1	5.918852E-6	-5.918852E-6	-3.519031E-11	2.969141E+1
-1.500000E-1	1.102569E-5	-1.102569E-5	-6.555279E-11	3.029395E+1
-2.000000E-1	1.606097E-5	-1.606097E-5	-9.548985E-11	3.089746E+1
-2.500000E-1	3.265849E-5	-3.265849E-5	-1.941698E-10	3.171387E+1
-3.000000E-1	4.215027E-5	-4.215027E-5	-2.506028E-10	3.198242E+1
-3.500000E-1	5.177359E-5	-5.177359E-5	-3.078179E-10	3.225098E+1
-4.000000E-1	5.598987E-5	-5.598987E-5	-3.328856E-10	3.251953E+1
-4.500000E-1	6.688053E-5	-6.688053E-5	-3.976356E-10	3.278809E+1
-5.000000E-1	7.637190E-5	-7.637190E-5	-4.540662E-10	3.305664E+1
-5.000000E-1	7.797186E-5	-7.797186E-5	-4.635787E-10	3.332520E+1
-4.500000E-1	6.815747E-5	-6.815747E-5	-4.052276E-10	3.359375E+1
-4.000000E-1	5.362408E-5	-5.362408E-5	-3.188199E-10	3.386230E+1
-3.500000E-1	4.063079E-5	-4.063079E-5	-2.415688E-10	3.413086E+1
-3.000000E-1	3.291958E-5	-3.291958E-5	-1.957221E-10	3.439941E+1
-2.500000E-1	2.779049E-5	-2.779049E-5	-1.652273E-10	3.466797E+1
-2.000000E-1	2.322888E-5	-2.322888E-5	-1.381064E-10	3.493652E+1
-1.500000E-1	1.063670E-5	-1.063670E-5	-6.324009E-11	3.591211E+1
-1.000000E-1	7.501353E-6	-7.501353E-6	-4.459901E-11	3.651562E+1
-5.000000E-2	3.151167E-6	-3.151167E-6	-1.873514E-11	3.711914E+1
0.000000E+0	1.091697E-8	1.091697E-8	6.490641E-14	3.772266E+1
0.000000E+0	1.039645E-8	-1.039645E-8	-6.181167E-14	3.832617E+1
5.000000E-2	3.398012E-6	3.398012E-6	2.020275E-11	3.892969E+1
1.000000E-1	8.309796E-6	8.309796E-6	4.940557E-11	3.953223E+1
1.500000E-1	1.445551E-5	1.445551E-5	8.594470E-11	4.013574E+1
2.000000E-1	1.675768E-5	1.675768E-5	9.963212E-11	4.073926E+1
2.500000E-1	4.554145E-5	4.554145E-5	2.707649E-10	4.155469E+1
3.000000E-1	6.609807E-5	6.609807E-5	3.929835E-10	4.182324E+1
3.500000E-1	8.464687E-5	8.464687E-5	5.032647E-10	4.209180E+1
4.000000E-1	8.605109E-5	8.605109E-5	5.116134E-10	4.236035E+1
4.500000E-1	1.160201E-4	1.160201E-4	6.897933E-10	4.262891E+1
5.000000E-1	1.461304E-4	1.461304E-4	8.688126E-10	4.289844E+1
5.000000E-1	1.371896E-4	1.371896E-4	8.156555E-10	4.316699E+1
4.500000E-1	9.951313E-5	9.951313E-5	5.916515E-10	4.343555E+1
4.000000E-1	9.415918E-5	9.415918E-5	5.598198E-10	4.370410E+1
3.500000E-1	7.248993E-5	7.248993E-5	4.309861E-10	4.397266E+1
3.000000E-1	4.904148E-5	4.904148E-5	2.915742E-10	4.424121E+1
2.500000E-1	3.967615E-5	3.967615E-5	2.358930E-10	4.450977E+1
2.000000E-1	2.680172E-5	2.680172E-5	1.593486E-10	4.477832E+1
1.500000E-1	2.070140E-5	2.070140E-5	1.230794E-10	4.504688E+1
1.000000E-1	8.791617E-6	8.791617E-6	5.227022E-11	4.602246E+1
5.000000E-2	3.825291E-6	3.825291E-6	2.274312E-11	4.662500E+1
0.000000E+0	6.411297E-8	6.411297E-8	3.811812E-13	4.722852E+1
-5.000000E-2	3.579589E-6	-3.579589E-6	-2.128231E-11	4.783203E+1
-1.000000E-1	7.464463E-6	-7.464463E-6	-4.437968E-11	4.843555E+1
-1.500000E-1	1.087132E-5	-1.087132E-5	-6.463501E-11	4.903906E+1
-2.000000E-1	2.578227E-5	-2.578227E-5	-1.532875E-10	4.985449E+1
-2.500000E-1	3.313354E-5	-3.313354E-5	-1.969942E-10	5.012305E+1
-3.000000E-1	4.283863E-5	-4.283863E-5	-2.546954E-10	5.039160E+1
-3.500000E-1	5.001410E-5	-5.001410E-5	-2.973569E-10	5.066113E+1
-4.000000E-1	6.144135E-5	-6.144135E-5	-3.652972E-10	5.092969E+1
-4.500000E-1	8.139003E-5	-8.139003E-5	-4.839013E-10	5.119824E+1
-5.000000E-1	9.605684E-5	-9.605684E-5	-5.711023E-10	5.146680E+1
-5.000000E-1	9.968420E-5	-9.968420E-5	-5.926686E-10	5.173535E+1
-4.500000E-1	8.090067E-5	-8.090067E-5	-4.809918E-10	5.200391E+1
-4.000000E-1	6.608377E-5	-6.608377E-5	-3.928985E-10	5.227246E+1
-3.500000E-1	5.318997E-5	-5.318997E-5	-3.162389E-10	5.254102E+1
-3.000000E-1	3.906597E-5	-3.906597E-5	-2.322652E-10	5.280957E+1
-2.500000E-1	2.996467E-5	-2.996467E-5	-1.781538E-10	5.307812E+1
-2.000000E-1	2.224894E-5	-2.224894E-5	-1.322802E-10	5.334668E+1
-1.500000E-1	1.060116E-5	-1.060116E-5	-6.302876E-11	5.432227E+1
-1.000000E-1	7.075351E-6	-7.075351E-6	-4.206623E-11	5.492578E+1
-5.000000E-2	3.106581E-6	-3.106581E-6	-1.847006E-11	5.552832E+1
0.000000E+0	4.348347E-8	-4.348347E-8	-2.585293E-13	5.613184E+1
0.000000E+0	4.158579E-8	-4.158579E-8	-2.472467E-13	5.673633E+1
5.000000E-2	3.656554E-6	3.656554E-6	2.173990E-11	5.733887E+1
1.000000E-1	8.242842E-6	8.242842E-6	4.900750E-11	5.794238E+1
1.500000E-1	1.302514E-5	1.302514E-5	7.744048E-11	5.854590E+1
2.000000E-1	2.820646E-5	2.820646E-5	1.677004E-10	5.952832E+1
2.500000E-1	3.861243E-5	3.861243E-5	2.295687E-10	5.979687E+1
3.000000E-1	5.357648E-5	5.357648E-5	3.185369E-10	6.006641E+1
3.500000E-1	6.588017E-5	6.588017E-5	3.916880E-10	6.033496E+1
4.000000E-1	1.010712E-4	1.010712E-4	6.009150E-10	6.060352E+1
4.500000E-1	1.221954E-4	1.221954E-4	7.265081E-10	6.087207E+1
5.000000E-1	1.462266E-4	1.462266E-4	8.693847E-10	6.114063E+1
5.000000E-1	1.386313E-4	1.386313E-4	8.242270E-10	6.140918E+1
4.500000E-1	1.133908E-4	1.133908E-4	6.741604E-10	6.167773E+1
4.000000E-1	9.550489E-5	9.550489E-5	5.678207E-10	6.194629E+1
3.500000E-1	7.371826E-5	7.371826E-5	4.382891E-10	6.221484E+1
3.000000E-1	5.855486E-5	5.855486E-5	3.481357E-10	6.248340E+1
2.500000E-1	4.520495E-5	4.520495E-5	2.687643E-10	6.275195E+1
2.000000E-1	3.069864E-5	3.069864E-5	1.825176E-10	6.302051E+1
1.500000E-1	2.000004E-5	2.000004E-5	1.189095E-10	6.328906E+1
1.000000E-1	8.430102E-6	8.430102E-6	5.012085E-11	6.426465E+1
5.000000E-2	3.775574E-6	3.775574E-6	2.244753E-11	6.486816E+1
0.000000E+0	2.039608E-8	2.039608E-8	1.212641E-13	6.547070E+1
-5.000000E-2	3.523069E-6	-3.523069E-6	-2.094627E-11	6.607520E+1
-1.000000E-1	7.384128E-6	-7.384128E-6	-4.390205E-11	6.667871E+1
-1.500000E-1	1.124148E-5	-1.124148E-5	-6.683580E-11	6.728125E+1
-2.000000E-1	1.603973E-5	-1.603973E-5	-9.536361E-11	6.788477E+1
-2.500000E-1	1.680436E-5	-1.680436E-5	-9.990966E-11	6.848828E+1
-3.000000E-1	4.957746E-5	-4.957746E-5	-2.947609E-10	6.930469E+1
-3.500000E-1	5.844317E-5	-5.844317E-5	-3.474716E-10	6.957324E+1
-4.000000E-1	7.498668E-5	-7.498668E-5	-4.458304E-10	6.984180E+1
-4.500000E-1	9.409172E-5	-9.409172E-5	-5.594187E-10	7.011035E+1
-5.000000E-1	1.087075E-4	-1.087075E-4	-6.463161E-10	7.037891E+1
-5.000000E-1	1.149527E-4	-1.149527E-4	-6.834466E-10	7.064746E+1
-4.500000E-1	9.142064E-5	-9.142064E-5	-5.435379E-10	7.091602E+1
-4.000000E-1	7.230941E-5	-7.230941E-5	-4.299128E-10	7.118457E+1
-3.500000E-1	5.516932E-5	-5.516932E-5	-3.280071E-10	7.145312E+1
-3.000000E-1	4.298968E-5	-4.298968E-5	-2.555935E-10	7.172168E+1
-2.500000E-1	3.205475E-5	-3.205475E-5	-1.905803E-10	7.199023E+1
-2.000000E-1	2.198741E-5	-2.198741E-5	-1.307253E-10	7.225879E+1
-1.500000E-1	1.131875E-5	-1.131875E-5	-6.729517E-11	7.323437E+1
-1.000000E-1	7.002018E-6	-7.002018E-6	-4.163023E-11	7.383789E+1
-5.000000E-2	3.318284E-6	-3.318284E-6	-1.972873E-11	7.444141E+1
0.000000E+0	5.065642E-8	-5.065642E-8	-3.011758E-13	7.504492E+1
0.000000E+0	3.017397E-8	-3.017397E-8	-1.793982E-13	7.564844E+1
5.000000E-2	3.549111E-6	3.549111E-6	2.110110E-11	7.625195E+1
1.000000E-1	8.396524E-6	8.396524E-6	4.992121E-11	7.685547E+1
1.500000E-1	1.463940E-5	1.463940E-5	8.703800E-11	7.745801E+1
2.000000E-1	1.669082E-5	1.669082E-5	9.923463E-11	7.806152E+1
2.500000E-1	1.708298E-5	1.708298E-5	1.015662E-10	7.866504E+1
3.000000E-1	5.577708E-5	5.577708E-5	3.316205E-10	7.948047E+1
3.500000E-1	6.520110E-5	6.520110E-5	3.876506E-10	7.974902E+1
4.000000E-1	8.665951E-5	8.665951E-5	5.152308E-10	8.001758E+1
4.500000E-1	1.273573E-4	1.273573E-4	7.571981E-10	8.028613E+1
5.000000E-1	1.181116E-4	1.181116E-4	7.022278E-10	8.055469E+1
5.000000E-1	1.278719E-4	1.278719E-4	7.602572E-10	8.082324E+1
4.500000E-1	1.348300E-4	1.348300E-4	8.016265E-10	8.109180E+1
4.000000E-1	1.308521E-4	1.308521E-4	7.779759E-10	8.136035E+1
3.500000E-1	8.479971E-5	8.479971E-5	5.041734E-10	8.162891E+1
3.000000E-1	6.096077E-5	6.096077E-5	3.624399E-10	8.189746E+1
2.500000E-1	4.374877E-5	4.374877E-5	2.601066E-10	8.216602E+1
2.000000E-1	3.117999E-5	3.117999E-5	1.853794E-10	8.243555E+1
1.500000E-1	2.023887E-5	2.023887E-5	1.203294E-10	8.270410E+1
1.000000E-1	8.351399E-6	8.351399E-6	4.965292E-11	8.367871E+1
5.000000E-2	3.876961E-6	3.876961E-6	2.305032E-11	8.428223E+1
0.000000E+0	8.327659E-8	8.327659E-8	4.951178E-13	8.488574E+1
-5.000000E-2	3.880912E-6	-3.880912E-6	-2.307381E-11	8.548926E+1
-1.000000E-1	7.813784E-6	-7.813784E-6	-4.645655E-11	8.609277E+1
-1.500000E-1	1.171613E-5	-1.171613E-5	-6.965781E-11	8.669629E+1
-2.000000E-1	1.521497E-5	-1.521497E-5	-9.046001E-11	8.729980E+1
-2.500000E-1	1.676020E-5	-1.676020E-5	-9.964712E-11	8.790234E+1
-3.000000E-1	1.715445E-5	-1.715445E-5	-1.019911E-10	8.850586E+1
-3.500000E-1	1.740309E-5	-1.740309E-5	-1.034694E-10	8.910938E+1
-4.000000E-1	7.269388E-5	-7.269388E-5	-4.321987E-10	8.992480E+1
-4.500000E-1	8.976665E-5	-8.976665E-5	-5.337042E-10	9.019336E+1
-5.000000E-1	1.075942E-4	-1.075942E-4	-6.396970E-10	9.046191E+1
-5.000000E-1	1.098828E-4	-1.098828E-4	-6.533039E-10	9.073047E+1
-4.500000E-1	9.451304E-5	-9.451304E-5	-5.619236E-10	9.099902E+1
-4.000000E-1	8.198245E-5	-8.198245E-5	-4.874235E-10	9.126758E+1
-3.500000E-1	6.554183E-5	-6.554183E-5	-3.896764E-10	9.153613E+1
-3.000000E-1	5.294186E-5	-5.294186E-5	-3.147638E-10	9.180469E+1
-2.500000E-1	3.817251E-5	-3.817251E-5	-2.269532E-10	9.207324E+1
-2.000000E-1	2.800958E-5	-2.800958E-5	-1.665299E-10	9.234277E+1
-1.500000E-1	1.947393E-5	-1.947393E-5	-1.157815E-10	9.261133E+1
-1.000000E-1	9.298757E-6	-9.298757E-6	-5.528540E-11	9.358594E+1
-5.000000E-2	4.188617E-6	-4.188617E-6	-2.490326E-11	9.418945E+1
0.000000E+0	8.671485E-9	-8.671485E-9	-5.155598E-14	9.479297E+1
0.000000E+0	1.449994E-8	-1.449994E-8	-8.620882E-14	9.539648E+1
5.000000E-2	4.643426E-6	4.643426E-6	2.760731E-11	9.600000E+1
1.000000E-1	1.137251E-5	1.137251E-5	6.761484E-11	9.660352E+1
1.500000E-1	1.628494E-5	1.628494E-5	9.682146E-11	9.720605E+1
2.000000E-1	3.121672E-5	3.121672E-5	1.855978E-10	9.802246E+1
2.500000E-1	4.763046E-5	4.763046E-5	2.831851E-10	9.829102E+1
3.000000E-1	6.340759E-5	6.340759E-5	3.769874E-10	9.855957E+1
3.500000E-1	7.953968E-5	7.953968E-5	4.729001E-10	9.882813E+1
4.000000E-1	1.122428E-4	1.122428E-4	6.673355E-10	9.909668E+1
4.500000E-1	1.258731E-4	1.258731E-4	7.483734E-10	9.936523E+1
5.000000E-1	1.348551E-4	1.348551E-4	8.017756E-10	9.963379E+1
5.000000E-1	1.540765E-4	1.540765E-4	9.160558E-10	9.990234E+1
4.500000E-1	1.289125E-4	1.289125E-4	7.664445E-10	1.001709E+2
4.000000E-1	1.063852E-4	1.063852E-4	6.325090E-10	1.004395E+2
3.500000E-1	8.617891E-5	8.617891E-5	5.123734E-10	1.007080E+2
3.000000E-1	5.985971E-5	5.985971E-5	3.558936E-10	1.009766E+2
2.500000E-1	4.492030E-5	4.492030E-5	2.670719E-10	1.012451E+2
2.000000E-1	2.987378E-5	2.987378E-5	1.776134E-10	1.015137E+2
1.500000E-1	2.063218E-5	2.063218E-5	1.226678E-10	1.017822E+2
1.000000E-1	7.918246E-6	7.918246E-6	4.707763E-11	1.027568E+2
5.000000E-2	4.265124E-6	4.265124E-6	2.535813E-11	1.033604E+2
0.000000E+0	4.850663E-8	4.850663E-8	2.883943E-13	1.039639E+2
-5.000000E-2	3.465413E-6	-3.465413E-6	-2.060348E-11	1.045674E+2
-1.000000E-1	6.748409E-6	-6.748409E-6	-4.012241E-11	1.051709E+2
-1.500000E-1	9.456277E-6	-9.456277E-6	-5.622193E-11	1.057744E+2
-2.000000E-1	1.582981E-5	-1.582981E-5	-9.411552E-11	1.063779E+2
-2.500000E-1	1.662089E-5	-1.662089E-5	-9.881888E-11	1.069805E+2
-3.000000E-1	4.564606E-5	-4.564606E-5	-2.713869E-10	1.077969E+2
-3.500000E-1	5.798101E-5	-5.798101E-5	-3.447239E-10	1.080654E+2
-4.000000E-1	8.054314E-5	-8.054314E-5	-4.788661E-10	1.083340E+2
-4.500000E-1	9.007010E-5	-9.007010E-5	-5.355083E-10	1.086025E+2
-5.000000E-1	1.340324E-4	-1.340324E-4	-7.968846E-10	1.088711E+2
-5.000000E-1	1.284609E-4	-1.284609E-4	-7.637593E-10	1.091396E+2
-4.500000E-1	1.006504E-4	-1.006504E-4	-5.984131E-10	1.094082E+2
-4.000000E-1	8.703356E-5	-8.703356E-5	-5.174547E-10	1.096768E+2
-3.500000E-1	7.053385E-5	-7.053385E-5	-4.193563E-10	1.099453E+2
-3.000000E-1	5.559015E-5	-5.559015E-5	-3.305091E-10	1.102139E+2
-2.500000E-1	4.401251E-5	-4.401251E-5	-2.616747E-10	1.104824E+2
-2.000000E-1	3.162794E-5	-3.162794E-5	-1.880427E-10	1.107510E+2
-1.500000E-1	2.351653E-5	-2.351653E-5	-1.398166E-10	1.110195E+2
-1.000000E-1	1.047996E-5	-1.047996E-5	-6.230821E-11	1.119951E+2
-5.000000E-2	5.333727E-6	-5.333727E-6	-3.171147E-11	1.125986E+2
0.000000E+0	2.619886E-8	2.619886E-8	1.557643E-13	1.132012E+2
0.000000E+0	2.513914E-9	2.513914E-9	1.494638E-14	1.138057E+2
5.000000E-2	5.660992E-6	5.660992E-6	3.365721E-11	1.144082E+2
1.000000E-1	1.081880E-5	1.081880E-5	6.432275E-11	1.150117E+2
1.500000E-1	1.639018E-5	1.639018E-5	9.744719E-11	1.156152E+2
2.000000E-1	1.685528E-5	1.685528E-5	1.002124E-10	1.162187E+2
2.500000E-1	1.721875E-5	1.721875E-5	1.023734E-10	1.168213E+2
3.000000E-1	8.148416E-5	8.148416E-5	4.844609E-10	1.176377E+2
3.500000E-1	1.114892E-4	1.114892E-4	6.628545E-10	1.179062E+2
4.000000E-1	1.446890E-4	1.446890E-4	8.602428E-10	1.181748E+2
4.500000E-1	1.615262E-4	1.615262E-4	9.603478E-10	1.184434E+2
5.000000E-1	1.819933E-4	1.819933E-4	1.082034E-9	1.192588E+2
5.000000E-1	2.167971E-4	2.167971E-4	1.288959E-9	1.195264E+2
4.500000E-1	1.829062E-4	1.829062E-4	1.087462E-9	1.197939E+2
4.000000E-1	1.473326E-4	1.473326E-4	8.759602E-10	1.203359E+2
3.500000E-1	1.098806E-4	1.098806E-4	6.532908E-10	1.206045E+2
3.000000E-1	9.417684E-5	9.417684E-5	5.599248E-10	1.208730E+2
2.500000E-1	7.360054E-5	7.360054E-5	4.375892E-10	1.211416E+2
2.000000E-1	5.068298E-5	5.068298E-5	3.013337E-10	1.214102E+2
1.500000E-1	3.066029E-5	3.066029E-5	1.822896E-10	1.216787E+2
1.000000E-1	1.951650E-5	1.951650E-5	1.160346E-10	1.219473E+2
5.000000E-2	6.123320E-6	6.123320E-6	3.640596E-11	1.229229E+2
0.000000E+0	4.488399E-8	4.488399E-8	2.668560E-13	1.235254E+2
-5.000000E-2	5.638681E-6	-5.638681E-6	-3.352456E-11	1.241299E+2
-1.000000E-1	1.107773E-5	-1.107773E-5	-6.586219E-11	1.247324E+2
-1.500000E-1	2.528991E-5	-2.528991E-5	-1.503602E-10	1.258828E+2
-2.000000E-1	3.525022E-5	-3.525022E-5	-2.095788E-10	1.261514E+2
-2.500000E-1	5.115916E-5	-5.115916E-5	-3.041648E-10	1.264199E+2
-3.000000E-1	6.308736E-5	-6.308736E-5	-3.750835E-10	1.266885E+2
-3.500000E-1	7.582590E-5	-7.582590E-5	-4.508200E-10	1.269570E+2
-4.000000E-1	9.372958E-5	-9.372958E-5	-5.572656E-10	1.272256E+2
-4.500000E-1	1.154229E-4	-1.154229E-4	-6.862424E-10	1.274941E+2
-5.000000E-1	1.325444E-4	-1.325444E-4	-7.880374E-10	1.277627E+2
-5.000000E-1	1.292447E-4	-1.292447E-4	-7.684193E-10	1.280322E+2
-4.500000E-1	1.047647E-4	-1.047647E-4	-6.228746E-10	1.283008E+2
-4.000000E-1	8.005362E-5	-8.005362E-5	-4.759557E-10	1.285693E+2
-3.500000E-1	7.323551E-5	-7.323551E-5	-4.354189E-10	1.288379E+2
-3.000000E-1	5.684756E-5	-5.684756E-5	-3.379850E-10	1.291064E+2
-2.500000E-1	4.488419E-5	-4.488419E-5	-2.668572E-10	1.293750E+2
-2.000000E-1	3.220963E-5	-3.220963E-5	-1.915011E-10	1.296436E+2
-1.500000E-1	2.307254E-5	-2.307254E-5	-1.371769E-10	1.299121E+2
-1.000000E-1	1.031313E-5	-1.031313E-5	-6.131629E-11	1.308867E+2
-5.000000E-2	5.119962E-6	-5.119962E-6	-3.044054E-11	1.314902E+2
0.000000E+0	5.735084E-9	-5.735084E-9	-3.409772E-14	1.320938E+2
0.000000E+0	2.132275E-8	-2.132275E-8	-1.267736E-13	1.326973E+2
5.000000E-2	5.897187E-6	5.897187E-6	3.506150E-11	1.333008E+2
1.000000E-1	1.157764E-5	1.157764E-5	6.883440E-11	1.339043E+2
1.500000E-1	1.652270E-5	1.652270E-5	9.823506E-11	1.345068E+2
2.000000E-1	5.266888E-5	5.266888E-5	3.131408E-10	1.353232E+2
2.500000E-1	8.192269E-5	8.192269E-5	4.870682E-10	1.355918E+2
3.000000E-1	1.094171E-4	1.094171E-4	6.505351E-10	1.358604E+2
3.500000E-1	1.316906E-4	1.316906E-4	7.829616E-10	1.361289E+2
4.000000E-1	1.365307E-4	1.365307E-4	8.117379E-10	1.363975E+2
4.500000E-1	1.613752E-4	1.613752E-4	9.594503E-10	1.366660E+2
5.000000E-1	1.666066E-4	1.666066E-4	9.905533E-10	1.369346E+2
5.000000E-1	1.678166E-4	1.678166E-4	9.977472E-10	1.372031E+2
4.500000E-1	1.482889E-4	1.482889E-4	8.816462E-10	1.374717E+2
4.000000E-1	1.236985E-4	1.236985E-4	7.354444E-10	1.377402E+2
3.500000E-1	1.098035E-4	1.098035E-4	6.528325E-10	1.380088E+2
3.000000E-1	7.682776E-5	7.682776E-5	4.567765E-10	1.382773E+2
2.500000E-1	4.672475E-5	4.672475E-5	2.778002E-10	1.385459E+2
2.000000E-1	4.323932E-5	4.323932E-5	2.570777E-10	1.388145E+2
1.500000E-1	2.636897E-5	2.636897E-5	1.567757E-10	1.390830E+2
1.000000E-1	1.029657E-5	1.029657E-5	6.121788E-11	1.400576E+2
5.000000E-2	4.546021E-6	4.546021E-6	2.702819E-11	1.406611E+2
0.000000E+0	2.063416E-8	2.063416E-8	1.226796E-13	1.412646E+2
-5.000000E-2	4.393708E-6	-4.393708E-6	-2.612262E-11	1.418682E+2
-1.000000E-1	1.061593E-5	-1.061593E-5	-6.311661E-11	1.424717E+2
-1.500000E-1	1.588860E-5	-1.588860E-5	-9.446509E-11	1.430752E+2
-2.000000E-1	1.677898E-5	-1.677898E-5	-9.975878E-11	1.436787E+2
-2.500000E-1	1.701012E-5	-1.701012E-5	-1.011330E-10	1.442813E+2
-3.000000E-1	6.126540E-5	-6.126540E-5	-3.642511E-10	1.450977E+2
-3.500000E-1	7.424441E-5	-7.424441E-5	-4.414173E-10	1.453662E+2
-4.000000E-1	9.659296E-5	-9.659296E-5	-5.742897E-10	1.456348E+2
-4.500000E-1	1.072283E-4	-1.072283E-4	-6.375216E-10	1.459033E+2
-5.000000E-1	1.274161E-4	-1.274161E-4	-7.575474E-10	1.461719E+2
-5.000000E-1	1.371920E-4	-1.371920E-4	-8.156698E-10	1.464404E+2
-4.500000E-1	1.050923E-4	-1.050923E-4	-6.248224E-10	1.467090E+2
-4.000000E-1	9.310717E-5	-9.310717E-5	-5.535651E-10	1.469775E+2
-3.500000E-1	7.835984E-5	-7.835984E-5	-4.658854E-10	1.472461E+2
-3.000000E-1	5.758502E-5	-5.758502E-5	-3.423695E-10	1.475146E+2
-2.500000E-1	4.356733E-5	-4.356733E-5	-2.590279E-10	1.477832E+2
-2.000000E-1	3.276876E-5	-3.276876E-5	-1.948254E-10	1.480518E+2
-1.500000E-1	2.365936E-5	-2.365936E-5	-1.406658E-10	1.483203E+2
-1.000000E-1	1.005748E-5	-1.005748E-5	-5.979638E-11	1.492959E+2
-5.000000E-2	4.610648E-6	-4.610648E-6	-2.741243E-11	1.498984E+2
0.000000E+0	1.400742E-8	1.400742E-8	8.328060E-14	1.505020E+2
0.000000E+0	4.880773E-9	4.880773E-9	2.901845E-14	1.511064E+2
5.000000E-2	5.358420E-6	5.358420E-6	3.185828E-11	1.517090E+2
1.000000E-1	9.474059E-6	9.474059E-6	5.632765E-11	1.523125E+2
1.500000E-1	1.625508E-5	1.625508E-5	9.664394E-11	1.529160E+2
2.000000E-1	1.672571E-5	1.672571E-5	9.944207E-11	1.535195E+2
2.500000E-1	1.710220E-5	1.710220E-5	1.016805E-10	1.541221E+2
3.000000E-1	6.136741E-5	6.136741E-5	3.648576E-10	1.549385E+2
3.500000E-1	8.152817E-5	8.152817E-5	4.847226E-10	1.552070E+2
4.000000E-1	1.240514E-4	1.240514E-4	7.375427E-10	1.554756E+2
4.500000E-1	1.409424E-4	1.409424E-4	8.379676E-10	1.557441E+2
5.000000E-1	1.556872E-4	1.556872E-4	9.256320E-10	1.565596E+2
5.000000E-1	1.494972E-4	1.494972E-4	8.888296E-10	1.571006E+2
4.500000E-1	1.366270E-4	1.366270E-4	8.123104E-10	1.573691E+2
4.000000E-1	9.895368E-5	9.895368E-5	5.883253E-10	1.576377E+2
3.500000E-1	6.763169E-5	6.763169E-5	4.021016E-10	1.579063E+2
3.000000E-1	4.817224E-5	4.817224E-5	2.864062E-10	1.581748E+2
2.500000E-1	3.732856E-5	3.732856E-5	2.219355E-10	1.584434E+2
2.000000E-1	2.651976E-5	2.651976E-5	1.576722E-10	1.587119E+2
1.500000E-1	1.220420E-5	1.220420E-5	7.255960E-11	1.596875E+2
1.000000E-1	6.905170E-6	6.905170E-6	4.105442E-11	1.602900E+2
5.000000E-2	3.172570E-6	3.172570E-6	1.886239E-11	1.608936E+2
0.000000E+0	3.140175E-8	3.140175E-8	1.866979E-13	1.614971E+2
-5.000000E-2	2.831134E-6	-2.831134E-6	-1.683240E-11	1.621006E+2
-1.000000E-1	6.498703E-6	-6.498703E-6	-3.863779E-11	1.627041E+2
-1.500000E-1	1.028874E-5	-1.028874E-5	-6.117133E-11	1.633076E+2
-2.000000E-1	1.509679E-5	-1.509679E-5	-8.975741E-11	1.639111E+2
-2.500000E-1	1.681654E-5	-1.681654E-5	-9.998208E-11	1.645137E+2
-3.000000E-1	4.914653E-5	-4.914653E-5	-2.921988E-10	1.653301E+2
-3.500000E-1	6.460044E-5	-6.460044E-5	-3.840794E-10	1.655986E+2
-4.000000E-1	7.985050E-5	-7.985050E-5	-4.747481E-10	1.658672E+2
-4.500000E-1	8.953744E-5	-8.953744E-5	-5.323414E-10	1.661357E+2
-5.000000E-1	1.107533E-4	-1.107533E-4	-6.584793E-10	1.664043E+2
-5.000000E-1	1.078042E-4	-1.078042E-4	-6.409460E-10	1.666729E+2
-4.500000E-1	9.070495E-5	-9.070495E-5	-5.392828E-10	1.669414E+2
-4.000000E-1	6.604656E-5	-6.604656E-5	-3.926773E-10	1.672100E+2
-3.500000E-1	5.407070E-5	-5.407070E-5	-3.214753E-10	1.674785E+2
-3.000000E-1	4.088767E-5	-4.088767E-5	-2.430961E-10	1.677471E+2
-2.500000E-1	3.086304E-5	-3.086304E-5	-1.834950E-10	1.680156E+2
-2.000000E-1	2.338742E-5	-2.338742E-5	-1.390490E-10	1.682842E+2
-1.500000E-1	1.143534E-5	-1.143534E-5	-6.798838E-11	1.692598E+2
-1.000000E-1	7.177900E-6	-7.177900E-6	-4.267593E-11	1.698633E+2
-5.000000E-2	3.182692E-6	-3.182692E-6	-1.892257E-11	1.704668E+2
0.000000E+0	6.253272E-9	-6.253272E-9	-3.717859E-14	1.710693E+2
0.000000E+0	1.521186E-8	-1.521186E-8	-9.044154E-14	1.716738E+2
5.000000E-2	3.454787E-6	3.454787E-6	2.054030E-11	1.722764E+2
1.000000E-1	8.863019E-6	8.863019E-6	5.269474E-11	1.728799E+2
1.500000E-1	1.340517E-5	1.340517E-5	7.969995E-11	1.734834E+2
2.000000E-1	1.655593E-5	1.655593E-5	9.843263E-11	1.740869E+2
2.500000E-1	1.703467E-5	1.703467E-5	1.012790E-10	1.746895E+2
3.000000E-1	6.508526E-5	6.508526E-5	3.869619E-10	1.755059E+2
3.500000E-1	7.777632E-5	7.777632E-5	4.624161E-10	1.757744E+2
4.000000E-1	9.773667E-5	9.773667E-5	5.810896E-10	1.760430E+2
4.500000E-1	1.352796E-4	1.352796E-4	8.042997E-10	1.763115E+2
5.000000E-1	1.570211E-4	1.570211E-4	9.335627E-10	1.765801E+2
5.000000E-1	1.609811E-4	1.609811E-4	9.571069E-10	1.768486E+2
4.500000E-1	1.399079E-4	1.399079E-4	8.318173E-10	1.771172E+2
4.000000E-1	1.200280E-4	1.200280E-4	7.136218E-10	1.773857E+2
3.500000E-1	8.851024E-5	8.851024E-5	5.262342E-10	1.776543E+2
3.000000E-1	6.787660E-5	6.787660E-5	4.035577E-10	1.779229E+2
2.500000E-1	4.533093E-5	4.533093E-5	2.695133E-10	1.781914E+2
2.000000E-1	3.388001E-5	3.388001E-5	2.014323E-10	1.784600E+2
1.500000E-1	2.150235E-5	2.150235E-5	1.278414E-10	1.787285E+2
1.000000E-1	8.454773E-6	8.454773E-6	5.026753E-11	1.797041E+2
5.000000E-2	3.863406E-6	3.863406E-6	2.296973E-11	1.803066E+2
0.000000E+0	7.689727E-8	7.689727E-8	4.571898E-13	1.809102E+2
-5.000000E-2	3.376041E-6	-3.376041E-6	-2.007212E-11	1.815137E+2
-1.000000E-1	6.980387E-6	-6.980387E-6	-4.150162E-11	1.821172E+2
-1.500000E-1	1.109433E-5	-1.109433E-5	-6.596089E-11	1.827207E+2
-2.000000E-1	1.635940E-5	-1.635940E-5	-9.726421E-11	1.833242E+2
-2.500000E-1	1.693551E-5	-1.693551E-5	-1.006894E-10	1.839277E+2
-3.000000E-1	1.719515E-5	-1.719515E-5	-1.022331E-10	1.845303E+2
-3.500000E-1	6.133773E-5	-6.133773E-5	-3.646811E-10	1.853467E+2
-4.000000E-1	7.686560E-5	-7.686560E-5	-4.570015E-10	1.856152E+2
-4.500000E-1	9.308091E-5	-9.308091E-5	-5.534090E-10	1.858838E+2
-5.000000E-1	1.195705E-4	-1.195705E-4	-7.109020E-10	1.861523E+2
-5.000000E-1	1.082404E-4	-1.082404E-4	-6.435392E-10	1.864209E+2
-4.500000E-1	9.770612E-5	-9.770612E-5	-5.809080E-10	1.866895E+2
-4.000000E-1	7.629971E-5	-7.629971E-5	-4.536370E-10	1.869580E+2
-3.500000E-1	5.852514E-5	-5.852514E-5	-3.479590E-10	1.872266E+2
-3.000000E-1	4.976255E-5	-4.976255E-5	-2.958613E-10	1.874951E+2
-2.500000E-1	4.068914E-5	-4.068914E-5	-2.419157E-10	1.877637E+2
-2.000000E-1	2.961750E-5	-2.961750E-5	-1.760897E-10	1.880322E+2
-1.500000E-1	1.949023E-5	-1.949023E-5	-1.158784E-10	1.883008E+2
-1.000000E-1	9.033248E-6	-9.033248E-6	-5.370683E-11	1.892764E+2
-5.000000E-2	3.617468E-6	-3.617468E-6	-2.150752E-11	1.898799E+2
0.000000E+0	6.697934E-8	-6.697934E-8	-3.982231E-13	1.904824E+2
0.000000E+0	3.664666E-8	-3.664666E-8	-2.178813E-13	1.910869E+2
5.000000E-2	3.181043E-6	3.181043E-6	1.891277E-11	1.916895E+2
1.000000E-1	7.634918E-6	7.634918E-6	4.539311E-11	1.922930E+2
1.500000E-1	1.552465E-5	1.552465E-5	9.230121E-11	1.928965E+2
2.000000E-1	2.836932E-5	2.836932E-5	1.686687E-10	1.937119E+2
2.500000E-1	3.652177E-5	3.652177E-5	2.171388E-10	1.939805E+2
3.000000E-1	5.335450E-5	5.335450E-5	3.172171E-10	1.942490E+2
3.500000E-1	7.394970E-5	7.394970E-5	4.396651E-10	1.945176E+2
4.000000E-1	8.399847E-5	8.399847E-5	4.994097E-10	1.947861E+2
4.500000E-1	1.106262E-4	1.106262E-4	6.577238E-10	1.950547E+2
5.000000E-1	1.573869E-4	1.573869E-4	9.357378E-10	1.953232E+2
5.000000E-1	1.565813E-4	1.565813E-4	9.309479E-10	1.955918E+2
4.500000E-1	1.444420E-4	1.444420E-4	8.587742E-10	1.958604E+2
4.000000E-1	9.523609E-5	9.523609E-5	5.662225E-10	1.961289E+2
3.500000E-1	8.660248E-5	8.660248E-5	5.148917E-10	1.963975E+2
3.000000E-1	5.760813E-5	5.760813E-5	3.425069E-10	1.966670E+2
2.500000E-1	4.192553E-5	4.192553E-5	2.492666E-10	1.969355E+2
2.000000E-1	2.942217E-5	2.942217E-5	1.749284E-10	1.972041E+2
1.500000E-1	2.018113E-5	2.018113E-5	1.199861E-10	1.974727E+2
1.000000E-1	7.672084E-6	7.672084E-6	4.561408E-11	1.984473E+2
5.000000E-2	3.751476E-6	3.751476E-6	2.230426E-11	1.990508E+2
0.000000E+0	5.265447E-8	5.265447E-8	3.130551E-13	1.996543E+2
-5.000000E-2	3.655940E-6	-3.655940E-6	-2.173625E-11	2.002578E+2
-1.000000E-1	7.672841E-6	-7.672841E-6	-4.561858E-11	2.008613E+2
-1.500000E-1	1.205354E-5	-1.205354E-5	-7.166387E-11	2.014648E+2
-2.000000E-1	1.629135E-5	-1.629135E-5	-9.685960E-11	2.020674E+2
-2.500000E-1	3.552553E-5	-3.552553E-5	-2.112157E-10	2.030508E+2
-3.000000E-1	4.742251E-5	-4.742251E-5	-2.819487E-10	2.033193E+2
-3.500000E-1	6.073098E-5	-6.073098E-5	-3.610737E-10	2.035879E+2
-4.000000E-1	8.380327E-5	-8.380327E-5	-4.982491E-10	2.038564E+2
-4.500000E-1	9.446851E-5	-9.446851E-5	-5.616589E-10	2.041250E+2
-5.000000E-1	1.100777E-4	-1.100777E-4	-6.544629E-10	2.043936E+2
-5.000000E-1	1.236908E-4	-1.236908E-4	-7.353989E-10	2.046621E+2
-4.500000E-1	9.676025E-5	-9.676025E-5	-5.752843E-10	2.049307E+2
-4.000000E-1	8.397847E-5	-8.397847E-5	-4.992908E-10	2.051992E+2
-3.500000E-1	6.444711E-5	-6.444711E-5	-3.831678E-10	2.054678E+2
-3.000000E-1	5.119241E-5	-5.119241E-5	-3.043625E-10	2.057363E+2
-2.500000E-1	3.562221E-5	-3.562221E-5	-2.117905E-10	2.060049E+2
-2.000000E-1	2.597460E-5	-2.597460E-5	-1.544310E-10	2.062744E+2
-1.500000E-1	1.183111E-5	-1.183111E-5	-7.034140E-11	2.072490E+2
-1.000000E-1	7.756059E-6	-7.756059E-6	-4.611335E-11	2.078525E+2
-5.000000E-2	3.486718E-6	-3.486718E-6	-2.073015E-11	2.084561E+2
0.000000E+0	5.081513E-9	5.081513E-9	3.021194E-14	2.090596E+2
0.000000E+0	1.559700E-8	-1.559700E-8	-9.273138E-14	2.096631E+2
5.000000E-2	3.735786E-6	3.735786E-6	2.221097E-11	2.102666E+2
1.000000E-1	8.747798E-6	8.747798E-6	5.200970E-11	2.108701E+2
1.500000E-1	1.541050E-5	1.541050E-5	9.162254E-11	2.114727E+2
2.000000E-1	1.651493E-5	1.651493E-5	9.818886E-11	2.120762E+2
2.500000E-1	4.325338E-5	4.325338E-5	2.571613E-10	2.132266E+2
3.000000E-1	5.876711E-5	5.876711E-5	3.493976E-10	2.134951E+2
3.500000E-1	7.138504E-5	7.138504E-5	4.244170E-10	2.137637E+2
4.000000E-1	9.207433E-5	9.207433E-5	5.474244E-10	2.140322E+2
4.500000E-1	1.295564E-4	1.295564E-4	7.702726E-10	2.143008E+2
5.000000E-1	1.277264E-4	1.277264E-4	7.593924E-10	2.145693E+2
5.000000E-1	1.272043E-4	1.272043E-4	7.562881E-10	2.148379E+2
4.500000E-1	1.147389E-4	1.147389E-4	6.821754E-10	2.151064E+2
4.000000E-1	9.336942E-5	9.336942E-5	5.551243E-10	2.153750E+2
3.500000E-1	7.694269E-5	7.694269E-5	4.574598E-10	2.156436E+2
3.000000E-1	6.396230E-5	6.396230E-5	3.802854E-10	2.159121E+2
2.500000E-1	4.673911E-5	4.673911E-5	2.778856E-10	2.161807E+2
2.000000E-1	3.310512E-5	3.310512E-5	1.968252E-10	2.164492E+2
1.500000E-1	2.381608E-5	2.381608E-5	1.415976E-10	2.167178E+2
1.000000E-1	9.014885E-6	9.014885E-6	5.359765E-11	2.176934E+2
5.000000E-2	3.591223E-6	3.591223E-6	2.135148E-11	2.182969E+2
0.000000E+0	7.450942E-8	7.450942E-8	4.429929E-13	2.188994E+2
-5.000000E-2	3.078400E-6	-3.078400E-6	-1.830251E-11	2.195039E+2
-1.000000E-1	6.629497E-6	-6.629497E-6	-3.941542E-11	2.201064E+2
-1.500000E-1	1.009021E-5	-1.009021E-5	-5.999094E-11	2.207100E+2
-2.000000E-1	1.591988E-5	-1.591988E-5	-9.465102E-11	2.213135E+2
-2.500000E-1	1.660074E-5	-1.660074E-5	-9.869904E-11	2.219170E+2
-3.000000E-1	1.719404E-5	-1.719404E-5	-1.022265E-10	2.225205E+2
-3.500000E-1	5.372166E-5	-5.372166E-5	-3.194001E-10	2.233359E+2
-4.000000E-1	6.615311E-5	-6.615311E-5	-3.933108E-10	2.236045E+2
-4.500000E-1	7.816853E-5	-7.816853E-5	-4.647480E-10	2.238730E+2
-5.000000E-1	9.691876E-5	-9.691876E-5	-5.762268E-10	2.241416E+2
-5.000000E-1	9.859561E-5	-9.859561E-5	-5.861964E-10	2.244102E+2
-4.500000E-1	8.431761E-5	-8.431761E-5	-5.013071E-10	2.246787E+2
-4.000000E-1	6.878746E-5	-6.878746E-5	-4.089732E-10	2.249473E+2
-3.500000E-1	5.546563E-5	-5.546563E-5	-3.297688E-10	2.252158E+2
-3.000000E-1	4.621900E-5	-4.621900E-5	-2.747933E-10	2.254844E+2
-2.500000E-1	3.544789E-5	-3.544789E-5	-2.107541E-10	2.257529E+2
-2.000000E-1	2.654621E-5	-2.654621E-5	-1.578295E-10	2.260215E+2
-1.500000E-1	1.898551E-5	-1.898551E-5	-1.128776E-10	2.262900E+2
-1.000000E-1	8.353814E-6	-8.353814E-6	-4.966728E-11	2.272656E+2
-5.000000E-2	3.908174E-6	-3.908174E-6	-2.323590E-11	2.278691E+2
0.000000E+0	2.445522E-8	-2.445522E-8	-1.453976E-13	2.284727E+2
0.000000E+0	1.150518E-8	1.150518E-8	6.840362E-14	2.290762E+2
5.000000E-2	3.940633E-6	3.940633E-6	2.342888E-11	2.296797E+2
1.000000E-1	8.646237E-6	8.646237E-6	5.140587E-11	2.302832E+2
1.500000E-1	1.340392E-5	1.340392E-5	7.969251E-11	2.308857E+2
2.000000E-1	3.160182E-5	3.160182E-5	1.878874E-10	2.317021E+2
2.500000E-1	4.702271E-5	4.702271E-5	2.795717E-10	2.319707E+2
3.000000E-1	5.953429E-5	5.953429E-5	3.539588E-10	2.322393E+2
3.500000E-1	7.691640E-5	7.691640E-5	4.573035E-10	2.325078E+2
4.000000E-1	1.030014E-4	1.030014E-4	6.123911E-10	2.327764E+2
4.500000E-1	1.201829E-4	1.201829E-4	7.145427E-10	2.330449E+2
5.000000E-1	1.549207E-4	1.549207E-4	9.210749E-10	2.333135E+2
5.000000E-1	1.435004E-4	1.435004E-4	8.531760E-10	2.335820E+2
4.500000E-1	1.209058E-4	1.209058E-4	7.188405E-10	2.338506E+2
4.000000E-1	9.453999E-5	9.453999E-5	5.620839E-10	2.341191E+2
3.500000E-1	7.893806E-5	7.893806E-5	4.693232E-10	2.343877E+2
3.000000E-1	5.882598E-5	5.882598E-5	3.497476E-10	2.346563E+2
2.500000E-1	4.500108E-5	4.500108E-5	2.675522E-10	2.349248E+2
2.000000E-1	3.202830E-5	3.202830E-5	1.904230E-10	2.351934E+2
1.500000E-1	2.001298E-5	2.001298E-5	1.189864E-10	2.354619E+2
1.000000E-1	8.381856E-6	8.381856E-6	4.983400E-11	2.364375E+2
5.000000E-2	3.701903E-6	3.701903E-6	2.200952E-11	2.370410E+2
0.000000E+0	7.225693E-8	7.225693E-8	4.296008E-13	2.376436E+2
-5.000000E-2	3.713113E-6	-3.713113E-6	-2.207617E-11	2.382480E+2
-1.000000E-1	7.662525E-6	-7.662525E-6	-4.555725E-11	2.388506E+2
-1.500000E-1	1.192380E-5	-1.192380E-5	-7.089250E-11	2.394541E+2
-2.000000E-1	1.624110E-5	-1.624110E-5	-9.656086E-11	2.400576E+2
-2.500000E-1	2.782524E-5	-2.782524E-5	-1.654339E-10	2.410400E+2
-3.000000E-1	3.897943E-5	-3.897943E-5	-2.317507E-10	2.413086E+2
-3.500000E-1	5.090303E-5	-5.090303E-5	-3.026420E-10	2.415781E+2
-4.000000E-1	6.410123E-5	-6.410123E-5	-3.811114E-10	2.418467E+2
-4.500000E-1	8.276136E-5	-8.276136E-5	-4.920545E-10	2.421152E+2
-5.000000E-1	1.009806E-4	-1.009806E-4	-6.003762E-10	2.423838E+2
-5.000000E-1	9.815498E-5	-9.815498E-5	-5.835767E-10	2.426523E+2
-4.500000E-1	7.866259E-5	-7.866259E-5	-4.676854E-10	2.429209E+2
-4.000000E-1	6.343314E-5	-6.343314E-5	-3.771393E-10	2.431895E+2
-3.500000E-1	5.024934E-5	-5.024934E-5	-2.987555E-10	2.434580E+2
-3.000000E-1	3.774124E-5	-3.774124E-5	-2.243891E-10	2.437266E+2
-2.500000E-1	2.820016E-5	-2.820016E-5	-1.676630E-10	2.439951E+2
-2.000000E-1	1.991142E-5	-1.991142E-5	-1.183826E-10	2.442637E+2
-1.500000E-1	9.635790E-6	-9.635790E-6	-5.728922E-11	2.452393E+2
-1.000000E-1	5.986450E-6	-5.986450E-6	-3.559221E-11	2.458418E+2
-5.000000E-2	2.625531E-6	-2.625531E-6	-1.560999E-11	2.464453E+2
0.000000E+0	3.697344E-9	3.697344E-9	2.198242E-14	2.470488E+2
0.000000E+0	1.126476E-8	-1.126476E-8	-6.697420E-14	2.476523E+2
5.000000E-2	2.760771E-6	2.760771E-6	1.641406E-11	2.482559E+2
1.000000E-1	6.621471E-6	6.621471E-6	3.936770E-11	2.488594E+2
1.500000E-1	1.215965E-5	1.215965E-5	7.229475E-11	2.494629E+2
2.000000E-1	1.646731E-5	1.646731E-5	9.790577E-11	2.500654E+2
2.500000E-1	1.685985E-5	1.685985E-5	1.002396E-10	2.506689E+2
3.000000E-1	5.289418E-5	5.289418E-5	3.144803E-10	2.514844E+2
3.500000E-1	7.268590E-5	7.268590E-5	4.321512E-10	2.517529E+2
4.000000E-1	9.233719E-5	9.233719E-5	5.489872E-10	2.520215E+2
4.500000E-1	1.154018E-4	1.154018E-4	6.861172E-10	2.522900E+2
5.000000E-1	1.531128E-4	1.531128E-4	9.103264E-10	2.525586E+2
5.000000E-1	1.434691E-4	1.434691E-4	8.529900E-10	2.528271E+2
4.500000E-1	1.180717E-4	1.180717E-4	7.019908E-10	2.530967E+2
4.000000E-1	9.510047E-5	9.510047E-5	5.654162E-10	2.533652E+2
3.500000E-1	7.134596E-5	7.134596E-5	4.241847E-10	2.536338E+2
3.000000E-1	5.805761E-5	5.805761E-5	3.451793E-10	2.539023E+2
2.500000E-1	4.096809E-5	4.096809E-5	2.435742E-10	2.541709E+2
2.000000E-1	2.818624E-5	2.818624E-5	1.675802E-10	2.544395E+2
1.500000E-1	1.824304E-5	1.824304E-5	1.084633E-10	2.547080E+2
1.000000E-1	6.989952E-6	6.989952E-6	4.155849E-11	2.556826E+2
5.000000E-2	3.102180E-6	3.102180E-6	1.844389E-11	2.562861E+2
0.000000E+0	6.172044E-8	6.172044E-8	3.669565E-13	2.568896E+2
-5.000000E-2	2.864964E-6	-2.864964E-6	-1.703353E-11	2.574932E+2
-1.000000E-1	6.101358E-6	-6.101358E-6	-3.627539E-11	2.580967E+2
-1.500000E-1	1.005898E-5	-1.005898E-5	-5.980531E-11	2.587002E+2
-2.000000E-1	1.438999E-5	-1.438999E-5	-8.555513E-11	2.593037E+2
-2.500000E-1	1.661121E-5	-1.661121E-5	-9.876132E-11	2.599072E+2
-3.000000E-1	1.698050E-5	-1.698050E-5	-1.009569E-10	2.605098E+2
-3.500000E-1	5.683234E-5	-5.683234E-5	-3.378945E-10	2.613262E+2
-4.000000E-1	6.635313E-5	-6.635313E-5	-3.945000E-10	2.615947E+2
-4.500000E-1	7.812818E-5	-7.812818E-5	-4.645081E-10	2.618633E+2
-5.000000E-1	9.593539E-5	-9.593539E-5	-5.703802E-10	2.621318E+2
-5.000000E-1	9.594884E-5	-9.594884E-5	-5.704601E-10	2.624004E+2
-4.500000E-1	7.812697E-5	-7.812697E-5	-4.645009E-10	2.626689E+2
-4.000000E-1	6.909431E-5	-6.909431E-5	-4.107976E-10	2.629375E+2
-3.500000E-1	5.169671E-5	-5.169671E-5	-3.073608E-10	2.632061E+2
-3.000000E-1	4.070278E-5	-4.070278E-5	-2.419968E-10	2.634746E+2
-2.500000E-1	3.058254E-5	-3.058254E-5	-1.818273E-10	2.637432E+2
-2.000000E-1	2.211993E-5	-2.211993E-5	-1.315132E-10	2.640117E+2
-1.500000E-1	1.088214E-5	-1.088214E-5	-6.469933E-11	2.649873E+2
-1.000000E-1	6.582650E-6	-6.582650E-6	-3.913689E-11	2.655908E+2
-5.000000E-2	3.103397E-6	-3.103397E-6	-1.845113E-11	2.661934E+2
0.000000E+0	4.227904E-8	-4.227904E-8	-2.513684E-13	2.667969E+2
0.000000E+0	1.341921E-8	-1.341921E-8	-7.978340E-14	2.674014E+2
5.000000E-2	3.280477E-6	3.280477E-6	1.950395E-11	2.680039E+2
1.000000E-1	7.360306E-6	7.360306E-6	4.376042E-11	2.686074E+2
1.500000E-1	1.321698E-5	1.321698E-5	7.858102E-11	2.692109E+2
2.000000E-1	1.645692E-5	1.645692E-5	9.784399E-11	2.698135E+2
2.500000E-1	1.695264E-5	1.695264E-5	1.007913E-10	2.704170E+2
3.000000E-1	1.727195E-5	1.727195E-5	1.026897E-10	2.710205E+2
3.500000E-1	7.372097E-5	7.372097E-5	4.383052E-10	2.718359E+2
4.000000E-1	9.225637E-5	9.225637E-5	5.485067E-10	2.721045E+2
4.500000E-1	1.214535E-4	1.214535E-4	7.220974E-10	2.723730E+2
5.000000E-1	1.539745E-4	1.539745E-4	9.154494E-10	2.726416E+2
5.000000E-1	1.603346E-4	1.603346E-4	9.532632E-10	2.734570E+2
4.500000E-1	1.078880E-4	1.078880E-4	6.414437E-10	2.739980E+2
4.000000E-1	9.301064E-5	9.301064E-5	5.529912E-10	2.742666E+2
3.500000E-1	7.022972E-5	7.022972E-5	4.175481E-10	2.745352E+2
3.000000E-1	5.509041E-5	5.509041E-5	3.275379E-10	2.748047E+2
2.500000E-1	3.897349E-5	3.897349E-5	2.317154E-10	2.750732E+2
2.000000E-1	2.729356E-5	2.729356E-5	1.622728E-10	2.753418E+2
1.500000E-1	1.890952E-5	1.890952E-5	1.124258E-10	2.756104E+2
1.000000E-1	7.434474E-6	7.434474E-6	4.420138E-11	2.765850E+2
5.000000E-2	3.498075E-6	3.498075E-6	2.079767E-11	2.771885E+2
0.000000E+0	5.871635E-8	5.871635E-8	3.490958E-13	2.777920E+2
-5.000000E-2	3.244111E-6	-3.244111E-6	-1.928774E-11	2.783955E+2
-1.000000E-1	6.849090E-6	-6.849090E-6	-4.072100E-11	2.789990E+2
-1.500000E-1	1.073981E-5	-1.073981E-5	-6.385313E-11	2.796025E+2
-2.000000E-1	1.606752E-5	-1.606752E-5	-9.552882E-11	2.802051E+2
-2.500000E-1	1.674984E-5	-1.674984E-5	-9.958551E-11	2.808086E+2
-3.000000E-1	1.710404E-5	-1.710404E-5	-1.016914E-10	2.814121E+2
-3.500000E-1	5.773981E-5	-5.773981E-5	-3.432898E-10	2.822275E+2
-4.000000E-1	7.450081E-5	-7.450081E-5	-4.429417E-10	2.824961E+2
-4.500000E-1	8.306381E-5	-8.306381E-5	-4.938527E-10	2.827646E+2
-5.000000E-1	9.753709E-5	-9.753709E-5	-5.799030E-10	2.830332E+2
-5.000000E-1	1.104980E-4	-1.104980E-4	-6.569614E-10	2.833018E+2
-4.500000E-1	9.831181E-5	-9.831181E-5	-5.845091E-10	2.835703E+2
-4.000000E-1	7.728744E-5	-7.728744E-5	-4.595095E-10	2.838389E+2
-3.500000E-1	5.699376E-5	-5.699376E-5	-3.388542E-10	2.841084E+2
-3.000000E-1	4.297776E-5	-4.297776E-5	-2.555226E-10	2.843770E+2
-2.500000E-1	3.464424E-5	-3.464424E-5	-2.059760E-10	2.846455E+2
-2.000000E-1	2.537207E-5	-2.537207E-5	-1.508487E-10	2.849141E+2
-1.500000E-1	1.207349E-5	-1.207349E-5	-7.178248E-11	2.858887E+2
-1.000000E-1	7.351962E-6	-7.351962E-6	-4.371081E-11	2.864922E+2
-5.000000E-2	3.417131E-6	-3.417131E-6	-2.031642E-11	2.870957E+2
0.000000E+0	5.858563E-8	-5.858563E-8	-3.483186E-13	2.876992E+2
0.000000E+0	2.242215E-8	-2.242215E-8	-1.333100E-13	2.883027E+2
5.000000E-2	3.757118E-6	3.757118E-6	2.233780E-11	2.889063E+2
1.000000E-1	9.369827E-6	9.369827E-6	5.570795E-11	2.895088E+2
1.500000E-1	1.277457E-5	1.277457E-5	7.595070E-11	2.901123E+2
2.000000E-1	1.642428E-5	1.642428E-5	9.764991E-11	2.907158E+2
2.500000E-1	1.694064E-5	1.694064E-5	1.007199E-10	2.913193E+2
3.000000E-1	1.743150E-5	1.743150E-5	1.036383E-10	2.919219E+2
3.500000E-1	7.696072E-5	7.696072E-5	4.575670E-10	2.927383E+2
4.000000E-1	1.119413E-4	1.119413E-4	6.655426E-10	2.930068E+2
4.500000E-1	1.272607E-4	1.272607E-4	7.566237E-10	2.932754E+2
5.000000E-1	1.466427E-4	1.466427E-4	8.718585E-10	2.935439E+2
5.000000E-1	1.728700E-4	1.728700E-4	1.027792E-9	2.943594E+2
4.500000E-1	1.423990E-4	1.423990E-4	8.466277E-10	2.949004E+2
4.000000E-1	1.230410E-4	1.230410E-4	7.315353E-10	2.951689E+2
3.500000E-1	1.253519E-4	1.253519E-4	7.452747E-10	2.954375E+2
3.000000E-1	8.767541E-5	8.767541E-5	5.212708E-10	2.957061E+2
2.500000E-1	8.484232E-5	8.484232E-5	5.044268E-10	2.959746E+2
2.000000E-1	4.134246E-5	4.134246E-5	2.458000E-10	2.962432E+2
1.500000E-1	2.495872E-5	2.495872E-5	1.483911E-10	2.965117E+2
1.000000E-1	9.392960E-6	9.392960E-6	5.584548E-11	2.974873E+2
5.000000E-2	4.377182E-6	4.377182E-6	2.602437E-11	2.980908E+2
0.000000E+0	7.195349E-8	7.195349E-8	4.277967E-13	2.986934E+2
-5.000000E-2	4.534423E-6	-4.534423E-6	-2.695924E-11	2.992979E+2
-1.000000E-1	9.343932E-6	-9.343932E-6	-5.555399E-11	2.999004E+2
-1.500000E-1	2.663110E-5	-2.663110E-5	-1.583342E-10	3.008838E+2
-2.000000E-1	4.078812E-5	-4.078812E-5	-2.425042E-10	3.011523E+2
-2.500000E-1	5.855609E-5	-5.855609E-5	-3.481430E-10	3.014209E+2
-3.000000E-1	8.478800E-5	-8.478800E-5	-5.041038E-10	3.016895E+2
-3.500000E-1	1.328355E-4	-1.328355E-4	-7.897683E-10	3.019580E+2
-4.000000E-1	1.103309E-4	-1.103309E-4	-6.559682E-10	3.022266E+2
-4.500000E-1	1.594968E-4	-1.594968E-4	-9.482821E-10	3.024951E+2
-5.000000E-1	1.662881E-4	-1.662881E-4	-9.886594E-10	3.027637E+2
-5.000000E-1	1.730671E-4	-1.730671E-4	-1.028964E-9	3.030322E+2
-4.500000E-1	1.483845E-4	-1.483845E-4	-8.822141E-10	3.033008E+2
-4.000000E-1	1.352854E-4	-1.352854E-4	-8.043344E-10	3.035693E+2
-3.500000E-1	1.366528E-4	-1.366528E-4	-8.124639E-10	3.038379E+2
-3.000000E-1	8.003381E-5	-8.003381E-5	-4.758379E-10	3.041064E+2
-2.500000E-1	5.444824E-5	-5.444824E-5	-3.237199E-10	3.043750E+2
-2.000000E-1	5.891881E-5	-5.891881E-5	-3.502995E-10	3.046436E+2
-1.500000E-1	3.058743E-5	-3.058743E-5	-1.818564E-10	3.049121E+2
-1.000000E-1	2.002711E-5	-2.002711E-5	-1.190704E-10	3.051816E+2
-5.000000E-2	7.287021E-6	-7.287021E-6	-4.332470E-11	3.061562E+2
0.000000E+0	6.756755E-8	6.756755E-8	4.017203E-13	3.067598E+2
0.000000E+0	3.182656E-8	3.182656E-8	1.892236E-13	3.073633E+2
5.000000E-2	6.354082E-6	6.354082E-6	3.777795E-11	3.079668E+2
1.000000E-1	1.611989E-5	1.611989E-5	9.584018E-11	3.085703E+2
1.500000E-1	1.254857E-5	1.254857E-5	7.460702E-11	3.091738E+2
2.000000E-1	1.667031E-5	1.667031E-5	9.911266E-11	3.097764E+2
2.500000E-1	5.279282E-5	5.279282E-5	3.138777E-10	3.105928E+2
3.000000E-1	7.161220E-5	7.161220E-5	4.257676E-10	3.108613E+2
3.500000E-1	8.789485E-5	8.789485E-5	5.225754E-10	3.111299E+2
4.000000E-1	9.842202E-5	9.842202E-5	5.851643E-10	3.113984E+2
4.500000E-1	1.090417E-4	1.090417E-4	6.483032E-10	3.116670E+2
5.000000E-1	1.372244E-4	1.372244E-4	8.158621E-10	3.119355E+2
5.000000E-1	1.479725E-4	1.479725E-4	8.797646E-10	3.122041E+2
4.500000E-1	1.491269E-4	1.491269E-4	8.866285E-10	3.124727E+2
4.000000E-1	8.742559E-5	8.742559E-5	5.197855E-10	3.127412E+2
3.500000E-1	6.828580E-5	6.828580E-5	4.059906E-10	3.130098E+2
3.000000E-1	5.364606E-5	5.364606E-5	3.189506E-10	3.132783E+2
2.500000E-1	4.246293E-5	4.246293E-5	2.524617E-10	3.135469E+2
2.000000E-1	3.204806E-5	3.204806E-5	1.905405E-10	3.138154E+2
1.500000E-1	1.190841E-5	1.190841E-5	7.080098E-11	3.147910E+2
1.000000E-1	7.164544E-6	7.164544E-6	4.259652E-11	3.153936E+2
5.000000E-2	3.088415E-6	3.088415E-6	1.836205E-11	3.159971E+2
0.000000E+0	7.846819E-8	7.846819E-8	4.665296E-13	3.166006E+2
-5.000000E-2	2.816627E-6	-2.816627E-6	-1.674615E-11	3.172041E+2
-1.000000E-1	6.301887E-6	-6.301887E-6	-3.746763E-11	3.178076E+2
-1.500000E-1	1.200644E-5	-1.200644E-5	-7.138383E-11	3.184111E+2
-2.000000E-1	1.645137E-5	-1.645137E-5	-9.781100E-11	3.190137E+2
-2.500000E-1	1.687734E-5	-1.687734E-5	-1.003436E-10	3.196172E+2
-3.000000E-1	1.721668E-5	-1.721668E-5	-1.023611E-10	3.202207E+2
-3.500000E-1	7.559849E-5	-7.559849E-5	-4.494679E-10	3.210361E+2
-4.000000E-1	7.590613E-5	-7.590613E-5	-4.512970E-10	3.213047E+2
-4.500000E-1	1.095664E-4	-1.095664E-4	-6.514227E-10	3.215732E+2
-5.000000E-1	1.320056E-4	-1.320056E-4	-7.848340E-10	3.218418E+2
-5.000000E-1	1.353861E-4	-1.353861E-4	-8.049326E-10	3.221104E+2
-4.500000E-1	1.059095E-4	-1.059095E-4	-6.296808E-10	3.223789E+2
-4.000000E-1	8.525137E-5	-8.525137E-5	-5.068587E-10	3.226484E+2
-3.500000E-1	6.450702E-5	-6.450702E-5	-3.835240E-10	3.229170E+2
-3.000000E-1	4.912401E-5	-4.912401E-5	-2.920649E-10	3.231855E+2
-2.500000E-1	3.771448E-5	-3.771448E-5	-2.242300E-10	3.234541E+2
-2.000000E-1	2.597951E-5	-2.597951E-5	-1.544602E-10	3.237227E+2
-1.500000E-1	1.700183E-5	-1.700183E-5	-1.010837E-10	3.239912E+2
-1.000000E-1	7.524900E-6	-7.524900E-6	-4.473900E-11	3.249658E+2
-5.000000E-2	3.357398E-6	-3.357398E-6	-1.996128E-11	3.255693E+2
0.000000E+0	7.070936E-8	-7.070936E-8	-4.203998E-13	3.261729E+2
0.000000E+0	4.867469E-8	-4.867469E-8	-2.893935E-13	3.267764E+2
5.000000E-2	3.430733E-6	3.430733E-6	2.039729E-11	3.273799E+2
1.000000E-1	8.061118E-6	8.061118E-6	4.792707E-11	3.279834E+2
1.500000E-1	1.393464E-5	1.393464E-5	8.284789E-11	3.285869E+2
2.000000E-1	2.569188E-5	2.569188E-5	1.527501E-10	3.294023E+2
2.500000E-1	3.875332E-5	3.875332E-5	2.304064E-10	3.296709E+2
3.000000E-1	5.932256E-5	5.932256E-5	3.527000E-10	3.299395E+2
3.500000E-1	7.180110E-5	7.180110E-5	4.268907E-10	3.302080E+2
4.000000E-1	1.103208E-4	1.103208E-4	6.559082E-10	3.304766E+2
4.500000E-1	1.290089E-4	1.290089E-4	7.670176E-10	3.307451E+2
5.000000E-1	1.299318E-4	1.299318E-4	7.725046E-10	3.310137E+2
5.000000E-1	1.520179E-4	1.520179E-4	9.038166E-10	3.312822E+2
4.500000E-1	1.251647E-4	1.251647E-4	7.441616E-10	3.315508E+2
4.000000E-1	1.001369E-4	1.001369E-4	5.953603E-10	3.318193E+2
3.500000E-1	8.249649E-5	8.249649E-5	4.904797E-10	3.320879E+2
3.000000E-1	8.128858E-5	8.128858E-5	4.832981E-10	3.323564E+2
2.500000E-1	5.481144E-5	5.481144E-5	3.258793E-10	3.326250E+2
2.000000E-1	3.764944E-5	3.764944E-5	2.238433E-10	3.328936E+2
1.500000E-1	2.377353E-5	2.377353E-5	1.413446E-10	3.331621E+2
1.000000E-1	9.951748E-6	9.951748E-6	5.916773E-11	3.341377E+2
5.000000E-2	3.954221E-6	3.954221E-6	2.350967E-11	3.347412E+2
0.000000E+0	2.252019E-8	2.252019E-8	1.338929E-13	3.353447E+2
-5.000000E-2	3.884031E-6	-3.884031E-6	-2.309236E-11	3.359482E+2
-1.000000E-1	7.879378E-6	-7.879378E-6	-4.684654E-11	3.365518E+2
-1.500000E-1	1.304864E-5	-1.304864E-5	-7.758018E-11	3.371543E+2
-2.000000E-1	1.647238E-5	-1.647238E-5	-9.793588E-11	3.377578E+2
-2.500000E-1	3.903172E-5	-3.903172E-5	-2.320616E-10	3.389082E+2
-3.000000E-1	5.670791E-5	-5.670791E-5	-3.371547E-10	3.391768E+2
-3.500000E-1	7.893835E-5	-7.893835E-5	-4.693249E-10	3.394453E+2
-4.000000E-1	9.529433E-5	-9.529433E-5	-5.665688E-10	3.397139E+2
-4.500000E-1	1.202846E-4	-1.202846E-4	-7.151473E-10	3.399824E+2
-5.000000E-1	1.491008E-4	-1.491008E-4	-8.864729E-10	3.402510E+2
-5.000000E-1	1.381774E-4	-1.381774E-4	-8.215286E-10	3.405195E+2
-4.500000E-1	1.147212E-4	-1.147212E-4	-6.820706E-10	3.407881E+2
-4.000000E-1	8.830159E-5	-8.830159E-5	-5.249937E-10	3.410566E+2
-3.500000E-1	7.389268E-5	-7.389268E-5	-4.393261E-10	3.413252E+2
-3.000000E-1	5.733973E-5	-5.733973E-5	-3.409112E-10	3.415938E+2
-2.500000E-1	4.017241E-5	-4.017241E-5	-2.388435E-10	3.418623E+2
-2.000000E-1	3.009452E-5	-3.009452E-5	-1.789258E-10	3.421309E+2
-1.500000E-1	2.018037E-5	-2.018037E-5	-1.199816E-10	3.424004E+2
-1.000000E-1	9.166311E-6	-9.166311E-6	-5.449795E-11	3.433750E+2
-5.000000E-2	4.141798E-6	-4.141798E-6	-2.462490E-11	3.439785E+2
0.000000E+0	1.148861E-7	-1.148861E-7	-6.830508E-13	3.445820E+2
0.000000E+0	1.960247E-8	-1.960247E-8	-1.165457E-13	3.451855E+2
5.000000E-2	4.153822E-6	4.153822E-6	2.469639E-11	3.457891E+2
1.000000E-1	1.021168E-5	1.021168E-5	6.071316E-11	3.463926E+2
1.500000E-1	2.198014E-5	2.198014E-5	1.306821E-10	3.472080E+2
2.000000E-1	3.444436E-5	3.444436E-5	2.047876E-10	3.474766E+2
2.500000E-1	5.548533E-5	5.548533E-5	3.298859E-10	3.477451E+2
3.000000E-1	7.111774E-5	7.111774E-5	4.228278E-10	3.480137E+2
3.500000E-1	1.106172E-4	1.106172E-4	6.576706E-10	3.482822E+2
4.000000E-1	1.387373E-4	1.387373E-4	8.248573E-10	3.485508E+2
4.500000E-1	1.647285E-4	1.647285E-4	9.793867E-10	3.488193E+2
5.000000E-1	1.684458E-4	1.684458E-4	1.001488E-9	3.490879E+2
5.000000E-1	2.753325E-4	2.753325E-4	1.636979E-9	3.499033E+2
4.500000E-1	2.201779E-4	2.201779E-4	1.309059E-9	3.501709E+2
4.000000E-1	1.502452E-4	1.502452E-4	8.932771E-10	3.507129E+2
3.500000E-1	1.108033E-4	1.108033E-4	6.587769E-10	3.509814E+2
3.000000E-1	6.729834E-5	6.729834E-5	4.001197E-10	3.512500E+2
2.500000E-1	4.929264E-5	4.929264E-5	2.930675E-10	3.515186E+2
2.000000E-1	3.923097E-5	3.923097E-5	2.332462E-10	3.517871E+2
1.500000E-1	2.204961E-5	2.204961E-5	1.310951E-10	3.520557E+2
1.000000E-1	9.964891E-6	9.964891E-6	5.924588E-11	3.530312E+2
5.000000E-2	3.688363E-6	3.688363E-6	2.192902E-11	3.536338E+2
0.000000E+0	2.578336E-8	2.578336E-8	1.532940E-13	3.542373E+2
-5.000000E-2	4.671358E-6	-4.671358E-6	-2.777338E-11	3.548408E+2
-1.000000E-1	1.141932E-5	-1.141932E-5	-6.789314E-11	3.554443E+2
-1.500000E-1	1.615729E-5	-1.615729E-5	-9.606255E-11	3.560479E+2
-2.000000E-1	1.650383E-5	-1.650383E-5	-9.812291E-11	3.566514E+2
-2.500000E-1	5.789345E-5	-5.789345E-5	-3.442033E-10	3.574668E+2
-3.000000E-1	7.728073E-5	-7.728073E-5	-4.594696E-10	3.577354E+2
-3.500000E-1	1.153083E-4	-1.153083E-4	-6.855609E-10	3.580039E+2
-4.000000E-1	1.318313E-4	-1.318313E-4	-7.837979E-10	3.582725E+2
-4.500000E-1	1.351525E-4	-1.351525E-4	-8.035439E-10	3.590879E+2
-5.000000E-1	1.579921E-4	-1.579921E-4	-9.393357E-10	3.596289E+2
-5.000000E-1	1.475799E-4	-1.475799E-4	-8.774304E-10	3.598975E+2
-4.500000E-1	1.448942E-4	-1.448942E-4	-8.614629E-10	3.601670E+2
-4.000000E-1	1.292065E-4	-1.292065E-4	-7.681922E-10	3.604355E+2
-3.500000E-1	1.025846E-4	-1.025846E-4	-6.099130E-10	3.607041E+2
-3.000000E-1	8.780047E-5	-8.780047E-5	-5.220143E-10	3.609727E+2
-2.500000E-1	6.189368E-5	-6.189368E-5	-3.679865E-10	3.612412E+2
-2.000000E-1	4.398638E-5	-4.398638E-5	-2.615193E-10	3.615098E+2
-1.500000E-1	2.730791E-5	-2.730791E-5	-1.623581E-10	3.617783E+2
-1.000000E-1	1.702697E-5	-1.702697E-5	-1.012332E-10	3.620469E+2
-5.000000E-2	5.746002E-6	-5.746002E-6	-3.416263E-11	3.630215E+2
0.000000E+0	8.806167E-8	8.806167E-8	5.235673E-13	3.636250E+2
