Date: September 07, 2011
Month: September
File Name: 2 5-24
Season: Fall
Time: 3:13 PM
Electrode: Au
Carbon Number: 16
Time of Day: Afternoon
Junction Diameter: 0.500000
Date: September 07, 2011
Month: September
File Name: 2 5-24
Season: Fall
Time: 3:13 PM
Electrode: Au
Carbon Number: 16
Time of Day: Afternoon
Junction Diameter: 0.500000
Log Abs Std Density: 2.5176602316416954
Mean Log Abs Current Density: -15.04660631411139
Skewness Log Abs Current Density: 0.06935476517746797
Kurtosis Log Abs Current Density: -0.2388598534825559
Voltage: [0.0, 0.05, 0.1, 0.15, 0.2, 0.25, 0.3, 0.35, 0.4, 0.45, 0.5, 0.5, 0.45, 0.4, 0.35, 0.3, 0.25, 0.2, 0.15, 0.1, 0.05, 0.0, -0.05, -0.1, -0.15, -0.2, -0.25, -0.3, -0.35, -0.4, -0.45, -0.5, -0.5, -0.45, -0.4, -0.35, -0.3, -0.25, -0.2, -0.15, -0.1, -0.05, 0.0, 0.0, 0.05, 0.1, 0.15, 0.2, 0.25, 0.3, 0.35, 0.4, 0.45, 0.5, 0.5, 0.45, 0.4, 0.35, 0.3, 0.25, 0.2, 0.15, 0.1, 0.05, 0.0, -0.05, -0.1, -0.15, -0.2, -0.25, -0.3, -0.35, -0.4, -0.45, -0.5, -0.5, -0.45, -0.4, -0.35, -0.3, -0.25, -0.2, -0.15, -0.1, -0.05, 0.0, 0.0, 0.05, 0.1, 0.15, 0.2, 0.25, 0.3, 0.35, 0.4, 0.45, 0.5, 0.5, 0.45, 0.4, 0.35, 0.3, 0.25, 0.2, 0.15, 0.1, 0.05, 0.0, -0.05, -0.1, -0.15, -0.2, -0.25, -0.3, -0.35, -0.4, -0.45, -0.5, -0.5, -0.45, -0.4, -0.35, -0.3, -0.25, -0.2, -0.15, -0.1, -0.05, 0.0, 0.0, 0.05, 0.1, 0.15, 0.2, 0.25, 0.3, 0.35, 0.4, 0.45, 0.5, 0.5, 0.45, 0.4, 0.35, 0.3, 0.25, 0.2, 0.15, 0.1, 0.05, 0.0, -0.05, -0.1, -0.15, -0.2, -0.25, -0.3, -0.35, -0.4, -0.45, -0.5, -0.5, -0.45, -0.4, -0.35, -0.3, -0.25, -0.2, -0.15, -0.1, -0.05, 0.0, 0.0, 0.05, 0.1, 0.15, 0.2, 0.25, 0.3, 0.35, 0.4, 0.45, 0.5, 0.5, 0.45, 0.4, 0.35, 0.3, 0.25, 0.2, 0.15, 0.1, 0.05, 0.0, -0.05, -0.1, -0.15, -0.2, -0.25, -0.3, -0.35, -0.4, -0.45, -0.5, -0.5, -0.45, -0.4, -0.35, -0.3, -0.25, -0.2, -0.15, -0.1, -0.05, 0.0, 0.0, 0.05, 0.1, 0.15, 0.2, 0.25, 0.3, 0.35, 0.4, 0.45, 0.5, 0.5, 0.45, 0.4, 0.35, 0.3, 0.25, 0.2, 0.15, 0.1, 0.05, 0.0, -0.05, -0.1, -0.15, -0.2, -0.25, -0.3, -0.35, -0.4, -0.45, -0.5, -0.5, -0.45, -0.4, -0.35, -0.3, -0.25, -0.2, -0.15, -0.1, -0.05, 0.0, 0.0, 0.05, 0.1, 0.15, 0.2, 0.25, 0.3, 0.35, 0.4, 0.45, 0.5, 0.5, 0.45, 0.4, 0.35, 0.3, 0.25, 0.2, 0.15, 0.1, 0.05, 0.0, -0.05, -0.1, -0.15, -0.2, -0.25, -0.3, -0.35, -0.4, -0.45, -0.5, -0.5, -0.45, -0.4, -0.35, -0.3, -0.25, -0.2, -0.15, -0.1, -0.05, 0.0, 0.0, 0.05, 0.1, 0.15, 0.2, 0.25, 0.3, 0.35, 0.4, 0.45, 0.5, 0.5, 0.45, 0.4, 0.35, 0.3, 0.25, 0.2, 0.15, 0.1, 0.05, 0.0, -0.05, -0.1, -0.15, -0.2, -0.25, -0.3, -0.35, -0.4, -0.45, -0.5, -0.5, -0.45, -0.4, -0.35, -0.3, -0.25, -0.2, -0.15, -0.1, -0.05, 0.0, 0.0, 0.05, 0.1, 0.15, 0.2, 0.25, 0.3, 0.35, 0.4, 0.45, 0.5, 0.5, 0.45, 0.4, 0.35, 0.3, 0.25, 0.2, 0.15, 0.1, 0.05, 0.0, -0.05, -0.1, -0.15, -0.2, -0.25, -0.3, -0.35, -0.4, -0.45, -0.5, -0.5, -0.45, -0.4, -0.35, -0.3, -0.25, -0.2, -0.15, -0.1, -0.05, 0.0, 0.0, 0.05, 0.1, 0.15, 0.2, 0.25, 0.3, 0.35, 0.4, 0.45, 0.5, 0.5, 0.45, 0.4, 0.35, 0.3, 0.25, 0.2, 0.15, 0.1, 0.05, 0.0, -0.05, -0.1, -0.15, -0.2, -0.25, -0.3, -0.35, -0.4, -0.45, -0.5, -0.5, -0.45, -0.4, -0.35, -0.3, -0.25, -0.2, -0.15, -0.1, -0.05, 0.0, 0.0, 0.05, 0.1, 0.15, 0.2, 0.25, 0.3, 0.35, 0.4, 0.45, 0.5, 0.5, 0.45, 0.4, 0.35, 0.3, 0.25, 0.2, 0.15, 0.1, 0.05, 0.0, -0.05, -0.1, -0.15, -0.2, -0.25, -0.3, -0.35, -0.4, -0.45, -0.5, -0.5, -0.45, -0.4, -0.35, -0.3, -0.25, -0.2, -0.15, -0.1, -0.05, 0.0, 0.0, 0.05, 0.1, 0.15, 0.2, 0.25, 0.3, 0.35, 0.4, 0.45, 0.5, 0.5, 0.45, 0.4, 0.35, 0.3, 0.25, 0.2, 0.15, 0.1, 0.05, 0.0, -0.05, -0.1, -0.15, -0.2, -0.25, -0.3, -0.35, -0.4, -0.45, -0.5, -0.5, -0.45, -0.4, -0.35, -0.3, -0.25, -0.2, -0.15, -0.1, -0.05, 0.0, 0.0, 0.05, 0.1, 0.15, 0.2, 0.25, 0.3, 0.35, 0.4, 0.45, 0.5, 0.5, 0.45, 0.4, 0.35, 0.3, 0.25, 0.2, 0.15, 0.1, 0.05, 0.0, -0.05, -0.1, -0.15, -0.2, -0.25, -0.3, -0.35, -0.4, -0.45, -0.5, -0.5, -0.45, -0.4, -0.35, -0.3, -0.25, -0.2, -0.15, -0.1, -0.05, 0.0, 0.0, 0.05, 0.1, 0.15, 0.2, 0.25, 0.3, 0.35, 0.4, 0.45, 0.5, 0.5, 0.45, 0.4, 0.35, 0.3, 0.25, 0.2, 0.15, 0.1, 0.05, 0.0, -0.05, -0.1, -0.15, -0.2, -0.25, -0.3, -0.35, -0.4, -0.45, -0.5, -0.5, -0.45, -0.4, -0.35, -0.3, -0.25, -0.2, -0.15, -0.1, -0.05, 0.0, 0.0, 0.05, 0.1, 0.15, 0.2, 0.25, 0.3, 0.35, 0.4, 0.45, 0.5, 0.5, 0.45, 0.4, 0.35, 0.3, 0.25, 0.2, 0.15, 0.1, 0.05, 0.0, -0.05, -0.1, -0.15, -0.2, -0.25, -0.3, -0.35, -0.4, -0.45, -0.5, -0.5, -0.45, -0.4, -0.35, -0.3, -0.25, -0.2, -0.15, -0.1, -0.05, 0.0, 0.0, 0.05, 0.1, 0.15, 0.2, 0.25, 0.3, 0.35, 0.4, 0.45, 0.5, 0.5, 0.45, 0.4, 0.35, 0.3, 0.25, 0.2, 0.15, 0.1, 0.05, 0.0, -0.05, -0.1, -0.15, -0.2, -0.25, -0.3, -0.35, -0.4, -0.45, -0.5, -0.5, -0.45, -0.4, -0.35, -0.3, -0.25, -0.2, -0.15, -0.1, -0.05, 0.0, 0.0, 0.05, 0.1, 0.15, 0.2, 0.25, 0.3, 0.35, 0.4, 0.45, 0.5, 0.5, 0.45, 0.4, 0.35, 0.3, 0.25, 0.2, 0.15, 0.1, 0.05, 0.0, -0.05, -0.1, -0.15, -0.2, -0.25, -0.3, -0.35, -0.4, -0.45, -0.5, -0.5, -0.45, -0.4, -0.35, -0.3, -0.25, -0.2, -0.15, -0.1, -0.05, 0.0, 0.0, 0.05, 0.1, 0.15, 0.2, 0.25, 0.3, 0.35, 0.4, 0.45, 0.5, 0.5, 0.45, 0.4, 0.35, 0.3, 0.25, 0.2, 0.15, 0.1, 0.05, 0.0, -0.05, -0.1, -0.15, -0.2, -0.25, -0.3, -0.35, -0.4, -0.45, -0.5, -0.5, -0.45, -0.4, -0.35, -0.3, -0.25, -0.2, -0.15, -0.1, -0.05, 0.0, 0.0, 0.05, 0.1, 0.15, 0.2, 0.25, 0.3, 0.35, 0.4, 0.45, 0.5, 0.5, 0.45, 0.4, 0.35, 0.3, 0.25, 0.2, 0.15, 0.1, 0.05, 0.0, -0.05, -0.1, -0.15, -0.2, -0.25, -0.3, -0.35, -0.4, -0.45, -0.5, -0.5, -0.45, -0.4, -0.35, -0.3, -0.25, -0.2, -0.15, -0.1, -0.05, 0.0, 0.0, 0.05, 0.1, 0.15, 0.2, 0.25, 0.3, 0.35, 0.4, 0.45, 0.5, 0.5, 0.45, 0.4, 0.35, 0.3, 0.25, 0.2, 0.15, 0.1, 0.05, 0.0, -0.05, -0.1, -0.15, -0.2, -0.25, -0.3, -0.35, -0.4, -0.45, -0.5, -0.5, -0.45, -0.4, -0.35, -0.3, -0.25, -0.2, -0.15, -0.1, -0.05, 0.0]
Abs Current Density: [4.962657e-09, 9.770847e-08, 1.963163e-07, 4.640996e-07, 9.951173e-07, 1.37003e-06, 2.438704e-06, 2.126082e-06, 2.891071e-06, 2.966653e-06, 3.066671e-06, 6.585995e-06, 6.358626e-06, 1.766185e-06, 1.197027e-06, 1.781667e-06, 5.212299e-07, 4.014583e-07, 2.825353e-07, 1.678788e-07, 1.079281e-07, 1.374964e-08, 8.678525e-08, 3.515644e-07, 2.592548e-07, 5.521083e-07, 1.178876e-06, 7.754966e-07, 3.360355e-07, 1.897644e-06, 7.856206e-07, 2.900212e-07, 7.138638e-07, 9.41414e-07, 3.311266e-07, 6.380406e-07, 6.04016e-07, 2.65441e-07, 5.057518e-08, 1.250075e-08, 9.317755e-08, 4.668364e-09, 4.368244e-08, 1.763222e-08, 3.572979e-07, 1.132627e-07, 1.72964e-07, 1.473841e-06, 1.327769e-06, 1.521509e-06, 6.351648e-06, 6.185403e-06, 6.838965e-07, 3.291334e-05, 9.594378e-06, 9.175819e-06, 1.514369e-05, 7.364289e-06, 4.329325e-06, 3.080232e-06, 3.391245e-06, 2.132586e-06, 1.516655e-06, 9.88492e-07, 3.701526e-08, 3.113985e-07, 3.381808e-07, 9.409329e-08, 2.304274e-07, 4.566317e-07, 1.196981e-06, 1.256595e-06, 3.006211e-06, 7.052441e-07, 1.020787e-06, 1.789994e-06, 4.436723e-07, 3.425622e-07, 2.098795e-06, 9.70927e-07, 5.380599e-07, 8.20171e-07, 1.185987e-06, 9.457014e-07, 1.326472e-07, 1.598896e-08, 9.792359e-09, 3.219303e-08, 8.112854e-07, 9.825553e-07, 9.285397e-07, 6.43287e-07, 1.921603e-07, 6.62325e-07, 2.245687e-06, 1.97304e-06, 2.096474e-06, 1.252975e-06, 1.294041e-06, 3.394087e-07, 8.878182e-07, 4.020798e-07, 3.708861e-07, 1.18565e-06, 3.22628e-07, 5.825669e-08, 2.297178e-07, 1.68091e-08, 1.885526e-07, 6.660596e-08, 2.142174e-07, 2.028833e-08, 7.915095e-07, 1.018419e-06, 4.06285e-07, 7.643448e-07, 5.493386e-07, 1.132509e-06, 1.422948e-06, 1.958378e-06, 1.945744e-07, 3.396163e-07, 2.718541e-07, 2.8787e-08, 4.349794e-07, 5.205651e-07, 5.279359e-09, 9.366605e-09, 1.589933e-08, 1.231402e-08, 2.18569e-08, 2.196297e-08, 2.787723e-08, 3.391995e-08, 3.729014e-08, 4.132659e-08, 5.78399e-08, 4.508518e-08, 7.255608e-08, 7.719756e-08, 5.014794e-08, 4.552588e-08, 4.540189e-08, 2.325667e-08, 2.312969e-08, 2.610548e-08, 9.922327e-09, 8.126688e-09, 6.313121e-09, 9.082768e-10, 9.023013e-10, 2.248284e-09, 1.299673e-10, 2.207949e-09, 2.334928e-08, 8.320891e-09, 2.184346e-08, 3.279955e-08, 2.171798e-08, 3.968184e-08, 6.566632e-08, 4.106964e-08, 2.687036e-08, 4.534661e-08, 2.109652e-08, 7.443986e-09, 1.191515e-08, 1.765762e-09, 7.37228e-09, 8.489699e-09, 1.535406e-08, 1.801317e-08, 1.494624e-08, 2.115179e-08, 2.591875e-08, 3.263971e-08, 3.267854e-08, 3.497612e-08, 4.529881e-08, 5.757997e-08, 5.931137e-08, 7.763675e-08, 7.629076e-08, 7.082318e-08, 6.268603e-08, 7.645659e-08, 1.93696e-08, 7.129375e-08, 2.46878e-08, 1.643115e-08, 2.933974e-09, 8.541985e-09, 5.004486e-09, 2.561998e-09, 7.529137e-10, 6.528239e-10, 7.319994e-09, 1.30998e-08, 1.332388e-08, 4.46938e-08, 5.523608e-08, 3.000451e-08, 5.279061e-08, 7.301321e-08, 5.352558e-08, 4.248435e-08, 1.830148e-08, 3.261879e-08, 1.345236e-08, 1.93457e-08, 6.124893e-10, 9.05289e-10, 7.917545e-10, 2.239022e-08, 2.377504e-08, 5.69615e-09, 2.160742e-08, 3.17628e-08, 4.227969e-08, 3.637141e-08, 5.757251e-08, 8.157611e-08, 6.806698e-08, 8.777569e-08, 1.18923e-07, 6.96983e-08, 7.073056e-08, 6.799228e-08, 3.662536e-08, 4.006725e-08, 2.440994e-08, 2.04168e-08, 1.876458e-08, 1.319242e-08, 1.240814e-08, 5.460118e-09, 2.082464e-09, 6.453545e-10, 7.801022e-09, 2.57858e-08, 2.170304e-08, 3.954589e-08, 6.960567e-08, 6.169112e-08, 6.543028e-08, 1.296595e-07, 6.286232e-09, 2.069019e-09, 2.110249e-08, 2.699734e-08, 5.72328e-07, 2.330925e-07, 9.496572e-08, 1.390948e-07, 1.68823e-08, 3.782495e-09, 6.998811e-09, 3.11025e-08, 1.762475e-08, 2.885273e-08, 4.01778e-08, 3.959967e-08, 6.282945e-08, 8.655669e-08, 6.207056e-08, 9.115036e-08, 1.287542e-07, 9.087548e-08, 8.079779e-08, 8.250679e-08, 5.519874e-08, 4.592475e-08, 6.377507e-08, 2.873172e-08, 2.342697e-08, 2.689276e-08, 1.065164e-07, 5.189919e-06, 1.568665e-06, 1.959981e-07, 7.160298e-08, 2.323934e-07, 3.388477e-06, 4.432471e-06, 9.460793e-07, 1.190786e-06, 1.858199e-06, 2.244521e-06, 2.550207e-06, 3.037557e-06, 3.516248e-06, 2.8046e-06, 2.26995e-06, 2.158021e-06, 1.099736e-06, 9.729527e-07, 8.611017e-07, 3.637873e-07, 1.712655e-07, 1.104766e-07, 4.971456e-07, 5.216915e-07, 2.893489e-08, 1.466374e-07, 5.453709e-07, 1.675228e-06, 6.528628e-07, 1.633943e-06, 2.400922e-06, 2.663366e-06, 3.682519e-06, 8.422676e-06, 3.016197e-05, 2.833872e-05, 2.239987e-05, 2.392989e-05, 2.634524e-05, 2.675336e-05, 2.488105e-05, 1.326556e-05, 1.335866e-05, 6.585697e-06, 3.438858e-07, 2.159612e-06, 2.546832e-06, 2.386736e-05, 2.833545e-05, 1.280539e-05, 2.053232e-05, 1.209411e-05, 4.048257e-05, 2.227592e-05, 3.731254e-05, 3.296901e-05, 2.574364e-05, 3.32512e-05, 5.108119e-05, 3.286716e-05, 4.243075e-05, 4.360304e-05, 6.27917e-06, 3.763303e-06, 4.622527e-06, 1.564238e-07, 7.16245e-07, 5.669769e-06, 5.960146e-06, 2.34624e-05, 3.47623e-05, 5.336151e-05, 4.74658e-05, 5.835788e-05, 6.608086e-05, 8.289132e-05, 2.143067e-05, 4.759456e-05, 4.699721e-05, 4.871607e-05, 3.202178e-05, 2.501405e-05, 5.462089e-06, 1.388138e-06, 8.048274e-07, 3.907891e-07, 1.313566e-06, 1.338961e-08, 2.323127e-08, 2.032269e-08, 2.555126e-08, 2.702572e-08, 5.204367e-08, 9.494928e-08, 1.009367e-07, 1.694355e-07, 2.053094e-07, 1.554528e-07, 2.619631e-07, 1.442337e-07, 1.05263e-07, 1.23554e-07, 3.984915e-08, 3.046163e-08, 1.300419e-08, 1.239917e-09, 5.881391e-09, 1.097103e-08, 1.55139e-08, 1.319391e-08, 1.972664e-08, 3.361072e-08, 3.087394e-08, 5.733797e-08, 7.037502e-08, 9.639983e-08, 2.104617e-07, 6.143118e-07, 5.41693e-07, 3.392058e-06, 5.616289e-06, 3.27831e-06, 1.797762e-06, 1.489956e-06, 1.086101e-06, 1.030479e-06, 1.293276e-06, 5.975759e-07, 1.177683e-07, 1.775188e-07, 1.699479e-07, 2.76143e-08, 1.716464e-08, 4.257996e-08, 3.424562e-08, 8.996571e-08, 8.14297e-08, 8.517037e-08, 1.221901e-07, 1.55644e-07, 4.033362e-07, 1.846282e-07, 1.939843e-07, 1.242964e-07, 9.688237e-08, 1.586198e-08, 4.188083e-08, 9.172401e-09, 9.545869e-09, 3.223785e-09, 9.147004e-09, 2.038244e-08, 1.604423e-08, 2.579028e-08, 2.832539e-08, 4.628477e-08, 5.775326e-08, 8.389908e-08, 1.564059e-07, 4.540996e-07, 6.849632e-07, 1.864843e-06, 4.227283e-06, 2.795432e-06, 4.192605e-06, 4.010398e-06, 3.137076e-06, 3.137771e-06, 8.592896e-07, 1.429834e-06, 6.692058e-07, 2.0284e-07, 1.177787e-07, 2.041382e-08, 6.020321e-10, 3.895282e-08, 3.22513e-08, 4.562149e-08, 5.424563e-08, 1.004946e-07, 1.084464e-07, 1.354706e-07, 2.860773e-07, 2.63832e-07, 1.923455e-07, 9.087847e-08, 1.217912e-07, 6.981885e-07, 1.913924e-07, 8.062002e-08, 8.721251e-09, 1.92964e-08, 8.031079e-09, 1.425008e-08, 2.022858e-08, 1.630267e-08, 2.348523e-08, 3.983571e-08, 6.566782e-08, 1.387393e-07, 2.993952e-07, 5.86082e-07, 8.054503e-07, 1.970858e-06, 2.272878e-06, 1.335771e-05, 1.313061e-05, 3.850946e-06, 4.360661e-06, 2.905946e-06, 2.21588e-06, 1.730004e-06, 6.033781e-07, 3.586304e-07, 3.876863e-07, 1.096565e-07, 1.845833e-08, 1.019586e-07, 3.801467e-08, 7.217365e-08, 3.416584e-07, 1.236267e-06, 8.194659e-07, 2.863806e-07, 9.846288e-08, 4.808414e-07, 3.247508e-07, 1.684839e-07, 2.961146e-07, 2.890608e-06, 1.420243e-07, 1.379296e-08, 6.910874e-05, 1.618611e-05, 1.148884e-05, 4.480106e-06, 2.813115e-06, 4.26905e-08, 9.512556e-08, 2.250896e-06, 5.224131e-06, 5.109057e-09, 1.836945e-07, 1.362206e-07, 3.744072e-07, 3.280135e-07, 3.763761e-07, 3.004035e-07, 3.656277e-07, 4.036692e-07, 4.843371e-07, 3.276384e-07, 1.734898e-07, 1.741412e-07, 5.506683e-07, 1.776099e-07, 2.512939e-07, 4.190233e-06, 1.746882e-06, 2.475786e-07, 1.714791e-07, 1.610666e-06, 1.294253e-06, 6.184543e-07, 4.634005e-08, 1.230879e-07, 9.027988e-07, 2.753811e-08, 7.316154e-07, 1.152643e-06, 5.032047e-07, 5.098062e-07, 2.181598e-07, 7.534007e-07, 1.741471e-07, 5.196554e-07, 5.524026e-07, 1.663834e-07, 1.072304e-08, 1.415e-08, 2.208248e-08, 1.886019e-08, 2.696596e-08, 3.873023e-08, 5.314614e-08, 6.992387e-08, 1.072932e-07, 1.217345e-07, 1.688634e-07, 1.974083e-07, 4.064204e-06, 1.905437e-05, 7.578648e-06, 9.615699e-06, 7.923893e-07, 6.817198e-06, 8.014049e-07, 1.181559e-06, 6.783841e-07, 1.852138e-07, 9.24321e-08, 6.238577e-08, 2.328655e-08, 1.14431e-09, 2.303707e-08, 3.192264e-08, 6.923818e-08, 2.019556e-07, 1.315731e-07, 3.490637e-07, 7.451082e-07, 4.211117e-07, 4.455875e-07, 1.566625e-06, 5.209893e-07, 9.158328e-07, 2.373649e-07, 1.33091e-06, 1.889833e-06, 7.250081e-08, 1.512221e-07, 9.717218e-08, 1.845983e-08, 1.736332e-08, 1.494624e-08, 5.257697e-08, 1.031372e-07, 1.569212e-07, 2.519721e-07, 5.070366e-07, 6.649303e-07, 6.374027e-07, 1.021885e-06, 1.996344e-06, 0.0002346664, 0.0003069789, 0.0001748887, 0.0001041066, 3.413758e-05, 2.28067e-05, 1.156583e-05, 3.393701e-06, 2.223192e-06, 6.692656e-07, 2.779775e-07, 2.561699e-08, 3.386184e-07, 6.632408e-07, 9.452174e-07, 1.51178e-06, 2.902582e-06, 3.322454e-06, 5.702973e-06, 4.976359e-06, 7.959974e-06, 1.079474e-05, 1.091697e-05, 1.812275e-05, 1.915943e-05, 1.719589e-05, 1.482314e-05, 7.206923e-06, 7.040319e-06, 5.465186e-06, 2.778432e-06, 1.30779e-06, 3.159847e-08, 2.95175e-08, 1.263739e-06, 3.403371e-06, 4.43664e-06, 8.154799e-06, 1.695086e-05, 2.665609e-05, 2.661596e-05, 3.077677e-05, 5.978886e-05, 2.373064e-05, 3.693721e-05, 5.515754e-05, 2.090695e-05, 1.5527e-05, 1.089578e-05, 4.243591e-06, 1.931596e-06, 1.888999e-06, 1.679541e-06, 8.998379e-07, 2.541084e-08, 8.250231e-07, 8.935532e-07, 1.578918e-06, 3.225906e-06, 4.720052e-06, 5.866248e-06, 7.745286e-06, 8.454989e-06, 9.455954e-06, 1.023718e-05, 2.058908e-05, 1.71215e-05, 1.639502e-05, 5.548914e-06, 3.230383e-06, 2.828724e-06, 1.367565e-06, 4.668812e-07, 4.080941e-07, 1.799718e-07, 8.943838e-09, 8.645062e-09, 1.30738e-07, 4.171575e-07, 7.480168e-07, 1.224688e-06, 2.076629e-06, 2.967515e-06, 5.750952e-06, 5.953765e-06, 1.28114e-05, 1.319326e-05, 1.535026e-05, 1.108742e-05, 6.18921e-06, 4.430213e-06, 4.620885e-06, 4.117959e-06, 4.007931e-06, 1.854516e-06, 1.097778e-06, 6.678165e-07, 1.426055e-08, 7.187203e-07, 1.911554e-06, 3.144819e-06, 4.26545e-06, 6.037082e-06, 6.225956e-06, 6.86122e-06, 1.034875e-05, 1.045784e-05, 1.103229e-05, 5.383389e-05, 5.705263e-05, 3.270089e-05, 2.756587e-05, 1.885012e-05, 1.568704e-05, 4.075758e-06, 2.951907e-06, 2.039835e-06, 9.992434e-07, 2.976997e-08, 3.524651e-08, 1.03094e-06, 2.380829e-06, 3.964461e-06, 6.333191e-06, 1.322499e-07, 9.58725e-08, 1.099956e-07, 1.325247e-07, 1.500688e-07, 1.698627e-07, 1.601779e-07, 1.37332e-07, 9.888565e-08, 7.570816e-08, 5.844642e-08, 3.303408e-08, 2.306993e-08, 1.394533e-08, 6.201081e-09, 2.294594e-09, 2.838365e-11, 7.182557e-09, 1.460563e-08, 2.236034e-08, 3.086049e-08, 4.466541e-08, 6.394837e-08, 8.327912e-08, 1.148433e-07, 1.383792e-07, 1.714671e-07, 1.742248e-07, 1.285735e-07, 9.478496e-08, 7.432931e-08, 5.118917e-08, 3.196447e-08, 1.579924e-08, 2.953394e-09, 5.11802e-09, 8.011659e-09, 1.559159e-08, 1.252764e-08, 2.790859e-08, 3.903947e-08, 6.638487e-08, 1.117345e-07, 1.731358e-07, 2.178131e-07, 3.066196e-07, 4.109803e-07, 4.859878e-07, 6.996629e-07, 9.349141e-07, 7.502666e-07, 5.894492e-07, 4.798704e-07, 3.812522e-07, 2.349613e-07, 1.779909e-07, 1.163102e-07, 6.829404e-08, 2.967436e-08, 2.016733e-09, 2.345237e-08, 6.334633e-08, 1.12713e-07, 1.629431e-07, 3.015599e-07, 4.220155e-07, 5.126774e-07, 6.75852e-07, 7.456938e-07, 9.188475e-07, 9.185666e-07, 6.920412e-07, 5.236843e-07, 4.241204e-07, 3.165957e-07, 2.141172e-07, 1.151958e-07, 6.24515e-08, 3.240068e-08, 5.746942e-09, 1.236033e-08, 9.563796e-09, 4.024055e-08, 7.788772e-08, 1.26488e-07, 1.950555e-07, 2.664358e-07, 3.356128e-07, 5.226387e-07, 7.67718e-07, 8.067126e-07, 1.027015e-06, 9.835951e-07, 8.161554e-07, 7.566035e-07, 5.60129e-07, 3.420379e-07, 3.112387e-07, 2.162923e-07, 1.419571e-07, 8.448318e-08, 3.919483e-08, 7.762182e-09, 2.652527e-08, 6.546614e-08, 1.104319e-07, 1.65015e-07, 2.357904e-07, 3.640562e-07, 4.534602e-07, 6.061941e-07, 7.357401e-07, 8.832872e-07, 7.88919e-07, 6.956355e-07, 5.639249e-07, 4.255711e-07, 3.173516e-07, 1.634779e-07, 1.006305e-07, 4.969977e-08, 2.018227e-08, 2.77861e-10, 1.354348e-08]
