voltage_6_2_21_500mV_500ms	absJ_6_2_21_500mV_500ms	J_6_2_21_500mV_500ms	current_6_2_21_500mV_500ms	time_6_2_21_500mV_500ms	
0.000000E+0	3.245907E-6	3.245907E-6	1.258928E-11	0.000000E+0
5.000000E-2	2.907076E-3	2.907076E-3	1.127512E-8	7.412109E-1
1.000000E-1	6.995994E-3	6.995994E-3	2.713403E-8	1.109375E+0
1.500000E-1	1.292343E-2	1.292343E-2	5.012363E-8	1.477539E+0
2.000000E-1	2.223021E-2	2.223021E-2	8.622006E-8	1.844727E+0
2.500000E-1	4.012129E-2	4.012129E-2	1.556108E-7	2.964844E+0
3.000000E-1	5.912949E-2	5.912949E-2	2.293343E-7	3.333008E+0
3.500000E-1	8.529472E-2	8.529472E-2	3.308164E-7	3.701172E+0
4.000000E-1	1.197183E-1	1.197183E-1	4.643285E-7	4.068359E+0
4.500000E-1	1.626124E-1	1.626124E-1	6.306939E-7	4.436523E+0
5.000000E-1	2.197229E-1	2.197229E-1	8.521972E-7	4.804688E+0
5.000000E-1	2.317438E-1	2.317438E-1	8.988206E-7	5.171875E+0
4.500000E-1	1.902290E-1	1.902290E-1	7.378049E-7	5.540039E+0
4.000000E-1	1.432318E-1	1.432318E-1	5.555260E-7	5.908203E+0
3.500000E-1	1.048898E-1	1.048898E-1	4.068160E-7	6.275391E+0
3.000000E-1	7.235527E-2	7.235527E-2	2.806306E-7	6.643555E+0
2.500000E-1	4.830299E-2	4.830299E-2	1.873436E-7	7.011719E+0
2.000000E-1	3.011159E-2	3.011159E-2	1.167881E-7	7.378906E+0
1.500000E-1	1.723459E-2	1.723459E-2	6.684451E-8	8.120117E+0
1.000000E-1	8.751846E-3	8.751846E-3	3.394412E-8	8.488281E+0
5.000000E-2	3.550132E-3	3.550132E-3	1.376922E-8	8.855469E+0
0.000000E+0	3.157842E-6	3.157842E-6	1.224772E-11	1.003027E+1
-5.000000E-2	3.058959E-3	-3.058959E-3	-1.186420E-8	1.077246E+1
-1.000000E-1	7.178353E-3	-7.178353E-3	-2.784131E-8	1.114062E+1
-1.500000E-1	1.320958E-2	-1.320958E-2	-5.123350E-8	1.150879E+1
-2.000000E-1	2.212576E-2	-2.212576E-2	-8.581495E-8	1.187695E+1
-2.500000E-1	3.273515E-2	-3.273515E-2	-1.269636E-7	1.299707E+1
-3.000000E-1	4.611555E-2	-4.611555E-2	-1.788596E-7	1.336426E+1
-3.500000E-1	6.362565E-2	-6.362565E-2	-2.467727E-7	1.373242E+1
-4.000000E-1	8.378654E-2	-8.378654E-2	-3.249669E-7	1.410059E+1
-4.500000E-1	1.072458E-1	-1.072458E-1	-4.159539E-7	1.446777E+1
-5.000000E-1	1.328389E-1	-1.328389E-1	-5.152170E-7	1.483594E+1
-5.000000E-1	1.322194E-1	-1.322194E-1	-5.128142E-7	1.520410E+1
-4.500000E-1	1.060729E-1	-1.060729E-1	-4.114046E-7	1.557129E+1
-4.000000E-1	8.243159E-2	-8.243159E-2	-3.197117E-7	1.593945E+1
-3.500000E-1	6.261529E-2	-6.261529E-2	-2.428540E-7	1.630762E+1
-3.000000E-1	4.548523E-2	-4.548523E-2	-1.764149E-7	1.667578E+1
-2.500000E-1	3.016587E-2	-3.016587E-2	-1.169986E-7	1.704297E+1
-2.000000E-1	1.965666E-2	-1.965666E-2	-7.623855E-8	1.778418E+1
-1.500000E-1	1.181824E-2	-1.181824E-2	-4.583715E-8	1.815234E+1
-1.000000E-1	6.190582E-3	-6.190582E-3	-2.401023E-8	1.852051E+1
-5.000000E-2	2.633053E-3	-2.633053E-3	-1.021232E-8	1.888770E+1
0.000000E+0	3.929432E-6	3.929432E-6	1.524034E-11	2.006250E+1
0.000000E+0	2.269454E-6	2.269454E-6	8.802098E-12	2.076660E+1
5.000000E-2	2.606089E-3	2.606089E-3	1.010774E-8	2.150879E+1
1.000000E-1	6.370842E-3	6.370842E-3	2.470937E-8	2.187598E+1
1.500000E-1	1.222854E-2	1.222854E-2	4.742849E-8	2.224414E+1
2.000000E-1	2.153046E-2	2.153046E-2	8.350611E-8	2.261230E+1
2.500000E-1	3.633870E-2	3.633870E-2	1.409400E-7	2.373242E+1
3.000000E-1	5.414972E-2	5.414972E-2	2.100202E-7	2.409961E+1
3.500000E-1	7.672432E-2	7.672432E-2	2.975760E-7	2.446777E+1
4.000000E-1	1.082806E-1	1.082806E-1	4.199675E-7	2.483594E+1
4.500000E-1	1.454262E-1	1.454262E-1	5.640368E-7	2.520313E+1
5.000000E-1	1.912361E-1	1.912361E-1	7.417109E-7	2.557129E+1
5.000000E-1	2.026772E-1	2.026772E-1	7.860854E-7	2.593945E+1
4.500000E-1	1.609912E-1	1.609912E-1	6.244059E-7	2.630664E+1
4.000000E-1	1.224558E-1	1.224558E-1	4.749458E-7	2.667480E+1
3.500000E-1	9.016773E-2	9.016773E-2	3.497164E-7	2.704297E+1
3.000000E-1	6.325136E-2	6.325136E-2	2.453210E-7	2.741016E+1
2.500000E-1	4.173851E-2	4.173851E-2	1.618832E-7	2.777832E+1
2.000000E-1	2.609294E-2	2.609294E-2	1.012017E-7	2.814648E+1
1.500000E-1	1.426147E-2	1.426147E-2	5.531323E-8	2.888770E+1
1.000000E-1	7.195973E-3	7.195973E-3	2.790965E-8	2.925488E+1
5.000000E-2	2.946078E-3	2.946078E-3	1.142639E-8	2.962305E+1
0.000000E+0	2.807909E-6	2.807909E-6	1.089050E-11	3.079785E+1
-5.000000E-2	2.587198E-3	-2.587198E-3	-1.003447E-8	3.154004E+1
-1.000000E-1	6.138660E-3	-6.138660E-3	-2.380885E-8	3.190820E+1
-1.500000E-1	1.148224E-2	-1.148224E-2	-4.453396E-8	3.227539E+1
-2.000000E-1	1.929804E-2	-1.929804E-2	-7.484762E-8	3.264355E+1
-2.500000E-1	2.859189E-2	-2.859189E-2	-1.108939E-7	3.376367E+1
-3.000000E-1	4.138546E-2	-4.138546E-2	-1.605139E-7	3.413184E+1
-3.500000E-1	5.647038E-2	-5.647038E-2	-2.190209E-7	3.450000E+1
-4.000000E-1	7.469230E-2	-7.469230E-2	-2.896948E-7	3.486719E+1
-4.500000E-1	9.573209E-2	-9.573209E-2	-3.712978E-7	3.523535E+1
-5.000000E-1	1.180813E-1	-1.180813E-1	-4.579794E-7	3.560352E+1
-5.000000E-1	1.154823E-1	-1.154823E-1	-4.478991E-7	3.597070E+1
-4.500000E-1	9.386206E-2	-9.386206E-2	-3.640449E-7	3.633887E+1
-4.000000E-1	7.439113E-2	-7.439113E-2	-2.885267E-7	3.670703E+1
-3.500000E-1	5.635717E-2	-5.635717E-2	-2.185818E-7	3.707520E+1
-3.000000E-1	4.017010E-2	-4.017010E-2	-1.558001E-7	3.744238E+1
-2.500000E-1	2.768749E-2	-2.768749E-2	-1.073862E-7	3.781055E+1
-2.000000E-1	1.750916E-2	-1.750916E-2	-6.790943E-8	3.855176E+1
-1.500000E-1	1.050208E-2	-1.050208E-2	-4.073242E-8	3.891992E+1
-1.000000E-1	5.483398E-3	-5.483398E-3	-2.126741E-8	3.928711E+1
-5.000000E-2	2.237888E-3	-2.237888E-3	-8.679669E-9	4.002832E+1
0.000000E+0	3.493146E-6	3.493146E-6	1.354820E-11	4.120312E+1
0.000000E+0	2.242278E-6	2.242278E-6	8.696696E-12	4.190723E+1
5.000000E-2	2.238185E-3	2.238185E-3	8.680821E-9	4.302246E+1
1.000000E-1	5.576933E-3	5.576933E-3	2.163019E-8	4.413672E+1
1.500000E-1	1.083838E-2	1.083838E-2	4.203676E-8	4.450488E+1
2.000000E-1	1.857382E-2	1.857382E-2	7.203872E-8	4.487207E+1
2.500000E-1	3.087402E-2	3.087402E-2	1.197452E-7	4.599219E+1
3.000000E-1	4.585140E-2	4.585140E-2	1.778351E-7	4.636035E+1
3.500000E-1	6.668753E-2	6.668753E-2	2.586482E-7	4.672754E+1
4.000000E-1	9.234411E-2	9.234411E-2	3.581575E-7	4.709570E+1
4.500000E-1	1.260284E-1	1.260284E-1	4.888025E-7	4.746387E+1
5.000000E-1	1.650015E-1	1.650015E-1	6.399600E-7	4.783105E+1
5.000000E-1	1.747750E-1	1.747750E-1	6.778663E-7	4.819922E+1
4.500000E-1	1.376036E-1	1.376036E-1	5.336967E-7	4.856738E+1
4.000000E-1	1.059487E-1	1.059487E-1	4.109230E-7	4.893457E+1
3.500000E-1	7.810877E-2	7.810877E-2	3.029456E-7	4.930273E+1
3.000000E-1	5.409282E-2	5.409282E-2	2.097995E-7	4.967090E+1
2.500000E-1	3.635742E-2	3.635742E-2	1.410126E-7	5.003809E+1
2.000000E-1	2.187290E-2	2.187290E-2	8.483424E-8	5.077930E+1
1.500000E-1	1.248910E-2	1.248910E-2	4.843908E-8	5.114746E+1
1.000000E-1	6.323795E-3	6.323795E-3	2.452690E-8	5.151562E+1
5.000000E-2	2.507025E-3	2.507025E-3	9.723521E-9	5.225684E+1
0.000000E+0	2.798157E-6	2.798157E-6	1.085268E-11	5.343066E+1
-5.000000E-2	2.284347E-3	-2.284347E-3	-8.859860E-9	5.454688E+1
-1.000000E-1	5.313619E-3	-5.313619E-3	-2.060892E-8	5.566113E+1
-1.500000E-1	9.871540E-3	-9.871540E-3	-3.828686E-8	5.602930E+1
-2.000000E-1	1.664943E-2	-1.664943E-2	-6.457499E-8	5.639746E+1
-2.500000E-1	2.563576E-2	-2.563576E-2	-9.942855E-8	5.676465E+1
-3.000000E-1	3.622268E-2	-3.622268E-2	-1.404900E-7	5.788477E+1
-3.500000E-1	4.954548E-2	-4.954548E-2	-1.921626E-7	5.825293E+1
-4.000000E-1	6.424200E-2	-6.424200E-2	-2.491632E-7	5.862109E+1
-4.500000E-1	8.212185E-2	-8.212185E-2	-3.185104E-7	5.898828E+1
-5.000000E-1	1.030654E-1	-1.030654E-1	-3.997402E-7	5.935645E+1
-5.000000E-1	1.027978E-1	-1.027978E-1	-3.987024E-7	5.972461E+1
-4.500000E-1	8.289014E-2	-8.289014E-2	-3.214902E-7	6.009180E+1
-4.000000E-1	6.573103E-2	-6.573103E-2	-2.549384E-7	6.045996E+1
-3.500000E-1	4.997103E-2	-4.997103E-2	-1.938131E-7	6.082813E+1
-3.000000E-1	3.615788E-2	-3.615788E-2	-1.402387E-7	6.119531E+1
-2.500000E-1	2.446523E-2	-2.446523E-2	-9.488861E-8	6.193652E+1
-2.000000E-1	1.575132E-2	-1.575132E-2	-6.109163E-8	6.230469E+1
-1.500000E-1	9.217804E-3	-9.217804E-3	-3.575134E-8	6.267285E+1
-1.000000E-1	4.882974E-3	-4.882974E-3	-1.893866E-8	6.304004E+1
-5.000000E-2	2.027899E-3	-2.027899E-3	-7.865225E-9	6.378125E+1
0.000000E+0	3.069344E-6	3.069344E-6	1.190448E-11	6.495605E+1
0.000000E+0	2.499602E-6	2.499602E-6	9.694731E-12	6.566016E+1
5.000000E-2	1.986474E-3	1.986474E-3	7.704560E-9	6.677539E+1
1.000000E-1	4.866895E-3	4.866895E-3	1.887630E-8	6.788965E+1
1.500000E-1	9.363798E-3	9.363798E-3	3.631758E-8	6.825781E+1
2.000000E-1	1.638490E-2	1.638490E-2	6.354900E-8	6.862500E+1
2.500000E-1	2.636580E-2	2.636580E-2	1.022600E-7	6.899316E+1
3.000000E-1	4.247170E-2	4.247170E-2	1.647269E-7	7.011328E+1
3.500000E-1	5.973127E-2	5.973127E-2	2.316683E-7	7.048145E+1
4.000000E-1	8.183618E-2	8.183618E-2	3.174024E-7	7.084863E+1
4.500000E-1	1.105721E-1	1.105721E-1	4.288550E-7	7.121680E+1
5.000000E-1	1.475383E-1	1.475383E-1	5.722287E-7	7.158496E+1
5.000000E-1	1.472494E-1	1.472494E-1	5.711082E-7	7.195313E+1
4.500000E-1	1.171984E-1	1.171984E-1	4.545550E-7	7.232031E+1
4.000000E-1	8.830910E-2	8.830910E-2	3.425077E-7	7.268848E+1
3.500000E-1	6.521013E-2	6.521013E-2	2.529181E-7	7.305664E+1
3.000000E-1	4.568956E-2	4.568956E-2	1.772074E-7	7.342383E+1
2.500000E-1	2.972232E-2	2.972232E-2	1.152783E-7	7.379199E+1
2.000000E-1	1.786081E-2	1.786081E-2	6.927332E-8	7.453320E+1
1.500000E-1	1.016825E-2	1.016825E-2	3.943767E-8	7.490039E+1
1.000000E-1	5.170819E-3	5.170819E-3	2.005507E-8	7.526855E+1
5.000000E-2	2.071813E-3	2.071813E-3	8.035545E-9	7.600977E+1
0.000000E+0	2.564592E-6	2.564592E-6	9.946793E-12	7.718457E+1
-5.000000E-2	1.966412E-3	-1.966412E-3	-7.626749E-9	7.830078E+1
-1.000000E-1	4.453007E-3	-4.453007E-3	-1.727103E-8	7.941504E+1
-1.500000E-1	8.441199E-3	-8.441199E-3	-3.273927E-8	7.978223E+1
-2.000000E-1	1.380810E-2	-1.380810E-2	-5.355486E-8	8.015039E+1
-2.500000E-1	2.172240E-2	-2.172240E-2	-8.425054E-8	8.051855E+1
-3.000000E-1	3.113830E-2	-3.113830E-2	-1.207702E-7	8.163867E+1
-3.500000E-1	4.240054E-2	-4.240054E-2	-1.644509E-7	8.200684E+1
-4.000000E-1	5.567041E-2	-5.567041E-2	-2.159182E-7	8.237402E+1
-4.500000E-1	7.126694E-2	-7.126694E-2	-2.764095E-7	8.274219E+1
-5.000000E-1	8.855020E-2	-8.855020E-2	-3.434428E-7	8.311035E+1
-5.000000E-1	8.867618E-2	-8.867618E-2	-3.439314E-7	8.347754E+1
-4.500000E-1	7.223097E-2	-7.223097E-2	-2.801485E-7	8.384570E+1
-4.000000E-1	5.579878E-2	-5.579878E-2	-2.164161E-7	8.421387E+1
-3.500000E-1	4.241202E-2	-4.241202E-2	-1.644954E-7	8.458203E+1
-3.000000E-1	3.091193E-2	-3.091193E-2	-1.198922E-7	8.494922E+1
-2.500000E-1	2.096841E-2	-2.096841E-2	-8.132618E-8	8.569043E+1
-2.000000E-1	1.355478E-2	-1.355478E-2	-5.257235E-8	8.605859E+1
-1.500000E-1	7.931315E-3	-7.931315E-3	-3.076168E-8	8.642676E+1
-1.000000E-1	4.079317E-3	-4.079317E-3	-1.582167E-8	8.679395E+1
-5.000000E-2	1.696194E-3	-1.696194E-3	-6.578706E-9	8.753516E+1
0.000000E+0	3.200583E-6	3.200583E-6	1.241349E-11	8.870996E+1
0.000000E+0	1.921510E-6	1.921510E-6	7.452594E-12	8.941406E+1
5.000000E-2	1.672189E-3	1.672189E-3	6.485599E-9	9.052930E+1
1.000000E-1	4.268062E-3	4.268062E-3	1.655372E-8	9.164355E+1
1.500000E-1	8.227070E-3	8.227070E-3	3.190877E-8	9.201172E+1
2.000000E-1	1.398215E-2	1.398215E-2	5.422989E-8	9.237988E+1
2.500000E-1	2.243433E-2	2.243433E-2	8.701178E-8	9.274707E+1
3.000000E-1	3.553239E-2	3.553239E-2	1.378127E-7	9.386719E+1
3.500000E-1	5.092317E-2	5.092317E-2	1.975060E-7	9.423535E+1
4.000000E-1	6.971369E-2	6.971369E-2	2.703852E-7	9.460254E+1
4.500000E-1	9.243327E-2	9.243327E-2	3.585033E-7	9.497070E+1
5.000000E-1	1.220174E-1	1.220174E-1	4.732458E-7	9.533887E+1
5.000000E-1	1.266989E-1	1.266989E-1	4.914027E-7	9.570703E+1
4.500000E-1	9.956459E-2	9.956459E-2	3.861622E-7	9.607422E+1
4.000000E-1	7.697921E-2	7.697921E-2	2.985646E-7	9.644238E+1
3.500000E-1	5.673628E-2	5.673628E-2	2.200522E-7	9.681055E+1
3.000000E-1	3.963822E-2	3.963822E-2	1.537372E-7	9.717773E+1
2.500000E-1	2.600948E-2	2.600948E-2	1.008780E-7	9.754590E+1
2.000000E-1	1.564224E-2	1.564224E-2	6.066859E-8	9.828711E+1
1.500000E-1	8.904026E-3	8.904026E-3	3.453435E-8	9.865527E+1
1.000000E-1	4.573169E-3	4.573169E-3	1.773708E-8	9.902344E+1
5.000000E-2	1.822065E-3	1.822065E-3	7.066896E-9	9.976465E+1
0.000000E+0	3.181537E-6	3.181537E-6	1.233962E-11	1.009385E+2
-5.000000E-2	1.688682E-3	-1.688682E-3	-6.549568E-9	1.020547E+2
-1.000000E-1	3.800022E-3	-3.800022E-3	-1.473842E-8	1.031689E+2
-1.500000E-1	7.199508E-3	-7.199508E-3	-2.792336E-8	1.035371E+2
-2.000000E-1	1.220586E-2	-1.220586E-2	-4.734056E-8	1.039043E+2
-2.500000E-1	1.941989E-2	-1.941989E-2	-7.532023E-8	1.042725E+2
-3.000000E-1	2.758085E-2	-2.758085E-2	-1.069726E-7	1.053926E+2
-3.500000E-1	3.743077E-2	-3.743077E-2	-1.451756E-7	1.057607E+2
-4.000000E-1	4.904941E-2	-4.904941E-2	-1.902386E-7	1.061279E+2
-4.500000E-1	6.213165E-2	-6.213165E-2	-2.409782E-7	1.064961E+2
-5.000000E-1	7.756346E-2	-7.756346E-2	-3.008306E-7	1.068643E+2
-5.000000E-1	7.667059E-2	-7.667059E-2	-2.973676E-7	1.072314E+2
-4.500000E-1	6.154196E-2	-6.154196E-2	-2.386911E-7	1.075996E+2
-4.000000E-1	4.831647E-2	-4.831647E-2	-1.873959E-7	1.079678E+2
-3.500000E-1	3.603487E-2	-3.603487E-2	-1.397616E-7	1.083350E+2
-3.000000E-1	2.606481E-2	-2.606481E-2	-1.010926E-7	1.087031E+2
-2.500000E-1	1.771389E-2	-1.771389E-2	-6.870347E-8	1.094443E+2
-2.000000E-1	1.122207E-2	-1.122207E-2	-4.352489E-8	1.098125E+2
-1.500000E-1	6.719089E-3	-6.719089E-3	-2.606005E-8	1.101797E+2
-1.000000E-1	3.525097E-3	-3.525097E-3	-1.367212E-8	1.105479E+2
-5.000000E-2	1.452413E-3	-1.452413E-3	-5.633199E-9	1.112891E+2
0.000000E+0	2.545649E-6	2.545649E-6	9.873324E-12	1.124639E+2
0.000000E+0	1.699348E-6	1.699348E-6	6.590936E-12	1.131670E+2
5.000000E-2	1.454449E-3	1.454449E-3	5.641096E-9	1.142822E+2
1.000000E-1	3.648177E-3	3.648177E-3	1.414949E-8	1.153975E+2
1.500000E-1	7.115280E-3	7.115280E-3	2.759668E-8	1.157646E+2
2.000000E-1	1.254596E-2	1.254596E-2	4.865964E-8	1.161328E+2
2.500000E-1	2.020949E-2	2.020949E-2	7.838270E-8	1.165010E+2
3.000000E-1	3.114748E-2	3.114748E-2	1.208058E-7	1.176211E+2
3.500000E-1	4.475268E-2	4.475268E-2	1.735737E-7	1.179883E+2
4.000000E-1	6.221442E-2	6.221442E-2	2.412992E-7	1.183564E+2
4.500000E-1	8.290208E-2	8.290208E-2	3.215365E-7	1.187246E+2
5.000000E-1	1.087590E-1	1.087590E-1	4.218230E-7	1.190918E+2
5.000000E-1	1.114370E-1	1.114370E-1	4.322093E-7	1.194600E+2
4.500000E-1	8.892615E-2	8.892615E-2	3.449009E-7	1.198271E+2
4.000000E-1	6.728435E-2	6.728435E-2	2.609630E-7	1.201953E+2
3.500000E-1	5.012983E-2	5.012983E-2	1.944290E-7	1.205635E+2
3.000000E-1	3.514739E-2	3.514739E-2	1.363195E-7	1.209307E+2
2.500000E-1	2.246993E-2	2.246993E-2	8.714984E-8	1.216719E+2
2.000000E-1	1.381319E-2	1.381319E-2	5.357457E-8	1.220400E+2
1.500000E-1	8.043962E-3	8.043962E-3	3.119858E-8	1.224082E+2
1.000000E-1	3.984546E-3	3.984546E-3	1.545410E-8	1.227754E+2
5.000000E-2	1.568949E-3	1.568949E-3	6.085183E-9	1.235166E+2
0.000000E+0	1.902560E-6	1.902560E-6	7.379097E-12	1.246914E+2
-5.000000E-2	1.465127E-3	-1.465127E-3	-5.682510E-9	1.258066E+2
-1.000000E-1	3.377267E-3	-3.377267E-3	-1.309876E-8	1.269219E+2
-1.500000E-1	6.503542E-3	-6.503542E-3	-2.522405E-8	1.272891E+2
-2.000000E-1	1.110331E-2	-1.110331E-2	-4.306428E-8	1.276572E+2
-2.500000E-1	1.708646E-2	-1.708646E-2	-6.627000E-8	1.280254E+2
-3.000000E-1	2.517298E-2	-2.517298E-2	-9.763363E-8	1.283936E+2
-3.500000E-1	3.334273E-2	-3.334273E-2	-1.293201E-7	1.295127E+2
-4.000000E-1	4.467353E-2	-4.467353E-2	-1.732667E-7	1.298809E+2
-4.500000E-1	5.644153E-2	-5.644153E-2	-2.189090E-7	1.302490E+2
-5.000000E-1	6.980795E-2	-6.980795E-2	-2.707508E-7	1.306172E+2
-5.000000E-1	7.032313E-2	-7.032313E-2	-2.727489E-7	1.309844E+2
-4.500000E-1	5.672360E-2	-5.672360E-2	-2.200030E-7	1.313525E+2
-4.000000E-1	4.442738E-2	-4.442738E-2	-1.723120E-7	1.317207E+2
-3.500000E-1	3.355106E-2	-3.355106E-2	-1.301281E-7	1.320879E+2
-3.000000E-1	2.441454E-2	-2.441454E-2	-9.469204E-8	1.328291E+2
-2.500000E-1	1.635966E-2	-1.635966E-2	-6.345111E-8	1.331973E+2
-2.000000E-1	1.058676E-2	-1.058676E-2	-4.106086E-8	1.335654E+2
-1.500000E-1	6.179248E-3	-6.179248E-3	-2.396627E-8	1.339326E+2
-1.000000E-1	3.192087E-3	-3.192087E-3	-1.238054E-8	1.343008E+2
-5.000000E-2	1.287446E-3	-1.287446E-3	-4.993373E-9	1.350420E+2
0.000000E+0	2.195430E-6	2.195430E-6	8.514994E-12	1.362168E+2
0.000000E+0	1.568510E-6	1.568510E-6	6.083481E-12	1.369199E+2
5.000000E-2	1.269884E-3	1.269884E-3	4.925259E-9	1.380352E+2
1.000000E-1	3.168818E-3	3.168818E-3	1.229029E-8	1.391494E+2
1.500000E-1	6.270112E-3	6.270112E-3	2.431869E-8	1.395176E+2
2.000000E-1	1.085723E-2	1.085723E-2	4.210986E-8	1.398857E+2
2.500000E-1	1.765761E-2	1.765761E-2	6.848522E-8	1.402529E+2
3.000000E-1	2.846581E-2	2.846581E-2	1.104049E-7	1.413730E+2
3.500000E-1	4.061029E-2	4.061029E-2	1.575074E-7	1.417412E+2
4.000000E-1	5.573107E-2	5.573107E-2	2.161535E-7	1.421094E+2
4.500000E-1	7.495150E-2	7.495150E-2	2.907001E-7	1.424766E+2
5.000000E-1	1.003482E-1	1.003482E-1	3.892013E-7	1.428447E+2
5.000000E-1	1.024751E-1	1.024751E-1	3.974506E-7	1.432129E+2
4.500000E-1	8.114937E-2	8.114937E-2	3.147386E-7	1.435801E+2
4.000000E-1	6.085598E-2	6.085598E-2	2.360305E-7	1.439482E+2
3.500000E-1	4.411700E-2	4.411700E-2	1.711082E-7	1.443164E+2
3.000000E-1	3.129321E-2	3.129321E-2	1.213710E-7	1.446836E+2
2.500000E-1	2.039239E-2	2.039239E-2	7.909207E-8	1.454248E+2
2.000000E-1	1.252989E-2	1.252989E-2	4.859728E-8	1.457930E+2
1.500000E-1	6.931405E-3	6.931405E-3	2.688352E-8	1.461611E+2
1.000000E-1	3.504145E-3	3.504145E-3	1.359086E-8	1.465283E+2
5.000000E-2	1.380463E-3	1.380463E-3	5.354139E-9	1.472695E+2
0.000000E+0	1.726405E-6	1.726405E-6	6.695880E-12	1.484443E+2
-5.000000E-2	1.281417E-3	-1.281417E-3	-4.969987E-9	1.495596E+2
-1.000000E-1	2.978263E-3	-2.978263E-3	-1.155122E-8	1.506748E+2
-1.500000E-1	5.634590E-3	-5.634590E-3	-2.185381E-8	1.510420E+2
-2.000000E-1	9.566309E-3	-9.566309E-3	-3.710302E-8	1.514102E+2
-2.500000E-1	1.493355E-2	-1.493355E-2	-5.791991E-8	1.517783E+2
-3.000000E-1	2.187642E-2	-2.187642E-2	-8.484788E-8	1.521455E+2
-3.500000E-1	3.025817E-2	-3.025817E-2	-1.173566E-7	1.532656E+2
-4.000000E-1	3.947388E-2	-3.947388E-2	-1.530998E-7	1.536338E+2
-4.500000E-1	5.011023E-2	-5.011023E-2	-1.943530E-7	1.540020E+2
-5.000000E-1	6.338141E-2	-6.338141E-2	-2.458254E-7	1.543701E+2
-5.000000E-1	6.370442E-2	-6.370442E-2	-2.470782E-7	1.547373E+2
-4.500000E-1	5.157749E-2	-5.157749E-2	-2.000438E-7	1.551055E+2
-4.000000E-1	3.997414E-2	-3.997414E-2	-1.550401E-7	1.554736E+2
-3.500000E-1	2.996259E-2	-2.996259E-2	-1.162102E-7	1.558408E+2
-3.000000E-1	2.125346E-2	-2.125346E-2	-8.243175E-8	1.565830E+2
-2.500000E-1	1.441372E-2	-1.441372E-2	-5.590375E-8	1.569502E+2
-2.000000E-1	9.154885E-3	-9.154885E-3	-3.550731E-8	1.573184E+2
-1.500000E-1	5.432896E-3	-5.432896E-3	-2.107154E-8	1.576865E+2
-1.000000E-1	2.847228E-3	-2.847228E-3	-1.104300E-8	1.580537E+2
-5.000000E-2	1.162751E-3	-1.162751E-3	-4.509742E-9	1.587949E+2
0.000000E+0	2.379707E-6	2.379707E-6	9.229714E-12	1.599697E+2
0.000000E+0	1.564570E-6	1.564570E-6	6.068201E-12	1.606729E+2
5.000000E-2	1.143668E-3	1.143668E-3	4.435726E-9	1.617891E+2
1.000000E-1	2.841460E-3	2.841460E-3	1.102063E-8	1.629033E+2
1.500000E-1	5.520239E-3	5.520239E-3	2.141030E-8	1.632715E+2
2.000000E-1	9.668297E-3	9.668297E-3	3.749858E-8	1.636387E+2
2.500000E-1	1.572191E-2	1.572191E-2	6.097757E-8	1.640068E+2
3.000000E-1	2.369847E-2	2.369847E-2	9.191473E-8	1.643750E+2
3.500000E-1	3.754494E-2	3.754494E-2	1.456184E-7	1.654951E+2
4.000000E-1	5.091825E-2	5.091825E-2	1.974869E-7	1.658623E+2
4.500000E-1	6.804135E-2	6.804135E-2	2.638990E-7	1.662305E+2
5.000000E-1	8.885656E-2	8.885656E-2	3.446310E-7	1.665986E+2
5.000000E-1	9.007432E-2	9.007432E-2	3.493541E-7	1.669658E+2
4.500000E-1	7.176605E-2	7.176605E-2	2.783453E-7	1.673340E+2
4.000000E-1	5.374392E-2	5.374392E-2	2.084463E-7	1.677021E+2
3.500000E-1	3.969363E-2	3.969363E-2	1.539521E-7	1.680703E+2
3.000000E-1	2.829185E-2	2.829185E-2	1.097302E-7	1.684375E+2
2.500000E-1	1.809544E-2	1.809544E-2	7.018332E-8	1.691787E+2
2.000000E-1	1.116195E-2	1.116195E-2	4.329171E-8	1.695469E+2
1.500000E-1	6.456295E-3	6.456295E-3	2.504080E-8	1.699150E+2
1.000000E-1	3.230267E-3	3.230267E-3	1.252862E-8	1.702822E+2
5.000000E-2	1.260118E-3	1.260118E-3	4.887380E-9	1.710234E+2
0.000000E+0	1.656836E-6	1.656836E-6	6.426054E-12	1.721982E+2
-5.000000E-2	1.148746E-3	-1.148746E-3	-4.455424E-9	1.733135E+2
-1.000000E-1	2.699692E-3	-2.699692E-3	-1.047078E-8	1.736816E+2
-1.500000E-1	5.010533E-3	-5.010533E-3	-1.943340E-8	1.747959E+2
-2.000000E-1	8.577089E-3	-8.577089E-3	-3.326632E-8	1.751631E+2
-2.500000E-1	1.343910E-2	-1.343910E-2	-5.212368E-8	1.755313E+2
-3.000000E-1	1.970263E-2	-1.970263E-2	-7.641684E-8	1.758994E+2
-3.500000E-1	2.634742E-2	-2.634742E-2	-1.021887E-7	1.770186E+2
-4.000000E-1	3.452801E-2	-3.452801E-2	-1.339172E-7	1.773867E+2
-4.500000E-1	4.480476E-2	-4.480476E-2	-1.737757E-7	1.777539E+2
-5.000000E-1	5.541882E-2	-5.541882E-2	-2.149424E-7	1.781221E+2
-5.000000E-1	5.503625E-2	-5.503625E-2	-2.134586E-7	1.784902E+2
-4.500000E-1	4.463225E-2	-4.463225E-2	-1.731066E-7	1.788574E+2
-4.000000E-1	3.503856E-2	-3.503856E-2	-1.358974E-7	1.792256E+2
-3.500000E-1	2.604730E-2	-2.604730E-2	-1.010247E-7	1.795928E+2
-3.000000E-1	1.839857E-2	-1.839857E-2	-7.135903E-8	1.803340E+2
-2.500000E-1	1.261146E-2	-1.261146E-2	-4.891365E-8	1.807021E+2
-2.000000E-1	7.960030E-3	-7.960030E-3	-3.087305E-8	1.810693E+2
-1.500000E-1	4.656570E-3	-4.656570E-3	-1.806055E-8	1.814375E+2
-1.000000E-1	2.403068E-3	-2.403068E-3	-9.320321E-9	1.821787E+2
-5.000000E-2	9.896626E-4	-9.896626E-4	-3.838416E-9	1.825459E+2
0.000000E+0	1.646019E-6	1.646019E-6	6.384102E-12	1.837207E+2
0.000000E+0	1.194539E-6	1.194539E-6	4.633030E-12	1.844238E+2
5.000000E-2	9.977833E-4	9.977833E-4	3.869912E-9	1.855391E+2
1.000000E-1	2.400695E-3	2.400695E-3	9.311118E-9	1.859072E+2
1.500000E-1	4.970484E-3	4.970484E-3	1.927807E-8	1.870215E+2
2.000000E-1	8.792813E-3	8.792813E-3	3.410301E-8	1.873887E+2
2.500000E-1	1.407828E-2	1.407828E-2	5.460275E-8	1.877568E+2
3.000000E-1	2.136973E-2	2.136973E-2	8.288271E-8	1.881240E+2
3.500000E-1	3.273629E-2	3.273629E-2	1.269680E-7	1.892441E+2
4.000000E-1	4.497921E-2	4.497921E-2	1.744523E-7	1.896123E+2
4.500000E-1	6.041672E-2	6.041672E-2	2.343268E-7	1.899795E+2
5.000000E-1	7.848515E-2	7.848515E-2	3.044054E-7	1.903477E+2
5.000000E-1	8.061339E-2	8.061339E-2	3.126598E-7	1.907148E+2
4.500000E-1	6.326180E-2	6.326180E-2	2.453615E-7	1.910830E+2
4.000000E-1	4.895633E-2	4.895633E-2	1.898776E-7	1.914512E+2
3.500000E-1	3.643897E-2	3.643897E-2	1.413289E-7	1.918184E+2
3.000000E-1	2.513196E-2	2.513196E-2	9.747454E-8	1.925596E+2
2.500000E-1	1.668340E-2	1.668340E-2	6.470673E-8	1.929277E+2
2.000000E-1	1.040986E-2	1.040986E-2	4.037475E-8	1.932949E+2
1.500000E-1	5.733352E-3	5.733352E-3	2.223686E-8	1.936631E+2
1.000000E-1	2.920130E-3	2.920130E-3	1.132575E-8	1.940303E+2
5.000000E-2	1.173643E-3	1.173643E-3	4.551984E-9	1.947715E+2
0.000000E+0	1.405029E-6	1.405029E-6	5.449419E-12	1.959453E+2
-5.000000E-2	1.075833E-3	-1.075833E-3	-4.172627E-9	1.970615E+2
-1.000000E-1	2.613143E-3	-2.613143E-3	-1.013510E-8	1.974287E+2
-1.500000E-1	4.689647E-3	-4.689647E-3	-1.818884E-8	1.985430E+2
-2.000000E-1	8.018560E-3	-8.018560E-3	-3.110006E-8	1.989111E+2
-2.500000E-1	1.246061E-2	-1.246061E-2	-4.832859E-8	1.992793E+2
-3.000000E-1	1.848557E-2	-1.848557E-2	-7.169646E-8	1.996465E+2
-3.500000E-1	2.557397E-2	-2.557397E-2	-9.918887E-8	2.000146E+2
-4.000000E-1	3.296993E-2	-3.296993E-2	-1.278742E-7	2.011338E+2
-4.500000E-1	4.125719E-2	-4.125719E-2	-1.600164E-7	2.015020E+2
-5.000000E-1	5.199611E-2	-5.199611E-2	-2.016674E-7	2.018701E+2
-5.000000E-1	5.245273E-2	-5.245273E-2	-2.034384E-7	2.022373E+2
-4.500000E-1	4.182073E-2	-4.182073E-2	-1.622021E-7	2.026055E+2
-4.000000E-1	3.238646E-2	-3.238646E-2	-1.256112E-7	2.029727E+2
-3.500000E-1	2.437039E-2	-2.437039E-2	-9.452081E-8	2.037139E+2
-3.000000E-1	1.769364E-2	-1.769364E-2	-6.862494E-8	2.040820E+2
-2.500000E-1	1.205786E-2	-1.205786E-2	-4.676654E-8	2.044492E+2
-2.000000E-1	7.766319E-3	-7.766319E-3	-3.012174E-8	2.048174E+2
-1.500000E-1	4.569132E-3	-4.569132E-3	-1.772142E-8	2.051855E+2
-1.000000E-1	2.273788E-3	-2.273788E-3	-8.818910E-9	2.059258E+2
-5.000000E-2	9.572404E-4	-9.572404E-4	-3.712666E-9	2.062939E+2
0.000000E+0	1.564753E-6	1.564753E-6	6.068909E-12	2.074678E+2
0.000000E+0	1.211381E-6	1.211381E-6	4.698353E-12	2.081719E+2
5.000000E-2	1.005791E-3	1.005791E-3	3.900971E-9	2.092871E+2
1.000000E-1	2.458229E-3	2.458229E-3	9.534265E-9	2.096543E+2
1.500000E-1	4.740076E-3	4.740076E-3	1.838443E-8	2.107686E+2
2.000000E-1	8.436821E-3	8.436821E-3	3.272229E-8	2.111367E+2
2.500000E-1	1.369161E-2	1.369161E-2	5.310304E-8	2.115039E+2
3.000000E-1	2.028764E-2	2.028764E-2	7.868580E-8	2.118721E+2
3.500000E-1	2.929527E-2	2.929527E-2	1.136220E-7	2.129922E+2
4.000000E-1	4.019758E-2	4.019758E-2	1.559067E-7	2.133594E+2
4.500000E-1	5.330674E-2	5.330674E-2	2.067507E-7	2.137275E+2
5.000000E-1	7.006374E-2	7.006374E-2	2.717429E-7	2.140947E+2
5.000000E-1	7.217252E-2	7.217252E-2	2.799218E-7	2.144629E+2
4.500000E-1	5.650712E-2	5.650712E-2	2.191634E-7	2.148311E+2
4.000000E-1	4.283197E-2	4.283197E-2	1.661242E-7	2.151982E+2
3.500000E-1	3.125043E-2	3.125043E-2	1.212051E-7	2.155664E+2
3.000000E-1	2.156936E-2	2.156936E-2	8.365696E-8	2.163076E+2
2.500000E-1	1.419781E-2	1.419781E-2	5.506635E-8	2.166748E+2
2.000000E-1	8.853347E-3	8.853347E-3	3.433779E-8	2.170430E+2
1.500000E-1	5.109076E-3	5.109076E-3	1.981560E-8	2.174102E+2
1.000000E-1	2.604949E-3	2.604949E-3	1.010332E-8	2.177783E+2
5.000000E-2	9.903379E-4	9.903379E-4	3.841035E-9	2.185195E+2
0.000000E+0	1.190163E-6	1.190163E-6	4.616058E-12	2.196934E+2
-5.000000E-2	9.257840E-4	-9.257840E-4	-3.590662E-9	2.208086E+2
-1.000000E-1	2.225704E-3	-2.225704E-3	-8.632412E-9	2.211768E+2
-1.500000E-1	4.138092E-3	-4.138092E-3	-1.604963E-8	2.222910E+2
-2.000000E-1	6.895642E-3	-6.895642E-3	-2.674481E-8	2.226592E+2
-2.500000E-1	1.061737E-2	-1.061737E-2	-4.117956E-8	2.230264E+2
-3.000000E-1	1.558089E-2	-1.558089E-2	-6.043062E-8	2.233945E+2
-3.500000E-1	2.163050E-2	-2.163050E-2	-8.389411E-8	2.237617E+2
-4.000000E-1	2.800473E-2	-2.800473E-2	-1.086166E-7	2.248818E+2
-4.500000E-1	3.613754E-2	-3.613754E-2	-1.401598E-7	2.252500E+2
-5.000000E-1	4.484269E-2	-4.484269E-2	-1.739228E-7	2.256172E+2
-5.000000E-1	4.547652E-2	-4.547652E-2	-1.763811E-7	2.259854E+2
-4.500000E-1	3.646159E-2	-3.646159E-2	-1.414166E-7	2.263535E+2
-4.000000E-1	2.871245E-2	-2.871245E-2	-1.113615E-7	2.267207E+2
-3.500000E-1	2.143504E-2	-2.143504E-2	-8.313602E-8	2.274619E+2
-3.000000E-1	1.547268E-2	-1.547268E-2	-6.001092E-8	2.278301E+2
-2.500000E-1	1.048607E-2	-1.048607E-2	-4.067033E-8	2.281973E+2
-2.000000E-1	6.689418E-3	-6.689418E-3	-2.594497E-8	2.285654E+2
-1.500000E-1	3.917402E-3	-3.917402E-3	-1.519368E-8	2.289326E+2
-1.000000E-1	1.965221E-3	-1.965221E-3	-7.622129E-9	2.296738E+2
-5.000000E-2	8.294588E-4	-8.294588E-4	-3.217064E-9	2.300420E+2
0.000000E+0	1.353400E-6	1.353400E-6	5.249176E-12	2.312158E+2
0.000000E+0	9.456659E-7	9.456659E-7	3.667774E-12	2.319199E+2
5.000000E-2	8.101602E-4	8.101602E-4	3.142214E-9	2.330352E+2
1.000000E-1	1.999180E-3	1.999180E-3	7.753838E-9	2.334023E+2
1.500000E-1	3.961806E-3	3.961806E-3	1.536590E-8	2.345166E+2
2.000000E-1	7.133201E-3	7.133201E-3	2.766619E-8	2.348848E+2
2.500000E-1	1.141749E-2	1.141749E-2	4.428283E-8	2.352520E+2
3.000000E-1	1.753178E-2	1.753178E-2	6.799718E-8	2.356201E+2
3.500000E-1	2.522447E-2	2.522447E-2	9.783335E-8	2.359873E+2
4.000000E-1	3.634855E-2	3.634855E-2	1.409782E-7	2.371074E+2
4.500000E-1	4.809505E-2	4.809505E-2	1.865371E-7	2.374756E+2
5.000000E-1	6.274754E-2	6.274754E-2	2.433669E-7	2.378428E+2
5.000000E-1	6.391665E-2	6.391665E-2	2.479013E-7	2.382109E+2
4.500000E-1	5.003822E-2	5.003822E-2	1.940737E-7	2.385781E+2
4.000000E-1	3.812619E-2	3.812619E-2	1.478728E-7	2.389463E+2
3.500000E-1	2.828264E-2	2.828264E-2	1.096945E-7	2.393145E+2
3.000000E-1	1.954569E-2	1.954569E-2	7.580813E-8	2.400547E+2
2.500000E-1	1.303951E-2	1.303951E-2	5.057385E-8	2.404229E+2
2.000000E-1	7.886163E-3	7.886163E-3	3.058656E-8	2.407910E+2
1.500000E-1	4.538107E-3	4.538107E-3	1.760109E-8	2.411582E+2
1.000000E-1	2.242402E-3	2.242402E-3	8.697176E-9	2.418994E+2
5.000000E-2	9.111289E-4	9.111289E-4	3.533822E-9	2.422676E+2
0.000000E+0	1.152804E-6	1.152804E-6	4.471160E-12	2.434414E+2
-5.000000E-2	8.532868E-4	-8.532868E-4	-3.309481E-9	2.445566E+2
-1.000000E-1	2.007758E-3	-2.007758E-3	-7.787110E-9	2.449248E+2
-1.500000E-1	3.635317E-3	-3.635317E-3	-1.409961E-8	2.460391E+2
-2.000000E-1	6.169731E-3	-6.169731E-3	-2.392936E-8	2.464062E+2
-2.500000E-1	9.661351E-3	-9.661351E-3	-3.747164E-8	2.467744E+2
-3.000000E-1	1.407249E-2	-1.407249E-2	-5.458027E-8	2.471426E+2
-3.500000E-1	1.950343E-2	-1.950343E-2	-7.564422E-8	2.475098E+2
-4.000000E-1	2.586566E-2	-2.586566E-2	-1.003202E-7	2.478779E+2
-4.500000E-1	3.222996E-2	-3.222996E-2	-1.250042E-7	2.489980E+2
-5.000000E-1	4.015024E-2	-4.015024E-2	-1.557231E-7	2.493652E+2
-5.000000E-1	4.029280E-2	-4.029280E-2	-1.562760E-7	2.497334E+2
-4.500000E-1	3.180727E-2	-3.180727E-2	-1.233648E-7	2.501006E+2
-4.000000E-1	2.484495E-2	-2.484495E-2	-9.636136E-8	2.508418E+2
-3.500000E-1	1.885899E-2	-1.885899E-2	-7.314479E-8	2.512100E+2
-3.000000E-1	1.363871E-2	-1.363871E-2	-5.289787E-8	2.515771E+2
-2.500000E-1	9.297840E-3	-9.297840E-3	-3.606176E-8	2.519453E+2
-2.000000E-1	6.017773E-3	-6.017773E-3	-2.333999E-8	2.523135E+2
-1.500000E-1	3.481415E-3	-3.481415E-3	-1.350270E-8	2.526807E+2
-1.000000E-1	1.769256E-3	-1.769256E-3	-6.862077E-9	2.534219E+2
-5.000000E-2	7.372863E-4	-7.372863E-4	-2.859572E-9	2.537900E+2
0.000000E+0	1.338204E-6	1.338204E-6	5.190237E-12	2.549639E+2
0.000000E+0	1.021862E-6	1.021862E-6	3.963302E-12	2.556680E+2
5.000000E-2	7.554064E-4	7.554064E-4	2.929851E-9	2.567822E+2
1.000000E-1	1.863337E-3	1.863337E-3	7.226971E-9	2.571504E+2
1.500000E-1	3.757397E-3	3.757397E-3	1.457310E-8	2.582646E+2
2.000000E-1	6.456818E-3	6.456818E-3	2.504283E-8	2.586318E+2
2.500000E-1	1.035668E-2	1.035668E-2	4.016847E-8	2.590000E+2
3.000000E-1	1.588416E-2	1.588416E-2	6.160685E-8	2.593682E+2
3.500000E-1	2.301410E-2	2.301410E-2	8.926042E-8	2.597354E+2
4.000000E-1	3.347722E-2	3.347722E-2	1.298417E-7	2.608555E+2
4.500000E-1	4.470225E-2	4.470225E-2	1.733781E-7	2.612236E+2
5.000000E-1	5.850183E-2	5.850183E-2	2.268999E-7	2.615908E+2
5.000000E-1	5.880589E-2	5.880589E-2	2.280792E-7	2.619590E+2
4.500000E-1	4.657320E-2	4.657320E-2	1.806346E-7	2.623262E+2
4.000000E-1	3.524264E-2	3.524264E-2	1.366889E-7	2.626943E+2
3.500000E-1	2.584297E-2	2.584297E-2	1.002322E-7	2.630625E+2
3.000000E-1	1.771340E-2	1.771340E-2	6.870160E-8	2.638027E+2
2.500000E-1	1.173486E-2	1.173486E-2	4.551378E-8	2.641709E+2
2.000000E-1	7.299178E-3	7.299178E-3	2.830993E-8	2.645391E+2
1.500000E-1	4.066681E-3	4.066681E-3	1.577266E-8	2.649062E+2
1.000000E-1	1.979249E-3	1.979249E-3	7.676537E-9	2.656475E+2
5.000000E-2	8.095391E-4	8.095391E-4	3.139805E-9	2.660156E+2
0.000000E+0	9.559067E-7	9.559067E-7	3.707493E-12	2.671895E+2
-5.000000E-2	7.308405E-4	-7.308405E-4	-2.834572E-9	2.683047E+2
-1.000000E-1	1.786325E-3	-1.786325E-3	-6.928277E-9	2.686729E+2
-1.500000E-1	3.288843E-3	-3.288843E-3	-1.275581E-8	2.697871E+2
-2.000000E-1	5.497187E-3	-5.497187E-3	-2.132089E-8	2.701543E+2
-2.500000E-1	8.532912E-3	-8.532912E-3	-3.309498E-8	2.705225E+2
-3.000000E-1	1.269323E-2	-1.269323E-2	-4.923081E-8	2.708906E+2
-3.500000E-1	1.771922E-2	-1.771922E-2	-6.872416E-8	2.712578E+2
-4.000000E-1	2.324583E-2	-2.324583E-2	-9.015916E-8	2.716260E+2
-4.500000E-1	3.026364E-2	-3.026364E-2	-1.173778E-7	2.727461E+2
-5.000000E-1	3.775688E-2	-3.775688E-2	-1.464404E-7	2.731133E+2
-5.000000E-1	3.818268E-2	-3.818268E-2	-1.480919E-7	2.734814E+2
-4.500000E-1	3.067929E-2	-3.067929E-2	-1.189899E-7	2.738486E+2
-4.000000E-1	2.386774E-2	-2.386774E-2	-9.257126E-8	2.745898E+2
-3.500000E-1	1.791569E-2	-1.791569E-2	-6.948619E-8	2.749580E+2
-3.000000E-1	1.300993E-2	-1.300993E-2	-5.045915E-8	2.753252E+2
-2.500000E-1	8.849155E-3	-8.849155E-3	-3.432153E-8	2.756934E+2
-2.000000E-1	5.542201E-3	-5.542201E-3	-2.149548E-8	2.760615E+2
-1.500000E-1	3.217192E-3	-3.217192E-3	-1.247791E-8	2.764287E+2
-1.000000E-1	1.632679E-3	-1.632679E-3	-6.332362E-9	2.771699E+2
-5.000000E-2	6.598811E-4	-6.598811E-4	-2.559355E-9	2.775381E+2
0.000000E+0	1.082658E-6	1.082658E-6	4.199099E-12	2.787119E+2
0.000000E+0	8.174904E-7	8.174904E-7	3.170644E-12	2.794160E+2
5.000000E-2	6.569413E-4	6.569413E-4	2.547953E-9	2.805303E+2
1.000000E-1	1.676347E-3	1.676347E-3	6.501729E-9	2.808984E+2
1.500000E-1	3.309367E-3	3.309367E-3	1.283541E-8	2.820127E+2
2.000000E-1	5.724075E-3	5.724075E-3	2.220088E-8	2.823799E+2
2.500000E-1	9.509498E-3	9.509498E-3	3.688268E-8	2.827480E+2
3.000000E-1	1.434829E-2	1.434829E-2	5.564996E-8	2.831162E+2
3.500000E-1	2.103374E-2	2.103374E-2	8.157958E-8	2.834834E+2
4.000000E-1	3.097259E-2	3.097259E-2	1.201275E-7	2.846035E+2
4.500000E-1	4.193016E-2	4.193016E-2	1.626265E-7	2.849717E+2
5.000000E-1	5.395222E-2	5.395222E-2	2.092542E-7	2.853389E+2
5.000000E-1	5.458682E-2	5.458682E-2	2.117155E-7	2.857070E+2
4.500000E-1	4.229963E-2	4.229963E-2	1.640595E-7	2.860742E+2
4.000000E-1	3.243050E-2	3.243050E-2	1.257820E-7	2.864424E+2
3.500000E-1	2.340800E-2	2.340800E-2	9.078816E-8	2.871836E+2
3.000000E-1	1.629813E-2	1.629813E-2	6.321247E-8	2.875508E+2
2.500000E-1	1.075982E-2	1.075982E-2	4.173206E-8	2.879189E+2
2.000000E-1	6.723959E-3	6.723959E-3	2.607894E-8	2.882871E+2
1.500000E-1	3.789881E-3	3.789881E-3	1.469909E-8	2.886543E+2
1.000000E-1	1.883387E-3	1.883387E-3	7.304733E-9	2.893955E+2
5.000000E-2	7.466214E-4	7.466214E-4	2.895778E-9	2.897637E+2
0.000000E+0	9.181359E-7	9.181359E-7	3.560999E-12	2.909375E+2
-5.000000E-2	6.787187E-4	-6.787187E-4	-2.632417E-9	2.920527E+2
-1.000000E-1	1.616125E-3	-1.616125E-3	-6.268156E-9	2.924209E+2
-1.500000E-1	2.945356E-3	-2.945356E-3	-1.142359E-8	2.935352E+2
-2.000000E-1	5.021612E-3	-5.021612E-3	-1.947637E-8	2.939023E+2
-2.500000E-1	7.739388E-3	-7.739388E-3	-3.001729E-8	2.942705E+2
-3.000000E-1	1.136437E-2	-1.136437E-2	-4.407680E-8	2.946387E+2
-3.500000E-1	1.563541E-2	-1.563541E-2	-6.064207E-8	2.950059E+2
-4.000000E-1	2.051322E-2	-2.051322E-2	-7.956072E-8	2.953740E+2
-4.500000E-1	2.643815E-2	-2.643815E-2	-1.025406E-7	2.957412E+2
-5.000000E-1	3.338893E-2	-3.338893E-2	-1.294993E-7	2.968613E+2
-5.000000E-1	3.311973E-2	-3.311973E-2	-1.284552E-7	2.972295E+2
-4.500000E-1	2.672491E-2	-2.672491E-2	-1.036528E-7	2.975967E+2
-4.000000E-1	2.089632E-2	-2.089632E-2	-8.104658E-8	2.983379E+2
-3.500000E-1	1.596808E-2	-1.596808E-2	-6.193234E-8	2.987061E+2
-3.000000E-1	1.161843E-2	-1.161843E-2	-4.506219E-8	2.990732E+2
-2.500000E-1	7.716129E-3	-7.716129E-3	-2.992708E-8	2.994414E+2
-2.000000E-1	4.888984E-3	-4.888984E-3	-1.896197E-8	2.998096E+2
-1.500000E-1	2.830889E-3	-2.830889E-3	-1.097963E-8	3.001768E+2
-1.000000E-1	1.442049E-3	-1.442049E-3	-5.593002E-9	3.009180E+2
-5.000000E-2	6.058995E-4	-6.058995E-4	-2.349987E-9	3.012861E+2
0.000000E+0	9.975668E-7	9.975668E-7	3.869072E-12	3.024600E+2
0.000000E+0	7.254109E-7	7.254109E-7	2.813513E-12	3.031641E+2
5.000000E-2	6.079016E-4	6.079016E-4	2.357752E-9	3.042783E+2
1.000000E-1	1.484578E-3	1.484578E-3	5.757951E-9	3.046465E+2
1.500000E-1	2.918162E-3	2.918162E-3	1.131812E-8	3.057607E+2
2.000000E-1	5.297731E-3	5.297731E-3	2.054730E-8	3.061279E+2
2.500000E-1	8.453843E-3	8.453843E-3	3.278831E-8	3.064961E+2
3.000000E-1	1.277327E-2	1.277327E-2	4.954124E-8	3.068643E+2
3.500000E-1	1.842979E-2	1.842979E-2	7.148012E-8	3.072314E+2
4.000000E-1	2.574774E-2	2.574774E-2	9.986284E-8	3.075996E+2
4.500000E-1	3.554381E-2	3.554381E-2	1.378570E-7	3.087197E+2
5.000000E-1	4.677034E-2	4.677034E-2	1.813992E-7	3.090869E+2
5.000000E-1	4.909770E-2	4.909770E-2	1.904259E-7	3.094551E+2
4.500000E-1	3.919985E-2	3.919985E-2	1.520370E-7	3.098223E+2
4.000000E-1	2.948630E-2	2.948630E-2	1.143629E-7	3.101904E+2
3.500000E-1	2.140878E-2	2.140878E-2	8.303417E-8	3.109316E+2
3.000000E-1	1.483178E-2	1.483178E-2	5.752521E-8	3.112988E+2
2.500000E-1	9.876529E-3	9.876529E-3	3.830621E-8	3.116670E+2
2.000000E-1	6.008133E-3	6.008133E-3	2.330260E-8	3.120352E+2
1.500000E-1	3.350050E-3	3.350050E-3	1.299320E-8	3.124023E+2
1.000000E-1	1.648774E-3	1.648774E-3	6.394784E-9	3.131436E+2
5.000000E-2	6.581928E-4	6.581928E-4	2.552807E-9	3.135117E+2
0.000000E+0	7.273325E-7	7.273325E-7	2.820966E-12	3.146855E+2
-5.000000E-2	5.998758E-4	-5.998758E-4	-2.326624E-9	3.158008E+2
-1.000000E-1	1.432976E-3	-1.432976E-3	-5.557810E-9	3.161689E+2
-1.500000E-1	2.697351E-3	-2.697351E-3	-1.046170E-8	3.172832E+2
-2.000000E-1	4.568208E-3	-4.568208E-3	-1.771784E-8	3.176504E+2
-2.500000E-1	6.969860E-3	-6.969860E-3	-2.703267E-8	3.180186E+2
-3.000000E-1	1.008717E-2	-1.008717E-2	-3.912319E-8	3.183867E+2
-3.500000E-1	1.419097E-2	-1.419097E-2	-5.503983E-8	3.187539E+2
-4.000000E-1	1.890922E-2	-1.890922E-2	-7.333958E-8	3.191221E+2
-4.500000E-1	2.433134E-2	-2.433134E-2	-9.436933E-8	3.194893E+2
-5.000000E-1	3.096135E-2	-3.096135E-2	-1.200839E-7	3.206094E+2
-5.000000E-1	3.059296E-2	-3.059296E-2	-1.186551E-7	3.209775E+2
-4.500000E-1	2.427085E-2	-2.427085E-2	-9.413472E-8	3.217188E+2
-4.000000E-1	1.925810E-2	-1.925810E-2	-7.469271E-8	3.220859E+2
-3.500000E-1	1.439483E-2	-1.439483E-2	-5.583050E-8	3.224541E+2
-3.000000E-1	1.027015E-2	-1.027015E-2	-3.983287E-8	3.228213E+2
-2.500000E-1	6.895587E-3	-6.895587E-3	-2.674460E-8	3.231895E+2
-2.000000E-1	4.422549E-3	-4.422549E-3	-1.715290E-8	3.235576E+2
-1.500000E-1	2.547290E-3	-2.547290E-3	-9.879690E-9	3.242979E+2
-1.000000E-1	1.347719E-3	-1.347719E-3	-5.227140E-9	3.246660E+2
-5.000000E-2	5.584558E-4	-5.584558E-4	-2.165976E-9	3.250342E+2
0.000000E+0	9.842881E-7	9.842881E-7	3.817571E-12	3.262080E+2
0.000000E+0	5.983409E-7	5.983409E-7	2.320671E-12	3.269121E+2
5.000000E-2	5.130154E-4	5.130154E-4	1.989735E-9	3.280264E+2
1.000000E-1	1.298685E-3	1.298685E-3	5.036960E-9	3.283945E+2
1.500000E-1	2.528115E-3	2.528115E-3	9.805319E-9	3.287627E+2
2.000000E-1	4.921517E-3	4.921517E-3	1.908815E-8	3.298760E+2
2.500000E-1	7.808639E-3	7.808639E-3	3.028588E-8	3.302441E+2
3.000000E-1	1.167312E-2	1.167312E-2	4.527430E-8	3.306123E+2
3.500000E-1	1.673488E-2	1.673488E-2	6.490639E-8	3.309795E+2
4.000000E-1	2.359019E-2	2.359019E-2	9.149476E-8	3.313477E+2
4.500000E-1	3.321165E-2	3.321165E-2	1.288117E-7	3.324678E+2
5.000000E-1	4.324705E-2	4.324705E-2	1.677341E-7	3.328350E+2
5.000000E-1	4.339605E-2	4.339605E-2	1.683120E-7	3.332031E+2
4.500000E-1	3.464681E-2	3.464681E-2	1.343780E-7	3.335703E+2
4.000000E-1	2.510160E-2	2.510160E-2	9.735678E-8	3.343115E+2
3.500000E-1	1.847298E-2	1.847298E-2	7.164763E-8	3.346797E+2
3.000000E-1	1.262569E-2	1.262569E-2	4.896887E-8	3.350469E+2
2.500000E-1	8.416615E-3	8.416615E-3	3.264392E-8	3.354150E+2
2.000000E-1	5.222898E-3	5.222898E-3	2.025706E-8	3.357832E+2
1.500000E-1	2.921416E-3	2.921416E-3	1.133074E-8	3.361504E+2
1.000000E-1	1.478873E-3	1.478873E-3	5.735823E-9	3.368916E+2
5.000000E-2	5.908968E-4	5.908968E-4	2.291799E-9	3.372598E+2
0.000000E+0	6.108429E-7	6.108429E-7	2.369160E-12	3.384336E+2
-5.000000E-2	5.317296E-4	-5.317296E-4	-2.062318E-9	3.395488E+2
-1.000000E-1	1.277104E-3	-1.277104E-3	-4.953261E-9	3.399170E+2
-1.500000E-1	2.428109E-3	-2.428109E-3	-9.417445E-9	3.402852E+2
-2.000000E-1	4.033756E-3	-4.033756E-3	-1.564496E-8	3.413984E+2
-2.500000E-1	6.342269E-3	-6.342269E-3	-2.459855E-8	3.417666E+2
-3.000000E-1	9.251606E-3	-9.251606E-3	-3.588244E-8	3.421348E+2
-3.500000E-1	1.280692E-2	-1.280692E-2	-4.967177E-8	3.425020E+2
-4.000000E-1	1.693071E-2	-1.693071E-2	-6.566590E-8	3.428701E+2
-4.500000E-1	2.169950E-2	-2.169950E-2	-8.416171E-8	3.432373E+2
-5.000000E-1	2.773754E-2	-2.773754E-2	-1.075803E-7	3.443574E+2
-5.000000E-1	2.823134E-2	-2.823134E-2	-1.094955E-7	3.447256E+2
-4.500000E-1	2.226014E-2	-2.226014E-2	-8.633616E-8	3.454668E+2
-4.000000E-1	1.742689E-2	-1.742689E-2	-6.759035E-8	3.458340E+2
-3.500000E-1	1.310876E-2	-1.310876E-2	-5.084246E-8	3.462021E+2
-3.000000E-1	9.302564E-3	-9.302564E-3	-3.608008E-8	3.465693E+2
-2.500000E-1	6.199575E-3	-6.199575E-3	-2.404511E-8	3.469375E+2
-2.000000E-1	3.892988E-3	-3.892988E-3	-1.509899E-8	3.473057E+2
-1.500000E-1	2.190303E-3	-2.190303E-3	-8.495110E-9	3.480459E+2
-1.000000E-1	1.154973E-3	-1.154973E-3	-4.479574E-9	3.484141E+2
-5.000000E-2	4.927826E-4	-4.927826E-4	-1.911262E-9	3.487822E+2
0.000000E+0	7.831370E-7	7.831370E-7	3.037404E-12	3.499561E+2
0.000000E+0	5.198548E-7	5.198548E-7	2.016262E-12	3.506602E+2
5.000000E-2	4.934432E-4	4.934432E-4	1.913824E-9	3.517744E+2
1.000000E-1	1.231940E-3	1.231940E-3	4.778092E-9	3.521426E+2
1.500000E-1	2.467100E-3	2.467100E-3	9.568669E-9	3.525107E+2
2.000000E-1	8.030033E-3	8.030033E-3	3.114456E-8	3.536250E+2
2.500000E-1	1.235326E-2	1.235326E-2	4.791224E-8	3.539922E+2
3.000000E-1	1.773846E-2	1.773846E-2	6.879878E-8	3.543604E+2
3.500000E-1	2.568784E-2	2.568784E-2	9.963053E-8	3.547275E+2
4.000000E-1	3.617967E-2	3.617967E-2	1.403232E-7	3.558477E+2
4.500000E-1	4.797678E-2	4.797678E-2	1.860784E-7	3.562158E+2
5.000000E-1	6.108754E-2	6.108754E-2	2.369286E-7	3.565830E+2
5.000000E-1	5.946826E-2	5.946826E-2	2.306482E-7	3.569512E+2
4.500000E-1	4.574897E-2	4.574897E-2	1.774378E-7	3.573184E+2
4.000000E-1	3.474098E-2	3.474098E-2	1.347432E-7	3.576865E+2
3.500000E-1	2.554593E-2	2.554593E-2	9.908015E-8	3.584277E+2
3.000000E-1	1.793380E-2	1.793380E-2	6.955641E-8	3.587949E+2
2.500000E-1	1.185097E-2	1.185097E-2	4.596411E-8	3.591631E+2
2.000000E-1	7.280611E-3	7.280611E-3	2.823792E-8	3.595312E+2
1.500000E-1	4.053820E-3	4.053820E-3	1.572278E-8	3.598984E+2
1.000000E-1	1.917809E-3	1.917809E-3	7.438240E-9	3.606396E+2
5.000000E-2	7.603736E-4	7.603736E-4	2.949116E-9	3.610078E+2
0.000000E+0	9.173380E-7	9.173380E-7	3.557904E-12	3.621816E+2
-5.000000E-2	6.376274E-4	-6.376274E-4	-2.473044E-9	3.632969E+2
-1.000000E-1	1.516778E-3	-1.516778E-3	-5.882836E-9	3.636650E+2
-1.500000E-1	2.653651E-3	-2.653651E-3	-1.029221E-8	3.647793E+2
-2.000000E-1	4.524393E-3	-4.524393E-3	-1.754790E-8	3.651475E+2
-2.500000E-1	6.851766E-3	-6.851766E-3	-2.657464E-8	3.655146E+2
-3.000000E-1	9.876650E-3	-9.876650E-3	-3.830668E-8	3.658828E+2
-3.500000E-1	1.376152E-2	-1.376152E-2	-5.337417E-8	3.662500E+2
-4.000000E-1	1.847917E-2	-1.847917E-2	-7.167165E-8	3.666182E+2
-4.500000E-1	2.323966E-2	-2.323966E-2	-9.013523E-8	3.669863E+2
-5.000000E-1	2.713403E-2	-2.713403E-2	-1.052396E-7	3.681055E+2
-5.000000E-1	2.683546E-2	-2.683546E-2	-1.040816E-7	3.684736E+2
-4.500000E-1	2.068402E-2	-2.068402E-2	-8.022317E-8	3.692148E+2
-4.000000E-1	1.621410E-2	-1.621410E-2	-6.288653E-8	3.695820E+2
-3.500000E-1	1.239398E-2	-1.239398E-2	-4.807018E-8	3.699502E+2
-3.000000E-1	8.623444E-3	-8.623444E-3	-3.344611E-8	3.703174E+2
-2.500000E-1	5.762232E-3	-5.762232E-3	-2.234887E-8	3.706855E+2
-2.000000E-1	3.723405E-3	-3.723405E-3	-1.444126E-8	3.710537E+2
-1.500000E-1	2.091175E-3	-2.091175E-3	-8.110643E-9	3.717939E+2
-1.000000E-1	1.101617E-3	-1.101617E-3	-4.272632E-9	3.721621E+2
-5.000000E-2	4.391288E-4	-4.391288E-4	-1.703165E-9	3.725303E+2
0.000000E+0	7.255004E-7	7.255004E-7	2.813860E-12	3.737041E+2
0.000000E+0	4.898918E-7	4.898918E-7	1.900050E-12	3.744082E+2
5.000000E-2	4.333750E-4	4.333750E-4	1.680849E-9	3.755225E+2
1.000000E-1	1.081718E-3	1.081718E-3	4.195454E-9	3.758906E+2
1.500000E-1	2.184146E-3	2.184146E-3	8.471233E-9	3.762588E+2
2.000000E-1	4.011953E-3	4.011953E-3	1.556040E-8	3.773730E+2
2.500000E-1	6.484153E-3	6.484153E-3	2.514885E-8	3.777402E+2
3.000000E-1	1.005524E-2	1.005524E-2	3.899934E-8	3.781084E+2
3.500000E-1	1.461222E-2	1.461222E-2	5.667363E-8	3.784756E+2
4.000000E-1	2.000693E-2	2.000693E-2	7.759706E-8	3.788438E+2
4.500000E-1	2.660166E-2	2.660166E-2	1.031748E-7	3.792119E+2
5.000000E-1	3.836224E-2	3.836224E-2	1.487883E-7	3.803311E+2
5.000000E-1	3.807318E-2	3.807318E-2	1.476672E-7	3.806992E+2
4.500000E-1	2.916159E-2	2.916159E-2	1.131035E-7	3.810664E+2
4.000000E-1	2.195723E-2	2.195723E-2	8.516133E-8	3.818076E+2
3.500000E-1	1.590497E-2	1.590497E-2	6.168758E-8	3.821758E+2
3.000000E-1	1.111988E-2	1.111988E-2	4.312857E-8	3.825430E+2
2.500000E-1	7.201666E-3	7.201666E-3	2.793173E-8	3.829111E+2
2.000000E-1	4.455229E-3	4.455229E-3	1.727965E-8	3.832793E+2
1.500000E-1	2.463668E-3	2.463668E-3	9.555359E-9	3.840195E+2
1.000000E-1	1.234198E-3	1.234198E-3	4.786848E-9	3.843877E+2
5.000000E-2	4.783593E-4	4.783593E-4	1.855321E-9	3.847559E+2
0.000000E+0	6.796397E-7	6.796397E-7	2.635989E-12	3.859297E+2
-5.000000E-2	4.407639E-4	-4.407639E-4	-1.709507E-9	3.870449E+2
-1.000000E-1	1.048458E-3	-1.048458E-3	-4.066454E-9	3.874131E+2
-1.500000E-1	2.012575E-3	-2.012575E-3	-7.805790E-9	3.877813E+2
-2.000000E-1	3.505700E-3	-3.505700E-3	-1.359689E-8	3.888955E+2
-2.500000E-1	5.295276E-3	-5.295276E-3	-2.053778E-8	3.892627E+2
-3.000000E-1	7.821891E-3	-7.821891E-3	-3.033728E-8	3.896309E+2
-3.500000E-1	1.077006E-2	-1.077006E-2	-4.177180E-8	3.899980E+2
-4.000000E-1	1.432879E-2	-1.432879E-2	-5.557433E-8	3.903662E+2
-4.500000E-1	1.857422E-2	-1.857422E-2	-7.204029E-8	3.907344E+2
-5.000000E-1	2.304015E-2	-2.304015E-2	-8.936142E-8	3.911016E+2
-5.000000E-1	2.256291E-2	-2.256291E-2	-8.751047E-8	3.914697E+2
-4.500000E-1	1.820911E-2	-1.820911E-2	-7.062420E-8	3.918369E+2
-4.000000E-1	1.429944E-2	-1.429944E-2	-5.546053E-8	3.922051E+2
-3.500000E-1	1.067302E-2	-1.067302E-2	-4.139541E-8	3.925732E+2
-3.000000E-1	7.611096E-3	-7.611096E-3	-2.951971E-8	3.929404E+2
-2.500000E-1	5.137314E-3	-5.137314E-3	-1.992512E-8	3.933086E+2
-2.000000E-1	3.210795E-3	-3.210795E-3	-1.245310E-8	3.936758E+2
-1.500000E-1	1.828641E-3	-1.828641E-3	-7.092403E-9	3.944170E+2
-1.000000E-1	9.076642E-4	-9.076642E-4	-3.520384E-9	3.947852E+2
-5.000000E-2	3.701600E-4	-3.701600E-4	-1.435669E-9	3.951523E+2
0.000000E+0	7.012944E-7	7.012944E-7	2.719977E-12	3.963271E+2
0.000000E+0	4.943858E-7	4.943858E-7	1.917480E-12	3.970303E+2
5.000000E-2	3.683990E-4	3.683990E-4	1.428839E-9	3.981455E+2
1.000000E-1	9.183069E-4	9.183069E-4	3.561662E-9	3.985137E+2
1.500000E-1	1.814970E-3	1.814970E-3	7.039378E-9	3.988809E+2
2.000000E-1	3.256676E-3	3.256676E-3	1.263105E-8	3.999951E+2
2.500000E-1	5.324409E-3	5.324409E-3	2.065077E-8	4.003633E+2
3.000000E-1	8.022448E-3	8.022448E-3	3.111514E-8	4.007314E+2
3.500000E-1	1.168162E-2	1.168162E-2	4.530727E-8	4.010986E+2
4.000000E-1	1.595278E-2	1.595278E-2	6.187301E-8	4.014668E+2
4.500000E-1	2.106437E-2	2.106437E-2	8.169836E-8	4.018340E+2
5.000000E-1	3.041911E-2	3.041911E-2	1.179808E-7	4.029541E+2
5.000000E-1	3.126278E-2	3.126278E-2	1.212530E-7	4.033223E+2
4.500000E-1	2.385916E-2	2.385916E-2	9.253796E-8	4.040625E+2
4.000000E-1	1.817028E-2	1.817028E-2	7.047360E-8	4.044307E+2
3.500000E-1	1.324972E-2	1.324972E-2	5.138915E-8	4.047988E+2
3.000000E-1	9.287160E-3	9.287160E-3	3.602034E-8	4.051660E+2
2.500000E-1	6.029035E-3	6.029035E-3	2.338367E-8	4.055342E+2
2.000000E-1	3.746695E-3	3.746695E-3	1.453159E-8	4.059014E+2
1.500000E-1	2.111254E-3	2.111254E-3	8.188519E-9	4.066426E+2
1.000000E-1	1.051116E-3	1.051116E-3	4.076764E-9	4.070107E+2
5.000000E-2	4.173542E-4	4.173542E-4	1.618712E-9	4.073779E+2
0.000000E+0	5.518004E-7	5.518004E-7	2.140163E-12	4.085527E+2
-5.000000E-2	3.732357E-4	-3.732357E-4	-1.447598E-9	4.096680E+2
-1.000000E-1	8.935678E-4	-8.935678E-4	-3.465711E-9	4.100361E+2
-1.500000E-1	1.717269E-3	-1.717269E-3	-6.660443E-9	4.104043E+2
-2.000000E-1	2.591792E-3	-2.591792E-3	-1.005229E-8	4.115176E+2
-2.500000E-1	4.048313E-3	-4.048313E-3	-1.570142E-8	4.118857E+2
-3.000000E-1	6.095942E-3	-6.095942E-3	-2.364317E-8	4.122539E+2
-3.500000E-1	8.513569E-3	-8.513569E-3	-3.301996E-8	4.126211E+2
-4.000000E-1	1.131382E-2	-1.131382E-2	-4.388075E-8	4.129893E+2
-4.500000E-1	1.511010E-2	-1.511010E-2	-5.860468E-8	4.133564E+2
-5.000000E-1	1.841831E-2	-1.841831E-2	-7.143557E-8	4.137246E+2
-5.000000E-1	1.860011E-2	-1.860011E-2	-7.214071E-8	4.140928E+2
-4.500000E-1	1.495068E-2	-1.495068E-2	-5.798634E-8	4.144600E+2
-4.000000E-1	1.163740E-2	-1.163740E-2	-4.513576E-8	4.148281E+2
-3.500000E-1	8.748046E-3	-8.748046E-3	-3.392938E-8	4.151953E+2
-3.000000E-1	6.189066E-3	-6.189066E-3	-2.400435E-8	4.155635E+2
-2.500000E-1	4.204724E-3	-4.204724E-3	-1.630806E-8	4.159316E+2
-2.000000E-1	2.647391E-3	-2.647391E-3	-1.026793E-8	4.162988E+2
-1.500000E-1	1.512957E-3	-1.512957E-3	-5.868017E-9	4.170400E+2
-1.000000E-1	7.926870E-4	-7.926870E-4	-3.074444E-9	4.174082E+2
-5.000000E-2	3.197801E-4	-3.197801E-4	-1.240270E-9	4.177754E+2
0.000000E+0	5.382428E-7	5.382428E-7	2.087580E-12	4.189502E+2
0.000000E+0	3.164922E-7	3.164922E-7	1.227518E-12	4.196533E+2
5.000000E-2	3.145280E-4	3.145280E-4	1.219900E-9	4.207686E+2
1.000000E-1	7.799793E-4	7.799793E-4	3.025157E-9	4.211367E+2
1.500000E-1	1.550007E-3	1.550007E-3	6.011717E-9	4.215039E+2
2.000000E-1	2.702278E-3	2.702278E-3	1.048081E-8	4.218721E+2
2.500000E-1	4.762474E-3	4.762474E-3	1.847130E-8	4.229863E+2
3.000000E-1	7.258064E-3	7.258064E-3	2.815047E-8	4.233535E+2
3.500000E-1	1.047327E-2	1.047327E-2	4.062066E-8	4.237217E+2
4.000000E-1	1.451401E-2	1.451401E-2	5.629271E-8	4.240898E+2
4.500000E-1	1.933510E-2	1.933510E-2	7.499138E-8	4.244570E+2
5.000000E-1	2.546807E-2	2.546807E-2	9.877814E-8	4.248252E+2
5.000000E-1	2.555651E-2	2.555651E-2	9.912118E-8	4.251924E+2
4.500000E-1	1.996574E-2	1.996574E-2	7.743731E-8	4.255605E+2
4.000000E-1	1.485097E-2	1.485097E-2	5.759963E-8	4.259287E+2
3.500000E-1	1.094342E-2	1.094342E-2	4.244415E-8	4.262959E+2
3.000000E-1	7.755828E-3	7.755828E-3	3.008105E-8	4.266641E+2
2.500000E-1	5.162107E-3	5.162107E-3	2.002128E-8	4.270313E+2
2.000000E-1	3.156254E-3	3.156254E-3	1.224156E-8	4.273994E+2
1.500000E-1	1.754629E-3	1.754629E-3	6.805345E-9	4.281406E+2
1.000000E-1	8.772393E-4	8.772393E-4	3.402381E-9	4.285078E+2
5.000000E-2	3.489377E-4	3.489377E-4	1.353358E-9	4.288760E+2
0.000000E+0	3.355243E-7	3.355243E-7	1.301334E-12	4.300508E+2
-5.000000E-2	3.436560E-4	-3.436560E-4	-1.332873E-9	4.311660E+2
-1.000000E-1	8.289723E-4	-8.289723E-4	-3.215177E-9	4.315342E+2
-1.500000E-1	1.549199E-3	-1.549199E-3	-6.008584E-9	4.319014E+2
-2.000000E-1	2.652591E-3	-2.652591E-3	-1.028810E-8	4.322695E+2
-2.500000E-1	3.885784E-3	-3.885784E-3	-1.507105E-8	4.333838E+2
-3.000000E-1	5.549284E-3	-5.549284E-3	-2.152295E-8	4.337510E+2
-3.500000E-1	7.889961E-3	-7.889961E-3	-3.060129E-8	4.341191E+2
-4.000000E-1	1.049344E-2	-1.049344E-2	-4.069892E-8	4.344863E+2
-4.500000E-1	1.330645E-2	-1.330645E-2	-5.160921E-8	4.348545E+2
-5.000000E-1	1.666494E-2	-1.666494E-2	-6.463512E-8	4.352227E+2
-5.000000E-1	1.672986E-2	-1.672986E-2	-6.488693E-8	4.355898E+2
-4.500000E-1	1.334523E-2	-1.334523E-2	-5.175959E-8	4.359580E+2
-4.000000E-1	1.047949E-2	-1.047949E-2	-4.064478E-8	4.363262E+2
-3.500000E-1	7.813314E-3	-7.813314E-3	-3.030401E-8	4.366934E+2
-3.000000E-1	5.590029E-3	-5.590029E-3	-2.168098E-8	4.370615E+2
-2.500000E-1	3.852289E-3	-3.852289E-3	-1.494114E-8	4.374287E+2
-2.000000E-1	2.326551E-3	-2.326551E-3	-9.023550E-9	4.381699E+2
-1.500000E-1	1.432846E-3	-1.432846E-3	-5.557308E-9	4.385381E+2
-1.000000E-1	7.288591E-4	-7.288591E-4	-2.826887E-9	4.389053E+2
-5.000000E-2	3.029035E-4	-3.029035E-4	-1.174814E-9	4.392734E+2
0.000000E+0	4.260222E-7	4.260222E-7	1.652331E-12	4.404473E+2
0.000000E+0	2.933810E-7	2.933810E-7	1.137881E-12	4.411514E+2
5.000000E-2	3.093286E-4	3.093286E-4	1.199734E-9	4.422666E+2
1.000000E-1	7.748067E-4	7.748067E-4	3.005095E-9	4.426338E+2
1.500000E-1	1.529379E-3	1.529379E-3	5.931710E-9	4.430020E+2
2.000000E-1	2.818851E-3	2.818851E-3	1.093294E-8	4.441162E+2
2.500000E-1	4.446605E-3	4.446605E-3	1.724620E-8	4.444834E+2
3.000000E-1	7.056471E-3	7.056471E-3	2.736859E-8	4.448516E+2
3.500000E-1	1.018909E-2	1.018909E-2	3.951848E-8	4.452197E+2
4.000000E-1	1.409090E-2	1.409090E-2	5.465167E-8	4.455869E+2
4.500000E-1	1.874308E-2	1.874308E-2	7.269520E-8	4.459551E+2
5.000000E-1	2.434600E-2	2.434600E-2	9.442618E-8	4.463223E+2
5.000000E-1	2.471442E-2	2.471442E-2	9.585511E-8	4.466904E+2
4.500000E-1	1.974812E-2	1.974812E-2	7.659325E-8	4.470586E+2
4.000000E-1	1.478545E-2	1.478545E-2	5.734551E-8	4.474258E+2
3.500000E-1	1.065298E-2	1.065298E-2	4.131770E-8	4.477939E+2
3.000000E-1	7.520253E-3	7.520253E-3	2.916737E-8	4.481611E+2
2.500000E-1	4.901076E-3	4.901076E-3	1.900887E-8	4.485293E+2
2.000000E-1	3.014547E-3	3.014547E-3	1.169195E-8	4.488975E+2
1.500000E-1	1.637027E-3	1.637027E-3	6.349223E-9	4.496377E+2
1.000000E-1	8.243564E-4	8.243564E-4	3.197274E-9	4.500059E+2
5.000000E-2	3.268253E-4	3.268253E-4	1.267595E-9	4.503740E+2
0.000000E+0	3.350555E-7	3.350555E-7	1.299516E-12	4.515479E+2
-5.000000E-2	2.996486E-4	-2.996486E-4	-1.162190E-9	4.526631E+2
-1.000000E-1	7.440640E-4	-7.440640E-4	-2.885859E-9	4.530312E+2
-1.500000E-1	1.396437E-3	-1.396437E-3	-5.416096E-9	4.533994E+2
-2.000000E-1	2.396483E-3	-2.396483E-3	-9.294780E-9	4.537666E+2
-2.500000E-1	3.677346E-3	-3.677346E-3	-1.426262E-8	4.548809E+2
-3.000000E-1	5.374144E-3	-5.374144E-3	-2.084367E-8	4.552490E+2
-3.500000E-1	7.336507E-3	-7.336507E-3	-2.845471E-8	4.556162E+2
-4.000000E-1	9.831754E-3	-9.831754E-3	-3.813255E-8	4.559844E+2
-4.500000E-1	1.258541E-2	-1.258541E-2	-4.881264E-8	4.563525E+2
-5.000000E-1	1.590964E-2	-1.590964E-2	-6.170569E-8	4.567197E+2
-5.000000E-1	1.609144E-2	-1.609144E-2	-6.241079E-8	4.570879E+2
-4.500000E-1	1.280736E-2	-1.280736E-2	-4.967347E-8	4.574551E+2
-4.000000E-1	1.001803E-2	-1.001803E-2	-3.885501E-8	4.578232E+2
-3.500000E-1	7.547722E-3	-7.547722E-3	-2.927391E-8	4.581914E+2
-3.000000E-1	5.430408E-3	-5.430408E-3	-2.106189E-8	4.585586E+2
-2.500000E-1	3.749249E-3	-3.749249E-3	-1.454150E-8	4.589268E+2
-2.000000E-1	2.342596E-3	-2.342596E-3	-9.085781E-9	4.596680E+2
-1.500000E-1	1.367863E-3	-1.367863E-3	-5.305269E-9	4.600352E+2
-1.000000E-1	7.062198E-4	-7.062198E-4	-2.739080E-9	4.604033E+2
-5.000000E-2	2.914339E-4	-2.914339E-4	-1.130329E-9	4.607705E+2
0.000000E+0	4.139747E-7	4.139747E-7	1.605605E-12	4.619453E+2
