voltage_7_8_20	absJ_7_8_20	J_7_8_20	current_7_8_20	time_7_8_20	
0.000000E+0	1.492521E-6	1.492521E-6	1.386520E-11	0.000000E+0
5.000000E-2	1.077477E-5	1.077477E-5	1.000953E-10	6.025391E-1
1.000000E-1	1.324173E-4	1.324173E-4	1.230128E-9	2.238281E+0
1.500000E-1	1.752804E-4	1.752804E-4	1.628317E-9	2.506836E+0
2.000000E-1	2.830394E-4	2.830394E-4	2.629375E-9	2.774414E+0
2.500000E-1	3.860073E-4	3.860073E-4	3.585924E-9	3.042969E+0
3.000000E-1	5.343684E-4	5.343684E-4	4.964167E-9	3.310547E+0
3.500000E-1	6.925709E-4	6.925709E-4	6.433834E-9	3.578125E+0
4.000000E-1	9.715433E-4	9.715433E-4	9.025427E-9	3.846680E+0
4.500000E-1	1.167585E-3	1.167585E-3	1.084661E-8	4.661133E+0
5.000000E-1	1.377398E-3	1.377398E-3	1.279573E-8	4.928711E+0
5.000000E-1	1.249170E-3	1.249170E-3	1.160452E-8	5.197266E+0
4.500000E-1	1.108870E-3	1.108870E-3	1.030116E-8	5.464844E+0
4.000000E-1	9.100486E-4	9.100486E-4	8.454155E-9	6.006836E+0
3.500000E-1	7.104945E-4	7.104945E-4	6.600340E-9	6.274414E+0
3.000000E-1	5.784969E-4	5.784969E-4	5.374111E-9	6.542969E+0
2.500000E-1	4.200299E-4	4.200299E-4	3.901987E-9	6.810547E+0
2.000000E-1	2.930089E-4	2.930089E-4	2.721989E-9	7.078125E+0
1.500000E-1	1.719615E-4	1.719615E-4	1.597485E-9	7.346680E+0
1.000000E-1	1.002524E-4	1.002524E-4	9.313230E-10	7.887695E+0
5.000000E-2	4.419498E-5	4.419498E-5	4.105618E-10	8.156250E+0
0.000000E+0	7.423819E-7	7.423819E-7	6.896567E-12	9.131836E+0
-5.000000E-2	4.802827E-5	-4.802827E-5	-4.461722E-10	9.948242E+0
-1.000000E-1	9.940077E-5	-9.940077E-5	-9.234116E-10	1.103125E+1
-1.500000E-1	1.602765E-4	-1.602765E-4	-1.488934E-9	1.129883E+1
-2.000000E-1	2.405534E-4	-2.405534E-4	-2.234689E-9	1.156738E+1
-2.500000E-1	3.150290E-4	-3.150290E-4	-2.926551E-9	1.183496E+1
-3.000000E-1	5.263225E-4	-5.263225E-4	-4.889422E-9	1.210352E+1
-3.500000E-1	5.224398E-4	-5.224398E-4	-4.853353E-9	1.237109E+1
-4.000000E-1	7.114336E-4	-7.114336E-4	-6.609064E-9	1.263867E+1
-4.500000E-1	9.438870E-4	-9.438870E-4	-8.768506E-9	1.290723E+1
-5.000000E-1	1.385311E-3	-1.385311E-3	-1.286924E-8	1.372168E+1
-5.000000E-1	1.382617E-3	-1.382617E-3	-1.284421E-8	1.399023E+1
-4.500000E-1	1.081583E-3	-1.081583E-3	-1.004767E-8	1.425781E+1
-4.000000E-1	8.209046E-4	-8.209046E-4	-7.626026E-9	1.479883E+1
-3.500000E-1	1.030264E-3	-1.030264E-3	-9.570925E-9	1.506738E+1
-3.000000E-1	7.320871E-4	-7.320871E-4	-6.800931E-9	1.533496E+1
-2.500000E-1	3.521940E-4	-3.521940E-4	-3.271806E-9	1.560352E+1
-2.000000E-1	3.229438E-4	-3.229438E-4	-3.000078E-9	1.587109E+1
-1.500000E-1	1.981976E-4	-1.981976E-4	-1.841213E-9	1.613867E+1
-1.000000E-1	1.093984E-4	-1.093984E-4	-1.016287E-9	1.640723E+1
-5.000000E-2	4.471386E-5	-4.471386E-5	-4.153821E-10	1.694824E+1
0.000000E+0	3.617451E-7	-3.617451E-7	-3.360534E-12	1.792383E+1
0.000000E+0	1.799045E-7	1.799045E-7	1.671274E-12	1.852734E+1
5.000000E-2	1.099108E-5	1.099108E-5	1.021048E-10	1.913086E+1
1.000000E-1	1.496695E-4	1.496695E-4	1.390397E-9	1.994629E+1
1.500000E-1	2.785690E-4	2.785690E-4	2.587846E-9	2.021484E+1
2.000000E-1	4.250357E-4	4.250357E-4	3.948490E-9	2.048242E+1
2.500000E-1	6.149776E-4	6.149776E-4	5.713009E-9	2.075098E+1
3.000000E-1	7.515547E-4	7.515547E-4	6.981781E-9	2.101855E+1
3.500000E-1	9.827563E-4	9.827563E-4	9.129593E-9	2.183301E+1
4.000000E-1	1.182176E-3	1.182176E-3	1.098216E-8	2.210156E+1
4.500000E-1	1.369071E-3	1.369071E-3	1.271837E-8	2.236914E+1
5.000000E-1	1.517433E-3	1.517433E-3	1.409662E-8	2.263672E+1
5.000000E-1	1.437085E-3	1.437085E-3	1.335021E-8	2.290527E+1
4.500000E-1	1.326455E-3	1.326455E-3	1.232248E-8	2.317285E+1
4.000000E-1	1.178344E-3	1.178344E-3	1.094656E-8	2.344141E+1
3.500000E-1	8.917117E-4	8.917117E-4	8.283809E-9	2.398242E+1
3.000000E-1	5.313433E-4	5.313433E-4	4.936064E-9	2.425098E+1
2.500000E-1	4.058501E-4	4.058501E-4	3.770259E-9	2.451855E+1
2.000000E-1	2.854948E-4	2.854948E-4	2.652185E-9	2.478613E+1
1.500000E-1	2.925825E-4	2.925825E-4	2.718028E-9	2.505469E+1
1.000000E-1	8.618851E-5	8.618851E-5	8.006726E-10	2.559570E+1
5.000000E-2	5.820002E-5	5.820002E-5	5.406656E-10	2.586426E+1
0.000000E+0	3.273456E-7	3.273456E-7	3.040970E-12	2.683984E+1
-5.000000E-2	1.110499E-5	-1.110499E-5	-1.031630E-10	2.744336E+1
-1.000000E-1	1.495893E-4	-1.495893E-4	-1.389652E-9	2.825879E+1
-1.500000E-1	2.133307E-4	-2.133307E-4	-1.981796E-9	2.852734E+1
-2.000000E-1	3.297919E-4	-3.297919E-4	-3.063695E-9	2.879492E+1
-2.500000E-1	4.514031E-4	-4.514031E-4	-4.193437E-9	2.906348E+1
-3.000000E-1	5.929063E-4	-5.929063E-4	-5.507971E-9	2.933105E+1
-3.500000E-1	5.794182E-4	-5.794182E-4	-5.382670E-9	2.959863E+1
-4.000000E-1	7.274463E-4	-7.274463E-4	-6.757819E-9	2.986719E+1
-4.500000E-1	9.056258E-4	-9.056258E-4	-8.413068E-9	3.068164E+1
-5.000000E-1	1.150353E-3	-1.150353E-3	-1.068653E-8	3.095020E+1
-5.000000E-1	1.838260E-3	-1.838260E-3	-1.707704E-8	3.121777E+1
-4.500000E-1	1.152710E-3	-1.152710E-3	-1.070843E-8	3.148535E+1
-4.000000E-1	1.093507E-3	-1.093507E-3	-1.015844E-8	3.202734E+1
-3.500000E-1	6.185520E-4	-6.185520E-4	-5.746214E-9	3.229492E+1
-3.000000E-1	6.805152E-4	-6.805152E-4	-6.321839E-9	3.256348E+1
-2.500000E-1	5.160804E-4	-5.160804E-4	-4.794275E-9	3.283105E+1
-2.000000E-1	3.739006E-4	-3.739006E-4	-3.473456E-9	3.309961E+1
-1.500000E-1	1.908344E-4	-1.908344E-4	-1.772810E-9	3.336719E+1
-1.000000E-1	1.250370E-4	-1.250370E-4	-1.161567E-9	3.363477E+1
-5.000000E-2	4.958943E-5	-4.958943E-5	-4.606751E-10	3.417676E+1
0.000000E+0	1.229280E-7	-1.229280E-7	-1.141975E-12	3.515137E+1
0.000000E+0	1.640127E-8	1.640127E-8	1.523642E-13	3.575586E+1
5.000000E-2	5.529854E-5	5.529854E-5	5.137115E-10	3.657129E+1
1.000000E-1	1.065704E-4	1.065704E-4	9.900155E-10	3.683984E+1
1.500000E-1	2.140843E-4	2.140843E-4	1.988797E-9	3.765527E+1
2.000000E-1	3.281174E-4	3.281174E-4	3.048140E-9	3.792285E+1
2.500000E-1	5.095499E-4	5.095499E-4	4.733608E-9	3.819141E+1
3.000000E-1	6.499968E-4	6.499968E-4	6.038330E-9	3.845898E+1
3.500000E-1	7.452583E-4	7.452583E-4	6.923288E-9	3.872754E+1
4.000000E-1	6.577570E-4	6.577570E-4	6.110420E-9	3.899512E+1
4.500000E-1	6.936126E-4	6.936126E-4	6.443511E-9	3.926367E+1
5.000000E-1	8.327177E-4	8.327177E-4	7.735768E-9	3.953125E+1
5.000000E-1	1.036216E-3	1.036216E-3	9.626221E-9	3.979883E+1
4.500000E-1	7.795849E-4	7.795849E-4	7.242175E-9	4.006738E+1
4.000000E-1	6.449197E-4	6.449197E-4	5.991165E-9	4.033496E+1
3.500000E-1	5.241427E-4	5.241427E-4	4.869172E-9	4.060352E+1
3.000000E-1	3.863733E-4	3.863733E-4	3.589324E-9	4.087109E+1
2.500000E-1	2.647129E-4	2.647129E-4	2.459126E-9	4.113867E+1
2.000000E-1	1.897128E-4	1.897128E-4	1.762391E-9	4.140723E+1
1.500000E-1	1.286677E-4	1.286677E-4	1.195295E-9	4.167480E+1
1.000000E-1	6.606569E-5	6.606569E-5	6.137360E-10	4.221680E+1
5.000000E-2	4.185798E-5	4.185798E-5	3.888516E-10	4.248535E+1
0.000000E+0	3.428043E-7	-3.428043E-7	-3.184578E-12	4.345996E+1
-5.000000E-2	1.074743E-5	-1.074743E-5	-9.984127E-11	4.406445E+1
-1.000000E-1	1.117467E-4	-1.117467E-4	-1.038103E-9	4.487988E+1
-1.500000E-1	1.827144E-4	-1.827144E-4	-1.697377E-9	4.514746E+1
-2.000000E-1	2.737915E-4	-2.737915E-4	-2.543464E-9	4.541602E+1
-2.500000E-1	3.993643E-4	-3.993643E-4	-3.710008E-9	4.568359E+1
-3.000000E-1	4.961483E-4	-4.961483E-4	-4.609110E-9	4.595215E+1
-3.500000E-1	6.755986E-4	-6.755986E-4	-6.276165E-9	4.621973E+1
-4.000000E-1	8.323774E-4	-8.323774E-4	-7.732606E-9	4.648730E+1
-4.500000E-1	1.054032E-3	-1.054032E-3	-9.791728E-9	4.675586E+1
-5.000000E-1	6.845722E-4	-6.845722E-4	-6.359528E-9	4.757031E+1
-5.000000E-1	6.563587E-4	-6.563587E-4	-6.097430E-9	4.811133E+1
-4.500000E-1	6.653313E-4	-6.653313E-4	-6.180784E-9	4.837988E+1
-4.000000E-1	6.194346E-4	-6.194346E-4	-5.754414E-9	4.864746E+1
-3.500000E-1	5.397664E-4	-5.397664E-4	-5.014313E-9	4.891602E+1
-3.000000E-1	4.196256E-4	-4.196256E-4	-3.898231E-9	4.918359E+1
-2.500000E-1	3.205959E-4	-3.205959E-4	-2.978267E-9	4.945117E+1
-2.000000E-1	2.013346E-4	-2.013346E-4	-1.870355E-9	4.971973E+1
-1.500000E-1	1.409046E-4	-1.409046E-4	-1.308973E-9	4.998730E+1
-1.000000E-1	8.673131E-5	-8.673131E-5	-8.057151E-10	5.052930E+1
-5.000000E-2	3.477545E-5	-3.477545E-5	-3.230564E-10	5.079785E+1
0.000000E+0	5.361821E-8	-5.361821E-8	-4.981016E-13	5.177246E+1
0.000000E+0	9.368098E-8	9.368098E-8	8.702761E-13	5.237695E+1
5.000000E-2	2.156290E-5	2.156290E-5	2.003147E-10	5.319238E+1
1.000000E-1	6.305379E-5	6.305379E-5	5.857561E-10	5.346094E+1
1.500000E-1	1.165379E-4	1.165379E-4	1.082612E-9	5.427637E+1
2.000000E-1	1.941666E-4	1.941666E-4	1.803766E-9	5.454395E+1
2.500000E-1	2.851075E-4	2.851075E-4	2.648587E-9	5.481250E+1
3.000000E-1	3.841066E-4	3.841066E-4	3.568267E-9	5.508008E+1
3.500000E-1	5.214971E-4	5.214971E-4	4.844595E-9	5.534863E+1
4.000000E-1	6.544751E-4	6.544751E-4	6.079932E-9	5.561621E+1
4.500000E-1	8.917770E-4	8.917770E-4	8.284416E-9	5.588477E+1
5.000000E-1	8.142115E-4	8.142115E-4	7.563849E-9	5.615234E+1
5.000000E-1	8.141679E-4	8.141679E-4	7.563444E-9	5.641992E+1
4.500000E-1	6.986844E-4	6.986844E-4	6.490627E-9	5.668848E+1
4.000000E-1	5.138652E-4	5.138652E-4	4.773696E-9	5.695605E+1
3.500000E-1	4.241022E-4	4.241022E-4	3.939818E-9	5.722461E+1
3.000000E-1	3.159667E-4	3.159667E-4	2.935262E-9	5.749219E+1
2.500000E-1	2.025529E-4	2.025529E-4	1.881673E-9	5.775977E+1
2.000000E-1	1.444759E-4	1.444759E-4	1.342150E-9	5.802832E+1
1.500000E-1	8.809001E-5	8.809001E-5	8.183371E-10	5.856934E+1
1.000000E-1	3.690837E-5	3.690837E-5	3.428708E-10	5.883789E+1
5.000000E-2	1.626092E-5	1.626092E-5	1.510604E-10	5.910645E+1
0.000000E+0	8.651038E-8	-8.651038E-8	-8.036627E-13	6.008203E+1
-5.000000E-2	1.005212E-5	-1.005212E-5	-9.338200E-11	6.068555E+1
-1.000000E-1	7.101382E-5	-7.101382E-5	-6.597030E-10	6.150195E+1
-1.500000E-1	8.660133E-5	-8.660133E-5	-8.045076E-10	6.177051E+1
-2.000000E-1	2.191020E-4	-2.191020E-4	-2.035410E-9	6.258594E+1
-2.500000E-1	2.401706E-4	-2.401706E-4	-2.231133E-9	6.285352E+1
-3.000000E-1	3.141831E-4	-3.141831E-4	-2.918693E-9	6.312109E+1
-3.500000E-1	3.841445E-4	-3.841445E-4	-3.568619E-9	6.338965E+1
-4.000000E-1	4.910548E-4	-4.910548E-4	-4.561793E-9	6.365723E+1
-4.500000E-1	8.662431E-4	-8.662431E-4	-8.047211E-9	6.392578E+1
-5.000000E-1	9.947750E-4	-9.947750E-4	-9.241244E-9	6.419336E+1
-5.000000E-1	6.312573E-4	-6.312573E-4	-5.864244E-9	6.446094E+1
-4.500000E-1	7.985954E-4	-7.985954E-4	-7.418778E-9	6.472949E+1
-4.000000E-1	6.663023E-4	-6.663023E-4	-6.189804E-9	6.499707E+1
-3.500000E-1	3.953993E-4	-3.953993E-4	-3.673174E-9	6.526563E+1
-3.000000E-1	2.940815E-4	-2.940815E-4	-2.731953E-9	6.553320E+1
-2.500000E-1	2.191631E-4	-2.191631E-4	-2.035978E-9	6.580078E+1
-2.000000E-1	1.515994E-4	-1.515994E-4	-1.408326E-9	6.606934E+1
-1.500000E-1	9.201177E-5	-9.201177E-5	-8.547694E-10	6.661035E+1
-1.000000E-1	5.939257E-5	-5.939257E-5	-5.517441E-10	6.687891E+1
-5.000000E-2	1.850783E-5	-1.850783E-5	-1.719337E-10	6.714746E+1
0.000000E+0	5.116243E-7	5.116243E-7	4.752879E-12	6.812305E+1
0.000000E+0	3.433795E-7	3.433795E-7	3.189921E-12	6.872656E+1
5.000000E-2	1.044381E-5	1.044381E-5	9.702070E-11	6.933008E+1
1.000000E-1	1.154110E-4	1.154110E-4	1.072143E-9	7.014551E+1
1.500000E-1	2.218628E-4	2.218628E-4	2.061057E-9	7.041406E+1
2.000000E-1	3.497141E-4	3.497141E-4	3.248768E-9	7.068164E+1
2.500000E-1	4.410114E-4	4.410114E-4	4.096900E-9	7.094922E+1
3.000000E-1	6.057084E-4	6.057084E-4	5.626900E-9	7.121777E+1
3.500000E-1	8.841232E-4	8.841232E-4	8.213314E-9	7.148535E+1
4.000000E-1	4.252357E-4	4.252357E-4	3.950348E-9	7.229980E+1
4.500000E-1	6.521820E-4	6.521820E-4	6.058630E-9	7.284180E+1
5.000000E-1	1.069887E-3	1.069887E-3	9.939018E-9	7.310937E+1
5.000000E-1	5.651706E-4	5.651706E-4	5.250312E-9	7.337793E+1
4.500000E-1	5.697255E-4	5.697255E-4	5.292627E-9	7.364551E+1
4.000000E-1	5.094866E-4	5.094866E-4	4.733020E-9	7.391309E+1
3.500000E-1	3.971847E-4	3.971847E-4	3.689760E-9	7.418164E+1
3.000000E-1	3.167922E-4	3.167922E-4	2.942931E-9	7.444922E+1
2.500000E-1	2.330279E-4	2.330279E-4	2.164779E-9	7.471777E+1
2.000000E-1	1.662788E-4	1.662788E-4	1.544694E-9	7.498535E+1
1.500000E-1	1.079630E-4	1.079630E-4	1.002953E-9	7.525293E+1
1.000000E-1	5.930301E-5	5.930301E-5	5.509121E-10	7.579492E+1
5.000000E-2	2.450132E-5	2.450132E-5	2.276120E-10	7.606348E+1
0.000000E+0	1.395908E-7	-1.395908E-7	-1.296768E-12	7.703809E+1
-5.000000E-2	1.047578E-5	-1.047578E-5	-9.731776E-11	7.764258E+1
-1.000000E-1	5.331625E-5	-5.331625E-5	-4.952964E-10	7.845801E+1
-1.500000E-1	6.884899E-5	-6.884899E-5	-6.395922E-10	7.872656E+1
-2.000000E-1	1.111342E-4	-1.111342E-4	-1.032413E-9	7.954199E+1
-2.500000E-1	1.686862E-4	-1.686862E-4	-1.567058E-9	7.980957E+1
-3.000000E-1	2.149396E-4	-2.149396E-4	-1.996742E-9	8.007813E+1
-3.500000E-1	2.629765E-4	-2.629765E-4	-2.442995E-9	8.034570E+1
-4.000000E-1	3.261234E-4	-3.261234E-4	-3.029616E-9	8.061426E+1
-4.500000E-1	3.954324E-4	-3.954324E-4	-3.673481E-9	8.088184E+1
-5.000000E-1	4.480277E-4	-4.480277E-4	-4.162080E-9	8.114941E+1
-5.000000E-1	4.470225E-4	-4.470225E-4	-4.152742E-9	8.141797E+1
-4.500000E-1	3.272670E-4	-3.272670E-4	-3.040240E-9	8.168555E+1
-4.000000E-1	2.545466E-4	-2.545466E-4	-2.364683E-9	8.195410E+1
-3.500000E-1	1.888244E-4	-1.888244E-4	-1.754138E-9	8.222168E+1
-3.000000E-1	1.365544E-4	-1.365544E-4	-1.268561E-9	8.248926E+1
-2.500000E-1	1.025183E-4	-1.025183E-4	-9.523728E-10	8.303125E+1
-2.000000E-1	7.028143E-5	-7.028143E-5	-6.528993E-10	8.329980E+1
-1.500000E-1	4.684703E-5	-4.684703E-5	-4.351988E-10	8.356836E+1
-1.000000E-1	2.480201E-5	-2.480201E-5	-2.304053E-10	8.383691E+1
-5.000000E-2	1.208384E-5	-1.208384E-5	-1.122563E-10	8.410547E+1
0.000000E+0	1.276218E-8	-1.276218E-8	-1.185579E-13	8.508105E+1
0.000000E+0	7.783095E-9	7.783095E-9	7.230327E-14	8.568457E+1
5.000000E-2	8.064942E-6	8.064942E-6	7.492156E-11	8.628809E+1
1.000000E-1	3.534487E-5	3.534487E-5	3.283462E-10	8.710352E+1
1.500000E-1	6.017886E-5	6.017886E-5	5.590486E-10	8.737207E+1
2.000000E-1	8.206256E-5	8.206256E-5	7.623434E-10	8.764063E+1
2.500000E-1	9.875066E-5	9.875066E-5	9.173723E-10	8.790918E+1
3.000000E-1	1.074721E-4	1.074721E-4	9.983929E-10	8.817773E+1
3.500000E-1	1.125613E-4	1.125613E-4	1.045670E-9	8.844629E+1
4.000000E-1	2.213563E-4	2.213563E-4	2.056352E-9	8.926172E+1
4.500000E-1	2.746753E-4	2.746753E-4	2.551674E-9	8.952930E+1
5.000000E-1	3.454690E-4	3.454690E-4	3.209332E-9	8.979785E+1
5.000000E-1	3.295077E-4	3.295077E-4	3.061055E-9	9.006543E+1
4.500000E-1	2.796241E-4	2.796241E-4	2.597647E-9	9.033398E+1
4.000000E-1	2.323538E-4	2.323538E-4	2.158517E-9	9.060156E+1
3.500000E-1	1.914307E-4	1.914307E-4	1.778350E-9	9.086914E+1
3.000000E-1	1.506718E-4	1.506718E-4	1.399708E-9	9.113770E+1
2.500000E-1	1.048243E-4	1.048243E-4	9.737950E-10	9.167871E+1
2.000000E-1	7.061767E-5	7.061767E-5	6.560229E-10	9.194727E+1
1.500000E-1	5.618606E-5	5.618606E-5	5.219563E-10	9.221582E+1
1.000000E-1	3.100973E-5	3.100973E-5	2.880737E-10	9.248437E+1
5.000000E-2	1.403362E-5	1.403362E-5	1.303693E-10	9.275293E+1
0.000000E+0	1.394070E-7	-1.394070E-7	-1.295061E-12	9.372852E+1
-5.000000E-2	1.817851E-5	-1.817851E-5	-1.688744E-10	9.471191E+1
-1.000000E-1	3.172761E-5	-3.172761E-5	-2.947426E-10	9.498047E+1
-1.500000E-1	5.447355E-5	-5.447355E-5	-5.060475E-10	9.524902E+1
-2.000000E-1	9.279670E-5	-9.279670E-5	-8.620613E-10	9.551758E+1
-2.500000E-1	1.076135E-4	-1.076135E-4	-9.997065E-10	9.578613E+1
-3.000000E-1	1.124534E-4	-1.124534E-4	-1.044668E-9	9.605469E+1
-3.500000E-1	1.986502E-4	-1.986502E-4	-1.845417E-9	9.687012E+1
-4.000000E-1	2.593601E-4	-2.593601E-4	-2.409399E-9	9.713867E+1
-4.500000E-1	3.254367E-4	-3.254367E-4	-3.023237E-9	9.740625E+1
-5.000000E-1	3.876139E-4	-3.876139E-4	-3.600849E-9	9.767383E+1
-5.000000E-1	3.920149E-4	-3.920149E-4	-3.641734E-9	9.794238E+1
-4.500000E-1	3.441868E-4	-3.441868E-4	-3.197421E-9	9.820996E+1
-4.000000E-1	2.859242E-4	-2.859242E-4	-2.656174E-9	9.847852E+1
-3.500000E-1	2.225011E-4	-2.225011E-4	-2.066987E-9	9.874609E+1
-3.000000E-1	1.803525E-4	-1.803525E-4	-1.675436E-9	9.901465E+1
-2.500000E-1	1.302524E-4	-1.302524E-4	-1.210017E-9	9.928223E+1
-2.000000E-1	7.658145E-5	-7.658145E-5	-7.114251E-10	9.982324E+1
-1.500000E-1	5.689297E-5	-5.689297E-5	-5.285234E-10	1.000918E+2
-1.000000E-1	3.590565E-5	-3.590565E-5	-3.335557E-10	1.003604E+2
-5.000000E-2	1.668912E-5	-1.668912E-5	-1.550383E-10	1.006299E+2
0.000000E+0	7.782647E-8	7.782647E-8	7.229911E-13	1.016045E+2
0.000000E+0	5.988353E-8	5.988353E-8	5.563050E-13	1.022090E+2
5.000000E-2	2.169134E-5	2.169134E-5	2.015079E-10	1.030244E+2
1.000000E-1	4.743079E-5	4.743079E-5	4.406218E-10	1.032930E+2
1.500000E-1	7.029523E-5	7.029523E-5	6.530275E-10	1.035615E+2
2.000000E-1	1.042156E-4	1.042156E-4	9.681402E-10	1.038301E+2
2.500000E-1	1.110358E-4	1.110358E-4	1.031499E-9	1.040986E+2
3.000000E-1	2.218179E-4	2.218179E-4	2.060640E-9	1.049141E+2
3.500000E-1	2.570707E-4	2.570707E-4	2.388131E-9	1.051816E+2
4.000000E-1	3.536614E-4	3.536614E-4	3.285438E-9	1.054502E+2
4.500000E-1	4.152317E-4	4.152317E-4	3.857413E-9	1.057178E+2
5.000000E-1	5.176729E-4	5.176729E-4	4.809069E-9	1.059863E+2
5.000000E-1	5.310497E-4	5.310497E-4	4.933337E-9	1.062539E+2
4.500000E-1	4.445224E-4	4.445224E-4	4.129517E-9	1.065215E+2
4.000000E-1	3.383646E-4	3.383646E-4	3.143334E-9	1.067900E+2
3.500000E-1	2.703920E-4	2.703920E-4	2.511883E-9	1.070576E+2
3.000000E-1	2.204484E-4	2.204484E-4	2.047918E-9	1.073262E+2
2.500000E-1	1.617422E-4	1.617422E-4	1.502550E-9	1.075937E+2
2.000000E-1	1.193100E-4	1.193100E-4	1.108364E-9	1.078613E+2
1.500000E-1	6.937427E-5	6.937427E-5	6.444719E-10	1.084033E+2
1.000000E-1	3.949407E-5	3.949407E-5	3.668914E-10	1.086719E+2
5.000000E-2	1.719331E-5	1.719331E-5	1.597221E-10	1.089404E+2
0.000000E+0	1.986886E-7	-1.986886E-7	-1.845774E-12	1.099150E+2
-5.000000E-2	1.028785E-5	-1.028785E-5	-9.557194E-11	1.105195E+2
-1.000000E-1	4.250649E-5	-4.250649E-5	-3.948761E-10	1.113350E+2
-1.500000E-1	6.968843E-5	-6.968843E-5	-6.473904E-10	1.116035E+2
-2.000000E-1	1.769438E-4	-1.769438E-4	-1.643770E-9	1.124189E+2
-2.500000E-1	2.605185E-4	-2.605185E-4	-2.420160E-9	1.126865E+2
-3.000000E-1	3.755518E-4	-3.755518E-4	-3.488795E-9	1.129551E+2
-3.500000E-1	4.793994E-4	-4.793994E-4	-4.453517E-9	1.132227E+2
-4.000000E-1	4.529800E-4	-4.529800E-4	-4.208086E-9	1.134912E+2
-4.500000E-1	3.586546E-4	-3.586546E-4	-3.331824E-9	1.137588E+2
-5.000000E-1	4.215258E-4	-4.215258E-4	-3.915883E-9	1.140264E+2
-5.000000E-1	4.161402E-4	-4.161402E-4	-3.865852E-9	1.142949E+2
-4.500000E-1	4.066548E-4	-4.066548E-4	-3.777735E-9	1.145625E+2
-4.000000E-1	3.261144E-4	-3.261144E-4	-3.029532E-9	1.148311E+2
-3.500000E-1	2.689399E-4	-2.689399E-4	-2.498393E-9	1.150986E+2
-3.000000E-1	2.026178E-4	-2.026178E-4	-1.882276E-9	1.153662E+2
-2.500000E-1	1.576108E-4	-1.576108E-4	-1.464170E-9	1.156348E+2
-2.000000E-1	1.132857E-4	-1.132857E-4	-1.052400E-9	1.159023E+2
-1.500000E-1	7.171706E-5	-7.171706E-5	-6.662360E-10	1.164443E+2
-1.000000E-1	4.144555E-5	-4.144555E-5	-3.850202E-10	1.167129E+2
-5.000000E-2	2.805777E-5	-2.805777E-5	-2.606506E-10	1.169814E+2
0.000000E+0	1.974905E-9	-1.974905E-9	-1.834644E-14	1.179561E+2
0.000000E+0	1.341396E-7	1.341396E-7	1.246128E-12	1.185605E+2
5.000000E-2	1.052605E-5	1.052605E-5	9.778473E-11	1.191631E+2
1.000000E-1	6.044446E-5	6.044446E-5	5.615160E-10	1.199795E+2
1.500000E-1	7.985949E-5	7.985949E-5	7.418774E-10	1.202480E+2
2.000000E-1	1.685877E-4	1.685877E-4	1.566143E-9	1.210635E+2
2.500000E-1	2.397682E-4	2.397682E-4	2.227395E-9	1.213311E+2
3.000000E-1	3.173094E-4	3.173094E-4	2.947736E-9	1.215986E+2
3.500000E-1	4.361477E-4	4.361477E-4	4.051718E-9	1.218672E+2
4.000000E-1	4.050397E-4	4.050397E-4	3.762731E-9	1.221348E+2
4.500000E-1	7.738510E-4	7.738510E-4	7.188908E-9	1.224033E+2
5.000000E-1	8.474341E-4	8.474341E-4	7.872480E-9	1.226709E+2
5.000000E-1	8.892489E-4	8.892489E-4	8.260930E-9	1.229385E+2
4.500000E-1	7.875667E-4	7.875667E-4	7.316324E-9	1.232070E+2
4.000000E-1	4.280292E-4	4.280292E-4	3.976299E-9	1.234746E+2
3.500000E-1	4.014136E-4	4.014136E-4	3.729046E-9	1.237432E+2
3.000000E-1	2.720422E-4	2.720422E-4	2.527213E-9	1.240107E+2
2.500000E-1	1.860194E-4	1.860194E-4	1.728080E-9	1.242783E+2
2.000000E-1	1.293032E-4	1.293032E-4	1.201199E-9	1.245469E+2
1.500000E-1	7.859477E-5	7.859477E-5	7.301284E-10	1.250879E+2
1.000000E-1	5.731147E-5	5.731147E-5	5.324111E-10	1.253564E+2
5.000000E-2	1.866378E-5	1.866378E-5	1.733825E-10	1.256250E+2
0.000000E+0	1.438677E-7	-1.438677E-7	-1.336500E-12	1.266006E+2
-5.000000E-2	1.023104E-5	-1.023104E-5	-9.504415E-11	1.272041E+2
-1.000000E-1	1.074328E-5	-1.074328E-5	-9.980278E-11	1.278076E+2
-1.500000E-1	5.987332E-5	-5.987332E-5	-5.562102E-10	1.286230E+2
-2.000000E-1	9.868185E-5	-9.868185E-5	-9.167331E-10	1.288916E+2
-2.500000E-1	1.284044E-4	-1.284044E-4	-1.192849E-9	1.297070E+2
-3.000000E-1	1.721599E-4	-1.721599E-4	-1.599328E-9	1.299756E+2
-3.500000E-1	2.355739E-4	-2.355739E-4	-2.188431E-9	1.302432E+2
-4.000000E-1	3.145752E-4	-3.145752E-4	-2.922336E-9	1.305107E+2
-4.500000E-1	3.960980E-4	-3.960980E-4	-3.679665E-9	1.307793E+2
-5.000000E-1	5.173288E-4	-5.173288E-4	-4.805873E-9	1.310469E+2
-5.000000E-1	5.111152E-4	-5.111152E-4	-4.748150E-9	1.313154E+2
-4.500000E-1	3.966136E-4	-3.966136E-4	-3.684455E-9	1.315830E+2
-4.000000E-1	3.027593E-4	-3.027593E-4	-2.812568E-9	1.318506E+2
-3.500000E-1	2.338580E-4	-2.338580E-4	-2.172490E-9	1.321191E+2
-3.000000E-1	1.720620E-4	-1.720620E-4	-1.598419E-9	1.323867E+2
-2.500000E-1	1.275093E-4	-1.275093E-4	-1.184534E-9	1.326553E+2
-2.000000E-1	9.413569E-5	-9.413569E-5	-8.745002E-10	1.331963E+2
-1.500000E-1	6.548531E-5	-6.548531E-5	-6.083443E-10	1.334648E+2
-1.000000E-1	4.155342E-5	-4.155342E-5	-3.860223E-10	1.337334E+2
-5.000000E-2	1.679210E-5	-1.679210E-5	-1.559950E-10	1.340020E+2
0.000000E+0	2.180627E-7	-2.180627E-7	-2.025755E-12	1.349775E+2
0.000000E+0	2.171439E-7	-2.171439E-7	-2.017220E-12	1.355811E+2
5.000000E-2	1.030717E-5	1.030717E-5	9.575139E-11	1.361846E+2
1.000000E-1	4.786533E-5	4.786533E-5	4.446586E-10	1.370000E+2
1.500000E-1	8.399119E-5	8.399119E-5	7.802600E-10	1.372686E+2
2.000000E-1	1.002862E-4	1.002862E-4	9.316368E-10	1.375371E+2
2.500000E-1	3.032385E-4	3.032385E-4	2.817020E-9	1.383525E+2
3.000000E-1	4.218715E-4	4.218715E-4	3.919095E-9	1.386201E+2
3.500000E-1	6.071385E-4	6.071385E-4	5.640185E-9	1.388887E+2
4.000000E-1	7.616298E-4	7.616298E-4	7.075376E-9	1.391563E+2
4.500000E-1	8.564216E-4	8.564216E-4	7.955971E-9	1.394248E+2
5.000000E-1	1.040263E-3	1.040263E-3	9.663818E-9	1.396924E+2
5.000000E-1	1.062061E-3	1.062061E-3	9.866320E-9	1.399600E+2
4.500000E-1	9.228586E-4	9.228586E-4	8.573156E-9	1.402285E+2
4.000000E-1	6.485198E-4	6.485198E-4	6.024609E-9	1.404961E+2
3.500000E-1	4.871871E-4	4.871871E-4	4.525863E-9	1.407646E+2
3.000000E-1	4.012162E-4	4.012162E-4	3.727212E-9	1.410322E+2
2.500000E-1	2.884094E-4	2.884094E-4	2.679261E-9	1.412998E+2
2.000000E-1	2.059637E-4	2.059637E-4	1.913358E-9	1.415684E+2
1.500000E-1	1.474958E-4	1.474958E-4	1.370204E-9	1.418359E+2
1.000000E-1	7.892051E-5	7.892051E-5	7.331544E-10	1.423779E+2
5.000000E-2	3.571384E-5	3.571384E-5	3.317738E-10	1.426465E+2
0.000000E+0	4.269499E-8	-4.269499E-8	-3.966272E-13	1.436211E+2
-5.000000E-2	1.060152E-5	-1.060152E-5	-9.848578E-11	1.442256E+2
-1.000000E-1	6.142320E-5	-6.142320E-5	-5.706082E-10	1.450410E+2
-1.500000E-1	1.049691E-4	-1.049691E-4	-9.751400E-10	1.453096E+2
-2.000000E-1	5.987897E-5	-5.987897E-5	-5.562627E-10	1.455781E+2
-2.500000E-1	9.447804E-5	-9.447804E-5	-8.776806E-10	1.458467E+2
-3.000000E-1	2.137785E-4	-2.137785E-4	-1.985956E-9	1.466621E+2
-3.500000E-1	2.177744E-4	-2.177744E-4	-2.023077E-9	1.469307E+2
-4.000000E-1	2.806531E-4	-2.806531E-4	-2.607207E-9	1.471982E+2
-4.500000E-1	2.737822E-4	-2.737822E-4	-2.543377E-9	1.474658E+2
-5.000000E-1	4.066753E-4	-4.066753E-4	-3.777926E-9	1.477344E+2
-5.000000E-1	4.504716E-4	-4.504716E-4	-4.184784E-9	1.480020E+2
-4.500000E-1	3.289160E-4	-3.289160E-4	-3.055559E-9	1.482705E+2
-4.000000E-1	3.008613E-4	-3.008613E-4	-2.794936E-9	1.485381E+2
-3.500000E-1	1.958905E-4	-1.958905E-4	-1.819780E-9	1.488057E+2
-3.000000E-1	1.605427E-4	-1.605427E-4	-1.491407E-9	1.490742E+2
-2.500000E-1	1.325192E-4	-1.325192E-4	-1.231075E-9	1.493418E+2
-2.000000E-1	8.746828E-5	-8.746828E-5	-8.125614E-10	1.498838E+2
-1.500000E-1	5.819096E-5	-5.819096E-5	-5.405814E-10	1.501523E+2
-1.000000E-1	3.378027E-5	-3.378027E-5	-3.138114E-10	1.504209E+2
-5.000000E-2	1.707282E-5	-1.707282E-5	-1.586028E-10	1.506895E+2
0.000000E+0	4.504336E-8	4.504336E-8	4.184431E-13	1.516641E+2
0.000000E+0	8.576045E-8	8.576045E-8	7.966960E-13	1.522686E+2
5.000000E-2	1.038684E-5	1.038684E-5	9.649148E-11	1.528711E+2
1.000000E-1	4.364056E-5	4.364056E-5	4.054114E-10	1.536875E+2
1.500000E-1	5.889991E-5	5.889991E-5	5.471674E-10	1.539561E+2
2.000000E-1	8.982571E-5	8.982571E-5	8.344614E-10	1.542246E+2
2.500000E-1	1.281934E-4	1.281934E-4	1.190889E-9	1.550400E+2
3.000000E-1	2.143444E-4	2.143444E-4	1.991213E-9	1.553076E+2
3.500000E-1	2.701191E-4	2.701191E-4	2.509348E-9	1.555752E+2
4.000000E-1	3.672476E-4	3.672476E-4	3.411651E-9	1.558437E+2
4.500000E-1	4.592982E-4	4.592982E-4	4.266781E-9	1.561113E+2
5.000000E-1	5.323125E-4	5.323125E-4	4.945068E-9	1.563799E+2
5.000000E-1	5.262940E-4	5.262940E-4	4.889157E-9	1.566475E+2
4.500000E-1	4.182359E-4	4.182359E-4	3.885321E-9	1.569150E+2
4.000000E-1	3.269412E-4	3.269412E-4	3.037213E-9	1.571836E+2
3.500000E-1	2.531665E-4	2.531665E-4	2.351862E-9	1.574512E+2
3.000000E-1	1.858275E-4	1.858275E-4	1.726297E-9	1.577197E+2
2.500000E-1	1.328008E-4	1.328008E-4	1.233691E-9	1.579873E+2
2.000000E-1	8.622596E-5	8.622596E-5	8.010205E-10	1.585283E+2
1.500000E-1	6.502136E-5	6.502136E-5	6.040344E-10	1.587969E+2
1.000000E-1	4.360864E-5	4.360864E-5	4.051148E-10	1.590654E+2
5.000000E-2	1.948754E-5	1.948754E-5	1.810350E-10	1.593340E+2
0.000000E+0	1.151734E-7	1.151734E-7	1.069936E-12	1.603096E+2
-5.000000E-2	1.049657E-5	-1.049657E-5	-9.751090E-11	1.609141E+2
-1.000000E-1	5.624653E-5	-5.624653E-5	-5.225181E-10	1.617295E+2
-1.500000E-1	6.270983E-5	-6.270983E-5	-5.825607E-10	1.619980E+2
-2.000000E-1	1.179234E-4	-1.179234E-4	-1.095483E-9	1.628135E+2
-2.500000E-1	1.560485E-4	-1.560485E-4	-1.449657E-9	1.630811E+2
-3.000000E-1	2.169515E-4	-2.169515E-4	-2.015433E-9	1.633496E+2
-3.500000E-1	2.755691E-4	-2.755691E-4	-2.559977E-9	1.636172E+2
-4.000000E-1	3.432040E-4	-3.432040E-4	-3.188291E-9	1.638857E+2
-4.500000E-1	4.106305E-4	-4.106305E-4	-3.814668E-9	1.641533E+2
-5.000000E-1	4.442089E-4	-4.442089E-4	-4.126605E-9	1.644209E+2
-5.000000E-1	4.567621E-4	-4.567621E-4	-4.243221E-9	1.646895E+2
-4.500000E-1	3.690072E-4	-3.690072E-4	-3.427997E-9	1.649570E+2
-4.000000E-1	2.844078E-4	-2.844078E-4	-2.642087E-9	1.652256E+2
-3.500000E-1	2.821903E-4	-2.821903E-4	-2.621487E-9	1.654932E+2
-3.000000E-1	2.490099E-4	-2.490099E-4	-2.313248E-9	1.657607E+2
-2.500000E-1	1.906476E-4	-1.906476E-4	-1.771075E-9	1.660293E+2
-2.000000E-1	1.421294E-4	-1.421294E-4	-1.320351E-9	1.662969E+2
-1.500000E-1	9.339344E-5	-9.339344E-5	-8.676049E-10	1.668389E+2
-1.000000E-1	5.797775E-5	-5.797775E-5	-5.386007E-10	1.671074E+2
-5.000000E-2	2.817213E-5	-2.817213E-5	-2.617130E-10	1.673760E+2
0.000000E+0	7.971325E-8	7.971325E-8	7.405188E-13	1.683506E+2
0.000000E+0	4.887068E-8	4.887068E-8	4.539980E-13	1.689551E+2
5.000000E-2	2.854992E-5	2.854992E-5	2.652226E-10	1.699375E+2
1.000000E-1	6.168869E-5	6.168869E-5	5.730746E-10	1.702061E+2
1.500000E-1	1.030974E-4	1.030974E-4	9.577524E-10	1.704746E+2
2.000000E-1	1.584005E-4	1.584005E-4	1.471506E-9	1.712900E+2
2.500000E-1	2.238684E-4	2.238684E-4	2.079689E-9	1.715576E+2
3.000000E-1	2.623846E-4	2.623846E-4	2.437496E-9	1.718262E+2
3.500000E-1	3.836454E-4	3.836454E-4	3.563983E-9	1.720938E+2
4.000000E-1	4.929236E-4	4.929236E-4	4.579154E-9	1.723623E+2
4.500000E-1	5.456406E-4	5.456406E-4	5.068883E-9	1.726299E+2
5.000000E-1	5.908427E-4	5.908427E-4	5.488801E-9	1.728975E+2
5.000000E-1	6.458615E-4	6.458615E-4	5.999914E-9	1.731660E+2
4.500000E-1	5.185576E-4	5.185576E-4	4.817288E-9	1.734336E+2
4.000000E-1	4.769728E-4	4.769728E-4	4.430974E-9	1.737021E+2
3.500000E-1	3.977363E-4	3.977363E-4	3.694884E-9	1.739697E+2
3.000000E-1	2.893596E-4	2.893596E-4	2.688088E-9	1.742373E+2
2.500000E-1	2.234418E-4	2.234418E-4	2.075726E-9	1.745059E+2
2.000000E-1	1.564390E-4	1.564390E-4	1.453284E-9	1.747734E+2
1.500000E-1	1.015984E-4	1.015984E-4	9.438272E-10	1.753154E+2
1.000000E-1	6.028686E-5	6.028686E-5	5.600519E-10	1.755840E+2
5.000000E-2	2.714288E-5	2.714288E-5	2.521515E-10	1.758525E+2
0.000000E+0	7.058566E-8	7.058566E-8	6.557255E-13	1.768271E+2
-5.000000E-2	1.055205E-5	-1.055205E-5	-9.802624E-11	1.774316E+2
-1.000000E-1	5.283642E-5	-5.283642E-5	-4.908389E-10	1.782471E+2
-1.500000E-1	8.544220E-5	-8.544220E-5	-7.937395E-10	1.785156E+2
-2.000000E-1	1.328358E-4	-1.328358E-4	-1.234016E-9	1.793311E+2
-2.500000E-1	1.742116E-4	-1.742116E-4	-1.618388E-9	1.795986E+2
-3.000000E-1	2.460811E-4	-2.460811E-4	-2.286040E-9	1.798672E+2
-3.500000E-1	3.013925E-4	-3.013925E-4	-2.799871E-9	1.801348E+2
-4.000000E-1	3.787721E-4	-3.787721E-4	-3.518711E-9	1.804033E+2
-4.500000E-1	4.743532E-4	-4.743532E-4	-4.406639E-9	1.806709E+2
-5.000000E-1	5.156902E-4	-5.156902E-4	-4.790650E-9	1.809385E+2
-5.000000E-1	5.421553E-4	-5.421553E-4	-5.036506E-9	1.812070E+2
-4.500000E-1	4.740532E-4	-4.740532E-4	-4.403852E-9	1.814746E+2
-4.000000E-1	3.765956E-4	-3.765956E-4	-3.498492E-9	1.817432E+2
-3.500000E-1	3.120869E-4	-3.120869E-4	-2.899220E-9	1.820107E+2
-3.000000E-1	2.421064E-4	-2.421064E-4	-2.249116E-9	1.822783E+2
-2.500000E-1	1.819661E-4	-1.819661E-4	-1.690426E-9	1.825469E+2
-2.000000E-1	1.357868E-4	-1.357868E-4	-1.261430E-9	1.828145E+2
-1.500000E-1	8.970035E-5	-8.970035E-5	-8.332968E-10	1.833564E+2
-1.000000E-1	5.319549E-5	-5.319549E-5	-4.941746E-10	1.836250E+2
-5.000000E-2	2.620891E-5	-2.620891E-5	-2.434751E-10	1.838936E+2
0.000000E+0	1.819542E-9	1.819542E-9	1.690315E-14	1.848682E+2
0.000000E+0	2.214971E-8	2.214971E-8	2.057660E-13	1.854727E+2
5.000000E-2	2.614267E-5	2.614267E-5	2.428598E-10	1.862881E+2
1.000000E-1	5.759170E-5	5.759170E-5	5.350144E-10	1.865566E+2
1.500000E-1	9.825449E-5	9.825449E-5	9.127630E-10	1.868252E+2
2.000000E-1	1.464094E-4	1.464094E-4	1.360112E-9	1.876406E+2
2.500000E-1	2.122350E-4	2.122350E-4	1.971617E-9	1.879082E+2
3.000000E-1	2.690869E-4	2.690869E-4	2.499759E-9	1.881768E+2
3.500000E-1	3.373695E-4	3.373695E-4	3.134090E-9	1.884443E+2
4.000000E-1	4.320995E-4	4.320995E-4	4.014111E-9	1.887129E+2
4.500000E-1	5.008094E-4	5.008094E-4	4.652411E-9	1.889805E+2
5.000000E-1	6.033994E-4	6.033994E-4	5.605450E-9	1.892480E+2
5.000000E-1	5.815247E-4	5.815247E-4	5.402238E-9	1.895166E+2
4.500000E-1	5.110977E-4	5.110977E-4	4.747987E-9	1.897842E+2
4.000000E-1	4.205045E-4	4.205045E-4	3.906396E-9	1.900527E+2
3.500000E-1	3.325197E-4	3.325197E-4	3.089036E-9	1.903203E+2
3.000000E-1	2.552282E-4	2.552282E-4	2.371015E-9	1.905879E+2
2.500000E-1	1.988305E-4	1.988305E-4	1.847092E-9	1.908564E+2
2.000000E-1	1.405176E-4	1.405176E-4	1.305378E-9	1.911240E+2
1.500000E-1	9.385057E-5	9.385057E-5	8.718515E-10	1.916660E+2
1.000000E-1	5.433661E-5	5.433661E-5	5.047754E-10	1.919346E+2
5.000000E-2	2.381614E-5	2.381614E-5	2.212468E-10	1.922031E+2
0.000000E+0	4.251124E-8	4.251124E-8	3.949202E-13	1.931777E+2
-5.000000E-2	1.052565E-5	-1.052565E-5	-9.778105E-11	1.937822E+2
-1.000000E-1	5.688165E-5	-5.688165E-5	-5.284182E-10	1.945977E+2
-1.500000E-1	1.017098E-4	-1.017098E-4	-9.448622E-10	1.948662E+2
-2.000000E-1	1.493673E-4	-1.493673E-4	-1.387590E-9	1.956816E+2
-2.500000E-1	2.135758E-4	-2.135758E-4	-1.984073E-9	1.959492E+2
-3.000000E-1	2.746240E-4	-2.746240E-4	-2.551198E-9	1.962178E+2
-3.500000E-1	3.528782E-4	-3.528782E-4	-3.278162E-9	1.964854E+2
-4.000000E-1	4.077180E-4	-4.077180E-4	-3.787612E-9	1.967539E+2
-4.500000E-1	4.700579E-4	-4.700579E-4	-4.366736E-9	1.970215E+2
-5.000000E-1	5.502324E-4	-5.502324E-4	-5.111540E-9	1.972891E+2
-5.000000E-1	5.556695E-4	-5.556695E-4	-5.162050E-9	1.975576E+2
-4.500000E-1	4.565599E-4	-4.565599E-4	-4.241343E-9	1.978252E+2
-4.000000E-1	3.832381E-4	-3.832381E-4	-3.560199E-9	1.980938E+2
-3.500000E-1	3.144733E-4	-3.144733E-4	-2.921389E-9	1.983613E+2
-3.000000E-1	2.507618E-4	-2.507618E-4	-2.329523E-9	1.986289E+2
-2.500000E-1	2.113763E-4	-2.113763E-4	-1.963640E-9	1.988975E+2
-2.000000E-1	1.453580E-4	-1.453580E-4	-1.350344E-9	1.991650E+2
-1.500000E-1	9.855542E-5	-9.855542E-5	-9.155585E-10	1.997070E+2
-1.000000E-1	5.941230E-5	-5.941230E-5	-5.519274E-10	1.999756E+2
-5.000000E-2	2.800282E-5	-2.800282E-5	-2.601401E-10	2.002441E+2
0.000000E+0	6.127283E-8	6.127283E-8	5.692113E-13	2.012188E+2
0.000000E+0	4.325668E-8	4.325668E-8	4.018452E-13	2.018232E+2
5.000000E-2	2.352212E-5	2.352212E-5	2.185154E-10	2.026387E+2
1.000000E-1	5.162459E-5	5.162459E-5	4.795813E-10	2.029072E+2
1.500000E-1	8.572161E-5	8.572161E-5	7.963352E-10	2.031758E+2
2.000000E-1	1.559424E-4	1.559424E-4	1.448671E-9	2.039912E+2
2.500000E-1	2.176199E-4	2.176199E-4	2.021642E-9	2.042588E+2
3.000000E-1	2.849227E-4	2.849227E-4	2.646870E-9	2.045273E+2
3.500000E-1	3.743987E-4	3.743987E-4	3.478083E-9	2.047949E+2
4.000000E-1	4.742050E-4	4.742050E-4	4.405262E-9	2.050635E+2
4.500000E-1	5.518292E-4	5.518292E-4	5.126374E-9	2.053311E+2
5.000000E-1	6.611742E-4	6.611742E-4	6.142165E-9	2.055986E+2
5.000000E-1	5.708451E-4	5.708451E-4	5.303028E-9	2.058672E+2
4.500000E-1	5.246323E-4	5.246323E-4	4.873721E-9	2.061348E+2
4.000000E-1	4.201557E-4	4.201557E-4	3.903156E-9	2.064033E+2
3.500000E-1	3.177764E-4	3.177764E-4	2.952074E-9	2.066709E+2
3.000000E-1	2.589455E-4	2.589455E-4	2.405548E-9	2.069385E+2
2.500000E-1	1.854067E-4	1.854067E-4	1.722388E-9	2.072070E+2
2.000000E-1	1.286923E-4	1.286923E-4	1.195524E-9	2.074746E+2
1.500000E-1	9.660832E-5	9.660832E-5	8.974704E-10	2.080166E+2
1.000000E-1	6.367590E-5	6.367590E-5	5.915353E-10	2.082852E+2
5.000000E-2	2.735565E-5	2.735565E-5	2.541281E-10	2.085537E+2
0.000000E+0	1.243204E-8	1.243204E-8	1.154910E-13	2.095283E+2
-5.000000E-2	1.060817E-5	-1.060817E-5	-9.854756E-11	2.101328E+2
-1.000000E-1	6.284721E-5	-6.284721E-5	-5.838370E-10	2.109482E+2
-1.500000E-1	1.029455E-4	-1.029455E-4	-9.563417E-10	2.112168E+2
-2.000000E-1	1.769245E-4	-1.769245E-4	-1.643590E-9	2.120322E+2
-2.500000E-1	2.407583E-4	-2.407583E-4	-2.236593E-9	2.122998E+2
-3.000000E-1	3.112303E-4	-3.112303E-4	-2.891262E-9	2.125684E+2
-3.500000E-1	3.911201E-4	-3.911201E-4	-3.633421E-9	2.128359E+2
-4.000000E-1	4.688328E-4	-4.688328E-4	-4.355355E-9	2.131045E+2
-4.500000E-1	5.418022E-4	-5.418022E-4	-5.033225E-9	2.133721E+2
-5.000000E-1	6.467335E-4	-6.467335E-4	-6.008014E-9	2.136396E+2
-5.000000E-1	6.069968E-4	-6.069968E-4	-5.638869E-9	2.139082E+2
-4.500000E-1	5.372828E-4	-5.372828E-4	-4.991241E-9	2.141758E+2
-4.000000E-1	4.221152E-4	-4.221152E-4	-3.921359E-9	2.144443E+2
-3.500000E-1	3.548218E-4	-3.548218E-4	-3.296218E-9	2.147119E+2
-3.000000E-1	2.673321E-4	-2.673321E-4	-2.483457E-9	2.149795E+2
-2.500000E-1	2.018728E-4	-2.018728E-4	-1.875355E-9	2.152480E+2
-2.000000E-1	1.538891E-4	-1.538891E-4	-1.429596E-9	2.155156E+2
-1.500000E-1	1.135977E-4	-1.135977E-4	-1.055298E-9	2.157842E+2
-1.000000E-1	5.775570E-5	-5.775570E-5	-5.365380E-10	2.163252E+2
-5.000000E-2	2.998756E-5	-2.998756E-5	-2.785779E-10	2.165938E+2
0.000000E+0	5.045268E-8	5.045268E-8	4.686945E-13	2.175693E+2
