voltage_5_3_20	absJ_5_3_20	J_5_3_20	current_5_3_20	time_5_3_20	
0.000000E+0	3.425645E-8	3.425645E-8	2.036704E-13	0.000000E+0
5.000000E-2	6.490939E-7	6.490939E-7	3.859163E-12	6.142578E-1
1.000000E-1	1.453763E-6	1.453763E-6	8.643294E-12	1.228516E+0
1.500000E-1	2.127011E-6	2.127011E-6	1.264606E-11	1.842773E+0
2.000000E-1	3.333740E-6	3.333740E-6	1.982062E-11	2.456055E+0
2.500000E-1	4.056284E-6	4.056284E-6	2.411648E-11	3.070313E+0
3.000000E-1	4.926205E-6	4.926205E-6	2.928856E-11	3.684570E+0
3.500000E-1	6.762619E-6	6.762619E-6	4.020689E-11	4.298828E+0
4.000000E-1	8.138825E-6	8.138825E-6	4.838907E-11	4.913086E+0
4.500000E-1	1.059899E-5	1.059899E-5	6.301589E-11	5.526367E+0
5.000000E-1	1.468026E-5	1.468026E-5	8.728090E-11	6.140625E+0
5.000000E-1	3.766840E-5	3.766840E-5	2.239560E-10	6.984375E+0
4.500000E-1	3.115354E-5	3.115354E-5	1.852222E-10	7.255859E+0
4.000000E-1	2.454245E-5	2.454245E-5	1.459162E-10	7.528320E+0
3.500000E-1	1.979340E-5	1.979340E-5	1.176809E-10	7.800781E+0
3.000000E-1	5.949730E-6	5.949730E-6	3.537389E-11	8.790039E+0
2.500000E-1	4.281810E-6	4.281810E-6	2.545734E-11	9.404297E+0
2.000000E-1	3.065192E-6	3.065192E-6	1.822398E-11	1.001855E+1
1.500000E-1	2.023121E-6	2.023121E-6	1.202839E-11	1.063281E+1
1.000000E-1	1.229390E-6	1.229390E-6	7.309292E-12	1.124609E+1
5.000000E-2	6.275797E-7	6.275797E-7	3.731251E-12	1.186035E+1
0.000000E+0	7.854988E-8	7.854988E-8	4.670153E-13	1.247461E+1
-5.000000E-2	4.550441E-7	-4.550441E-7	-2.705447E-12	1.308887E+1
-1.000000E-1	1.093664E-6	-1.093664E-6	-6.502340E-12	1.370313E+1
-1.500000E-1	1.700657E-6	-1.700657E-6	-1.011119E-11	1.431738E+1
-2.000000E-1	2.185987E-6	-2.185987E-6	-1.299670E-11	1.493164E+1
-2.500000E-1	3.107185E-6	-3.107185E-6	-1.847365E-11	1.554590E+1
-3.000000E-1	4.369878E-6	-4.369878E-6	-2.598094E-11	1.616016E+1
-3.500000E-1	5.197109E-6	-5.197109E-6	-3.089921E-11	1.677441E+1
-4.000000E-1	5.978078E-6	-5.978078E-6	-3.554243E-11	1.738867E+1
-4.500000E-1	7.753887E-6	-7.753887E-6	-4.610044E-11	1.800293E+1
-5.000000E-1	1.004163E-5	-1.004163E-5	-5.970212E-11	1.861621E+1
-5.000000E-1	9.670851E-6	-9.670851E-6	-5.749767E-11	1.923047E+1
-4.500000E-1	8.309605E-6	-8.309605E-6	-4.940444E-11	1.984473E+1
-4.000000E-1	7.119723E-6	-7.119723E-6	-4.233004E-11	2.045898E+1
-3.500000E-1	6.752603E-6	-6.752603E-6	-4.014734E-11	2.107324E+1
-3.000000E-1	5.169010E-6	-5.169010E-6	-3.073215E-11	2.168750E+1
-2.500000E-1	3.770499E-6	-3.770499E-6	-2.241736E-11	2.230176E+1
-2.000000E-1	2.624297E-6	-2.624297E-6	-1.560266E-11	2.291602E+1
-1.500000E-1	1.614045E-6	-1.614045E-6	-9.596240E-12	2.353027E+1
-1.000000E-1	1.190743E-6	-1.190743E-6	-7.079518E-12	2.414453E+1
-5.000000E-2	5.406176E-7	-5.406176E-7	-3.214221E-12	2.475781E+1
0.000000E+0	3.622651E-9	3.622651E-9	2.153833E-14	2.537207E+1
0.000000E+0	1.281466E-9	1.281466E-9	7.618906E-15	2.598730E+1
5.000000E-2	5.984935E-7	5.984935E-7	3.558320E-12	2.660156E+1
1.000000E-1	1.299126E-6	1.299126E-6	7.723905E-12	2.721484E+1
1.500000E-1	2.338920E-6	2.338920E-6	1.390596E-11	2.782910E+1
2.000000E-1	3.021271E-6	3.021271E-6	1.796285E-11	2.844336E+1
2.500000E-1	3.646820E-6	3.646820E-6	2.168203E-11	2.905762E+1
3.000000E-1	5.172823E-6	5.172823E-6	3.075482E-11	2.967090E+1
3.500000E-1	6.497680E-6	6.497680E-6	3.863171E-11	3.028516E+1
4.000000E-1	8.314577E-6	8.314577E-6	4.943400E-11	3.089941E+1
4.500000E-1	1.173151E-5	1.173151E-5	6.974921E-11	3.151270E+1
5.000000E-1	1.427951E-5	1.427951E-5	8.489828E-11	3.212695E+1
5.000000E-1	1.425509E-5	1.425509E-5	8.475309E-11	3.274023E+1
4.500000E-1	1.211667E-5	1.211667E-5	7.203917E-11	3.335449E+1
4.000000E-1	9.762434E-6	9.762434E-6	5.804218E-11	3.396777E+1
3.500000E-1	6.247012E-6	6.247012E-6	3.714137E-11	3.458203E+1
3.000000E-1	4.841880E-6	4.841880E-6	2.878721E-11	3.519629E+1
2.500000E-1	3.365976E-6	3.365976E-6	2.001228E-11	3.581055E+1
2.000000E-1	3.592759E-6	3.592759E-6	2.136061E-11	3.642480E+1
1.500000E-1	2.388731E-6	2.388731E-6	1.420211E-11	3.703809E+1
1.000000E-1	1.322580E-6	1.322580E-6	7.863349E-12	3.765234E+1
5.000000E-2	6.609118E-7	6.609118E-7	3.929426E-12	3.826660E+1
0.000000E+0	1.094218E-7	1.094218E-7	6.505629E-13	3.888086E+1
-5.000000E-2	4.713811E-7	-4.713811E-7	-2.802578E-12	3.949512E+1
-1.000000E-1	1.283382E-6	-1.283382E-6	-7.630299E-12	4.010937E+1
-1.500000E-1	1.848847E-6	-1.848847E-6	-1.099225E-11	4.072363E+1
-2.000000E-1	3.317547E-6	-3.317547E-6	-1.972435E-11	4.133789E+1
-2.500000E-1	4.061776E-6	-4.061776E-6	-2.414913E-11	4.195117E+1
-3.000000E-1	3.918199E-6	-3.918199E-6	-2.329550E-11	4.256543E+1
-3.500000E-1	5.883562E-6	-5.883562E-6	-3.498049E-11	4.317969E+1
-4.000000E-1	7.988968E-6	-7.988968E-6	-4.749810E-11	4.379395E+1
-4.500000E-1	1.117971E-5	-1.117971E-5	-6.646854E-11	4.440820E+1
-5.000000E-1	1.375450E-5	-1.375450E-5	-8.177682E-11	4.502246E+1
-5.000000E-1	1.358624E-5	-1.358624E-5	-8.077650E-11	4.563672E+1
-4.500000E-1	9.683876E-6	-9.683876E-6	-5.757511E-11	4.625098E+1
-4.000000E-1	8.271587E-6	-8.271587E-6	-4.917840E-11	4.686523E+1
-3.500000E-1	6.806361E-6	-6.806361E-6	-4.046696E-11	4.747949E+1
-3.000000E-1	5.440309E-6	-5.440309E-6	-3.234515E-11	4.809375E+1
-2.500000E-1	4.151748E-6	-4.151748E-6	-2.468406E-11	4.870801E+1
-2.000000E-1	3.074114E-6	-3.074114E-6	-1.827703E-11	4.932227E+1
-1.500000E-1	2.096964E-6	-2.096964E-6	-1.246742E-11	4.993652E+1
-1.000000E-1	1.307525E-6	-1.307525E-6	-7.773837E-12	5.054980E+1
-5.000000E-2	6.099170E-7	-6.099170E-7	-3.626238E-12	5.116406E+1
0.000000E+0	7.702800E-11	-7.702800E-11	-4.579670E-16	5.177832E+1
0.000000E+0	7.098246E-9	-7.098246E-9	-4.220235E-14	5.239355E+1
5.000000E-2	6.013483E-7	6.013483E-7	3.575293E-12	5.300684E+1
1.000000E-1	1.296124E-6	1.296124E-6	7.706058E-12	5.362109E+1
1.500000E-1	1.873052E-6	1.873052E-6	1.113616E-11	5.423535E+1
2.000000E-1	2.656706E-6	2.656706E-6	1.579534E-11	5.484961E+1
2.500000E-1	3.866866E-6	3.866866E-6	2.299030E-11	5.546387E+1
3.000000E-1	4.500897E-6	4.500897E-6	2.675991E-11	5.607715E+1
3.500000E-1	6.140092E-6	6.140092E-6	3.650568E-11	5.669141E+1
4.000000E-1	7.442627E-6	7.442627E-6	4.424985E-11	5.730566E+1
4.500000E-1	8.938593E-6	8.938593E-6	5.314406E-11	5.791895E+1
5.000000E-1	1.270258E-5	1.270258E-5	7.552270E-11	5.853320E+1
5.000000E-1	1.178504E-5	1.178504E-5	7.006748E-11	5.914746E+1
4.500000E-1	1.007022E-5	1.007022E-5	5.987209E-11	5.976074E+1
4.000000E-1	7.913549E-6	7.913549E-6	4.704970E-11	6.037500E+1
3.500000E-1	6.342688E-6	6.342688E-6	3.771021E-11	6.098926E+1
3.000000E-1	5.045460E-6	5.045460E-6	2.999759E-11	6.160254E+1
2.500000E-1	3.503841E-6	3.503841E-6	2.083195E-11	6.221680E+1
2.000000E-1	2.523866E-6	2.523866E-6	1.500555E-11	6.283105E+1
1.500000E-1	1.670989E-6	1.670989E-6	9.934803E-12	6.344531E+1
1.000000E-1	1.067412E-6	1.067412E-6	6.346257E-12	6.405859E+1
5.000000E-2	5.370836E-7	5.370836E-7	3.193210E-12	6.467285E+1
0.000000E+0	9.959954E-8	9.959954E-8	5.921652E-13	6.528711E+1
-5.000000E-2	2.858299E-7	-2.858299E-7	-1.699391E-12	6.590137E+1
-1.000000E-1	8.259036E-7	-8.259036E-7	-4.910378E-12	6.651562E+1
-1.500000E-1	1.427424E-6	-1.427424E-6	-8.486697E-12	6.712988E+1
-2.000000E-1	2.133762E-6	-2.133762E-6	-1.268620E-11	6.774414E+1
-2.500000E-1	2.850620E-6	-2.850620E-6	-1.694825E-11	6.835840E+1
-3.000000E-1	3.906400E-6	-3.906400E-6	-2.322535E-11	6.897266E+1
-3.500000E-1	4.894021E-6	-4.894021E-6	-2.909721E-11	6.958691E+1
-4.000000E-1	5.910237E-6	-5.910237E-6	-3.513909E-11	7.020117E+1
-4.500000E-1	7.264146E-6	-7.264146E-6	-4.318870E-11	7.081543E+1
-5.000000E-1	1.138585E-5	-1.138585E-5	-6.769416E-11	7.142969E+1
-5.000000E-1	1.146251E-5	-1.146251E-5	-6.814992E-11	7.204395E+1
-4.500000E-1	9.343394E-6	-9.343394E-6	-5.555079E-11	7.265820E+1
-4.000000E-1	7.960839E-6	-7.960839E-6	-4.733086E-11	7.327246E+1
-3.500000E-1	5.802122E-6	-5.802122E-6	-3.449629E-11	7.388672E+1
-3.000000E-1	4.799421E-6	-4.799421E-6	-2.853477E-11	7.450098E+1
-2.500000E-1	3.971653E-6	-3.971653E-6	-2.361331E-11	7.511523E+1
-2.000000E-1	2.756514E-6	-2.756514E-6	-1.638875E-11	7.572949E+1
-1.500000E-1	1.849195E-6	-1.849195E-6	-1.099432E-11	7.634375E+1
-1.000000E-1	1.181581E-6	-1.181581E-6	-7.025047E-12	7.695801E+1
-5.000000E-2	5.995462E-7	-5.995462E-7	-3.564579E-12	7.757227E+1
0.000000E+0	1.407045E-8	1.407045E-8	8.365530E-14	7.818555E+1
0.000000E+0	6.138897E-9	6.138897E-9	3.649858E-14	7.880078E+1
5.000000E-2	5.304217E-7	5.304217E-7	3.153602E-12	7.941504E+1
1.000000E-1	1.143250E-6	1.143250E-6	6.797146E-12	8.002930E+1
1.500000E-1	1.836549E-6	1.836549E-6	1.091913E-11	8.064258E+1
2.000000E-1	2.986964E-6	2.986964E-6	1.775888E-11	8.125684E+1
2.500000E-1	4.065393E-6	4.065393E-6	2.417064E-11	8.187109E+1
3.000000E-1	5.661678E-6	5.661678E-6	3.366129E-11	8.248437E+1
3.500000E-1	6.615037E-6	6.615037E-6	3.932945E-11	8.309863E+1
4.000000E-1	8.936034E-6	8.936034E-6	5.312885E-11	8.371289E+1
4.500000E-1	1.190275E-5	1.190275E-5	7.076736E-11	8.432617E+1
5.000000E-1	1.358113E-5	1.358113E-5	8.074609E-11	8.494043E+1
5.000000E-1	1.350560E-5	1.350560E-5	8.029701E-11	8.555469E+1
4.500000E-1	1.057812E-5	1.057812E-5	6.289182E-11	8.616797E+1
4.000000E-1	8.471919E-6	8.471919E-6	5.036947E-11	8.678223E+1
3.500000E-1	6.723466E-6	6.723466E-6	3.997411E-11	8.739551E+1
3.000000E-1	5.159100E-6	5.159100E-6	3.067323E-11	8.800977E+1
2.500000E-1	3.484000E-6	3.484000E-6	2.071399E-11	8.862402E+1
2.000000E-1	2.509775E-6	2.509775E-6	1.492177E-11	8.923730E+1
1.500000E-1	1.981592E-6	1.981592E-6	1.178148E-11	8.985156E+1
1.000000E-1	1.210938E-6	1.210938E-6	7.199588E-12	9.046582E+1
5.000000E-2	6.419374E-7	6.419374E-7	3.816614E-12	9.108008E+1
0.000000E+0	1.019967E-7	1.019967E-7	6.064177E-13	9.169336E+1
-5.000000E-2	3.942177E-7	-3.942177E-7	-2.343806E-12	9.230859E+1
-1.000000E-1	8.237351E-7	-8.237351E-7	-4.897485E-12	9.292285E+1
-1.500000E-1	1.460252E-6	-1.460252E-6	-8.681875E-12	9.353613E+1
-2.000000E-1	2.241466E-6	-2.241466E-6	-1.332655E-11	9.415039E+1
-2.500000E-1	3.533808E-6	-3.533808E-6	-2.101012E-11	9.476465E+1
-3.000000E-1	4.701243E-6	-4.701243E-6	-2.795106E-11	9.537891E+1
-3.500000E-1	5.827966E-6	-5.827966E-6	-3.464995E-11	9.599316E+1
-4.000000E-1	7.420828E-6	-7.420828E-6	-4.412025E-11	9.660742E+1
-4.500000E-1	9.874302E-6	-9.874302E-6	-5.870728E-11	9.722168E+1
-5.000000E-1	1.138604E-5	-1.138604E-5	-6.769525E-11	9.783594E+1
-5.000000E-1	1.149086E-5	-1.149086E-5	-6.831849E-11	9.845020E+1
-4.500000E-1	9.040676E-6	-9.040676E-6	-5.375099E-11	9.906445E+1
-4.000000E-1	7.257849E-6	-7.257849E-6	-4.315126E-11	9.967871E+1
-3.500000E-1	5.929395E-6	-5.929395E-6	-3.525299E-11	1.002930E+2
-3.000000E-1	4.504496E-6	-4.504496E-6	-2.678131E-11	1.009072E+2
-2.500000E-1	3.584157E-6	-3.584157E-6	-2.130947E-11	1.015215E+2
-2.000000E-1	2.383263E-6	-2.383263E-6	-1.416960E-11	1.021348E+2
-1.500000E-1	1.700617E-6	-1.700617E-6	-1.011095E-11	1.027490E+2
-1.000000E-1	1.204695E-6	-1.204695E-6	-7.162465E-12	1.033633E+2
-5.000000E-2	5.930175E-7	-5.930175E-7	-3.525763E-12	1.039775E+2
0.000000E+0	7.443706E-9	7.443706E-9	4.425627E-14	1.045908E+2
0.000000E+0	2.749666E-9	2.749666E-9	1.634803E-14	1.052061E+2
5.000000E-2	6.397572E-7	6.397572E-7	3.803652E-12	1.058203E+2
1.000000E-1	1.338749E-6	1.338749E-6	7.959480E-12	1.064336E+2
1.500000E-1	2.258975E-6	2.258975E-6	1.343065E-11	1.070479E+2
2.000000E-1	2.873286E-6	2.873286E-6	1.708301E-11	1.076621E+2
2.500000E-1	4.490371E-6	4.490371E-6	2.669733E-11	1.082764E+2
3.000000E-1	5.973844E-6	5.973844E-6	3.551726E-11	1.088896E+2
3.500000E-1	7.802895E-6	7.802895E-6	4.639181E-11	1.095039E+2
4.000000E-1	9.947575E-6	9.947575E-6	5.914293E-11	1.101172E+2
4.500000E-1	1.394924E-5	1.394924E-5	8.293465E-11	1.107314E+2
5.000000E-1	4.033179E-5	4.033179E-5	2.397911E-10	1.117451E+2
5.000000E-1	4.679737E-5	4.679737E-5	2.782320E-10	1.120176E+2
4.500000E-1	3.889743E-5	3.889743E-5	2.312632E-10	1.122900E+2
4.000000E-1	3.334651E-5	3.334651E-5	1.982604E-10	1.125615E+2
3.500000E-1	2.479340E-5	2.479340E-5	1.474082E-10	1.128340E+2
3.000000E-1	1.961614E-5	1.961614E-5	1.166270E-10	1.131064E+2
2.500000E-1	6.091826E-6	6.091826E-6	3.621872E-11	1.140957E+2
2.000000E-1	5.960286E-6	5.960286E-6	3.543665E-11	1.147100E+2
1.500000E-1	4.791308E-6	4.791308E-6	2.848654E-11	1.153232E+2
1.000000E-1	5.234679E-6	5.234679E-6	3.112258E-11	1.159375E+2
5.000000E-2	2.785296E-6	2.785296E-6	1.655987E-11	1.165518E+2
0.000000E+0	1.030728E-7	1.030728E-7	6.128154E-13	1.171650E+2
-5.000000E-2	3.438880E-6	-3.438880E-6	-2.044573E-11	1.177803E+2
-1.000000E-1	6.581831E-6	-6.581831E-6	-3.913202E-11	1.183945E+2
-1.500000E-1	3.525634E-6	-3.525634E-6	-2.096152E-11	1.190078E+2
-2.000000E-1	6.214475E-6	-6.214475E-6	-3.694792E-11	1.196221E+2
-2.500000E-1	1.232670E-5	-1.232670E-5	-7.328793E-11	1.202363E+2
-3.000000E-1	6.451629E-6	-6.451629E-6	-3.835791E-11	1.208506E+2
-3.500000E-1	7.634859E-6	-7.634859E-6	-4.539276E-11	1.214648E+2
-4.000000E-1	1.168237E-5	-1.168237E-5	-6.945711E-11	1.220791E+2
-4.500000E-1	1.250676E-5	-1.250676E-5	-7.435848E-11	1.226934E+2
-5.000000E-1	1.434593E-5	-1.434593E-5	-8.529315E-11	1.233076E+2
-5.000000E-1	1.226467E-5	-1.226467E-5	-7.291910E-11	1.239219E+2
-4.500000E-1	1.113795E-5	-1.113795E-5	-6.622024E-11	1.245361E+2
-4.000000E-1	9.948376E-6	-9.948376E-6	-5.914769E-11	1.251504E+2
-3.500000E-1	8.192696E-6	-8.192696E-6	-4.870936E-11	1.257646E+2
-3.000000E-1	6.645410E-6	-6.645410E-6	-3.951003E-11	1.263789E+2
-2.500000E-1	4.972794E-6	-4.972794E-6	-2.956556E-11	1.269932E+2
-2.000000E-1	3.650818E-6	-3.650818E-6	-2.170580E-11	1.276064E+2
-1.500000E-1	2.358887E-6	-2.358887E-6	-1.402467E-11	1.282207E+2
-1.000000E-1	1.526707E-6	-1.526707E-6	-9.076975E-12	1.288350E+2
-5.000000E-2	7.645215E-7	-7.645215E-7	-4.545433E-12	1.294492E+2
0.000000E+0	3.363555E-8	-3.363555E-8	-1.999789E-13	1.300635E+2
0.000000E+0	3.605143E-8	-3.605143E-8	-2.143424E-13	1.306777E+2
5.000000E-2	7.638936E-7	7.638936E-7	4.541700E-12	1.312920E+2
1.000000E-1	1.736901E-6	1.736901E-6	1.032668E-11	1.319053E+2
1.500000E-1	2.735266E-6	2.735266E-6	1.626242E-11	1.325195E+2
2.000000E-1	4.288404E-6	4.288404E-6	2.549654E-11	1.331338E+2
2.500000E-1	7.074090E-6	7.074090E-6	4.205873E-11	1.337480E+2
3.000000E-1	8.572132E-6	8.572132E-6	5.096528E-11	1.343613E+2
3.500000E-1	1.148141E-5	1.148141E-5	6.826226E-11	1.349756E+2
4.000000E-1	1.351606E-5	1.351606E-5	8.035924E-11	1.355898E+2
4.500000E-1	4.057360E-5	4.057360E-5	2.412288E-10	1.364326E+2
5.000000E-1	4.911111E-5	4.911111E-5	2.919882E-10	1.367051E+2
5.000000E-1	5.356355E-5	5.356355E-5	3.184600E-10	1.369775E+2
4.500000E-1	4.243898E-5	4.243898E-5	2.523193E-10	1.372490E+2
4.000000E-1	3.180703E-5	3.180703E-5	1.891075E-10	1.375215E+2
3.500000E-1	2.305653E-5	2.305653E-5	1.370817E-10	1.377939E+2
3.000000E-1	1.844023E-5	1.844023E-5	1.096357E-10	1.380654E+2
2.500000E-1	5.245945E-6	5.245945E-6	3.118956E-11	1.390557E+2
2.000000E-1	3.757527E-6	3.757527E-6	2.234023E-11	1.396689E+2
1.500000E-1	2.743279E-6	2.743279E-6	1.631006E-11	1.402832E+2
1.000000E-1	1.643885E-6	1.643885E-6	9.773654E-12	1.408975E+2
5.000000E-2	7.532054E-7	7.532054E-7	4.478154E-12	1.415117E+2
0.000000E+0	6.211025E-8	6.211025E-8	3.692741E-13	1.421250E+2
-5.000000E-2	6.648449E-7	-6.648449E-7	-3.952810E-12	1.427402E+2
-1.000000E-1	1.702872E-6	-1.702872E-6	-1.012436E-11	1.433535E+2
-1.500000E-1	2.134924E-6	-2.134924E-6	-1.269311E-11	1.439678E+2
-2.000000E-1	2.993791E-6	-2.993791E-6	-1.779947E-11	1.445820E+2
-2.500000E-1	4.076777E-6	-4.076777E-6	-2.423832E-11	1.451963E+2
-3.000000E-1	6.292980E-6	-6.292980E-6	-3.741467E-11	1.458105E+2
-3.500000E-1	7.233307E-6	-7.233307E-6	-4.300535E-11	1.464248E+2
-4.000000E-1	7.869192E-6	-7.869192E-6	-4.678598E-11	1.470391E+2
-4.500000E-1	1.321559E-5	-1.321559E-5	-7.857281E-11	1.476533E+2
-5.000000E-1	1.449552E-5	-1.449552E-5	-8.618257E-11	1.482666E+2
-5.000000E-1	1.366559E-5	-1.366559E-5	-8.124824E-11	1.488809E+2
-4.500000E-1	1.063075E-5	-1.063075E-5	-6.320471E-11	1.494951E+2
-4.000000E-1	8.608068E-6	-8.608068E-6	-5.117894E-11	1.501094E+2
-3.500000E-1	6.616141E-6	-6.616141E-6	-3.933601E-11	1.507236E+2
-3.000000E-1	6.138153E-6	-6.138153E-6	-3.649415E-11	1.513379E+2
-2.500000E-1	4.273709E-6	-4.273709E-6	-2.540917E-11	1.519521E+2
-2.000000E-1	2.933999E-6	-2.933999E-6	-1.744398E-11	1.525664E+2
-1.500000E-1	2.252809E-6	-2.252809E-6	-1.339399E-11	1.531807E+2
-1.000000E-1	1.373379E-6	-1.373379E-6	-8.165371E-12	1.537949E+2
-5.000000E-2	6.304905E-7	-6.304905E-7	-3.748557E-12	1.544092E+2
0.000000E+0	1.703953E-8	-1.703953E-8	-1.013079E-13	1.550225E+2
0.000000E+0	3.049608E-8	-3.049608E-8	-1.813133E-13	1.556377E+2
5.000000E-2	6.579381E-7	6.579381E-7	3.911746E-12	1.562510E+2
1.000000E-1	1.372130E-6	1.372130E-6	8.157947E-12	1.568652E+2
1.500000E-1	2.002966E-6	2.002966E-6	1.190856E-11	1.574795E+2
2.000000E-1	3.087977E-6	3.087977E-6	1.835945E-11	1.580938E+2
2.500000E-1	4.409659E-6	4.409659E-6	2.621746E-11	1.587070E+2
3.000000E-1	6.691220E-6	6.691220E-6	3.978239E-11	1.593213E+2
3.500000E-1	8.402626E-6	8.402626E-6	4.995749E-11	1.599355E+2
4.000000E-1	1.076077E-5	1.076077E-5	6.397777E-11	1.605488E+2
4.500000E-1	1.408210E-5	1.408210E-5	8.372456E-11	1.611631E+2
5.000000E-1	6.343972E-5	6.343972E-5	3.771784E-10	1.618359E+2
5.000000E-1	5.421779E-5	5.421779E-5	3.223498E-10	1.621074E+2
4.500000E-1	4.347505E-5	4.347505E-5	2.584792E-10	1.623799E+2
4.000000E-1	2.996331E-5	2.996331E-5	1.781457E-10	1.626523E+2
3.500000E-1	2.095486E-5	2.095486E-5	1.245863E-10	1.629238E+2
3.000000E-1	7.330312E-6	7.330312E-6	4.358209E-11	1.639141E+2
2.500000E-1	4.608090E-6	4.608090E-6	2.739722E-11	1.645273E+2
2.000000E-1	3.292084E-6	3.292084E-6	1.957296E-11	1.651416E+2
1.500000E-1	2.376313E-6	2.376313E-6	1.412828E-11	1.657559E+2
1.000000E-1	1.356668E-6	1.356668E-6	8.066020E-12	1.663691E+2
5.000000E-2	6.937189E-7	6.937189E-7	4.124479E-12	1.669834E+2
0.000000E+0	6.473386E-8	6.473386E-8	3.848727E-13	1.675977E+2
-5.000000E-2	5.243295E-7	-5.243295E-7	-3.117381E-12	1.682119E+2
-1.000000E-1	1.126572E-6	-1.126572E-6	-6.697989E-12	1.688262E+2
-1.500000E-1	1.877175E-6	-1.877175E-6	-1.116067E-11	1.694404E+2
-2.000000E-1	2.771218E-6	-2.771218E-6	-1.647617E-11	1.700547E+2
-2.500000E-1	3.773029E-6	-3.773029E-6	-2.243240E-11	1.706680E+2
-3.000000E-1	4.763925E-6	-4.763925E-6	-2.832373E-11	1.712822E+2
-3.500000E-1	5.941371E-6	-5.941371E-6	-3.532419E-11	1.718965E+2
-4.000000E-1	7.191748E-6	-7.191748E-6	-4.275826E-11	1.725107E+2
-4.500000E-1	8.677846E-6	-8.677846E-6	-5.159380E-11	1.731250E+2
-5.000000E-1	1.073151E-5	-1.073151E-5	-6.380377E-11	1.737393E+2
-5.000000E-1	1.216834E-5	-1.216834E-5	-7.234639E-11	1.743535E+2
-4.500000E-1	9.429564E-6	-9.429564E-6	-5.606311E-11	1.749678E+2
-4.000000E-1	6.102510E-6	-6.102510E-6	-3.628224E-11	1.755820E+2
-3.500000E-1	5.134138E-6	-5.134138E-6	-3.052482E-11	1.761963E+2
-3.000000E-1	4.435466E-6	-4.435466E-6	-2.637089E-11	1.768105E+2
-2.500000E-1	3.691855E-6	-3.691855E-6	-2.194978E-11	1.774248E+2
-2.000000E-1	2.995273E-6	-2.995273E-6	-1.780828E-11	1.780381E+2
-1.500000E-1	2.093594E-6	-2.093594E-6	-1.244738E-11	1.786523E+2
-1.000000E-1	1.337979E-6	-1.337979E-6	-7.954901E-12	1.792666E+2
-5.000000E-2	5.528370E-7	-5.528370E-7	-3.286871E-12	1.798809E+2
0.000000E+0	1.909361E-9	1.909361E-9	1.135203E-14	1.804941E+2
0.000000E+0	1.480805E-8	-1.480805E-8	-8.804069E-14	1.811094E+2
5.000000E-2	5.939255E-7	5.939255E-7	3.531161E-12	1.817236E+2
1.000000E-1	1.246117E-6	1.246117E-6	7.408740E-12	1.823369E+2
1.500000E-1	2.474622E-6	2.474622E-6	1.471277E-11	1.829512E+2
2.000000E-1	3.867419E-6	3.867419E-6	2.299359E-11	1.835654E+2
2.500000E-1	4.997403E-6	4.997403E-6	2.971187E-11	1.841787E+2
3.000000E-1	7.529893E-6	7.529893E-6	4.476869E-11	1.847930E+2
3.500000E-1	8.836602E-6	8.836602E-6	5.253768E-11	1.854072E+2
4.000000E-1	9.595486E-6	9.595486E-6	5.704959E-11	1.860205E+2
4.500000E-1	1.281926E-5	1.281926E-5	7.621642E-11	1.866348E+2
5.000000E-1	4.448962E-5	4.448962E-5	2.645113E-10	1.874785E+2
5.000000E-1	3.920567E-5	3.920567E-5	2.330958E-10	1.877500E+2
4.500000E-1	3.075526E-5	3.075526E-5	1.828542E-10	1.880225E+2
4.000000E-1	2.437903E-5	2.437903E-5	1.449446E-10	1.882949E+2
3.500000E-1	1.954489E-5	1.954489E-5	1.162034E-10	1.885664E+2
3.000000E-1	5.947277E-6	5.947277E-6	3.535931E-11	1.895566E+2
2.500000E-1	4.244025E-6	4.244025E-6	2.523269E-11	1.901699E+2
2.000000E-1	2.880283E-6	2.880283E-6	1.712461E-11	1.907842E+2
1.500000E-1	1.775485E-6	1.775485E-6	1.055608E-11	1.913984E+2
1.000000E-1	1.065538E-6	1.065538E-6	6.335113E-12	1.920127E+2
5.000000E-2	5.363062E-7	5.363062E-7	3.188588E-12	1.926270E+2
0.000000E+0	5.924154E-8	5.924154E-8	3.522183E-13	1.932402E+2
-5.000000E-2	4.403831E-7	-4.403831E-7	-2.618281E-12	1.938555E+2
-1.000000E-1	9.208580E-7	-9.208580E-7	-5.474926E-12	1.944687E+2
-1.500000E-1	1.463891E-6	-1.463891E-6	-8.703510E-12	1.950830E+2
-2.000000E-1	2.557021E-6	-2.557021E-6	-1.520267E-11	1.956973E+2
-2.500000E-1	3.799641E-6	-3.799641E-6	-2.259062E-11	1.963115E+2
-3.000000E-1	4.299693E-6	-4.299693E-6	-2.556366E-11	1.969258E+2
-3.500000E-1	5.384665E-6	-5.384665E-6	-3.201432E-11	1.975400E+2
-4.000000E-1	7.241468E-6	-7.241468E-6	-4.305387E-11	1.981543E+2
-4.500000E-1	7.823399E-6	-7.823399E-6	-4.651372E-11	1.987686E+2
-5.000000E-1	8.802692E-6	-8.802692E-6	-5.233607E-11	1.993828E+2
-5.000000E-1	1.095346E-5	-1.095346E-5	-6.512335E-11	1.999971E+2
-4.500000E-1	1.192912E-5	-1.192912E-5	-7.092413E-11	2.006113E+2
-4.000000E-1	1.144025E-5	-1.144025E-5	-6.801754E-11	2.012256E+2
-3.500000E-1	9.211164E-6	-9.211164E-6	-5.476462E-11	2.018398E+2
-3.000000E-1	5.802111E-6	-5.802111E-6	-3.449623E-11	2.024541E+2
-2.500000E-1	4.979725E-6	-4.979725E-6	-2.960676E-11	2.030684E+2
-2.000000E-1	2.964920E-6	-2.964920E-6	-1.762782E-11	2.036816E+2
-1.500000E-1	1.886774E-6	-1.886774E-6	-1.121774E-11	2.042959E+2
-1.000000E-1	1.242851E-6	-1.242851E-6	-7.389325E-12	2.049102E+2
-5.000000E-2	6.232335E-7	-6.232335E-7	-3.705411E-12	2.055244E+2
0.000000E+0	2.557329E-8	-2.557329E-8	-1.520450E-13	2.061377E+2
0.000000E+0	1.776779E-8	-1.776779E-8	-1.056377E-13	2.067529E+2
5.000000E-2	7.043697E-7	7.043697E-7	4.187803E-12	2.073662E+2
1.000000E-1	1.734232E-6	1.734232E-6	1.031081E-11	2.079805E+2
1.500000E-1	2.722440E-6	2.722440E-6	1.618616E-11	2.085947E+2
2.000000E-1	4.017012E-6	4.017012E-6	2.388299E-11	2.092090E+2
2.500000E-1	6.314980E-6	6.314980E-6	3.754547E-11	2.098223E+2
3.000000E-1	9.537248E-6	9.537248E-6	5.670334E-11	2.104365E+2
3.500000E-1	1.068357E-5	1.068357E-5	6.351874E-11	2.110508E+2
4.000000E-1	1.317014E-5	1.317014E-5	7.830257E-11	2.116641E+2
4.500000E-1	1.537842E-5	1.537842E-5	9.143183E-11	2.122783E+2
5.000000E-1	6.917791E-5	6.917791E-5	4.112946E-10	2.129512E+2
5.000000E-1	5.771860E-5	5.771860E-5	3.431637E-10	2.132227E+2
4.500000E-1	4.848102E-5	4.848102E-5	2.882420E-10	2.134951E+2
4.000000E-1	3.960349E-5	3.960349E-5	2.354610E-10	2.137676E+2
3.500000E-1	3.221170E-5	3.221170E-5	1.915134E-10	2.140391E+2
3.000000E-1	2.129671E-5	2.129671E-5	1.266188E-10	2.143115E+2
2.500000E-1	1.706199E-5	1.706199E-5	1.014414E-10	2.145840E+2
2.000000E-1	5.619084E-6	5.619084E-6	3.340805E-11	2.155732E+2
1.500000E-1	3.487351E-6	3.487351E-6	2.073391E-11	2.161875E+2
1.000000E-1	2.189470E-6	2.189470E-6	1.301741E-11	2.168008E+2
5.000000E-2	1.049978E-6	1.049978E-6	6.242604E-12	2.174150E+2
0.000000E+0	5.173946E-8	5.173946E-8	3.076150E-13	2.180293E+2
-5.000000E-2	8.449714E-7	-8.449714E-7	-5.023745E-12	2.186436E+2
-1.000000E-1	1.695904E-6	-1.695904E-6	-1.008293E-11	2.192578E+2
-1.500000E-1	2.585451E-6	-2.585451E-6	-1.537170E-11	2.198721E+2
-2.000000E-1	3.432988E-6	-3.432988E-6	-2.041070E-11	2.204863E+2
-2.500000E-1	4.191866E-6	-4.191866E-6	-2.492258E-11	2.211006E+2
-3.000000E-1	5.720900E-6	-5.720900E-6	-3.401339E-11	2.217148E+2
-3.500000E-1	7.672897E-6	-7.672897E-6	-4.561891E-11	2.223281E+2
-4.000000E-1	8.673920E-6	-8.673920E-6	-5.157046E-11	2.229424E+2
-4.500000E-1	1.150030E-5	-1.150030E-5	-6.837457E-11	2.235566E+2
-5.000000E-1	1.290156E-5	-1.290156E-5	-7.670575E-11	2.241709E+2
-5.000000E-1	9.994588E-6	-9.994588E-6	-5.942244E-11	2.247852E+2
-4.500000E-1	7.829513E-6	-7.829513E-6	-4.655007E-11	2.253994E+2
-4.000000E-1	5.999849E-6	-5.999849E-6	-3.567187E-11	2.260137E+2
-3.500000E-1	5.904268E-6	-5.904268E-6	-3.510360E-11	2.266279E+2
-3.000000E-1	5.437080E-6	-5.437080E-6	-3.232595E-11	2.272422E+2
-2.500000E-1	3.350540E-6	-3.350540E-6	-1.992051E-11	2.278564E+2
-2.000000E-1	2.453641E-6	-2.453641E-6	-1.458803E-11	2.284707E+2
-1.500000E-1	1.773351E-6	-1.773351E-6	-1.054339E-11	2.290850E+2
-1.000000E-1	1.285058E-6	-1.285058E-6	-7.640263E-12	2.296982E+2
-5.000000E-2	6.342322E-7	-6.342322E-7	-3.770803E-12	2.303125E+2
0.000000E+0	8.043591E-9	-8.043591E-9	-4.782286E-14	2.309268E+2
0.000000E+0	1.238517E-8	-1.238517E-8	-7.363554E-14	2.315410E+2
5.000000E-2	7.002521E-7	7.002521E-7	4.163322E-12	2.321553E+2
1.000000E-1	1.460831E-6	1.460831E-6	8.685316E-12	2.327695E+2
1.500000E-1	2.432963E-6	2.432963E-6	1.446509E-11	2.333838E+2
2.000000E-1	3.304433E-6	3.304433E-6	1.964638E-11	2.339971E+2
2.500000E-1	4.297177E-6	4.297177E-6	2.554870E-11	2.346113E+2
3.000000E-1	5.825127E-6	5.825127E-6	3.463307E-11	2.352256E+2
3.500000E-1	7.403936E-6	7.403936E-6	4.401982E-11	2.358389E+2
4.000000E-1	1.019483E-5	1.019483E-5	6.061297E-11	2.364531E+2
4.500000E-1	1.234677E-5	1.234677E-5	7.340727E-11	2.370664E+2
5.000000E-1	1.513480E-5	1.513480E-5	8.998338E-11	2.376807E+2
5.000000E-1	1.500948E-5	1.500948E-5	8.923826E-11	2.382949E+2
4.500000E-1	1.094619E-5	1.094619E-5	6.508014E-11	2.389082E+2
4.000000E-1	8.626395E-6	8.626395E-6	5.128790E-11	2.395225E+2
3.500000E-1	6.655046E-6	6.655046E-6	3.956732E-11	2.401357E+2
3.000000E-1	5.318615E-6	5.318615E-6	3.162162E-11	2.407500E+2
2.500000E-1	4.103789E-6	4.103789E-6	2.439892E-11	2.413643E+2
2.000000E-1	3.098015E-6	3.098015E-6	1.841913E-11	2.419775E+2
1.500000E-1	2.113567E-6	2.113567E-6	1.256613E-11	2.425918E+2
1.000000E-1	1.272519E-6	1.272519E-6	7.565712E-12	2.432061E+2
5.000000E-2	5.917150E-7	5.917150E-7	3.518019E-12	2.438203E+2
0.000000E+0	9.519493E-8	9.519493E-8	5.659778E-13	2.444336E+2
-5.000000E-2	4.022729E-7	-4.022729E-7	-2.391698E-12	2.450488E+2
-1.000000E-1	1.074713E-6	-1.074713E-6	-6.389667E-12	2.456621E+2
-1.500000E-1	1.633526E-6	-1.633526E-6	-9.712064E-12	2.462764E+2
-2.000000E-1	2.240443E-6	-2.240443E-6	-1.332047E-11	2.468906E+2
-2.500000E-1	3.348120E-6	-3.348120E-6	-1.990612E-11	2.475049E+2
-3.000000E-1	3.692645E-6	-3.692645E-6	-2.195448E-11	2.481191E+2
-3.500000E-1	4.641105E-6	-4.641105E-6	-2.759351E-11	2.487334E+2
-4.000000E-1	5.940636E-6	-5.940636E-6	-3.531982E-11	2.493477E+2
-4.500000E-1	6.308444E-6	-6.308444E-6	-3.750661E-11	2.499619E+2
-5.000000E-1	8.114243E-6	-8.114243E-6	-4.824292E-11	2.505762E+2
-5.000000E-1	8.792751E-6	-8.792751E-6	-5.227696E-11	2.511904E+2
-4.500000E-1	7.095345E-6	-7.095345E-6	-4.218510E-11	2.518047E+2
-4.000000E-1	7.103023E-6	-7.103023E-6	-4.223075E-11	2.524180E+2
-3.500000E-1	5.017434E-6	-5.017434E-6	-2.983096E-11	2.530322E+2
-3.000000E-1	3.946489E-6	-3.946489E-6	-2.346370E-11	2.536465E+2
-2.500000E-1	3.261681E-6	-3.261681E-6	-1.939220E-11	2.542607E+2
-2.000000E-1	2.374346E-6	-2.374346E-6	-1.411658E-11	2.548750E+2
-1.500000E-1	1.862627E-6	-1.862627E-6	-1.107418E-11	2.554893E+2
-1.000000E-1	1.136186E-6	-1.136186E-6	-6.755152E-12	2.561035E+2
-5.000000E-2	5.627900E-7	-5.627900E-7	-3.346046E-12	2.567178E+2
0.000000E+0	1.239217E-8	1.239217E-8	7.367718E-14	2.573311E+2
0.000000E+0	7.707469E-9	7.707469E-9	4.582446E-14	2.579463E+2
5.000000E-2	5.976392E-7	5.976392E-7	3.553241E-12	2.585596E+2
1.000000E-1	1.294780E-6	1.294780E-6	7.698064E-12	2.591738E+2
1.500000E-1	2.514452E-6	2.514452E-6	1.494958E-11	2.597881E+2
2.000000E-1	3.212612E-6	3.212612E-6	1.910046E-11	2.604023E+2
2.500000E-1	4.083965E-6	4.083965E-6	2.428106E-11	2.610156E+2
3.000000E-1	5.987935E-6	5.987935E-6	3.560104E-11	2.616299E+2
3.500000E-1	7.299119E-6	7.299119E-6	4.339663E-11	2.622441E+2
4.000000E-1	9.875114E-6	9.875114E-6	5.871211E-11	2.628574E+2
4.500000E-1	1.202478E-5	1.202478E-5	7.149286E-11	2.634717E+2
5.000000E-1	1.505554E-5	1.505554E-5	8.951211E-11	2.640850E+2
5.000000E-1	1.527085E-5	1.527085E-5	9.079226E-11	2.646982E+2
4.500000E-1	1.309321E-5	1.309321E-5	7.784520E-11	2.653125E+2
4.000000E-1	1.062006E-5	1.062006E-5	6.314115E-11	2.659268E+2
3.500000E-1	8.362377E-6	8.362377E-6	4.971819E-11	2.665400E+2
3.000000E-1	5.290777E-6	5.290777E-6	3.145611E-11	2.671543E+2
2.500000E-1	3.859179E-6	3.859179E-6	2.294460E-11	2.677686E+2
2.000000E-1	2.735359E-6	2.735359E-6	1.626297E-11	2.683818E+2
1.500000E-1	1.948944E-6	1.948944E-6	1.158737E-11	2.689961E+2
1.000000E-1	1.219575E-6	1.219575E-6	7.250936E-12	2.696104E+2
5.000000E-2	5.814400E-7	5.814400E-7	3.456929E-12	2.702236E+2
0.000000E+0	1.166484E-7	1.166484E-7	6.935286E-13	2.708379E+2
-5.000000E-2	3.645783E-7	-3.645783E-7	-2.167586E-12	2.714521E+2
-1.000000E-1	7.184798E-7	-7.184798E-7	-4.271694E-12	2.720664E+2
-1.500000E-1	1.169719E-6	-1.169719E-6	-6.954520E-12	2.726807E+2
-2.000000E-1	1.712425E-6	-1.712425E-6	-1.018116E-11	2.732949E+2
-2.500000E-1	2.762527E-6	-2.762527E-6	-1.642450E-11	2.739082E+2
-3.000000E-1	3.925998E-6	-3.925998E-6	-2.334187E-11	2.745225E+2
-3.500000E-1	5.163253E-6	-5.163253E-6	-3.069792E-11	2.751367E+2
-4.000000E-1	6.643649E-6	-6.643649E-6	-3.949956E-11	2.757510E+2
-4.500000E-1	8.896650E-6	-8.896650E-6	-5.289469E-11	2.763652E+2
-5.000000E-1	1.100776E-5	-1.100776E-5	-6.544619E-11	2.769795E+2
-5.000000E-1	1.087566E-5	-1.087566E-5	-6.466082E-11	2.775938E+2
-4.500000E-1	8.009427E-6	-8.009427E-6	-4.761974E-11	2.782080E+2
-4.000000E-1	6.284582E-6	-6.284582E-6	-3.736474E-11	2.788223E+2
-3.500000E-1	4.842075E-6	-4.842075E-6	-2.878837E-11	2.794365E+2
-3.000000E-1	3.695854E-6	-3.695854E-6	-2.197356E-11	2.800508E+2
-2.500000E-1	2.696563E-6	-2.696563E-6	-1.603231E-11	2.806650E+2
-2.000000E-1	2.322782E-6	-2.322782E-6	-1.381001E-11	2.812783E+2
-1.500000E-1	1.752332E-6	-1.752332E-6	-1.041842E-11	2.818926E+2
-1.000000E-1	1.201417E-6	-1.201417E-6	-7.142981E-12	2.825068E+2
-5.000000E-2	5.726052E-7	-5.726052E-7	-3.404402E-12	2.831211E+2
0.000000E+0	1.607551E-8	1.607551E-8	9.557632E-14	2.837344E+2
0.000000E+0	1.773511E-8	1.773511E-8	1.054434E-13	2.843496E+2
5.000000E-2	6.347785E-7	6.347785E-7	3.774051E-12	2.849629E+2
1.000000E-1	1.305347E-6	1.305347E-6	7.760889E-12	2.855771E+2
1.500000E-1	2.169423E-6	2.169423E-6	1.289822E-11	2.861914E+2
2.000000E-1	3.189998E-6	3.189998E-6	1.896601E-11	2.868047E+2
2.500000E-1	4.398291E-6	4.398291E-6	2.614987E-11	2.874189E+2
3.000000E-1	6.170752E-6	6.170752E-6	3.668797E-11	2.880332E+2
3.500000E-1	7.386725E-6	7.386725E-6	4.391749E-11	2.886465E+2
4.000000E-1	9.536472E-6	9.536472E-6	5.669873E-11	2.892607E+2
4.500000E-1	1.105396E-5	1.105396E-5	6.572087E-11	2.898750E+2
5.000000E-1	1.492602E-5	1.492602E-5	8.874205E-11	2.904883E+2
5.000000E-1	1.433656E-5	1.433656E-5	8.523745E-11	2.911025E+2
4.500000E-1	1.079193E-5	1.079193E-5	6.416299E-11	2.917158E+2
4.000000E-1	9.205252E-6	9.205252E-6	5.472947E-11	2.923301E+2
3.500000E-1	7.455199E-6	7.455199E-6	4.432460E-11	2.929434E+2
3.000000E-1	5.702642E-6	5.702642E-6	3.390484E-11	2.935576E+2
2.500000E-1	4.229667E-6	4.229667E-6	2.514732E-11	2.941719E+2
2.000000E-1	3.263979E-6	3.263979E-6	1.940586E-11	2.947861E+2
1.500000E-1	2.092663E-6	2.092663E-6	1.244185E-11	2.953994E+2
1.000000E-1	1.240006E-6	1.240006E-6	7.372408E-12	2.960137E+2
5.000000E-2	6.312141E-7	6.312141E-7	3.752859E-12	2.966279E+2
0.000000E+0	1.165270E-7	1.165270E-7	6.928069E-13	2.972422E+2
-5.000000E-2	3.820588E-7	-3.820588E-7	-2.271516E-12	2.978564E+2
-1.000000E-1	8.509913E-7	-8.509913E-7	-5.059536E-12	2.984707E+2
-1.500000E-1	1.458619E-6	-1.458619E-6	-8.672160E-12	2.990850E+2
-2.000000E-1	2.084382E-6	-2.084382E-6	-1.239261E-11	2.996992E+2
-2.500000E-1	2.656687E-6	-2.656687E-6	-1.579523E-11	3.003125E+2
-3.000000E-1	3.647194E-6	-3.647194E-6	-2.168425E-11	3.009268E+2
-3.500000E-1	4.735357E-6	-4.735357E-6	-2.815388E-11	3.015410E+2
-4.000000E-1	5.821906E-6	-5.821906E-6	-3.461392E-11	3.021553E+2
-4.500000E-1	8.809651E-6	-8.809651E-6	-5.237744E-11	3.027695E+2
-5.000000E-1	1.327606E-5	-1.327606E-5	-7.893233E-11	3.033838E+2
-5.000000E-1	1.326671E-5	-1.326671E-5	-7.887672E-11	3.039980E+2
-4.500000E-1	1.091641E-5	-1.091641E-5	-6.490311E-11	3.046123E+2
-4.000000E-1	9.674149E-6	-9.674149E-6	-5.751728E-11	3.052266E+2
-3.500000E-1	6.247066E-6	-6.247066E-6	-3.714169E-11	3.058408E+2
-3.000000E-1	3.656155E-6	-3.656155E-6	-2.173753E-11	3.064551E+2
-2.500000E-1	2.369680E-6	-2.369680E-6	-1.408884E-11	3.070684E+2
-2.000000E-1	2.101161E-6	-2.101161E-6	-1.249237E-11	3.076826E+2
-1.500000E-1	1.466991E-6	-1.466991E-6	-8.721940E-12	3.082969E+2
-1.000000E-1	9.552032E-7	-9.552032E-7	-5.679124E-12	3.089111E+2
-5.000000E-2	4.924726E-7	-4.924726E-7	-2.927977E-12	3.095254E+2
0.000000E+0	2.243615E-8	2.243615E-8	1.333933E-13	3.101396E+2
0.000000E+0	9.126651E-9	9.126651E-9	5.426215E-14	3.107539E+2
5.000000E-2	6.222555E-7	6.222555E-7	3.699596E-12	3.113682E+2
1.000000E-1	1.387522E-6	1.387522E-6	8.249457E-12	3.119814E+2
1.500000E-1	2.398885E-6	2.398885E-6	1.426248E-11	3.125957E+2
2.000000E-1	3.553717E-6	3.553717E-6	2.112849E-11	3.132100E+2
2.500000E-1	4.745654E-6	4.745654E-6	2.821510E-11	3.138242E+2
3.000000E-1	5.958273E-6	5.958273E-6	3.542468E-11	3.144375E+2
3.500000E-1	8.836545E-6	8.836545E-6	5.253734E-11	3.150518E+2
4.000000E-1	1.040352E-5	1.040352E-5	6.185373E-11	3.156660E+2
4.500000E-1	1.304118E-5	1.304118E-5	7.753582E-11	3.162793E+2
5.000000E-1	4.323355E-5	4.323355E-5	2.570434E-10	3.171230E+2
5.000000E-1	4.720365E-5	4.720365E-5	2.806475E-10	3.173945E+2
4.500000E-1	3.613015E-5	3.613015E-5	2.148104E-10	3.176670E+2
4.000000E-1	2.957384E-5	2.957384E-5	1.758301E-10	3.179395E+2
3.500000E-1	2.415587E-5	2.415587E-5	1.436178E-10	3.182109E+2
3.000000E-1	6.632264E-6	6.632264E-6	3.943187E-11	3.192012E+2
2.500000E-1	4.828170E-6	4.828170E-6	2.870570E-11	3.198145E+2
2.000000E-1	3.461112E-6	3.461112E-6	2.057791E-11	3.204287E+2
1.500000E-1	2.536380E-6	2.536380E-6	1.507995E-11	3.210430E+2
1.000000E-1	1.373787E-6	1.373787E-6	8.167800E-12	3.216563E+2
5.000000E-2	6.816791E-7	6.816791E-7	4.052897E-12	3.222705E+2
0.000000E+0	8.728206E-8	8.728206E-8	5.189321E-13	3.228848E+2
-5.000000E-2	5.328447E-7	-5.328447E-7	-3.168008E-12	3.234990E+2
-1.000000E-1	1.008892E-6	-1.008892E-6	-5.998327E-12	3.241133E+2
-1.500000E-1	1.735076E-6	-1.735076E-6	-1.031583E-11	3.247266E+2
-2.000000E-1	2.660542E-6	-2.660542E-6	-1.581815E-11	3.253408E+2
-2.500000E-1	3.997175E-6	-3.997175E-6	-2.376505E-11	3.259551E+2
-3.000000E-1	4.798250E-6	-4.798250E-6	-2.852781E-11	3.265693E+2
-3.500000E-1	4.850212E-6	-4.850212E-6	-2.883675E-11	3.271836E+2
-4.000000E-1	6.941525E-6	-6.941525E-6	-4.127057E-11	3.277979E+2
-4.500000E-1	9.137474E-6	-9.137474E-6	-5.432650E-11	3.284121E+2
-5.000000E-1	1.331073E-5	-1.331073E-5	-7.913843E-11	3.290264E+2
-5.000000E-1	1.286865E-5	-1.286865E-5	-7.651008E-11	3.296406E+2
-4.500000E-1	9.684885E-6	-9.684885E-6	-5.758111E-11	3.302549E+2
-4.000000E-1	7.630141E-6	-7.630141E-6	-4.536471E-11	3.308691E+2
-3.500000E-1	6.596969E-6	-6.596969E-6	-3.922203E-11	3.314834E+2
-3.000000E-1	4.964963E-6	-4.964963E-6	-2.951900E-11	3.320977E+2
-2.500000E-1	3.856934E-6	-3.856934E-6	-2.293125E-11	3.327119E+2
-2.000000E-1	3.288265E-6	-3.288265E-6	-1.955025E-11	3.333262E+2
-1.500000E-1	2.172533E-6	-2.172533E-6	-1.291671E-11	3.339395E+2
-1.000000E-1	1.275177E-6	-1.275177E-6	-7.581519E-12	3.345537E+2
-5.000000E-2	5.942312E-7	-5.942312E-7	-3.532979E-12	3.351680E+2
0.000000E+0	9.913269E-9	9.913269E-9	5.893896E-14	3.357822E+2
0.000000E+0	5.912483E-9	-5.912483E-9	-3.515244E-14	3.363965E+2
5.000000E-2	5.498515E-7	5.498515E-7	3.269121E-12	3.370107E+2
1.000000E-1	1.182496E-6	1.182496E-6	7.030487E-12	3.376250E+2
1.500000E-1	1.981979E-6	1.981979E-6	1.178378E-11	3.382393E+2
2.000000E-1	3.120535E-6	3.120535E-6	1.855302E-11	3.388525E+2
2.500000E-1	4.102886E-6	4.102886E-6	2.439355E-11	3.394668E+2
3.000000E-1	6.359671E-6	6.359671E-6	3.781118E-11	3.400811E+2
3.500000E-1	8.628795E-6	8.628795E-6	5.130217E-11	3.406943E+2
4.000000E-1	1.272137E-5	1.272137E-5	7.563444E-11	3.413086E+2
4.500000E-1	1.490044E-5	1.490044E-5	8.858997E-11	3.419219E+2
5.000000E-1	4.485066E-5	4.485066E-5	2.666579E-10	3.427656E+2
5.000000E-1	4.510509E-5	4.510509E-5	2.681706E-10	3.430381E+2
4.500000E-1	3.946491E-5	3.946491E-5	2.346371E-10	3.433096E+2
4.000000E-1	2.840018E-5	2.840018E-5	1.688522E-10	3.435820E+2
3.500000E-1	2.296987E-5	2.296987E-5	1.365665E-10	3.438545E+2
3.000000E-1	1.707817E-5	1.707817E-5	1.015376E-10	3.441260E+2
2.500000E-1	4.522912E-6	4.522912E-6	2.689080E-11	3.451162E+2
2.000000E-1	2.993562E-6	2.993562E-6	1.779811E-11	3.457295E+2
1.500000E-1	1.921122E-6	1.921122E-6	1.142196E-11	3.463437E+2
1.000000E-1	1.223910E-6	1.223910E-6	7.276707E-12	3.469580E+2
5.000000E-2	5.918691E-7	5.918691E-7	3.518935E-12	3.475723E+2
0.000000E+0	7.302020E-8	7.302020E-8	4.341388E-13	3.481855E+2
-5.000000E-2	3.959122E-7	-3.959122E-7	-2.353881E-12	3.488008E+2
-1.000000E-1	8.852874E-7	-8.852874E-7	-5.263442E-12	3.494141E+2
-1.500000E-1	1.426290E-6	-1.426290E-6	-8.479953E-12	3.500283E+2
-2.000000E-1	2.216607E-6	-2.216607E-6	-1.317875E-11	3.506426E+2
-2.500000E-1	3.297421E-6	-3.297421E-6	-1.960469E-11	3.512568E+2
-3.000000E-1	4.642549E-6	-4.642549E-6	-2.760210E-11	3.518711E+2
-3.500000E-1	6.074936E-6	-6.074936E-6	-3.611830E-11	3.524844E+2
-4.000000E-1	7.854711E-6	-7.854711E-6	-4.669988E-11	3.530986E+2
-4.500000E-1	1.026032E-5	-1.026032E-5	-6.100233E-11	3.537129E+2
-5.000000E-1	1.281482E-5	-1.281482E-5	-7.619005E-11	3.543271E+2
-5.000000E-1	1.299349E-5	-1.299349E-5	-7.725230E-11	3.549414E+2
-4.500000E-1	1.049377E-5	-1.049377E-5	-6.239032E-11	3.555557E+2
-4.000000E-1	7.892385E-6	-7.892385E-6	-4.692387E-11	3.561699E+2
-3.500000E-1	6.711032E-6	-6.711032E-6	-3.990018E-11	3.567842E+2
-3.000000E-1	4.765711E-6	-4.765711E-6	-2.833435E-11	3.573984E+2
-2.500000E-1	3.586788E-6	-3.586788E-6	-2.132511E-11	3.580117E+2
-2.000000E-1	2.584529E-6	-2.584529E-6	-1.536622E-11	3.586260E+2
-1.500000E-1	1.920165E-6	-1.920165E-6	-1.141627E-11	3.592402E+2
-1.000000E-1	1.191261E-6	-1.191261E-6	-7.082598E-12	3.598545E+2
-5.000000E-2	6.064927E-7	-6.064927E-7	-3.605879E-12	3.604687E+2
0.000000E+0	9.278373E-9	-9.278373E-9	-5.516421E-14	3.610820E+2
0.000000E+0	1.241551E-8	-1.241551E-8	-7.381595E-14	3.616973E+2
5.000000E-2	6.348437E-7	6.348437E-7	3.774439E-12	3.623115E+2
1.000000E-1	1.448871E-6	1.448871E-6	8.614207E-12	3.629248E+2
1.500000E-1	2.414519E-6	2.414519E-6	1.435543E-11	3.635391E+2
2.000000E-1	3.327695E-6	3.327695E-6	1.978468E-11	3.641533E+2
2.500000E-1	5.432074E-6	5.432074E-6	3.229619E-11	3.647666E+2
3.000000E-1	6.252969E-6	6.252969E-6	3.717679E-11	3.653809E+2
3.500000E-1	8.370502E-6	8.370502E-6	4.976650E-11	3.659951E+2
4.000000E-1	1.120264E-5	1.120264E-5	6.660488E-11	3.666084E+2
4.500000E-1	1.523478E-5	1.523478E-5	9.057781E-11	3.672227E+2
5.000000E-1	1.547410E-5	1.547410E-5	9.200064E-11	3.678369E+2
5.000000E-1	1.544391E-5	1.544391E-5	9.182118E-11	3.684502E+2
4.500000E-1	1.381395E-5	1.381395E-5	8.213028E-11	3.690645E+2
4.000000E-1	1.098948E-5	1.098948E-5	6.533751E-11	3.696777E+2
3.500000E-1	9.394472E-6	9.394472E-6	5.585447E-11	3.702920E+2
3.000000E-1	7.018426E-6	7.018426E-6	4.172778E-11	3.709062E+2
2.500000E-1	5.022665E-6	5.022665E-6	2.986206E-11	3.715195E+2
2.000000E-1	3.953515E-6	3.953515E-6	2.350547E-11	3.721338E+2
1.500000E-1	2.680985E-6	2.680985E-6	1.593969E-11	3.727480E+2
1.000000E-1	1.711739E-6	1.711739E-6	1.017708E-11	3.733613E+2
5.000000E-2	8.777083E-7	8.777083E-7	5.218381E-12	3.739756E+2
0.000000E+0	1.232915E-7	1.232915E-7	7.330248E-13	3.745898E+2
-5.000000E-2	6.514000E-7	-6.514000E-7	-3.872874E-12	3.752041E+2
-1.000000E-1	1.339426E-6	-1.339426E-6	-7.963505E-12	3.758184E+2
-1.500000E-1	2.040341E-6	-2.040341E-6	-1.213077E-11	3.764326E+2
-2.000000E-1	2.803572E-6	-2.803572E-6	-1.666853E-11	3.770469E+2
-2.500000E-1	3.614315E-6	-3.614315E-6	-2.148877E-11	3.776602E+2
-3.000000E-1	5.402163E-6	-5.402163E-6	-3.211835E-11	3.782744E+2
-3.500000E-1	7.061773E-6	-7.061773E-6	-4.198550E-11	3.788887E+2
-4.000000E-1	8.506543E-6	-8.506543E-6	-5.057532E-11	3.795029E+2
-4.500000E-1	1.021243E-5	-1.021243E-5	-6.071760E-11	3.801172E+2
-5.000000E-1	1.106364E-5	-1.106364E-5	-6.577844E-11	3.807314E+2
-5.000000E-1	1.180271E-5	-1.180271E-5	-7.017256E-11	3.813457E+2
-4.500000E-1	8.980440E-6	-8.980440E-6	-5.339286E-11	3.819600E+2
-4.000000E-1	8.261125E-6	-8.261125E-6	-4.911620E-11	3.825742E+2
-3.500000E-1	6.735243E-6	-6.735243E-6	-4.004413E-11	3.831875E+2
-3.000000E-1	5.644063E-6	-5.644063E-6	-3.355656E-11	3.838018E+2
-2.500000E-1	4.192070E-6	-4.192070E-6	-2.492379E-11	3.844160E+2
-2.000000E-1	3.005030E-6	-3.005030E-6	-1.786629E-11	3.850303E+2
-1.500000E-1	2.085910E-6	-2.085910E-6	-1.240170E-11	3.856445E+2
-1.000000E-1	1.160396E-6	-1.160396E-6	-6.899092E-12	3.862588E+2
-5.000000E-2	6.451866E-7	-6.451866E-7	-3.835932E-12	3.868721E+2
0.000000E+0	4.255214E-9	4.255214E-9	2.529921E-14	3.874863E+2
0.000000E+0	4.848096E-9	4.848096E-9	2.882417E-14	3.881016E+2
5.000000E-2	6.886653E-7	6.886653E-7	4.094433E-12	3.887148E+2
1.000000E-1	1.510792E-6	1.510792E-6	8.982357E-12	3.893291E+2
1.500000E-1	2.377992E-6	2.377992E-6	1.413826E-11	3.899434E+2
2.000000E-1	3.750590E-6	3.750590E-6	2.229899E-11	3.905576E+2
2.500000E-1	5.203487E-6	5.203487E-6	3.093713E-11	3.911709E+2
3.000000E-1	7.553644E-6	7.553644E-6	4.490990E-11	3.917852E+2
3.500000E-1	9.547180E-6	9.547180E-6	5.676239E-11	3.923994E+2
4.000000E-1	1.181065E-5	1.181065E-5	7.021976E-11	3.930127E+2
4.500000E-1	1.462568E-5	1.462568E-5	8.695644E-11	3.936270E+2
5.000000E-1	1.559513E-5	1.559513E-5	9.272024E-11	3.942402E+2
5.000000E-1	4.842168E-5	4.842168E-5	2.878892E-10	3.949131E+2
4.500000E-1	3.831925E-5	3.831925E-5	2.278256E-10	3.951846E+2
4.000000E-1	3.193360E-5	3.193360E-5	1.898600E-10	3.954570E+2
3.500000E-1	2.452723E-5	2.452723E-5	1.458257E-10	3.957295E+2
3.000000E-1	1.880798E-5	1.880798E-5	1.118221E-10	3.960020E+2
2.500000E-1	4.681120E-6	4.681120E-6	2.783142E-11	3.969912E+2
2.000000E-1	3.205692E-6	3.205692E-6	1.905932E-11	3.976055E+2
1.500000E-1	2.492129E-6	2.492129E-6	1.481686E-11	3.982188E+2
1.000000E-1	1.150423E-6	1.150423E-6	6.839793E-12	3.988330E+2
5.000000E-2	7.908769E-7	7.908769E-7	4.702128E-12	3.994473E+2
0.000000E+0	8.825542E-8	8.825542E-8	5.247192E-13	4.000615E+2
-5.000000E-2	3.892552E-7	-3.892552E-7	-2.314302E-12	4.006758E+2
-1.000000E-1	9.386772E-7	-9.386772E-7	-5.580869E-12	4.012900E+2
-1.500000E-1	1.615511E-6	-1.615511E-6	-9.604956E-12	4.019043E+2
-2.000000E-1	2.264588E-6	-2.264588E-6	-1.346402E-11	4.025186E+2
-2.500000E-1	3.343228E-6	-3.343228E-6	-1.987703E-11	4.031328E+2
-3.000000E-1	3.959898E-6	-3.959898E-6	-2.354342E-11	4.037461E+2
-3.500000E-1	5.799533E-6	-5.799533E-6	-3.448090E-11	4.043604E+2
-4.000000E-1	7.097841E-6	-7.097841E-6	-4.219994E-11	4.049746E+2
-4.500000E-1	9.687211E-6	-9.687211E-6	-5.759494E-11	4.055889E+2
-5.000000E-1	1.189331E-5	-1.189331E-5	-7.071121E-11	4.062031E+2
-5.000000E-1	1.164501E-5	-1.164501E-5	-6.923495E-11	4.068174E+2
-4.500000E-1	1.047723E-5	-1.047723E-5	-6.229194E-11	4.074316E+2
-4.000000E-1	7.189440E-6	-7.189440E-6	-4.274454E-11	4.080459E+2
-3.500000E-1	5.507924E-6	-5.507924E-6	-3.274715E-11	4.086602E+2
-3.000000E-1	4.555634E-6	-4.555634E-6	-2.708535E-11	4.092744E+2
-2.500000E-1	3.687228E-6	-3.687228E-6	-2.192227E-11	4.098887E+2
-2.000000E-1	2.376054E-6	-2.376054E-6	-1.412674E-11	4.105020E+2
-1.500000E-1	1.921513E-6	-1.921513E-6	-1.142428E-11	4.111162E+2
-1.000000E-1	9.413335E-7	-9.413335E-7	-5.596662E-12	4.117305E+2
-5.000000E-2	4.881475E-7	-4.881475E-7	-2.902262E-12	4.123447E+2
0.000000E+0	1.799653E-9	1.799653E-9	1.069977E-14	4.129590E+2
0.000000E+0	1.820661E-9	-1.820661E-9	-1.082467E-14	4.135732E+2
5.000000E-2	5.179643E-7	5.179643E-7	3.079537E-12	4.141875E+2
1.000000E-1	1.248470E-6	1.248470E-6	7.422729E-12	4.148018E+2
1.500000E-1	1.888222E-6	1.888222E-6	1.122635E-11	4.154160E+2
2.000000E-1	2.981235E-6	2.981235E-6	1.772482E-11	4.160293E+2
2.500000E-1	4.150088E-6	4.150088E-6	2.467419E-11	4.166436E+2
3.000000E-1	5.522897E-6	5.522897E-6	3.283617E-11	4.172578E+2
3.500000E-1	6.470436E-6	6.470436E-6	3.846973E-11	4.178711E+2
4.000000E-1	9.323275E-6	9.323275E-6	5.543117E-11	4.184854E+2
4.500000E-1	1.207673E-5	1.207673E-5	7.180173E-11	4.190996E+2
5.000000E-1	1.489786E-5	1.489786E-5	8.857465E-11	4.197129E+2
5.000000E-1	1.528599E-5	1.528599E-5	9.088226E-11	4.203271E+2
4.500000E-1	1.215577E-5	1.215577E-5	7.227168E-11	4.209404E+2
4.000000E-1	9.570369E-6	9.570369E-6	5.690026E-11	4.215547E+2
3.500000E-1	7.391460E-6	7.391460E-6	4.394564E-11	4.221680E+2
3.000000E-1	4.950457E-6	4.950457E-6	2.943275E-11	4.227822E+2
2.500000E-1	4.240360E-6	4.240360E-6	2.521090E-11	4.233965E+2
2.000000E-1	3.804783E-6	3.804783E-6	2.262119E-11	4.240098E+2
1.500000E-1	2.070879E-6	2.070879E-6	1.231233E-11	4.246240E+2
1.000000E-1	1.535385E-6	1.535385E-6	9.128573E-12	4.252383E+2
5.000000E-2	6.648823E-7	6.648823E-7	3.953032E-12	4.258516E+2
0.000000E+0	1.115342E-7	1.115342E-7	6.631223E-13	4.264658E+2
-5.000000E-2	4.618412E-7	-4.618412E-7	-2.745859E-12	4.270801E+2
-1.000000E-1	1.330918E-6	-1.330918E-6	-7.912920E-12	4.276943E+2
-1.500000E-1	1.462213E-6	-1.462213E-6	-8.693532E-12	4.283086E+2
-2.000000E-1	2.218671E-6	-2.218671E-6	-1.319102E-11	4.289229E+2
-2.500000E-1	2.597701E-6	-2.597701E-6	-1.544453E-11	4.295371E+2
-3.000000E-1	3.159460E-6	-3.159460E-6	-1.878445E-11	4.301514E+2
-3.500000E-1	3.573899E-6	-3.573899E-6	-2.124848E-11	4.307656E+2
-4.000000E-1	5.117416E-6	-5.117416E-6	-3.042540E-11	4.313799E+2
-4.500000E-1	6.443580E-6	-6.443580E-6	-3.831006E-11	4.319932E+2
-5.000000E-1	8.134961E-6	-8.134961E-6	-4.836610E-11	4.326074E+2
-5.000000E-1	1.054386E-5	-1.054386E-5	-6.268813E-11	4.332217E+2
-4.500000E-1	7.750714E-6	-7.750714E-6	-4.608157E-11	4.338359E+2
-4.000000E-1	5.988122E-6	-5.988122E-6	-3.560215E-11	4.344502E+2
-3.500000E-1	4.698327E-6	-4.698327E-6	-2.793372E-11	4.350645E+2
-3.000000E-1	3.881557E-6	-3.881557E-6	-2.307765E-11	4.356787E+2
-2.500000E-1	2.916267E-6	-2.916267E-6	-1.733855E-11	4.362930E+2
-2.000000E-1	2.293565E-6	-2.293565E-6	-1.363630E-11	4.369063E+2
-1.500000E-1	1.376413E-6	-1.376413E-6	-8.183412E-12	4.375205E+2
-1.000000E-1	8.538716E-7	-8.538716E-7	-5.076661E-12	4.381348E+2
-5.000000E-2	4.443418E-7	-4.443418E-7	-2.641817E-12	4.387490E+2
0.000000E+0	2.681042E-8	2.681042E-8	1.594003E-13	4.393633E+2
0.000000E+0	2.155617E-8	2.155617E-8	1.281614E-13	4.399775E+2
5.000000E-2	6.887283E-7	6.887283E-7	4.094808E-12	4.405918E+2
1.000000E-1	1.298104E-6	1.298104E-6	7.717826E-12	4.412051E+2
1.500000E-1	1.897540E-6	1.897540E-6	1.128175E-11	4.418193E+2
2.000000E-1	3.074037E-6	3.074037E-6	1.827657E-11	4.424336E+2
2.500000E-1	4.246880E-6	4.246880E-6	2.524966E-11	4.430479E+2
3.000000E-1	5.248782E-6	5.248782E-6	3.120643E-11	4.436611E+2
3.500000E-1	6.931357E-6	6.931357E-6	4.121012E-11	4.442754E+2
4.000000E-1	8.741030E-6	8.741030E-6	5.196946E-11	4.448896E+2
4.500000E-1	1.045702E-5	1.045702E-5	6.217182E-11	4.455029E+2
5.000000E-1	1.269728E-5	1.269728E-5	7.549118E-11	4.461172E+2
5.000000E-1	1.276216E-5	1.276216E-5	7.587690E-11	4.467305E+2
4.500000E-1	1.079220E-5	1.079220E-5	6.416458E-11	4.473447E+2
4.000000E-1	8.284778E-6	8.284778E-6	4.925683E-11	4.479580E+2
3.500000E-1	6.311801E-6	6.311801E-6	3.752657E-11	4.485723E+2
3.000000E-1	5.002794E-6	5.002794E-6	2.974392E-11	4.491865E+2
2.500000E-1	3.602248E-6	3.602248E-6	2.141703E-11	4.497998E+2
2.000000E-1	2.822158E-6	2.822158E-6	1.677903E-11	4.504141E+2
1.500000E-1	1.864183E-6	1.864183E-6	1.108343E-11	4.510283E+2
1.000000E-1	1.090109E-6	1.090109E-6	6.481204E-12	4.516426E+2
5.000000E-2	6.230398E-7	6.230398E-7	3.704259E-12	4.522559E+2
0.000000E+0	1.126523E-7	1.126523E-7	6.697698E-13	4.528701E+2
-5.000000E-2	3.408489E-7	-3.408489E-7	-2.026504E-12	4.534844E+2
-1.000000E-1	8.739177E-7	-8.739177E-7	-5.195844E-12	4.540986E+2
-1.500000E-1	1.485996E-6	-1.485996E-6	-8.834933E-12	4.547129E+2
-2.000000E-1	2.053884E-6	-2.053884E-6	-1.221129E-11	4.553262E+2
-2.500000E-1	2.974906E-6	-2.974906E-6	-1.768719E-11	4.559404E+2
-3.000000E-1	3.979442E-6	-3.979442E-6	-2.365962E-11	4.565547E+2
-3.500000E-1	5.162965E-6	-5.162965E-6	-3.069621E-11	4.571689E+2
-4.000000E-1	6.364179E-6	-6.364179E-6	-3.783798E-11	4.577832E+2
-4.500000E-1	7.837338E-6	-7.837338E-6	-4.659659E-11	4.583975E+2
-5.000000E-1	1.025133E-5	-1.025133E-5	-6.094888E-11	4.590117E+2
-5.000000E-1	1.021650E-5	-1.021650E-5	-6.074181E-11	4.596260E+2
-4.500000E-1	6.236942E-6	-6.236942E-6	-3.708150E-11	4.602402E+2
-4.000000E-1	5.210408E-6	-5.210408E-6	-3.097828E-11	4.608545E+2
-3.500000E-1	4.180326E-6	-4.180326E-6	-2.485397E-11	4.614687E+2
-3.000000E-1	3.487675E-6	-3.487675E-6	-2.073584E-11	4.620820E+2
-2.500000E-1	2.818045E-6	-2.818045E-6	-1.675458E-11	4.626963E+2
-2.000000E-1	2.311178E-6	-2.311178E-6	-1.374102E-11	4.633105E+2
-1.500000E-1	1.493909E-6	-1.493909E-6	-8.881978E-12	4.639248E+2
-1.000000E-1	9.531117E-7	-9.531117E-7	-5.666689E-12	4.645391E+2
-5.000000E-2	4.339851E-7	-4.339851E-7	-2.580242E-12	4.651523E+2
0.000000E+0	3.917223E-8	3.917223E-8	2.328970E-13	4.657666E+2
