voltage_20_3_22_500mV_500ms	absJ_20_3_22_500mV_500ms	J_20_3_22_500mV_500ms	current_20_3_22_500mV_500ms	time_20_3_22_500mV_500ms	
0.000000E+0	3.262533E-6	-3.262533E-6	-1.138839E-12	0.000000E+0
5.000000E-2	1.149602E-3	1.149602E-3	4.012869E-10	1.115234E+0
1.000000E-1	2.919140E-3	2.919140E-3	1.018972E-9	1.483398E+0
1.500000E-1	4.835996E-3	4.835996E-3	1.688081E-9	2.598633E+0
2.000000E-1	7.207571E-3	7.207571E-3	2.515917E-9	2.966797E+0
2.500000E-1	1.097102E-2	1.097102E-2	3.829610E-9	3.333984E+0
3.000000E-1	1.471511E-2	1.471511E-2	5.136541E-9	3.702148E+0
3.500000E-1	1.921391E-2	1.921391E-2	6.706919E-9	4.070313E+0
4.000000E-1	2.637190E-2	2.637190E-2	9.205531E-9	4.437500E+0
4.500000E-1	3.574449E-2	3.574449E-2	1.247718E-8	5.552734E+0
5.000000E-1	4.345309E-2	4.345309E-2	1.516799E-8	5.919922E+0
5.000000E-1	4.242171E-2	4.242171E-2	1.480797E-8	6.288086E+0
4.500000E-1	3.353278E-2	3.353278E-2	1.170515E-8	6.656250E+0
4.000000E-1	2.723817E-2	2.723817E-2	9.507916E-9	7.397461E+0
3.500000E-1	2.113730E-2	2.113730E-2	7.378308E-9	7.764648E+0
3.000000E-1	1.603563E-2	1.603563E-2	5.597490E-9	8.132813E+0
2.500000E-1	1.051514E-2	1.051514E-2	3.670477E-9	8.500977E+0
2.000000E-1	7.624991E-3	7.624991E-3	2.661624E-9	8.868164E+0
1.500000E-1	4.850222E-3	4.850222E-3	1.693047E-9	9.236328E+0
1.000000E-1	2.955058E-3	2.955058E-3	1.031510E-9	9.977539E+0
5.000000E-2	1.268499E-3	1.268499E-3	4.427897E-10	1.034570E+1
0.000000E+0	2.177646E-6	-2.177646E-6	-7.601419E-13	1.152148E+1
-5.000000E-2	1.056550E-3	-1.056550E-3	-3.688055E-10	1.263672E+1
-1.000000E-1	2.364417E-3	-2.364417E-3	-8.253372E-10	1.300488E+1
-1.500000E-1	4.469274E-3	-4.469274E-3	-1.560071E-9	1.412012E+1
-2.000000E-1	7.110177E-3	-7.110177E-3	-2.481920E-9	1.448828E+1
-2.500000E-1	1.016316E-2	-1.016316E-2	-3.547611E-9	1.485645E+1
-3.000000E-1	1.551067E-2	-1.551067E-2	-5.414246E-9	1.522363E+1
-3.500000E-1	2.078369E-2	-2.078369E-2	-7.254878E-9	1.559180E+1
-4.000000E-1	2.706054E-2	-2.706054E-2	-9.445912E-9	1.670605E+1
-4.500000E-1	3.319588E-2	-3.319588E-2	-1.158755E-8	1.707422E+1
-5.000000E-1	4.417522E-2	-4.417522E-2	-1.542006E-8	1.744141E+1
-5.000000E-1	4.523625E-2	-4.523625E-2	-1.579043E-8	1.780957E+1
-4.500000E-1	3.261668E-2	-3.261668E-2	-1.138537E-8	1.817773E+1
-4.000000E-1	2.774471E-2	-2.774471E-2	-9.684730E-9	1.891895E+1
-3.500000E-1	2.102325E-2	-2.102325E-2	-7.338499E-9	1.928613E+1
-3.000000E-1	1.531957E-2	-1.531957E-2	-5.347538E-9	1.965430E+1
-2.500000E-1	1.138460E-2	-1.138460E-2	-3.973976E-9	2.002246E+1
-2.000000E-1	7.623797E-3	-7.623797E-3	-2.661207E-9	2.039063E+1
-1.500000E-1	4.797762E-3	-4.797762E-3	-1.674735E-9	2.075781E+1
-1.000000E-1	2.990003E-3	-2.990003E-3	-1.043708E-9	2.112598E+1
-5.000000E-2	1.450048E-3	-1.450048E-3	-5.061624E-10	2.186719E+1
0.000000E+0	1.789976E-6	-1.789976E-6	-6.248196E-13	2.304199E+1
0.000000E+0	2.280140E-6	-2.280140E-6	-7.959189E-13	2.374609E+1
5.000000E-2	1.461202E-3	1.461202E-3	5.100558E-10	2.486133E+1
1.000000E-1	2.864952E-3	2.864952E-3	1.000057E-9	2.522949E+1
1.500000E-1	4.814988E-3	4.814988E-3	1.680748E-9	2.634473E+1
2.000000E-1	7.268055E-3	7.268055E-3	2.537030E-9	2.671289E+1
2.500000E-1	1.044973E-2	1.044973E-2	3.647645E-9	2.708008E+1
3.000000E-1	1.457180E-2	1.457180E-2	5.086519E-9	2.744824E+1
3.500000E-1	1.935147E-2	1.935147E-2	6.754936E-9	2.781641E+1
4.000000E-1	2.460505E-2	2.460505E-2	8.588782E-9	2.818359E+1
4.500000E-1	3.342541E-2	3.342541E-2	1.166767E-8	2.929785E+1
5.000000E-1	4.036946E-2	4.036946E-2	1.409160E-8	2.966602E+1
5.000000E-1	3.764485E-2	3.764485E-2	1.314053E-8	3.003418E+1
4.500000E-1	3.407260E-2	3.407260E-2	1.189358E-8	3.040137E+1
4.000000E-1	2.595546E-2	2.595546E-2	9.060164E-9	3.114258E+1
3.500000E-1	1.856113E-2	1.856113E-2	6.479058E-9	3.151074E+1
3.000000E-1	1.434220E-2	1.434220E-2	5.006374E-9	3.187891E+1
2.500000E-1	1.003175E-2	1.003175E-2	3.501743E-9	3.224609E+1
2.000000E-1	6.500049E-3	6.500049E-3	2.268945E-9	3.261426E+1
1.500000E-1	4.223641E-3	4.223641E-3	1.474329E-9	3.298242E+1
1.000000E-1	2.981747E-3	2.981747E-3	1.040826E-9	3.334961E+1
5.000000E-2	1.260881E-3	1.260881E-3	4.401305E-10	3.409082E+1
0.000000E+0	2.471808E-6	-2.471808E-6	-8.628237E-13	3.526660E+1
-5.000000E-2	1.239932E-3	-1.239932E-3	-4.328181E-10	3.638184E+1
-1.000000E-1	2.609782E-3	-2.609782E-3	-9.109858E-10	3.675098E+1
-1.500000E-1	5.121718E-3	-5.121718E-3	-1.787817E-9	3.786621E+1
-2.000000E-1	7.703627E-3	-7.703627E-3	-2.689073E-9	3.823340E+1
-2.500000E-1	1.104218E-2	-1.104218E-2	-3.854447E-9	3.860156E+1
-3.000000E-1	1.534557E-2	-1.534557E-2	-5.356616E-9	3.896973E+1
-3.500000E-1	1.972772E-2	-1.972772E-2	-6.886272E-9	3.933691E+1
-4.000000E-1	2.462870E-2	-2.462870E-2	-8.597037E-9	3.970508E+1
-4.500000E-1	3.602664E-2	-3.602664E-2	-1.257567E-8	4.081934E+1
-5.000000E-1	4.420077E-2	-4.420077E-2	-1.542898E-8	4.118750E+1
-5.000000E-1	4.398422E-2	-4.398422E-2	-1.535339E-8	4.155566E+1
-4.500000E-1	3.400098E-2	-3.400098E-2	-1.186858E-8	4.192285E+1
-4.000000E-1	2.753481E-2	-2.753481E-2	-9.611461E-9	4.266406E+1
-3.500000E-1	2.128332E-2	-2.128332E-2	-7.429279E-9	4.303223E+1
-3.000000E-1	1.569235E-2	-1.569235E-2	-5.477665E-9	4.340039E+1
-2.500000E-1	1.162499E-2	-1.162499E-2	-4.057887E-9	4.376758E+1
-2.000000E-1	7.681405E-3	-7.681405E-3	-2.681316E-9	4.413574E+1
-1.500000E-1	5.423386E-3	-5.423386E-3	-1.893119E-9	4.450391E+1
-1.000000E-1	2.961942E-3	-2.961942E-3	-1.033913E-9	4.487109E+1
-5.000000E-2	1.408732E-3	-1.408732E-3	-4.917402E-10	4.561230E+1
0.000000E+0	1.315637E-6	-1.315637E-6	-4.592438E-13	4.678809E+1
0.000000E+0	2.285069E-6	-2.285069E-6	-7.976397E-13	4.749121E+1
5.000000E-2	1.340701E-3	1.340701E-3	4.679928E-10	4.860645E+1
1.000000E-1	2.706760E-3	2.706760E-3	9.448375E-10	4.897461E+1
1.500000E-1	4.399416E-3	4.399416E-3	1.535686E-9	5.008984E+1
2.000000E-1	7.224393E-3	7.224393E-3	2.521789E-9	5.045801E+1
2.500000E-1	9.754979E-3	9.754979E-3	3.405130E-9	5.082617E+1
3.000000E-1	1.308628E-2	1.308628E-2	4.567975E-9	5.119336E+1
3.500000E-1	1.806313E-2	1.806313E-2	6.305221E-9	5.156152E+1
4.000000E-1	2.284095E-2	2.284095E-2	7.972997E-9	5.192969E+1
4.500000E-1	3.167852E-2	3.167852E-2	1.105789E-8	5.304395E+1
5.000000E-1	4.040203E-2	4.040203E-2	1.410297E-8	5.341211E+1
5.000000E-1	3.862160E-2	3.862160E-2	1.348148E-8	5.377930E+1
4.500000E-1	3.032774E-2	3.032774E-2	1.058638E-8	5.414746E+1
4.000000E-1	2.625699E-2	2.625699E-2	9.165418E-9	5.488867E+1
3.500000E-1	1.971181E-2	1.971181E-2	6.880721E-9	5.525684E+1
3.000000E-1	1.537983E-2	1.537983E-2	5.368572E-9	5.562402E+1
2.500000E-1	1.034247E-2	1.034247E-2	3.610204E-9	5.599219E+1
2.000000E-1	7.274602E-3	7.274602E-3	2.539315E-9	5.636035E+1
1.500000E-1	5.042527E-3	5.042527E-3	1.760174E-9	5.672754E+1
1.000000E-1	3.162968E-3	3.162968E-3	1.104084E-9	5.709570E+1
5.000000E-2	1.436571E-3	1.436571E-3	5.014580E-10	5.783691E+1
0.000000E+0	1.489573E-6	-1.489573E-6	-5.199591E-13	5.901172E+1
-5.000000E-2	1.163335E-3	-1.163335E-3	-4.060804E-10	6.012793E+1
-1.000000E-1	2.722695E-3	-2.722695E-3	-9.503999E-10	6.049609E+1
-1.500000E-1	4.660072E-3	-4.660072E-3	-1.626672E-9	6.161133E+1
-2.000000E-1	7.433451E-3	-7.433451E-3	-2.594764E-9	6.197852E+1
-2.500000E-1	1.000726E-2	-1.000726E-2	-3.493191E-9	6.234668E+1
-3.000000E-1	1.418546E-2	-1.418546E-2	-4.951661E-9	6.271484E+1
-3.500000E-1	1.894016E-2	-1.894016E-2	-6.611365E-9	6.308301E+1
-4.000000E-1	2.444139E-2	-2.444139E-2	-8.531656E-9	6.345020E+1
-4.500000E-1	2.977805E-2	-2.977805E-2	-1.039450E-8	6.381836E+1
-5.000000E-1	3.890174E-2	-3.890174E-2	-1.357927E-8	6.493262E+1
-5.000000E-1	3.800088E-2	-3.800088E-2	-1.326481E-8	6.530078E+1
-4.500000E-1	2.944301E-2	-2.944301E-2	-1.027755E-8	6.566895E+1
-4.000000E-1	2.175564E-2	-2.175564E-2	-7.594152E-9	6.641016E+1
-3.500000E-1	1.808831E-2	-1.808831E-2	-6.314012E-9	6.677734E+1
-3.000000E-1	1.341258E-2	-1.341258E-2	-4.681875E-9	6.714551E+1
-2.500000E-1	9.723615E-3	-9.723615E-3	-3.394182E-9	6.751367E+1
-2.000000E-1	6.774788E-3	-6.774788E-3	-2.364847E-9	6.788086E+1
-1.500000E-1	4.477445E-3	-4.477445E-3	-1.562923E-9	6.824902E+1
-1.000000E-1	2.665034E-3	-2.665034E-3	-9.302724E-10	6.899023E+1
-5.000000E-2	1.253422E-3	-1.253422E-3	-4.375270E-10	6.935840E+1
0.000000E+0	1.829892E-6	-1.829892E-6	-6.387529E-13	7.053320E+1
0.000000E+0	2.128666E-6	-2.128666E-6	-7.430445E-13	7.123730E+1
5.000000E-2	1.214588E-3	1.214588E-3	4.239711E-10	7.235254E+1
1.000000E-1	2.556420E-3	2.556420E-3	8.923591E-10	7.272070E+1
1.500000E-1	4.295167E-3	4.295167E-3	1.499296E-9	7.383594E+1
2.000000E-1	6.435926E-3	6.435926E-3	2.246562E-9	7.420410E+1
2.500000E-1	9.791668E-3	9.791668E-3	3.417937E-9	7.457227E+1
3.000000E-1	1.414231E-2	1.414231E-2	4.936597E-9	7.493945E+1
3.500000E-1	1.772150E-2	1.772150E-2	6.185972E-9	7.530762E+1
4.000000E-1	2.295886E-2	2.295886E-2	8.014156E-9	7.567480E+1
4.500000E-1	2.839920E-2	2.839920E-2	9.913192E-9	7.604297E+1
5.000000E-1	3.372601E-2	3.372601E-2	1.177260E-8	7.715723E+1
5.000000E-1	3.378033E-2	3.378033E-2	1.179156E-8	7.752539E+1
4.500000E-1	2.793276E-2	2.793276E-2	9.750373E-9	7.826660E+1
4.000000E-1	2.258604E-2	2.258604E-2	7.884016E-9	7.863379E+1
3.500000E-1	1.715749E-2	1.715749E-2	5.989094E-9	7.900195E+1
3.000000E-1	1.222556E-2	1.222556E-2	4.267526E-9	7.937012E+1
2.500000E-1	9.832939E-3	9.832939E-3	3.432343E-9	7.973730E+1
2.000000E-1	6.868206E-3	6.868206E-3	2.397456E-9	8.010547E+1
1.500000E-1	4.597811E-3	4.597811E-3	1.604939E-9	8.047363E+1
1.000000E-1	2.608733E-3	2.608733E-3	9.106196E-10	8.121484E+1
5.000000E-2	1.214068E-3	1.214068E-3	4.237897E-10	8.158301E+1
0.000000E+0	1.531159E-6	-1.531159E-6	-5.344752E-13	8.275781E+1
-5.000000E-2	1.379464E-3	-1.379464E-3	-4.815238E-10	8.387402E+1
-1.000000E-1	2.802481E-3	-2.802481E-3	-9.782505E-10	8.424219E+1
-1.500000E-1	4.610571E-3	-4.610571E-3	-1.609393E-9	8.535742E+1
-2.000000E-1	6.855896E-3	-6.855896E-3	-2.393159E-9	8.572559E+1
-2.500000E-1	9.729869E-3	-9.729869E-3	-3.396365E-9	8.609375E+1
-3.000000E-1	1.360132E-2	-1.360132E-2	-4.747755E-9	8.646094E+1
-3.500000E-1	1.746892E-2	-1.746892E-2	-6.097804E-9	8.682910E+1
-4.000000E-1	2.188349E-2	-2.188349E-2	-7.638779E-9	8.719727E+1
-4.500000E-1	3.001396E-2	-3.001396E-2	-1.047685E-8	8.831152E+1
-5.000000E-1	3.902413E-2	-3.902413E-2	-1.362199E-8	8.867969E+1
-5.000000E-1	3.863646E-2	-3.863646E-2	-1.348667E-8	8.904687E+1
-4.500000E-1	3.085635E-2	-3.085635E-2	-1.077090E-8	8.941504E+1
-4.000000E-1	2.118042E-2	-2.118042E-2	-7.393360E-9	9.015625E+1
-3.500000E-1	1.733288E-2	-1.733288E-2	-6.050315E-9	9.052441E+1
-3.000000E-1	1.318353E-2	-1.318353E-2	-4.601920E-9	9.089160E+1
-2.500000E-1	9.813364E-3	-9.813364E-3	-3.425510E-9	9.125977E+1
-2.000000E-1	6.792964E-3	-6.792964E-3	-2.371192E-9	9.162793E+1
-1.500000E-1	4.633501E-3	-4.633501E-3	-1.617397E-9	9.199512E+1
-1.000000E-1	2.921953E-3	-2.921953E-3	-1.019954E-9	9.273633E+1
-5.000000E-2	1.340283E-3	-1.340283E-3	-4.678469E-10	9.310547E+1
0.000000E+0	1.297070E-6	-1.297070E-6	-4.527628E-13	9.428027E+1
0.000000E+0	2.384939E-6	-2.384939E-6	-8.325007E-13	9.498437E+1
5.000000E-2	1.250725E-3	1.250725E-3	4.365853E-10	9.609961E+1
1.000000E-1	2.613533E-3	2.613533E-3	9.122952E-10	9.646777E+1
1.500000E-1	4.627554E-3	4.627554E-3	1.615321E-9	9.758301E+1
2.000000E-1	7.031117E-3	7.031117E-3	2.454323E-9	9.795020E+1
2.500000E-1	9.958425E-3	9.958425E-3	3.476146E-9	9.831836E+1
3.000000E-1	1.425985E-2	1.425985E-2	4.977628E-9	9.868652E+1
3.500000E-1	1.758780E-2	1.758780E-2	6.139299E-9	9.905371E+1
4.000000E-1	2.257776E-2	2.257776E-2	7.881124E-9	9.942188E+1
4.500000E-1	2.934312E-2	2.934312E-2	1.024268E-8	9.979004E+1
5.000000E-1	3.790101E-2	3.790101E-2	1.322995E-8	1.009043E+2
5.000000E-1	3.917948E-2	3.917948E-2	1.367622E-8	1.012725E+2
4.500000E-1	2.871326E-2	2.871326E-2	1.002282E-8	1.016396E+2
4.000000E-1	2.319172E-2	2.319172E-2	8.095438E-9	1.023809E+2
3.500000E-1	1.607899E-2	1.607899E-2	5.612627E-9	1.027490E+2
3.000000E-1	1.243230E-2	1.243230E-2	4.339690E-9	1.031172E+2
2.500000E-1	8.992252E-3	8.992252E-3	3.138888E-9	1.034844E+2
2.000000E-1	6.476443E-3	6.476443E-3	2.260705E-9	1.038525E+2
1.500000E-1	4.166815E-3	4.166815E-3	1.454493E-9	1.042207E+2
1.000000E-1	2.278313E-3	2.278313E-3	7.952811E-10	1.049619E+2
5.000000E-2	1.109918E-3	1.109918E-3	3.874343E-10	1.053301E+2
0.000000E+0	1.280054E-6	-1.280054E-6	-4.468231E-13	1.065049E+2
-5.000000E-2	1.128058E-3	-1.128058E-3	-3.937665E-10	1.076211E+2
-1.000000E-1	2.543508E-3	-2.543508E-3	-8.878517E-10	1.079893E+2
-1.500000E-1	3.873828E-3	-3.873828E-3	-1.352221E-9	1.091045E+2
-2.000000E-1	5.930191E-3	-5.930191E-3	-2.070027E-9	1.094717E+2
-2.500000E-1	8.364903E-3	-8.364903E-3	-2.919902E-9	1.098398E+2
-3.000000E-1	1.184110E-2	-1.184110E-2	-4.133324E-9	1.102080E+2
-3.500000E-1	1.503748E-2	-1.503748E-2	-5.249071E-9	1.105752E+2
-4.000000E-1	2.016166E-2	-2.016166E-2	-7.037747E-9	1.109434E+2
-4.500000E-1	2.650861E-2	-2.650861E-2	-9.253250E-9	1.113115E+2
-5.000000E-1	3.836941E-2	-3.836941E-2	-1.339345E-8	1.124258E+2
-5.000000E-1	3.697595E-2	-3.697595E-2	-1.290704E-8	1.127939E+2
-4.500000E-1	2.823142E-2	-2.823142E-2	-9.854625E-9	1.135352E+2
-4.000000E-1	2.118312E-2	-2.118312E-2	-7.394305E-9	1.139023E+2
-3.500000E-1	1.611898E-2	-1.611898E-2	-5.626585E-9	1.142705E+2
-3.000000E-1	1.165413E-2	-1.165413E-2	-4.068059E-9	1.146387E+2
-2.500000E-1	8.325438E-3	-8.325438E-3	-2.906126E-9	1.150059E+2
-2.000000E-1	5.917565E-3	-5.917565E-3	-2.065620E-9	1.153740E+2
-1.500000E-1	3.920911E-3	-3.920911E-3	-1.368656E-9	1.157422E+2
-1.000000E-1	2.229458E-3	-2.229458E-3	-7.782278E-10	1.164834E+2
-5.000000E-2	1.131587E-3	-1.131587E-3	-3.949984E-10	1.168516E+2
0.000000E+0	2.329796E-6	-2.329796E-6	-8.132522E-13	1.180264E+2
0.000000E+0	2.598354E-6	-2.598354E-6	-9.069967E-13	1.187305E+2
5.000000E-2	1.011363E-3	1.011363E-3	3.530324E-10	1.198457E+2
1.000000E-1	2.503229E-3	2.503229E-3	8.737916E-10	1.202139E+2
1.500000E-1	3.910420E-3	3.910420E-3	1.364994E-9	1.213291E+2
2.000000E-1	6.000842E-3	6.000842E-3	2.094689E-9	1.216973E+2
2.500000E-1	9.108654E-3	9.108654E-3	3.179520E-9	1.220645E+2
3.000000E-1	1.205674E-2	1.205674E-2	4.208596E-9	1.224326E+2
3.500000E-1	1.596092E-2	1.596092E-2	5.571411E-9	1.228008E+2
4.000000E-1	2.118531E-2	2.118531E-2	7.395067E-9	1.231680E+2
4.500000E-1	2.617208E-2	2.617208E-2	9.135780E-9	1.235361E+2
5.000000E-1	3.561147E-2	3.561147E-2	1.243075E-8	1.246504E+2
5.000000E-1	3.559283E-2	3.559283E-2	1.242424E-8	1.250186E+2
4.500000E-1	2.619003E-2	2.619003E-2	9.142045E-9	1.257598E+2
4.000000E-1	2.079211E-2	2.079211E-2	7.257815E-9	1.261270E+2
3.500000E-1	1.592715E-2	1.592715E-2	5.559623E-9	1.264951E+2
3.000000E-1	1.211045E-2	1.211045E-2	4.227344E-9	1.268633E+2
2.500000E-1	9.252406E-3	9.252406E-3	3.229699E-9	1.272305E+2
2.000000E-1	6.399724E-3	6.399724E-3	2.233925E-9	1.275986E+2
1.500000E-1	4.463422E-3	4.463422E-3	1.558028E-9	1.279668E+2
1.000000E-1	2.621604E-3	2.621604E-3	9.151125E-10	1.287080E+2
5.000000E-2	1.176483E-3	1.176483E-3	4.106699E-10	1.290762E+2
0.000000E+0	1.737060E-6	-1.737060E-6	-6.063483E-13	1.302510E+2
-5.000000E-2	1.286672E-3	-1.286672E-3	-4.491334E-10	1.313672E+2
-1.000000E-1	2.779762E-3	-2.779762E-3	-9.703202E-10	1.317354E+2
-1.500000E-1	4.419450E-3	-4.419450E-3	-1.542679E-9	1.328506E+2
-2.000000E-1	6.858921E-3	-6.858921E-3	-2.394215E-9	1.332188E+2
-2.500000E-1	9.399218E-3	-9.399218E-3	-3.280946E-9	1.335869E+2
-3.000000E-1	1.363020E-2	-1.363020E-2	-4.757838E-9	1.339541E+2
-3.500000E-1	1.708106E-2	-1.708106E-2	-5.962415E-9	1.343223E+2
-4.000000E-1	2.121836E-2	-2.121836E-2	-7.406604E-9	1.346904E+2
-4.500000E-1	2.680231E-2	-2.680231E-2	-9.355772E-9	1.350576E+2
-5.000000E-1	3.481226E-2	-3.481226E-2	-1.215177E-8	1.361719E+2
-5.000000E-1	3.454658E-2	-3.454658E-2	-1.205903E-8	1.365400E+2
-4.500000E-1	2.636668E-2	-2.636668E-2	-9.203709E-9	1.372813E+2
-4.000000E-1	2.141798E-2	-2.141798E-2	-7.476287E-9	1.376494E+2
-3.500000E-1	1.734942E-2	-1.734942E-2	-6.056090E-9	1.380166E+2
-3.000000E-1	1.257231E-2	-1.257231E-2	-4.388565E-9	1.383848E+2
-2.500000E-1	9.230705E-3	-9.230705E-3	-3.222124E-9	1.387529E+2
-2.000000E-1	6.471252E-3	-6.471252E-3	-2.258893E-9	1.391201E+2
-1.500000E-1	4.054284E-3	-4.054284E-3	-1.415212E-9	1.394883E+2
-1.000000E-1	2.590887E-3	-2.590887E-3	-9.043900E-10	1.402295E+2
-5.000000E-2	1.211330E-3	-1.211330E-3	-4.228339E-10	1.405977E+2
0.000000E+0	1.861022E-6	-1.861022E-6	-6.496192E-13	1.417734E+2
0.000000E+0	2.346415E-6	-2.346415E-6	-8.190532E-13	1.424766E+2
5.000000E-2	8.920091E-4	8.920091E-4	3.113699E-10	1.435918E+2
1.000000E-1	2.083960E-3	2.083960E-3	7.274394E-10	1.439609E+2
1.500000E-1	3.589349E-3	3.589349E-3	1.252919E-9	1.450762E+2
2.000000E-1	5.683037E-3	5.683037E-3	1.983754E-9	1.454434E+2
2.500000E-1	8.925496E-3	8.925496E-3	3.115586E-9	1.458115E+2
3.000000E-1	1.266286E-2	1.266286E-2	4.420173E-9	1.461797E+2
3.500000E-1	1.621414E-2	1.621414E-2	5.659803E-9	1.465469E+2
4.000000E-1	2.204293E-2	2.204293E-2	7.694435E-9	1.469150E+2
4.500000E-1	2.912379E-2	2.912379E-2	1.016612E-8	1.472832E+2
5.000000E-1	3.698849E-2	3.698849E-2	1.291142E-8	1.483975E+2
5.000000E-1	3.573254E-2	3.573254E-2	1.247301E-8	1.487656E+2
4.500000E-1	2.878597E-2	2.878597E-2	1.004820E-8	1.491328E+2
4.000000E-1	2.179474E-2	2.179474E-2	7.607798E-9	1.498740E+2
3.500000E-1	1.642076E-2	1.642076E-2	5.731926E-9	1.502422E+2
3.000000E-1	1.234100E-2	1.234100E-2	4.307822E-9	1.506104E+2
2.500000E-1	8.415117E-3	8.415117E-3	2.937430E-9	1.509775E+2
2.000000E-1	5.889402E-3	5.889402E-3	2.055789E-9	1.513457E+2
1.500000E-1	3.617111E-3	3.617111E-3	1.262610E-9	1.517139E+2
1.000000E-1	1.859391E-3	1.859391E-3	6.490499E-10	1.524551E+2
5.000000E-2	8.190907E-4	8.190907E-4	2.859166E-10	1.528232E+2
0.000000E+0	1.830290E-6	-1.830290E-6	-6.388917E-13	1.539980E+2
-5.000000E-2	1.096373E-3	-1.096373E-3	-3.827065E-10	1.551143E+2
-1.000000E-1	2.003092E-3	-2.003092E-3	-6.992110E-10	1.554824E+2
-1.500000E-1	3.391160E-3	-3.391160E-3	-1.183738E-9	1.565977E+2
-2.000000E-1	5.257962E-3	-5.257962E-3	-1.835375E-9	1.569658E+2
-2.500000E-1	7.133408E-3	-7.133408E-3	-2.490029E-9	1.573340E+2
-3.000000E-1	1.168175E-2	-1.168175E-2	-4.077699E-9	1.577012E+2
-3.500000E-1	1.626768E-2	-1.626768E-2	-5.678490E-9	1.580693E+2
-4.000000E-1	2.005434E-2	-2.005434E-2	-7.000286E-9	1.584365E+2
-4.500000E-1	2.558951E-2	-2.558951E-2	-8.932425E-9	1.588047E+2
-5.000000E-1	3.461848E-2	-3.461848E-2	-1.208413E-8	1.599189E+2
-5.000000E-1	3.308917E-2	-3.308917E-2	-1.155030E-8	1.602871E+2
-4.500000E-1	2.694494E-2	-2.694494E-2	-9.405560E-9	1.610283E+2
-4.000000E-1	2.102200E-2	-2.102200E-2	-7.338062E-9	1.613965E+2
-3.500000E-1	1.636294E-2	-1.636294E-2	-5.711745E-9	1.617637E+2
-3.000000E-1	1.180991E-2	-1.180991E-2	-4.122437E-9	1.621318E+2
-2.500000E-1	8.460776E-3	-8.460776E-3	-2.953368E-9	1.625000E+2
-2.000000E-1	4.683595E-3	-4.683595E-3	-1.634883E-9	1.628672E+2
-1.500000E-1	3.075964E-3	-3.075964E-3	-1.073714E-9	1.632354E+2
-1.000000E-1	1.681724E-3	-1.681724E-3	-5.870323E-10	1.639766E+2
-5.000000E-2	7.799491E-4	-7.799491E-4	-2.722536E-10	1.643447E+2
0.000000E+0	2.059688E-6	-2.059688E-6	-7.189666E-13	1.655205E+2
0.000000E+0	2.476062E-6	-2.476062E-6	-8.643086E-13	1.662236E+2
5.000000E-2	8.423081E-4	8.423081E-4	2.940210E-10	1.673389E+2
1.000000E-1	1.812847E-3	1.812847E-3	6.328028E-10	1.677080E+2
1.500000E-1	3.438303E-3	3.438303E-3	1.200194E-9	1.688232E+2
2.000000E-1	5.481547E-3	5.481547E-3	1.913421E-9	1.691904E+2
2.500000E-1	8.272763E-3	8.272763E-3	2.887739E-9	1.695586E+2
3.000000E-1	1.165532E-2	1.165532E-2	4.068475E-9	1.699268E+2
3.500000E-1	1.541599E-2	1.541599E-2	5.381196E-9	1.702939E+2
4.000000E-1	2.095048E-2	2.095048E-2	7.313098E-9	1.706621E+2
4.500000E-1	2.717186E-2	2.717186E-2	9.484769E-9	1.710303E+2
5.000000E-1	3.262247E-2	3.262247E-2	1.138739E-8	1.721445E+2
5.000000E-1	3.515967E-2	3.515967E-2	1.227304E-8	1.725117E+2
4.500000E-1	2.956353E-2	2.956353E-2	1.031962E-8	1.728799E+2
4.000000E-1	2.101059E-2	2.101059E-2	7.334080E-9	1.736211E+2
3.500000E-1	1.635163E-2	1.635163E-2	5.707795E-9	1.739883E+2
3.000000E-1	1.226020E-2	1.226020E-2	4.279617E-9	1.743564E+2
2.500000E-1	8.603079E-3	8.603079E-3	3.003041E-9	1.747246E+2
2.000000E-1	5.835392E-3	5.835392E-3	2.036936E-9	1.750918E+2
1.500000E-1	4.017360E-3	4.017360E-3	1.402323E-9	1.754600E+2
1.000000E-1	2.205044E-3	2.205044E-3	7.697054E-10	1.762012E+2
5.000000E-2	9.639594E-4	9.639594E-4	3.364853E-10	1.765693E+2
0.000000E+0	1.779441E-6	-1.779441E-6	-6.211420E-13	1.777441E+2
-5.000000E-2	9.743511E-4	-9.743511E-4	-3.401127E-10	1.788594E+2
-1.000000E-1	2.101423E-3	-2.101423E-3	-7.335351E-10	1.792275E+2
-1.500000E-1	3.425823E-3	-3.425823E-3	-1.195838E-9	1.803428E+2
-2.000000E-1	5.166954E-3	-5.166954E-3	-1.803607E-9	1.807100E+2
-2.500000E-1	7.706741E-3	-7.706741E-3	-2.690160E-9	1.810781E+2
-3.000000E-1	1.152842E-2	-1.152842E-2	-4.024176E-9	1.814463E+2
-3.500000E-1	1.510956E-2	-1.510956E-2	-5.274233E-9	1.818135E+2
-4.000000E-1	2.004006E-2	-2.004006E-2	-6.995301E-9	1.821816E+2
-4.500000E-1	2.754734E-2	-2.754734E-2	-9.615834E-9	1.825488E+2
-5.000000E-1	3.748003E-2	-3.748003E-2	-1.308300E-8	1.836631E+2
-5.000000E-1	3.681062E-2	-3.681062E-2	-1.284933E-8	1.840313E+2
-4.500000E-1	2.905641E-2	-2.905641E-2	-1.014260E-8	1.843994E+2
-4.000000E-1	2.379416E-2	-2.379416E-2	-8.305730E-9	1.851396E+2
-3.500000E-1	1.689681E-2	-1.689681E-2	-5.898099E-9	1.855078E+2
-3.000000E-1	1.269825E-2	-1.269825E-2	-4.432525E-9	1.858760E+2
-2.500000E-1	9.005344E-3	-9.005344E-3	-3.143458E-9	1.862432E+2
-2.000000E-1	6.149235E-3	-6.149235E-3	-2.146488E-9	1.866113E+2
-1.500000E-1	4.002769E-3	-4.002769E-3	-1.397230E-9	1.869785E+2
-1.000000E-1	2.308037E-3	-2.308037E-3	-8.056568E-10	1.877197E+2
-5.000000E-2	1.041770E-3	-1.041770E-3	-3.636464E-10	1.880879E+2
0.000000E+0	1.911951E-6	-1.911951E-6	-6.673967E-13	1.892627E+2
0.000000E+0	2.513752E-6	-2.513752E-6	-8.774648E-13	1.899668E+2
5.000000E-2	9.355765E-4	9.355765E-4	3.265778E-10	1.910820E+2
1.000000E-1	2.068672E-3	2.068672E-3	7.221028E-10	1.914502E+2
1.500000E-1	3.730385E-3	3.730385E-3	1.302150E-9	1.925645E+2
2.000000E-1	5.872118E-3	5.872118E-3	2.049756E-9	1.929326E+2
2.500000E-1	9.135133E-3	9.135133E-3	3.188763E-9	1.933008E+2
3.000000E-1	1.242807E-2	1.242807E-2	4.338214E-9	1.936680E+2
3.500000E-1	1.517517E-2	1.517517E-2	5.297134E-9	1.940361E+2
4.000000E-1	2.088409E-2	2.088409E-2	7.289921E-9	1.944033E+2
4.500000E-1	2.730627E-2	2.730627E-2	9.531685E-9	1.947715E+2
5.000000E-1	3.491608E-2	3.491608E-2	1.218801E-8	1.958857E+2
5.000000E-1	3.346234E-2	3.346234E-2	1.168056E-8	1.962529E+2
4.500000E-1	2.779489E-2	2.779489E-2	9.702247E-9	1.969941E+2
4.000000E-1	2.119592E-2	2.119592E-2	7.398773E-9	1.973623E+2
3.500000E-1	1.616192E-2	1.616192E-2	5.641575E-9	1.977295E+2
3.000000E-1	1.230923E-2	1.230923E-2	4.296733E-9	1.980977E+2
2.500000E-1	9.322697E-3	9.322697E-3	3.254235E-9	1.984658E+2
2.000000E-1	6.727705E-3	6.727705E-3	2.348412E-9	1.988330E+2
1.500000E-1	4.297121E-3	4.297121E-3	1.499978E-9	1.992012E+2
1.000000E-1	2.517695E-3	2.517695E-3	8.788414E-10	1.999424E+2
5.000000E-2	1.103609E-3	1.103609E-3	3.852322E-10	2.003105E+2
0.000000E+0	1.487704E-6	-1.487704E-6	-5.193068E-13	2.014854E+2
-5.000000E-2	1.074257E-3	-1.074257E-3	-3.749864E-10	2.026006E+2
-1.000000E-1	2.405557E-3	-2.405557E-3	-8.396978E-10	2.029697E+2
-1.500000E-1	3.984853E-3	-3.984853E-3	-1.390976E-9	2.040840E+2
-2.000000E-1	5.886548E-3	-5.886548E-3	-2.054793E-9	2.044521E+2
-2.500000E-1	8.743734E-3	-8.743734E-3	-3.052139E-9	2.048193E+2
-3.000000E-1	1.186694E-2	-1.186694E-2	-4.142344E-9	2.051875E+2
-3.500000E-1	1.633449E-2	-1.633449E-2	-5.701813E-9	2.055557E+2
-4.000000E-1	2.182274E-2	-2.182274E-2	-7.617573E-9	2.059229E+2
-4.500000E-1	2.811146E-2	-2.811146E-2	-9.812752E-9	2.062910E+2
-5.000000E-1	3.632257E-2	-3.632257E-2	-1.267897E-8	2.074053E+2
-5.000000E-1	3.778700E-2	-3.778700E-2	-1.319015E-8	2.077725E+2
-4.500000E-1	2.997924E-2	-2.997924E-2	-1.046473E-8	2.081406E+2
-4.000000E-1	2.338918E-2	-2.338918E-2	-8.164364E-9	2.088818E+2
-3.500000E-1	1.729369E-2	-1.729369E-2	-6.036637E-9	2.092490E+2
-3.000000E-1	1.322747E-2	-1.322747E-2	-4.617259E-9	2.096172E+2
-2.500000E-1	9.116265E-3	-9.116265E-3	-3.182177E-9	2.099854E+2
-2.000000E-1	6.619608E-3	-6.619608E-3	-2.310679E-9	2.103525E+2
-1.500000E-1	4.350832E-3	-4.350832E-3	-1.518727E-9	2.107207E+2
-1.000000E-1	2.685416E-3	-2.685416E-3	-9.373872E-10	2.114619E+2
-5.000000E-2	1.185964E-3	-1.185964E-3	-4.139796E-10	2.118301E+2
0.000000E+0	1.583678E-6	-1.583678E-6	-5.528078E-13	2.130049E+2
0.000000E+0	1.951350E-6	-1.951350E-6	-6.811496E-13	2.137080E+2
5.000000E-2	1.201304E-3	1.201304E-3	4.193343E-10	2.148232E+2
1.000000E-1	2.547792E-3	2.547792E-3	8.893473E-10	2.151914E+2
1.500000E-1	4.114785E-3	4.114785E-3	1.436331E-9	2.163066E+2
2.000000E-1	6.333656E-3	6.333656E-3	2.210863E-9	2.166738E+2
2.500000E-1	8.738761E-3	8.738761E-3	3.050403E-9	2.170420E+2
3.000000E-1	1.266291E-2	1.266291E-2	4.420189E-9	2.174102E+2
3.500000E-1	1.696112E-2	1.696112E-2	5.920547E-9	2.177773E+2
4.000000E-1	2.214971E-2	2.214971E-2	7.731706E-9	2.181455E+2
4.500000E-1	2.782006E-2	2.782006E-2	9.711032E-9	2.185127E+2
5.000000E-1	3.514351E-2	3.514351E-2	1.226740E-8	2.196270E+2
5.000000E-1	3.481882E-2	3.481882E-2	1.215406E-8	2.199951E+2
4.500000E-1	2.709639E-2	2.709639E-2	9.458423E-9	2.207363E+2
4.000000E-1	2.096400E-2	2.096400E-2	7.317817E-9	2.211035E+2
3.500000E-1	1.609619E-2	1.609619E-2	5.618630E-9	2.214717E+2
3.000000E-1	1.277934E-2	1.277934E-2	4.460830E-9	2.218398E+2
2.500000E-1	8.987106E-3	8.987106E-3	3.137092E-9	2.222070E+2
2.000000E-1	6.294836E-3	6.294836E-3	2.197312E-9	2.225752E+2
1.500000E-1	4.211675E-3	4.211675E-3	1.470152E-9	2.229424E+2
1.000000E-1	2.494503E-3	2.494503E-3	8.707458E-10	2.236836E+2
5.000000E-2	1.132628E-3	1.132628E-3	3.953616E-10	2.240518E+2
0.000000E+0	1.286216E-6	-1.286216E-6	-4.489742E-13	2.252266E+2
-5.000000E-2	1.053003E-3	-1.053003E-3	-3.675673E-10	2.263428E+2
-1.000000E-1	2.217192E-3	-2.217192E-3	-7.739461E-10	2.267109E+2
-1.500000E-1	3.796736E-3	-3.796736E-3	-1.325311E-9	2.278262E+2
-2.000000E-1	5.720986E-3	-5.720986E-3	-1.997001E-9	2.281934E+2
-2.500000E-1	8.800308E-3	-8.800308E-3	-3.071887E-9	2.285615E+2
-3.000000E-1	1.187314E-2	-1.187314E-2	-4.144508E-9	2.289287E+2
-3.500000E-1	1.721709E-2	-1.721709E-2	-6.009897E-9	2.292969E+2
-4.000000E-1	2.175301E-2	-2.175301E-2	-7.593234E-9	2.296650E+2
-4.500000E-1	2.790192E-2	-2.790192E-2	-9.739609E-9	2.300322E+2
-5.000000E-1	4.024716E-2	-4.024716E-2	-1.404891E-8	2.311465E+2
-5.000000E-1	3.718072E-2	-3.718072E-2	-1.297852E-8	2.315146E+2
-4.500000E-1	2.960751E-2	-2.960751E-2	-1.033497E-8	2.318818E+2
-4.000000E-1	2.255255E-2	-2.255255E-2	-7.872326E-9	2.326230E+2
-3.500000E-1	1.689021E-2	-1.689021E-2	-5.895795E-9	2.329912E+2
-3.000000E-1	1.264895E-2	-1.264895E-2	-4.415317E-9	2.333584E+2
-2.500000E-1	9.150187E-3	-9.150187E-3	-3.194018E-9	2.337266E+2
-2.000000E-1	6.359121E-3	-6.359121E-3	-2.219752E-9	2.340937E+2
-1.500000E-1	4.024395E-3	-4.024395E-3	-1.404779E-9	2.344619E+2
-1.000000E-1	2.557615E-3	-2.557615E-3	-8.927760E-10	2.352031E+2
-5.000000E-2	1.304749E-3	-1.304749E-3	-4.554433E-10	2.355713E+2
0.000000E+0	1.439320E-6	-1.439320E-6	-5.024176E-13	2.367461E+2
0.000000E+0	2.061198E-6	-2.061198E-6	-7.194939E-13	2.374502E+2
5.000000E-2	1.143376E-3	1.143376E-3	3.991137E-10	2.385645E+2
1.000000E-1	2.478766E-3	2.478766E-3	8.652524E-10	2.389336E+2
1.500000E-1	4.255825E-3	4.255825E-3	1.485563E-9	2.400479E+2
2.000000E-1	6.061578E-3	6.061578E-3	2.115890E-9	2.404160E+2
2.500000E-1	8.577404E-3	8.577404E-3	2.994079E-9	2.407832E+2
3.000000E-1	1.133546E-2	1.133546E-2	3.956822E-9	2.411514E+2
3.500000E-1	1.559026E-2	1.559026E-2	5.442028E-9	2.415195E+2
4.000000E-1	2.183910E-2	2.183910E-2	7.623284E-9	2.418867E+2
4.500000E-1	2.724439E-2	2.724439E-2	9.510085E-9	2.422549E+2
5.000000E-1	3.359627E-2	3.359627E-2	1.172731E-8	2.433691E+2
5.000000E-1	3.247834E-2	3.247834E-2	1.133708E-8	2.437363E+2
4.500000E-1	2.522406E-2	2.522406E-2	8.804856E-9	2.444775E+2
4.000000E-1	2.065488E-2	2.065488E-2	7.209913E-9	2.448457E+2
3.500000E-1	1.581267E-2	1.581267E-2	5.519663E-9	2.452129E+2
3.000000E-1	1.111276E-2	1.111276E-2	3.879085E-9	2.455811E+2
2.500000E-1	8.891354E-3	8.891354E-3	3.103668E-9	2.459482E+2
2.000000E-1	6.277606E-3	6.277606E-3	2.191298E-9	2.463164E+2
1.500000E-1	4.029552E-3	4.029552E-3	1.406579E-9	2.466846E+2
1.000000E-1	2.248532E-3	2.248532E-3	7.848858E-10	2.474248E+2
5.000000E-2	1.077082E-3	1.077082E-3	3.759725E-10	2.477939E+2
0.000000E+0	1.555450E-6	-1.555450E-6	-5.429546E-13	2.489688E+2
-5.000000E-2	1.058734E-3	-1.058734E-3	-3.695680E-10	2.500840E+2
-1.000000E-1	2.358124E-3	-2.358124E-3	-8.231406E-10	2.504521E+2
-1.500000E-1	3.771248E-3	-3.771248E-3	-1.316414E-9	2.515674E+2
-2.000000E-1	5.658546E-3	-5.658546E-3	-1.975205E-9	2.519346E+2
-2.500000E-1	7.896510E-3	-7.896510E-3	-2.756402E-9	2.523027E+2
-3.000000E-1	1.157001E-2	-1.157001E-2	-4.038697E-9	2.526709E+2
-3.500000E-1	1.430556E-2	-1.430556E-2	-4.993583E-9	2.530381E+2
-4.000000E-1	1.882915E-2	-1.882915E-2	-6.572615E-9	2.534063E+2
-4.500000E-1	2.343533E-2	-2.343533E-2	-8.180474E-9	2.537744E+2
-5.000000E-1	3.387427E-2	-3.387427E-2	-1.182435E-8	2.548877E+2
-5.000000E-1	3.230634E-2	-3.230634E-2	-1.127704E-8	2.552559E+2
-4.500000E-1	2.584672E-2	-2.584672E-2	-9.022208E-9	2.559971E+2
-4.000000E-1	2.017788E-2	-2.017788E-2	-7.043409E-9	2.563643E+2
-3.500000E-1	1.575868E-2	-1.575868E-2	-5.500817E-9	2.567324E+2
-3.000000E-1	1.116058E-2	-1.116058E-2	-3.895779E-9	2.571006E+2
-2.500000E-1	8.247166E-3	-8.247166E-3	-2.878804E-9	2.574678E+2
-2.000000E-1	5.704422E-3	-5.704422E-3	-1.991219E-9	2.578359E+2
-1.500000E-1	3.686995E-3	-3.686995E-3	-1.287004E-9	2.582031E+2
-1.000000E-1	2.192137E-3	-2.192137E-3	-7.652000E-10	2.589443E+2
-5.000000E-2	8.867150E-4	-8.867150E-4	-3.095219E-10	2.593125E+2
0.000000E+0	9.466125E-7	-9.466125E-7	-3.304301E-13	2.604883E+2
0.000000E+0	1.764254E-6	-1.764254E-6	-6.158407E-13	2.611914E+2
5.000000E-2	9.945937E-4	9.945937E-4	3.471787E-10	2.623066E+2
1.000000E-1	2.085432E-3	2.085432E-3	7.279530E-10	2.626748E+2
1.500000E-1	3.896150E-3	3.896150E-3	1.360013E-9	2.637900E+2
2.000000E-1	6.349581E-3	6.349581E-3	2.216422E-9	2.641572E+2
2.500000E-1	8.832282E-3	8.832282E-3	3.083048E-9	2.645254E+2
3.000000E-1	1.169474E-2	1.169474E-2	4.082235E-9	2.648926E+2
3.500000E-1	1.562941E-2	1.562941E-2	5.455694E-9	2.652607E+2
4.000000E-1	2.057761E-2	2.057761E-2	7.182941E-9	2.656289E+2
4.500000E-1	2.534337E-2	2.534337E-2	8.846504E-9	2.659961E+2
5.000000E-1	3.199376E-2	3.199376E-2	1.116793E-8	2.671104E+2
5.000000E-1	3.243457E-2	3.243457E-2	1.132180E-8	2.674785E+2
4.500000E-1	2.477164E-2	2.477164E-2	8.646935E-9	2.682197E+2
4.000000E-1	1.934703E-2	1.934703E-2	6.753388E-9	2.685869E+2
3.500000E-1	1.486749E-2	1.486749E-2	5.189734E-9	2.689551E+2
3.000000E-1	1.129093E-2	1.129093E-2	3.941278E-9	2.693223E+2
2.500000E-1	7.650728E-3	7.650728E-3	2.670608E-9	2.696904E+2
2.000000E-1	5.242329E-3	5.242329E-3	1.829918E-9	2.700586E+2
1.500000E-1	3.319099E-3	3.319099E-3	1.158584E-9	2.704258E+2
1.000000E-1	1.850322E-3	1.850322E-3	6.458843E-10	2.711670E+2
5.000000E-2	7.890302E-4	7.890302E-4	2.754235E-10	2.715352E+2
0.000000E+0	2.175778E-6	-2.175778E-6	-7.594897E-13	2.727100E+2
-5.000000E-2	8.919423E-4	-8.919423E-4	-3.113466E-10	2.738262E+2
-1.000000E-1	1.975311E-3	-1.975311E-3	-6.895137E-10	2.741943E+2
-1.500000E-1	3.459221E-3	-3.459221E-3	-1.207496E-9	2.753086E+2
-2.000000E-1	5.063294E-3	-5.063294E-3	-1.767423E-9	2.756768E+2
-2.500000E-1	6.849690E-3	-6.849690E-3	-2.390993E-9	2.760449E+2
-3.000000E-1	9.789883E-3	-9.789883E-3	-3.417314E-9	2.764121E+2
-3.500000E-1	1.322397E-2	-1.322397E-2	-4.616035E-9	2.767803E+2
-4.000000E-1	1.827812E-2	-1.827812E-2	-6.380266E-9	2.771475E+2
-4.500000E-1	2.373984E-2	-2.373984E-2	-8.286766E-9	2.775156E+2
-5.000000E-1	2.917805E-2	-2.917805E-2	-1.018506E-8	2.778838E+2
-5.000000E-1	3.015692E-2	-3.015692E-2	-1.052675E-8	2.789980E+2
-4.500000E-1	2.361717E-2	-2.361717E-2	-8.243949E-9	2.797383E+2
-4.000000E-1	1.745879E-2	-1.745879E-2	-6.094269E-9	2.801064E+2
-3.500000E-1	1.340743E-2	-1.340743E-2	-4.680076E-9	2.804746E+2
-3.000000E-1	1.009930E-2	-1.009930E-2	-3.525320E-9	2.808418E+2
-2.500000E-1	7.331278E-3	-7.331278E-3	-2.559099E-9	2.812100E+2
-2.000000E-1	4.677183E-3	-4.677183E-3	-1.632645E-9	2.815771E+2
-1.500000E-1	3.037751E-3	-3.037751E-3	-1.060375E-9	2.819453E+2
-1.000000E-1	1.662486E-3	-1.662486E-3	-5.803172E-10	2.826865E+2
-5.000000E-2	8.044835E-4	-8.044835E-4	-2.808177E-10	2.830547E+2
0.000000E+0	1.977112E-6	-1.977112E-6	-6.901424E-13	2.842295E+2
0.000000E+0	2.467594E-6	-2.467594E-6	-8.613527E-13	2.849336E+2
5.000000E-2	7.395124E-4	7.395124E-4	2.581385E-10	2.860479E+2
1.000000E-1	1.696070E-3	1.696070E-3	5.920400E-10	2.864170E+2
1.500000E-1	3.237524E-3	3.237524E-3	1.130109E-9	2.875313E+2
2.000000E-1	5.276566E-3	5.276566E-3	1.841869E-9	2.878994E+2
2.500000E-1	7.742989E-3	7.742989E-3	2.702813E-9	2.882666E+2
3.000000E-1	1.037794E-2	1.037794E-2	3.622583E-9	2.886348E+2
3.500000E-1	1.388337E-2	1.388337E-2	4.846211E-9	2.890029E+2
4.000000E-1	1.866161E-2	1.866161E-2	6.514130E-9	2.893701E+2
4.500000E-1	2.329650E-2	2.329650E-2	8.132012E-9	2.897383E+2
5.000000E-1	2.875644E-2	2.875644E-2	1.003789E-8	2.901055E+2
5.000000E-1	2.964446E-2	2.964446E-2	1.034787E-8	2.904736E+2
4.500000E-1	2.402713E-2	2.402713E-2	8.387052E-9	2.908418E+2
4.000000E-1	1.801443E-2	1.801443E-2	6.288221E-9	2.912090E+2
3.500000E-1	1.359176E-2	1.359176E-2	4.744418E-9	2.915771E+2
3.000000E-1	1.056696E-2	1.056696E-2	3.688565E-9	2.919443E+2
2.500000E-1	7.274201E-3	7.274201E-3	2.539175E-9	2.923125E+2
2.000000E-1	4.763004E-3	4.763004E-3	1.662602E-9	2.926807E+2
1.500000E-1	3.150887E-3	3.150887E-3	1.099867E-9	2.930479E+2
1.000000E-1	1.594391E-3	1.594391E-3	5.565474E-10	2.937891E+2
5.000000E-2	7.708139E-4	7.708139E-4	2.690648E-10	2.941572E+2
0.000000E+0	1.661164E-6	-1.661164E-6	-5.798556E-13	2.953320E+2
-5.000000E-2	8.082962E-4	-8.082962E-4	-2.821486E-10	2.964482E+2
-1.000000E-1	1.712202E-3	-1.712202E-3	-5.976714E-10	2.968164E+2
-1.500000E-1	2.961974E-3	-2.961974E-3	-1.033924E-9	2.971846E+2
-2.000000E-1	4.462298E-3	-4.462298E-3	-1.557636E-9	2.982998E+2
-2.500000E-1	6.915007E-3	-6.915007E-3	-2.413793E-9	2.986670E+2
-3.000000E-1	9.475069E-3	-9.475069E-3	-3.307423E-9	2.990352E+2
-3.500000E-1	1.282284E-2	-1.282284E-2	-4.476015E-9	2.994033E+2
-4.000000E-1	1.746916E-2	-1.746916E-2	-6.097886E-9	2.997705E+2
-4.500000E-1	2.225642E-2	-2.225642E-2	-7.768956E-9	3.001387E+2
-5.000000E-1	2.868765E-2	-2.868765E-2	-1.001388E-8	3.005059E+2
-5.000000E-1	2.971227E-2	-2.971227E-2	-1.037154E-8	3.016201E+2
-4.500000E-1	2.271262E-2	-2.271262E-2	-7.928199E-9	3.023613E+2
-4.000000E-1	1.839853E-2	-1.839853E-2	-6.422298E-9	3.027295E+2
-3.500000E-1	1.395633E-2	-1.395633E-2	-4.871677E-9	3.030967E+2
-3.000000E-1	1.008724E-2	-1.008724E-2	-3.521110E-9	3.034648E+2
-2.500000E-1	7.226625E-3	-7.226625E-3	-2.522568E-9	3.038320E+2
-2.000000E-1	5.131880E-3	-5.131880E-3	-1.791364E-9	3.042002E+2
-1.500000E-1	3.325080E-3	-3.325080E-3	-1.160672E-9	3.045684E+2
-1.000000E-1	2.077353E-3	-2.077353E-3	-7.251330E-10	3.053086E+2
-5.000000E-2	1.008907E-3	-1.008907E-3	-3.521751E-10	3.056777E+2
0.000000E+0	1.772324E-6	-1.772324E-6	-6.186579E-13	3.068525E+2
0.000000E+0	2.094157E-6	-2.094157E-6	-7.309986E-13	3.075557E+2
5.000000E-2	8.648339E-4	8.648339E-4	3.018840E-10	3.086709E+2
1.000000E-1	1.922802E-3	1.922802E-3	6.711846E-10	3.090391E+2
1.500000E-1	3.207097E-3	3.207097E-3	1.119488E-9	3.101543E+2
2.000000E-1	5.331432E-3	5.331432E-3	1.861021E-9	3.105215E+2
2.500000E-1	7.598033E-3	7.598033E-3	2.652214E-9	3.108896E+2
3.000000E-1	1.085683E-2	1.085683E-2	3.789748E-9	3.112568E+2
3.500000E-1	1.438063E-2	1.438063E-2	5.019787E-9	3.116250E+2
4.000000E-1	1.714481E-2	1.714481E-2	5.984667E-9	3.119932E+2
4.500000E-1	2.393183E-2	2.393183E-2	8.353785E-9	3.123604E+2
5.000000E-1	3.063832E-2	3.063832E-2	1.069479E-8	3.134746E+2
5.000000E-1	3.099006E-2	3.099006E-2	1.081757E-8	3.138428E+2
4.500000E-1	2.457694E-2	2.457694E-2	8.578972E-9	3.145830E+2
4.000000E-1	2.038441E-2	2.038441E-2	7.115502E-9	3.149512E+2
3.500000E-1	1.454167E-2	1.454167E-2	5.076000E-9	3.153193E+2
3.000000E-1	1.018183E-2	1.018183E-2	3.554128E-9	3.156865E+2
2.500000E-1	7.342305E-3	7.342305E-3	2.562948E-9	3.160547E+2
2.000000E-1	4.694782E-3	4.694782E-3	1.638788E-9	3.164219E+2
1.500000E-1	2.834244E-3	2.834244E-3	9.893379E-10	3.171631E+2
1.000000E-1	1.656593E-3	1.656593E-3	5.782602E-10	3.175312E+2
5.000000E-2	7.321220E-4	7.321220E-4	2.555588E-10	3.179004E+2
0.000000E+0	1.672057E-6	-1.672057E-6	-5.836581E-13	3.190752E+2
-5.000000E-2	8.076398E-4	-8.076398E-4	-2.819195E-10	3.201904E+2
-1.000000E-1	1.752800E-3	-1.752800E-3	-6.118425E-10	3.205586E+2
-1.500000E-1	2.773773E-3	-2.773773E-3	-9.682294E-10	3.209268E+2
-2.000000E-1	4.193802E-3	-4.193802E-3	-1.463913E-9	3.220420E+2
-2.500000E-1	6.054714E-3	-6.054714E-3	-2.113494E-9	3.224102E+2
-3.000000E-1	8.354220E-3	-8.354220E-3	-2.916173E-9	3.227773E+2
-3.500000E-1	1.200092E-2	-1.200092E-2	-4.189110E-9	3.231455E+2
-4.000000E-1	1.582470E-2	-1.582470E-2	-5.523861E-9	3.235127E+2
-4.500000E-1	2.078076E-2	-2.078076E-2	-7.253852E-9	3.238809E+2
-5.000000E-1	2.885178E-2	-2.885178E-2	-1.007117E-8	3.242490E+2
-5.000000E-1	3.112373E-2	-3.112373E-2	-1.086423E-8	3.253633E+2
-4.500000E-1	2.374931E-2	-2.374931E-2	-8.290072E-9	3.261035E+2
-4.000000E-1	1.877338E-2	-1.877338E-2	-6.553146E-9	3.264717E+2
-3.500000E-1	1.478729E-2	-1.478729E-2	-5.161737E-9	3.268398E+2
-3.000000E-1	1.077242E-2	-1.077242E-2	-3.760284E-9	3.272070E+2
-2.500000E-1	7.498800E-3	-7.498800E-3	-2.617575E-9	3.275752E+2
-2.000000E-1	4.836881E-3	-4.836881E-3	-1.688390E-9	3.279424E+2
-1.500000E-1	2.938414E-3	-2.938414E-3	-1.025700E-9	3.283105E+2
-1.000000E-1	1.777320E-3	-1.777320E-3	-6.204016E-10	3.290518E+2
-5.000000E-2	7.949907E-4	-7.949907E-4	-2.775041E-10	3.294199E+2
0.000000E+0	1.899705E-6	-1.899705E-6	-6.631223E-13	3.305947E+2
0.000000E+0	2.223804E-6	-2.223804E-6	-7.762541E-13	3.312988E+2
5.000000E-2	7.731552E-4	7.731552E-4	2.698821E-10	3.324131E+2
1.000000E-1	1.774168E-3	1.774168E-3	6.193014E-10	3.327822E+2
1.500000E-1	2.882178E-3	2.882178E-3	1.006070E-9	3.331504E+2
2.000000E-1	4.595485E-3	4.595485E-3	1.604127E-9	3.342646E+2
2.500000E-1	7.000166E-3	7.000166E-3	2.443519E-9	3.346328E+2
3.000000E-1	9.753644E-3	9.753644E-3	3.404664E-9	3.350010E+2
3.500000E-1	1.297549E-2	1.297549E-2	4.529302E-9	3.353682E+2
4.000000E-1	1.614517E-2	1.614517E-2	5.635727E-9	3.357363E+2
4.500000E-1	2.119126E-2	2.119126E-2	7.397144E-9	3.361035E+2
5.000000E-1	2.735991E-2	2.735991E-2	9.550411E-9	3.364717E+2
5.000000E-1	2.588415E-2	2.588415E-2	9.035272E-9	3.368398E+2
4.500000E-1	2.006239E-2	2.006239E-2	7.003094E-9	3.372070E+2
4.000000E-1	1.547191E-2	1.547191E-2	5.400715E-9	3.375752E+2
3.500000E-1	1.174076E-2	1.174076E-2	4.098297E-9	3.379424E+2
3.000000E-1	8.789640E-3	8.789640E-3	3.068163E-9	3.383105E+2
2.500000E-1	6.213243E-3	6.213243E-3	2.168831E-9	3.386787E+2
2.000000E-1	3.989548E-3	3.989548E-3	1.392615E-9	3.390459E+2
1.500000E-1	2.547819E-3	2.547819E-3	8.893566E-10	3.397871E+2
1.000000E-1	1.437393E-3	1.437393E-3	5.017450E-10	3.401553E+2
5.000000E-2	6.382048E-4	6.382048E-4	2.227755E-10	3.405234E+2
0.000000E+0	1.782224E-6	-1.782224E-6	-6.221135E-13	3.416982E+2
-5.000000E-2	6.859992E-4	-6.859992E-4	-2.394589E-10	3.428145E+2
-1.000000E-1	1.626514E-3	-1.626514E-3	-5.677604E-10	3.431826E+2
-1.500000E-1	2.766219E-3	-2.766219E-3	-9.655926E-10	3.435508E+2
-2.000000E-1	4.015606E-3	-4.015606E-3	-1.401711E-9	3.446660E+2
-2.500000E-1	6.223433E-3	-6.223433E-3	-2.172388E-9	3.450332E+2
-3.000000E-1	8.745688E-3	-8.745688E-3	-3.052821E-9	3.454014E+2
-3.500000E-1	1.241376E-2	-1.241376E-2	-4.333221E-9	3.457695E+2
-4.000000E-1	1.731203E-2	-1.731203E-2	-6.043039E-9	3.461367E+2
-4.500000E-1	2.313309E-2	-2.313309E-2	-8.074971E-9	3.465049E+2
-5.000000E-1	2.973135E-2	-2.973135E-2	-1.037820E-8	3.468721E+2
-5.000000E-1	2.820917E-2	-2.820917E-2	-9.846858E-9	3.472402E+2
-4.500000E-1	2.298648E-2	-2.298648E-2	-8.023796E-9	3.476084E+2
-4.000000E-1	1.824836E-2	-1.824836E-2	-6.369878E-9	3.479756E+2
-3.500000E-1	1.425479E-2	-1.425479E-2	-4.975859E-9	3.483437E+2
-3.000000E-1	9.752484E-3	-9.752484E-3	-3.404259E-9	3.487109E+2
-2.500000E-1	7.558098E-3	-7.558098E-3	-2.638274E-9	3.490791E+2
-2.000000E-1	4.938870E-3	-4.938870E-3	-1.723991E-9	3.494473E+2
-1.500000E-1	3.012939E-3	-3.012939E-3	-1.051714E-9	3.498145E+2
-1.000000E-1	1.651604E-3	-1.651604E-3	-5.765185E-10	3.505557E+2
-5.000000E-2	7.389554E-4	-7.389554E-4	-2.579441E-10	3.509238E+2
0.000000E+0	2.036231E-6	-2.036231E-6	-7.107787E-13	3.520986E+2
0.000000E+0	2.125525E-6	-2.125525E-6	-7.419482E-13	3.528027E+2
5.000000E-2	7.478870E-4	7.478870E-4	2.610618E-10	3.539170E+2
1.000000E-1	1.745084E-3	1.745084E-3	6.091491E-10	3.542861E+2
1.500000E-1	2.991123E-3	2.991123E-3	1.044099E-9	3.557686E+2
2.000000E-1	4.586974E-3	4.586974E-3	1.601156E-9	3.561357E+2
2.500000E-1	6.548968E-3	6.548968E-3	2.286021E-9	3.565039E+2
3.000000E-1	8.914023E-3	8.914023E-3	3.111581E-9	3.568711E+2
3.500000E-1	1.147469E-2	1.147469E-2	4.005423E-9	3.572393E+2
4.000000E-1	1.514711E-2	1.514711E-2	5.287338E-9	3.576074E+2
4.500000E-1	1.898658E-2	1.898658E-2	6.627565E-9	3.579746E+2
5.000000E-1	2.396150E-2	2.396150E-2	8.364142E-9	3.583428E+2
5.000000E-1	2.438967E-2	2.438967E-2	8.513602E-9	3.587100E+2
4.500000E-1	1.809671E-2	1.809671E-2	6.316944E-9	3.590781E+2
4.000000E-1	1.435403E-2	1.435403E-2	5.010500E-9	3.594463E+2
3.500000E-1	1.066228E-2	1.066228E-2	3.721839E-9	3.598135E+2
3.000000E-1	7.510838E-3	7.510838E-3	2.621777E-9	3.601816E+2
2.500000E-1	5.365266E-3	5.365266E-3	1.872831E-9	3.605488E+2
2.000000E-1	3.739684E-3	3.739684E-3	1.305396E-9	3.609170E+2
1.500000E-1	2.353034E-3	2.353034E-3	8.213638E-10	3.616582E+2
1.000000E-1	1.347601E-3	1.347601E-3	4.704015E-10	3.620264E+2
5.000000E-2	6.523213E-4	6.523213E-4	2.277031E-10	3.623945E+2
0.000000E+0	1.745965E-6	-1.745965E-6	-6.094569E-13	3.635693E+2
-5.000000E-2	5.995044E-4	-5.995044E-4	-2.092665E-10	3.646855E+2
-1.000000E-1	1.432442E-3	-1.432442E-3	-5.000167E-10	3.650537E+2
-1.500000E-1	2.515937E-3	-2.515937E-3	-8.782278E-10	3.654219E+2
-2.000000E-1	4.274629E-3	-4.274629E-3	-1.492127E-9	3.665371E+2
-2.500000E-1	6.144574E-3	-6.144574E-3	-2.144861E-9	3.669043E+2
-3.000000E-1	8.936130E-3	-8.936130E-3	-3.119298E-9	3.672725E+2
-3.500000E-1	1.213952E-2	-1.213952E-2	-4.237491E-9	3.676396E+2
-4.000000E-1	1.655967E-2	-1.655967E-2	-5.780417E-9	3.680078E+2
-4.500000E-1	1.931914E-2	-1.931914E-2	-6.743652E-9	3.683760E+2
-5.000000E-1	2.590166E-2	-2.590166E-2	-9.041385E-9	3.687432E+2
-5.000000E-1	2.660356E-2	-2.660356E-2	-9.286395E-9	3.691113E+2
-4.500000E-1	2.110392E-2	-2.110392E-2	-7.366658E-9	3.694785E+2
-4.000000E-1	1.648549E-2	-1.648549E-2	-5.754521E-9	3.698467E+2
-3.500000E-1	1.194647E-2	-1.194647E-2	-4.170105E-9	3.702148E+2
-3.000000E-1	8.617692E-3	-8.617692E-3	-3.008142E-9	3.705820E+2
-2.500000E-1	6.360771E-3	-6.360771E-3	-2.220328E-9	3.709502E+2
-2.000000E-1	4.466034E-3	-4.466034E-3	-1.558940E-9	3.713174E+2
-1.500000E-1	2.662569E-3	-2.662569E-3	-9.294120E-10	3.720586E+2
-1.000000E-1	1.460106E-3	-1.460106E-3	-5.096730E-10	3.724268E+2
-5.000000E-2	6.544868E-4	-6.544868E-4	-2.284590E-10	3.727959E+2
0.000000E+0	2.313575E-6	-2.313575E-6	-8.075901E-13	3.739707E+2
0.000000E+0	2.410542E-6	-2.410542E-6	-8.414380E-13	3.746738E+2
5.000000E-2	6.064541E-4	6.064541E-4	2.116924E-10	3.757891E+2
1.000000E-1	1.316384E-3	1.316384E-3	4.595048E-10	3.761572E+2
1.500000E-1	2.422185E-3	2.422185E-3	8.455020E-10	3.765264E+2
2.000000E-1	3.675455E-3	3.675455E-3	1.282976E-9	3.776406E+2
2.500000E-1	5.405802E-3	5.405802E-3	1.886981E-9	3.780088E+2
3.000000E-1	7.889540E-3	7.889540E-3	2.753969E-9	3.783760E+2
3.500000E-1	1.076347E-2	1.076347E-2	3.757158E-9	3.787441E+2
4.000000E-1	1.411904E-2	1.411904E-2	4.928473E-9	3.791113E+2
4.500000E-1	1.832174E-2	1.832174E-2	6.395493E-9	3.794795E+2
5.000000E-1	2.359362E-2	2.359362E-2	8.235727E-9	3.798477E+2
5.000000E-1	2.418331E-2	2.418331E-2	8.441569E-9	3.802148E+2
4.500000E-1	1.855678E-2	1.855678E-2	6.477539E-9	3.805830E+2
4.000000E-1	1.365529E-2	1.365529E-2	4.766594E-9	3.809502E+2
3.500000E-1	1.015725E-2	1.015725E-2	3.545550E-9	3.813184E+2
3.000000E-1	7.795154E-3	7.795154E-3	2.721022E-9	3.816865E+2
2.500000E-1	5.849447E-3	5.849447E-3	2.041842E-9	3.820537E+2
2.000000E-1	3.602068E-3	3.602068E-3	1.257359E-9	3.824219E+2
1.500000E-1	2.285111E-3	2.285111E-3	7.976543E-10	3.831631E+2
1.000000E-1	1.340847E-3	1.340847E-3	4.680439E-10	3.835313E+2
5.000000E-2	5.985578E-4	5.985578E-4	2.089361E-10	3.838994E+2
0.000000E+0	1.746602E-6	-1.746602E-6	-6.096790E-13	3.850742E+2
-5.000000E-2	6.008130E-4	-6.008130E-4	-2.097233E-10	3.861895E+2
-1.000000E-1	1.353929E-3	-1.353929E-3	-4.726103E-10	3.865586E+2
-1.500000E-1	2.403388E-3	-2.403388E-3	-8.389406E-10	3.869268E+2
-2.000000E-1	4.000503E-3	-4.000503E-3	-1.396439E-9	3.880420E+2
-2.500000E-1	5.887920E-3	-5.887920E-3	-2.055272E-9	3.884092E+2
-3.000000E-1	8.264269E-3	-8.264269E-3	-2.884774E-9	3.887773E+2
-3.500000E-1	1.140709E-2	-1.140709E-2	-3.981827E-9	3.891445E+2
-4.000000E-1	1.472650E-2	-1.472650E-2	-5.140518E-9	3.895127E+2
-4.500000E-1	2.011974E-2	-2.011974E-2	-7.023114E-9	3.898809E+2
-5.000000E-1	2.630711E-2	-2.630711E-2	-9.182913E-9	3.902480E+2
-5.000000E-1	2.732142E-2	-2.732142E-2	-9.536975E-9	3.906162E+2
-4.500000E-1	2.029629E-2	-2.029629E-2	-7.084741E-9	3.909834E+2
-4.000000E-1	1.634701E-2	-1.634701E-2	-5.706183E-9	3.913516E+2
-3.500000E-1	1.247355E-2	-1.247355E-2	-4.354090E-9	3.917197E+2
-3.000000E-1	9.194982E-3	-9.194982E-3	-3.209654E-9	3.920869E+2
-2.500000E-1	6.355480E-3	-6.355480E-3	-2.218481E-9	3.924551E+2
-2.000000E-1	4.469148E-3	-4.469148E-3	-1.560027E-9	3.928223E+2
-1.500000E-1	2.642179E-3	-2.642179E-3	-9.222946E-10	3.935635E+2
-1.000000E-1	1.465043E-3	-1.465043E-3	-5.113964E-10	3.939316E+2
-5.000000E-2	6.546805E-4	-6.546805E-4	-2.285266E-10	3.943008E+2
0.000000E+0	1.999734E-6	-1.999734E-6	-6.980388E-13	3.954756E+2
0.000000E+0	2.337469E-6	-2.337469E-6	-8.159307E-13	3.961787E+2
5.000000E-2	6.513728E-4	6.513728E-4	2.273720E-10	3.972939E+2
1.000000E-1	1.481835E-3	1.481835E-3	5.172581E-10	3.976621E+2
1.500000E-1	2.546641E-3	2.546641E-3	8.889453E-10	3.980303E+2
2.000000E-1	3.763536E-3	3.763536E-3	1.313722E-9	3.991455E+2
2.500000E-1	5.490064E-3	5.490064E-3	1.916394E-9	3.995127E+2
3.000000E-1	8.136989E-3	8.136989E-3	2.840345E-9	3.998809E+2
3.500000E-1	1.063522E-2	1.063522E-2	3.712391E-9	4.002490E+2
4.000000E-1	1.415725E-2	1.415725E-2	4.941811E-9	4.006162E+2
4.500000E-1	1.857030E-2	1.857030E-2	6.482257E-9	4.009844E+2
5.000000E-1	2.460223E-2	2.460223E-2	8.587797E-9	4.013516E+2
5.000000E-1	2.329356E-2	2.329356E-2	8.130987E-9	4.017197E+2
4.500000E-1	1.868703E-2	1.868703E-2	6.523003E-9	4.020879E+2
4.000000E-1	1.451872E-2	1.451872E-2	5.067991E-9	4.024551E+2
3.500000E-1	1.088202E-2	1.088202E-2	3.798542E-9	4.028232E+2
3.000000E-1	7.903188E-3	7.903188E-3	2.758733E-9	4.031904E+2
2.500000E-1	5.604966E-3	5.604966E-3	1.956502E-9	4.035586E+2
2.000000E-1	4.047236E-3	4.047236E-3	1.412752E-9	4.039268E+2
1.500000E-1	2.361319E-3	2.361319E-3	8.242558E-10	4.046670E+2
1.000000E-1	1.385635E-3	1.385635E-3	4.836780E-10	4.050361E+2
5.000000E-2	6.178107E-4	6.178107E-4	2.156566E-10	4.054043E+2
0.000000E+0	1.823809E-6	-1.823809E-6	-6.366296E-13	4.065791E+2
-5.000000E-2	5.961193E-4	-5.961193E-4	-2.080849E-10	4.076943E+2
-1.000000E-1	1.459261E-3	-1.459261E-3	-5.093782E-10	4.080635E+2
-1.500000E-1	2.492600E-3	-2.492600E-3	-8.700815E-10	4.084316E+2
-2.000000E-1	4.125190E-3	-4.125190E-3	-1.439963E-9	4.095459E+2
-2.500000E-1	5.911753E-3	-5.911753E-3	-2.063591E-9	4.099141E+2
-3.000000E-1	8.701344E-3	-8.701344E-3	-3.037342E-9	4.102822E+2
-3.500000E-1	1.140215E-2	-1.140215E-2	-3.980102E-9	4.106494E+2
-4.000000E-1	1.482506E-2	-1.482506E-2	-5.174923E-9	4.110176E+2
-4.500000E-1	1.967115E-2	-1.967115E-2	-6.866526E-9	4.113848E+2
-5.000000E-1	2.367963E-2	-2.367963E-2	-8.265750E-9	4.117529E+2
-5.000000E-1	2.274756E-2	-2.274756E-2	-7.940398E-9	4.121211E+2
-4.500000E-1	1.816031E-2	-1.816031E-2	-6.339145E-9	4.124883E+2
-4.000000E-1	1.476080E-2	-1.476080E-2	-5.152491E-9	4.128564E+2
-3.500000E-1	1.073322E-2	-1.073322E-2	-3.746602E-9	4.132236E+2
-3.000000E-1	8.222486E-3	-8.222486E-3	-2.870189E-9	4.135918E+2
-2.500000E-1	5.612486E-3	-5.612486E-3	-1.959127E-9	4.139600E+2
-2.000000E-1	3.966876E-3	-3.966876E-3	-1.384701E-9	4.143271E+2
-1.500000E-1	2.289626E-3	-2.289626E-3	-7.992303E-10	4.150684E+2
-1.000000E-1	1.331520E-3	-1.331520E-3	-4.647882E-10	4.154365E+2
-5.000000E-2	6.135699E-4	-6.135699E-4	-2.141763E-10	4.158047E+2
0.000000E+0	2.083383E-6	-2.083383E-6	-7.272377E-13	4.169795E+2
0.000000E+0	2.325463E-6	-2.325463E-6	-8.117396E-13	4.176836E+2
5.000000E-2	5.727495E-4	5.727495E-4	1.999273E-10	4.187988E+2
1.000000E-1	1.343564E-3	1.343564E-3	4.689922E-10	4.191670E+2
1.500000E-1	2.438792E-3	2.438792E-3	8.512990E-10	4.195352E+2
2.000000E-1	3.635661E-3	3.635661E-3	1.269085E-9	4.206504E+2
2.500000E-1	5.185961E-3	5.185961E-3	1.810242E-9	4.210176E+2
3.000000E-1	7.618545E-3	7.618545E-3	2.659374E-9	4.213857E+2
3.500000E-1	1.043975E-2	1.043975E-2	3.644159E-9	4.217539E+2
4.000000E-1	1.422817E-2	1.422817E-2	4.966569E-9	4.221211E+2
4.500000E-1	1.926635E-2	1.926635E-2	6.725224E-9	4.224893E+2
5.000000E-1	2.439760E-2	2.439760E-2	8.516370E-9	4.228564E+2
5.000000E-1	2.267597E-2	2.267597E-2	7.915408E-9	4.232246E+2
4.500000E-1	1.858054E-2	1.858054E-2	6.485833E-9	4.235928E+2
4.000000E-1	1.435165E-2	1.435165E-2	5.009671E-9	4.239600E+2
3.500000E-1	1.073026E-2	1.073026E-2	3.745566E-9	4.243281E+2
3.000000E-1	8.000550E-3	8.000550E-3	2.792719E-9	4.246953E+2
2.500000E-1	5.661138E-3	5.661138E-3	1.976110E-9	4.250635E+2
2.000000E-1	3.976573E-3	3.976573E-3	1.388086E-9	4.254316E+2
1.500000E-1	2.638461E-3	2.638461E-3	9.209968E-10	4.261719E+2
1.000000E-1	1.477298E-3	1.477298E-3	5.156742E-10	4.265410E+2
5.000000E-2	6.487165E-4	6.487165E-4	2.264448E-10	4.269092E+2
0.000000E+0	1.593458E-6	-1.593458E-6	-5.562217E-13	4.280840E+2
-5.000000E-2	7.409579E-4	-7.409579E-4	-2.586431E-10	4.291992E+2
-1.000000E-1	1.588889E-3	-1.588889E-3	-5.546269E-10	4.295674E+2
-1.500000E-1	2.338119E-3	-2.338119E-3	-8.161575E-10	4.299365E+2
-2.000000E-1	3.597585E-3	-3.597585E-3	-1.255794E-9	4.310508E+2
-2.500000E-1	5.063853E-3	-5.063853E-3	-1.767618E-9	4.314189E+2
-3.000000E-1	6.875345E-3	-6.875345E-3	-2.399948E-9	4.317861E+2
-3.500000E-1	9.636798E-3	-9.636798E-3	-3.363877E-9	4.321543E+2
-4.000000E-1	1.254535E-2	-1.254535E-2	-4.379154E-9	4.325225E+2
-4.500000E-1	1.696897E-2	-1.696897E-2	-5.923289E-9	4.328896E+2
-5.000000E-1	2.154622E-2	-2.154622E-2	-7.521050E-9	4.332578E+2
-5.000000E-1	2.150924E-2	-2.150924E-2	-7.508141E-9	4.336250E+2
-4.500000E-1	1.704077E-2	-1.704077E-2	-5.948350E-9	4.339932E+2
-4.000000E-1	1.323742E-2	-1.323742E-2	-4.620731E-9	4.343613E+2
-3.500000E-1	9.717250E-3	-9.717250E-3	-3.391960E-9	4.347285E+2
-3.000000E-1	6.971988E-3	-6.971988E-3	-2.433683E-9	4.350967E+2
-2.500000E-1	5.088046E-3	-5.088046E-3	-1.776063E-9	4.354639E+2
-2.000000E-1	3.449220E-3	-3.449220E-3	-1.204005E-9	4.358320E+2
-1.500000E-1	2.267280E-3	-2.267280E-3	-7.914299E-10	4.365732E+2
-1.000000E-1	1.183246E-3	-1.183246E-3	-4.130309E-10	4.369414E+2
-5.000000E-2	5.307159E-4	-5.307159E-4	-1.852548E-10	4.373096E+2
0.000000E+0	2.194225E-6	-2.194225E-6	-7.659290E-13	4.384844E+2
0.000000E+0	2.385217E-6	-2.385217E-6	-8.325979E-13	4.391885E+2
5.000000E-2	5.576160E-4	5.576160E-4	1.946447E-10	4.403037E+2
1.000000E-1	1.423926E-3	1.423926E-3	4.970439E-10	4.406719E+2
1.500000E-1	2.460124E-3	2.460124E-3	8.587454E-10	4.410400E+2
2.000000E-1	3.958691E-3	3.958691E-3	1.381844E-9	4.421553E+2
2.500000E-1	5.445821E-3	5.445821E-3	1.900950E-9	4.425225E+2
3.000000E-1	7.646462E-3	7.646462E-3	2.669119E-9	4.428906E+2
3.500000E-1	1.000664E-2	1.000664E-2	3.492977E-9	4.432588E+2
4.000000E-1	1.381137E-2	1.381137E-2	4.821077E-9	4.436260E+2
4.500000E-1	1.836976E-2	1.836976E-2	6.412256E-9	4.439941E+2
5.000000E-1	2.256141E-2	2.256141E-2	7.875418E-9	4.443613E+2
5.000000E-1	2.234343E-2	2.234343E-2	7.799329E-9	4.447295E+2
4.500000E-1	1.721181E-2	1.721181E-2	6.008055E-9	4.450977E+2
4.000000E-1	1.313607E-2	1.313607E-2	4.585354E-9	4.454648E+2
3.500000E-1	9.793138E-3	9.793138E-3	3.418450E-9	4.458330E+2
3.000000E-1	7.004873E-3	7.004873E-3	2.445162E-9	4.462002E+2
2.500000E-1	4.821775E-3	4.821775E-3	1.683117E-9	4.465684E+2
2.000000E-1	3.397379E-3	3.397379E-3	1.185909E-9	4.469365E+2
1.500000E-1	2.207829E-3	2.207829E-3	7.706776E-10	4.476768E+2
1.000000E-1	1.193511E-3	1.193511E-3	4.166139E-10	4.480459E+2
5.000000E-2	5.443970E-4	5.443970E-4	1.900304E-10	4.484141E+2
0.000000E+0	1.609917E-6	-1.609917E-6	-5.619671E-13	4.495889E+2
-5.000000E-2	5.267992E-4	-5.267992E-4	-1.838876E-10	4.507041E+2
-1.000000E-1	1.231802E-3	-1.231802E-3	-4.299801E-10	4.510732E+2
-1.500000E-1	2.103968E-3	-2.103968E-3	-7.344235E-10	4.514414E+2
-2.000000E-1	3.247089E-3	-3.247089E-3	-1.133448E-9	4.525557E+2
-2.500000E-1	4.829037E-3	-4.829037E-3	-1.685652E-9	4.529238E+2
-3.000000E-1	6.716306E-3	-6.716306E-3	-2.344433E-9	4.532920E+2
-3.500000E-1	9.599679E-3	-9.599679E-3	-3.350920E-9	4.536592E+2
-4.000000E-1	1.256964E-2	-1.256964E-2	-4.387634E-9	4.540273E+2
-4.500000E-1	1.633711E-2	-1.633711E-2	-5.702728E-9	4.543945E+2
-5.000000E-1	2.150951E-2	-2.150951E-2	-7.508237E-9	4.547627E+2
-5.000000E-1	2.251340E-2	-2.251340E-2	-7.858659E-9	4.551309E+2
-4.500000E-1	1.643174E-2	-1.643174E-2	-5.735758E-9	4.554980E+2
-4.000000E-1	1.394957E-2	-1.394957E-2	-4.869318E-9	4.558662E+2
-3.500000E-1	1.060575E-2	-1.060575E-2	-3.702104E-9	4.562334E+2
-3.000000E-1	8.038690E-3	-8.038690E-3	-2.806032E-9	4.566016E+2
-2.500000E-1	5.755032E-3	-5.755032E-3	-2.008885E-9	4.569697E+2
-2.000000E-1	4.116315E-3	-4.116315E-3	-1.436865E-9	4.573369E+2
-1.500000E-1	2.461790E-3	-2.461790E-3	-8.593267E-10	4.580781E+2
-1.000000E-1	1.412690E-3	-1.412690E-3	-4.931219E-10	4.584463E+2
-5.000000E-2	5.863510E-4	-5.863510E-4	-2.046751E-10	4.588145E+2
0.000000E+0	2.252151E-6	-2.252151E-6	-7.861489E-13	4.599893E+2
