voltage_5_2_21_500mV_500ms	absJ_5_2_21_500mV_500ms	J_5_2_21_500mV_500ms	current_5_2_21_500mV_500ms	time_5_2_21_500mV_500ms	
0.000000E+0	5.318991E-8	-5.318991E-8	-1.010858E-13	0.000000E+0
5.000000E-2	8.947967E-5	8.947967E-5	1.700534E-10	1.115234E+0
1.000000E-1	2.004813E-4	2.004813E-4	3.810087E-10	1.483398E+0
1.500000E-1	3.342013E-4	3.342013E-4	6.351395E-10	1.851563E+0
2.000000E-1	6.426027E-4	6.426027E-4	1.221247E-9	2.966797E+0
2.500000E-1	8.562079E-4	8.562079E-4	1.627197E-9	3.334961E+0
3.000000E-1	1.199903E-3	1.199903E-3	2.280379E-9	3.702148E+0
3.500000E-1	1.492012E-3	1.492012E-3	2.835524E-9	4.070313E+0
4.000000E-1	1.864860E-3	1.864860E-3	3.544110E-9	4.438477E+0
4.500000E-1	2.348237E-3	2.348237E-3	4.462753E-9	4.805664E+0
5.000000E-1	2.901287E-3	2.901287E-3	5.513808E-9	5.173828E+0
5.000000E-1	2.919812E-3	2.919812E-3	5.549014E-9	5.541992E+0
4.500000E-1	2.420799E-3	2.420799E-3	4.600656E-9	5.909180E+0
4.000000E-1	1.975936E-3	1.975936E-3	3.755206E-9	6.277344E+0
3.500000E-1	1.448518E-3	1.448518E-3	2.752864E-9	6.645508E+0
3.000000E-1	1.249313E-3	1.249313E-3	2.374282E-9	7.012695E+0
2.500000E-1	8.794931E-4	8.794931E-4	1.671450E-9	7.380859E+0
2.000000E-1	6.310919E-4	6.310919E-4	1.199371E-9	7.749023E+0
1.500000E-1	4.208893E-4	4.208893E-4	7.998874E-10	8.490234E+0
1.000000E-1	2.381301E-4	2.381301E-4	4.525590E-10	8.858398E+0
5.000000E-2	1.069191E-4	1.069191E-4	2.031965E-10	9.226563E+0
0.000000E+0	5.176742E-7	5.176742E-7	9.838241E-13	1.040137E+1
-5.000000E-2	1.178310E-4	-1.178310E-4	-2.239343E-10	1.151758E+1
-1.000000E-1	2.629894E-4	-2.629894E-4	-4.998033E-10	1.188574E+1
-1.500000E-1	4.213470E-4	-4.213470E-4	-8.007572E-10	1.225488E+1
-2.000000E-1	6.409905E-4	-6.409905E-4	-1.218183E-9	1.336914E+1
-2.500000E-1	8.523372E-4	-8.523372E-4	-1.619841E-9	1.373730E+1
-3.000000E-1	1.097194E-3	-1.097194E-3	-2.085184E-9	1.410547E+1
-3.500000E-1	1.515936E-3	-1.515936E-3	-2.880991E-9	1.447266E+1
-4.000000E-1	1.946574E-3	-1.946574E-3	-3.699404E-9	1.484082E+1
-4.500000E-1	2.294733E-3	-2.294733E-3	-4.361071E-9	1.520898E+1
-5.000000E-1	2.719127E-3	-2.719127E-3	-5.167618E-9	1.557617E+1
-5.000000E-1	2.740299E-3	-2.740299E-3	-5.207856E-9	1.594434E+1
-4.500000E-1	2.333806E-3	-2.333806E-3	-4.435328E-9	1.631250E+1
-4.000000E-1	2.029175E-3	-2.029175E-3	-3.856386E-9	1.667969E+1
-3.500000E-1	1.594475E-3	-1.594475E-3	-3.030251E-9	1.704785E+1
-3.000000E-1	1.226628E-3	-1.226628E-3	-2.331169E-9	1.741602E+1
-2.500000E-1	9.318407E-4	-9.318407E-4	-1.770935E-9	1.778320E+1
-2.000000E-1	6.928119E-4	-6.928119E-4	-1.316668E-9	1.815137E+1
-1.500000E-1	4.542071E-4	-4.542071E-4	-8.632068E-10	1.889258E+1
-1.000000E-1	2.647642E-4	-2.647642E-4	-5.031764E-10	1.926074E+1
-5.000000E-2	1.291276E-4	-1.291276E-4	-2.454030E-10	1.962988E+1
0.000000E+0	6.988294E-9	-6.988294E-9	-1.328104E-14	2.080469E+1
0.000000E+0	3.142177E-8	3.142177E-8	5.971612E-14	2.150879E+1
5.000000E-2	1.280173E-4	1.280173E-4	2.432929E-10	2.262402E+1
1.000000E-1	2.759702E-4	2.759702E-4	5.244729E-10	2.299219E+1
1.500000E-1	4.474418E-4	4.474418E-4	8.503496E-10	2.336035E+1
2.000000E-1	7.251776E-4	7.251776E-4	1.378178E-9	2.447559E+1
2.500000E-1	1.134386E-3	1.134386E-3	2.155867E-9	2.484375E+1
3.000000E-1	1.514069E-3	1.514069E-3	2.877443E-9	2.521191E+1
3.500000E-1	1.950703E-3	1.950703E-3	3.707251E-9	2.557910E+1
4.000000E-1	2.132961E-3	2.132961E-3	4.053627E-9	2.594727E+1
4.500000E-1	2.730532E-3	2.730532E-3	5.189293E-9	2.631543E+1
5.000000E-1	3.353492E-3	3.353492E-3	6.373210E-9	2.668262E+1
5.000000E-1	3.148049E-3	3.148049E-3	5.982772E-9	2.705078E+1
4.500000E-1	2.632743E-3	2.632743E-3	5.003448E-9	2.741797E+1
4.000000E-1	2.231639E-3	2.231639E-3	4.241161E-9	2.778613E+1
3.500000E-1	1.852545E-3	1.852545E-3	3.520705E-9	2.815430E+1
3.000000E-1	1.247392E-3	1.247392E-3	2.370631E-9	2.852148E+1
2.500000E-1	1.022135E-3	1.022135E-3	1.942536E-9	2.888965E+1
2.000000E-1	7.172122E-4	7.172122E-4	1.363040E-9	2.925781E+1
1.500000E-1	5.460566E-4	5.460566E-4	1.037764E-9	2.999902E+1
1.000000E-1	3.104703E-4	3.104703E-4	5.900394E-10	3.036719E+1
5.000000E-2	1.434545E-4	1.434545E-4	2.726309E-10	3.073535E+1
0.000000E+0	2.877980E-7	2.877980E-7	5.469514E-13	3.191113E+1
-5.000000E-2	1.411947E-4	-1.411947E-4	-2.683362E-10	3.302637E+1
-1.000000E-1	3.352489E-4	-3.352489E-4	-6.371303E-10	3.339551E+1
-1.500000E-1	5.444149E-4	-5.444149E-4	-1.034644E-9	3.376367E+1
-2.000000E-1	8.025506E-4	-8.025506E-4	-1.525223E-9	3.487891E+1
-2.500000E-1	1.129857E-3	-1.129857E-3	-2.147259E-9	3.524707E+1
-3.000000E-1	1.483622E-3	-1.483622E-3	-2.819578E-9	3.561426E+1
-3.500000E-1	1.848483E-3	-1.848483E-3	-3.512986E-9	3.598242E+1
-4.000000E-1	2.285379E-3	-2.285379E-3	-4.343293E-9	3.635059E+1
-4.500000E-1	2.685096E-3	-2.685096E-3	-5.102943E-9	3.671777E+1
-5.000000E-1	3.310707E-3	-3.310707E-3	-6.291898E-9	3.708594E+1
-5.000000E-1	3.258900E-3	-3.258900E-3	-6.193441E-9	3.745410E+1
-4.500000E-1	2.763230E-3	-2.763230E-3	-5.251434E-9	3.782129E+1
-4.000000E-1	2.281140E-3	-2.281140E-3	-4.335237E-9	3.818945E+1
-3.500000E-1	1.719384E-3	-1.719384E-3	-3.267638E-9	3.855762E+1
-3.000000E-1	1.312029E-3	-1.312029E-3	-2.493471E-9	3.892480E+1
-2.500000E-1	9.612309E-4	-9.612309E-4	-1.826790E-9	3.929297E+1
-2.000000E-1	6.812495E-4	-6.812495E-4	-1.294694E-9	3.966113E+1
-1.500000E-1	4.928289E-4	-4.928289E-4	-9.366063E-10	4.040234E+1
-1.000000E-1	2.847541E-4	-2.847541E-4	-5.411666E-10	4.077051E+1
-5.000000E-2	1.316490E-4	-1.316490E-4	-2.501950E-10	4.113965E+1
0.000000E+0	4.385757E-8	4.385757E-8	8.334999E-14	4.231445E+1
0.000000E+0	6.371983E-8	6.371983E-8	1.210976E-13	4.301855E+1
5.000000E-2	1.381745E-4	1.381745E-4	2.625964E-10	4.413379E+1
1.000000E-1	3.177100E-4	3.177100E-4	6.037981E-10	4.450195E+1
1.500000E-1	5.404191E-4	5.404191E-4	1.027050E-9	4.487109E+1
2.000000E-1	8.156368E-4	8.156368E-4	1.550093E-9	4.598535E+1
2.500000E-1	1.151274E-3	1.151274E-3	2.187961E-9	4.635352E+1
3.000000E-1	1.432698E-3	1.432698E-3	2.722799E-9	4.672168E+1
3.500000E-1	1.788265E-3	1.788265E-3	3.398544E-9	4.708984E+1
4.000000E-1	2.328789E-3	2.328789E-3	4.425793E-9	4.745703E+1
4.500000E-1	2.786331E-3	2.786331E-3	5.295337E-9	4.782520E+1
5.000000E-1	3.297306E-3	3.297306E-3	6.266430E-9	4.819238E+1
5.000000E-1	3.359721E-3	3.359721E-3	6.385048E-9	4.856055E+1
4.500000E-1	2.736495E-3	2.736495E-3	5.200625E-9	4.892871E+1
4.000000E-1	2.192359E-3	2.192359E-3	4.166511E-9	4.929688E+1
3.500000E-1	1.690727E-3	1.690727E-3	3.213176E-9	4.966406E+1
3.000000E-1	1.329657E-3	1.329657E-3	2.526972E-9	5.003223E+1
2.500000E-1	1.042136E-3	1.042136E-3	1.980547E-9	5.040039E+1
2.000000E-1	7.426775E-4	7.426775E-4	1.411436E-9	5.076758E+1
1.500000E-1	4.289634E-4	4.289634E-4	8.152318E-10	5.150879E+1
1.000000E-1	2.238974E-4	2.238974E-4	4.255103E-10	5.187793E+1
5.000000E-2	9.919711E-5	9.919711E-5	1.885211E-10	5.224609E+1
0.000000E+0	9.199431E-8	9.199431E-8	1.748324E-13	5.342090E+1
-5.000000E-2	1.019514E-4	-1.019514E-4	-1.937556E-10	5.453711E+1
-1.000000E-1	2.264314E-4	-2.264314E-4	-4.303260E-10	5.490527E+1
-1.500000E-1	3.540387E-4	-3.540387E-4	-6.728398E-10	5.527344E+1
-2.000000E-1	4.508385E-4	-4.508385E-4	-8.568048E-10	5.564258E+1
-2.500000E-1	3.529882E-3	-3.529882E-3	-6.708433E-9	5.787793E+1
-3.000000E-1	3.894526E-3	-3.894526E-3	-7.401428E-9	5.862500E+1
-3.500000E-1	5.003771E-3	-5.003771E-3	-9.509514E-9	5.899316E+1
-4.000000E-1	4.127850E-2	-4.127850E-2	-7.844854E-8	6.048047E+1
-4.500000E-1	3.084644E-3	-3.084644E-3	-5.862272E-9	6.122168E+1
-5.000000E-1	3.700491E-3	-3.700491E-3	-7.032670E-9	6.158984E+1
-5.000000E-1	4.038039E-3	-4.038039E-3	-7.674170E-9	6.195703E+1
-4.500000E-1	3.076662E-3	-3.076662E-3	-5.847103E-9	6.232520E+1
-4.000000E-1	3.009904E-3	-3.009904E-3	-5.720232E-9	6.269336E+1
-3.500000E-1	2.624666E-3	-2.624666E-3	-4.988098E-9	6.306152E+1
-3.000000E-1	1.814354E-3	-1.814354E-3	-3.448124E-9	6.342871E+1
-2.500000E-1	1.301484E-3	-1.301484E-3	-2.473430E-9	6.379688E+1
-2.000000E-1	1.131812E-3	-1.131812E-3	-2.150974E-9	6.416504E+1
-1.500000E-1	8.257906E-4	-8.257906E-4	-1.569390E-9	6.453223E+1
-1.000000E-1	5.432494E-4	-5.432494E-4	-1.032429E-9	6.490039E+1
-5.000000E-2	2.548692E-4	-2.548692E-4	-4.843712E-10	6.564160E+1
0.000000E+0	1.010199E-7	1.010199E-7	1.919853E-13	6.681641E+1
0.000000E+0	1.065405E-8	1.065405E-8	2.024769E-14	6.752051E+1
5.000000E-2	1.269893E-4	1.269893E-4	2.413393E-10	6.863574E+1
1.000000E-1	2.865054E-4	2.865054E-4	5.444947E-10	6.900391E+1
1.500000E-1	4.774364E-4	4.774364E-4	9.073534E-10	6.937305E+1
2.000000E-1	4.592879E-4	4.592879E-4	8.728627E-10	7.048828E+1
2.500000E-1	5.652250E-4	5.652250E-4	1.074193E-9	7.085547E+1
3.000000E-1	7.365321E-4	7.365321E-4	1.399757E-9	7.122363E+1
3.500000E-1	8.539773E-4	8.539773E-4	1.622958E-9	7.159180E+1
4.000000E-1	1.043624E-3	1.043624E-3	1.983376E-9	7.195898E+1
4.500000E-1	1.305904E-3	1.305904E-3	2.481831E-9	7.232715E+1
5.000000E-1	1.486231E-3	1.486231E-3	2.824537E-9	7.269531E+1
5.000000E-1	1.681755E-3	1.681755E-3	3.196124E-9	7.306250E+1
4.500000E-1	1.349394E-3	1.349394E-3	2.564483E-9	7.343066E+1
4.000000E-1	9.424008E-4	9.424008E-4	1.791004E-9	7.379883E+1
3.500000E-1	6.656370E-4	6.656370E-4	1.265023E-9	7.416602E+1
3.000000E-1	4.638067E-4	4.638067E-4	8.814506E-10	7.490723E+1
2.500000E-1	3.650111E-4	3.650111E-4	6.936926E-10	7.527637E+1
2.000000E-1	2.767841E-4	2.767841E-4	5.260198E-10	7.564453E+1
1.500000E-1	1.744742E-4	1.744742E-4	3.315830E-10	7.601270E+1
1.000000E-1	1.181280E-4	1.181280E-4	2.244986E-10	7.638086E+1
5.000000E-2	5.455741E-5	5.455741E-5	1.036847E-10	7.675000E+1
0.000000E+0	6.824724E-8	6.824724E-8	1.297018E-13	7.792480E+1
-5.000000E-2	4.790563E-5	-4.790563E-5	-9.104320E-11	7.862793E+1
-1.000000E-1	9.783050E-5	-9.783050E-5	-1.859239E-10	7.974316E+1
-1.500000E-1	1.925790E-4	-1.925790E-4	-3.659906E-10	8.011230E+1
-2.000000E-1	2.850733E-4	-2.850733E-4	-5.417731E-10	8.048047E+1
-2.500000E-1	3.872379E-4	-3.872379E-4	-7.359338E-10	8.084863E+1
-3.000000E-1	4.719984E-4	-4.719984E-4	-8.970187E-10	8.121777E+1
-3.500000E-1	6.720786E-4	-6.720786E-4	-1.277265E-9	8.233301E+1
-4.000000E-1	8.822251E-4	-8.822251E-4	-1.676642E-9	8.270020E+1
-4.500000E-1	9.670615E-4	-9.670615E-4	-1.837871E-9	8.306836E+1
-5.000000E-1	1.181119E-3	-1.181119E-3	-2.244680E-9	8.343652E+1
-5.000000E-1	1.247071E-3	-1.247071E-3	-2.370020E-9	8.380371E+1
-4.500000E-1	9.631930E-4	-9.631930E-4	-1.830519E-9	8.417187E+1
-4.000000E-1	7.386064E-4	-7.386064E-4	-1.403699E-9	8.454004E+1
-3.500000E-1	6.202314E-4	-6.202314E-4	-1.178731E-9	8.490820E+1
-3.000000E-1	4.769964E-4	-4.769964E-4	-9.065171E-10	8.564941E+1
-2.500000E-1	3.678977E-4	-3.678977E-4	-6.991783E-10	8.601758E+1
-2.000000E-1	2.828502E-4	-2.828502E-4	-5.375483E-10	8.638574E+1
-1.500000E-1	1.460653E-4	-1.460653E-4	-2.775926E-10	8.675488E+1
-1.000000E-1	9.614171E-5	-9.614171E-5	-1.827144E-10	8.712305E+1
-5.000000E-2	4.103788E-5	-4.103788E-5	-7.799124E-11	8.829785E+1
0.000000E+0	5.536673E-7	-5.536673E-7	-1.052228E-12	8.900098E+1
0.000000E+0	1.880925E-7	-1.880925E-7	-3.574641E-13	8.970508E+1
5.000000E-2	4.124082E-5	4.124082E-5	7.837692E-11	9.040820E+1
1.000000E-1	8.410753E-5	8.410753E-5	1.598438E-10	9.152344E+1
1.500000E-1	1.416586E-4	1.416586E-4	2.692179E-10	9.189160E+1
2.000000E-1	2.270199E-4	2.270199E-4	4.314445E-10	9.225977E+1
2.500000E-1	3.258004E-4	3.258004E-4	6.191737E-10	9.262793E+1
3.000000E-1	4.509425E-4	4.509425E-4	8.570025E-10	9.374316E+1
3.500000E-1	6.356055E-4	6.356055E-4	1.207949E-9	9.411133E+1
4.000000E-1	9.501741E-4	9.501741E-4	1.805777E-9	9.447949E+1
4.500000E-1	1.194564E-3	1.194564E-3	2.270233E-9	9.484668E+1
5.000000E-1	1.711854E-3	1.711854E-3	3.253327E-9	9.521484E+1
5.000000E-1	1.774776E-3	1.774776E-3	3.372907E-9	9.558301E+1
4.500000E-1	1.161516E-3	1.161516E-3	2.207426E-9	9.595020E+1
4.000000E-1	9.107849E-4	9.107849E-4	1.730919E-9	9.631836E+1
3.500000E-1	7.019197E-4	7.019197E-4	1.333977E-9	9.668652E+1
3.000000E-1	3.882680E-4	3.882680E-4	7.378915E-10	9.742773E+1
2.500000E-1	3.101124E-4	3.101124E-4	5.893593E-10	9.779590E+1
2.000000E-1	2.007466E-4	2.007466E-4	3.815128E-10	9.816406E+1
1.500000E-1	1.185166E-4	1.185166E-4	2.252371E-10	9.853320E+1
1.000000E-1	6.165997E-5	6.165997E-5	1.171829E-10	9.890137E+1
5.000000E-2	2.692742E-5	2.692742E-5	5.117474E-11	1.000762E+2
0.000000E+0	1.944674E-7	1.944674E-7	3.695794E-13	1.007793E+2
-5.000000E-2	2.462344E-5	-2.462344E-5	-4.679611E-11	1.014834E+2
-1.000000E-1	5.622373E-5	-5.622373E-5	-1.068515E-10	1.025986E+2
-1.500000E-1	1.069286E-4	-1.069286E-4	-2.032146E-10	1.029668E+2
-2.000000E-1	1.847881E-4	-1.847881E-4	-3.511841E-10	1.033350E+2
-2.500000E-1	2.602281E-4	-2.602281E-4	-4.945557E-10	1.037041E+2
-3.000000E-1	3.408526E-4	-3.408526E-4	-6.477801E-10	1.040723E+2
-3.500000E-1	4.994476E-4	-4.994476E-4	-9.491850E-10	1.044404E+2
-4.000000E-1	6.747795E-4	-6.747795E-4	-1.282398E-9	1.055557E+2
-4.500000E-1	7.655255E-4	-7.655255E-4	-1.454858E-9	1.059238E+2
-5.000000E-1	9.634245E-4	-9.634245E-4	-1.830959E-9	1.062910E+2
-5.000000E-1	1.009360E-3	-1.009360E-3	-1.918258E-9	1.066592E+2
-4.500000E-1	8.132027E-4	-8.132027E-4	-1.545467E-9	1.070273E+2
-4.000000E-1	6.575148E-4	-6.575148E-4	-1.249587E-9	1.073945E+2
-3.500000E-1	5.408826E-4	-5.408826E-4	-1.027931E-9	1.077627E+2
-3.000000E-1	4.231114E-4	-4.231114E-4	-8.041103E-10	1.085039E+2
-2.500000E-1	2.923175E-4	-2.923175E-4	-5.555405E-10	1.088721E+2
-2.000000E-1	1.958574E-4	-1.958574E-4	-3.722210E-10	1.092412E+2
-1.500000E-1	1.234172E-4	-1.234172E-4	-2.345507E-10	1.096094E+2
-1.000000E-1	6.961295E-5	-6.961295E-5	-1.322973E-10	1.099775E+2
-5.000000E-2	2.878267E-5	-2.878267E-5	-5.470058E-11	1.111533E+2
0.000000E+0	3.855100E-7	-3.855100E-7	-7.326501E-13	1.118564E+2
0.000000E+0	1.524719E-7	-1.524719E-7	-2.897682E-13	1.125596E+2
5.000000E-2	2.780490E-5	2.780490E-5	5.284236E-11	1.132627E+2
1.000000E-1	7.916686E-5	7.916686E-5	1.504542E-10	1.143779E+2
1.500000E-1	1.276647E-4	1.276647E-4	2.426229E-10	1.147461E+2
2.000000E-1	2.617488E-4	2.617488E-4	4.974457E-10	1.151152E+2
2.500000E-1	3.653957E-4	3.653957E-4	6.944235E-10	1.154834E+2
3.000000E-1	3.786687E-4	3.786687E-4	7.196484E-10	1.158516E+2
3.500000E-1	5.292224E-4	5.292224E-4	1.005771E-9	1.162207E+2
4.000000E-1	8.452453E-4	8.452453E-4	1.606363E-9	1.173359E+2
4.500000E-1	1.040903E-3	1.040903E-3	1.978205E-9	1.177031E+2
5.000000E-1	1.343352E-3	1.343352E-3	2.552999E-9	1.180713E+2
5.000000E-1	1.376613E-3	1.376613E-3	2.616211E-9	1.184395E+2
4.500000E-1	1.136045E-3	1.136045E-3	2.159019E-9	1.188066E+2
4.000000E-1	8.608546E-4	8.608546E-4	1.636028E-9	1.191748E+2
3.500000E-1	6.392962E-4	6.392962E-4	1.214963E-9	1.195430E+2
3.000000E-1	4.706413E-4	4.706413E-4	8.944394E-10	1.202842E+2
2.500000E-1	3.332220E-4	3.332220E-4	6.332783E-10	1.206523E+2
2.000000E-1	2.159167E-4	2.159167E-4	4.103432E-10	1.210205E+2
1.500000E-1	1.390495E-4	1.390495E-4	2.642593E-10	1.213887E+2
1.000000E-1	7.877811E-5	7.877811E-5	1.497154E-10	1.217578E+2
5.000000E-2	3.021623E-5	3.021623E-5	5.742503E-11	1.229326E+2
0.000000E+0	2.396248E-7	2.396248E-7	4.553996E-13	1.236357E+2
-5.000000E-2	2.192292E-5	-2.192292E-5	-4.166385E-11	1.243398E+2
-1.000000E-1	4.966418E-5	-4.966418E-5	-9.438526E-11	1.250430E+2
-1.500000E-1	1.217234E-4	-1.217234E-4	-2.313317E-10	1.261582E+2
-2.000000E-1	2.012586E-4	-2.012586E-4	-3.824859E-10	1.265264E+2
-2.500000E-1	3.027020E-4	-3.027020E-4	-5.752760E-10	1.268955E+2
-3.000000E-1	4.448463E-4	-4.448463E-4	-8.454168E-10	1.272637E+2
-3.500000E-1	4.841975E-4	-4.841975E-4	-9.202026E-10	1.287461E+2
-4.000000E-1	6.437025E-4	-6.437025E-4	-1.223337E-9	1.291143E+2
-4.500000E-1	8.107348E-4	-8.107348E-4	-1.540777E-9	1.294824E+2
-5.000000E-1	1.021744E-3	-1.021744E-3	-1.941793E-9	1.298496E+2
-5.000000E-1	1.094921E-3	-1.094921E-3	-2.080864E-9	1.302178E+2
-4.500000E-1	8.733362E-4	-8.733362E-4	-1.659749E-9	1.305859E+2
-4.000000E-1	7.311061E-4	-7.311061E-4	-1.389445E-9	1.309531E+2
-3.500000E-1	5.689178E-4	-5.689178E-4	-1.081211E-9	1.313213E+2
-3.000000E-1	4.237533E-4	-4.237533E-4	-8.053302E-10	1.320625E+2
-2.500000E-1	2.891710E-4	-2.891710E-4	-5.495608E-10	1.324307E+2
-2.000000E-1	2.011625E-4	-2.011625E-4	-3.823032E-10	1.327998E+2
-1.500000E-1	1.102187E-4	-1.102187E-4	-2.094673E-10	1.331680E+2
-1.000000E-1	5.428011E-5	-5.428011E-5	-1.031577E-10	1.335361E+2
-5.000000E-2	2.404375E-5	-2.404375E-5	-4.569441E-11	1.347119E+2
0.000000E+0	4.035102E-7	-4.035102E-7	-7.668588E-13	1.354150E+2
0.000000E+0	3.332329E-7	-3.332329E-7	-6.332990E-13	1.361191E+2
5.000000E-2	2.867679E-5	2.867679E-5	5.449936E-11	1.368223E+2
1.000000E-1	4.815908E-5	4.815908E-5	9.152487E-11	1.375254E+2
1.500000E-1	8.690310E-5	8.690310E-5	1.651567E-10	1.386406E+2
2.000000E-1	1.729382E-4	1.729382E-4	3.286637E-10	1.390088E+2
2.500000E-1	2.422717E-4	2.422717E-4	4.604300E-10	1.393779E+2
3.000000E-1	4.393428E-4	4.393428E-4	8.349577E-10	1.397461E+2
3.500000E-1	6.476625E-4	6.476625E-4	1.230863E-9	1.408613E+2
4.000000E-1	9.033272E-4	9.033272E-4	1.716746E-9	1.412285E+2
4.500000E-1	1.355473E-3	1.355473E-3	2.576036E-9	1.415967E+2
5.000000E-1	1.545158E-3	1.545158E-3	2.936526E-9	1.419648E+2
5.000000E-1	1.707512E-3	1.707512E-3	3.245075E-9	1.423320E+2
4.500000E-1	1.411170E-3	1.411170E-3	2.681886E-9	1.427002E+2
4.000000E-1	1.099126E-3	1.099126E-3	2.088855E-9	1.430684E+2
3.500000E-1	8.817342E-4	8.817342E-4	1.675709E-9	1.434355E+2
3.000000E-1	7.886751E-4	7.886751E-4	1.498853E-9	1.438037E+2
2.500000E-1	6.147749E-4	6.147749E-4	1.168361E-9	1.441719E+2
2.000000E-1	3.470958E-4	3.470958E-4	6.596451E-10	1.449131E+2
1.500000E-1	2.321427E-4	2.321427E-4	4.411802E-10	1.452813E+2
1.000000E-1	1.036170E-4	1.036170E-4	1.969210E-10	1.456494E+2
5.000000E-2	3.887056E-5	3.887056E-5	7.387232E-11	1.468252E+2
0.000000E+0	2.999855E-7	2.999855E-7	5.701134E-13	1.475283E+2
-5.000000E-2	3.363395E-5	-3.363395E-5	-6.392030E-11	1.482314E+2
-1.000000E-1	9.201573E-5	-9.201573E-5	-1.748731E-10	1.493477E+2
-1.500000E-1	1.718688E-4	-1.718688E-4	-3.266315E-10	1.497158E+2
-2.000000E-1	3.050611E-4	-3.050611E-4	-5.797594E-10	1.500840E+2
-2.500000E-1	4.526009E-4	-4.526009E-4	-8.601542E-10	1.504521E+2
-3.000000E-1	5.706789E-4	-5.706789E-4	-1.084558E-9	1.515674E+2
-3.500000E-1	6.933807E-4	-6.933807E-4	-1.317749E-9	1.519355E+2
-4.000000E-1	7.703991E-4	-7.703991E-4	-1.464120E-9	1.523027E+2
-4.500000E-1	1.029325E-3	-1.029325E-3	-1.956201E-9	1.526709E+2
-5.000000E-1	1.287666E-3	-1.287666E-3	-2.447170E-9	1.530391E+2
-5.000000E-1	1.421439E-3	-1.421439E-3	-2.701401E-9	1.534072E+2
-4.500000E-1	9.919569E-4	-9.919569E-4	-1.885184E-9	1.537744E+2
-4.000000E-1	8.071315E-4	-8.071315E-4	-1.533929E-9	1.541426E+2
-3.500000E-1	6.028510E-4	-6.028510E-4	-1.145700E-9	1.545098E+2
-3.000000E-1	4.655112E-4	-4.655112E-4	-8.846899E-10	1.552520E+2
-2.500000E-1	3.230420E-4	-3.230420E-4	-6.139316E-10	1.556201E+2
-2.000000E-1	2.105152E-4	-2.105152E-4	-4.000777E-10	1.559883E+2
-1.500000E-1	1.240430E-4	-1.240430E-4	-2.357400E-10	1.563564E+2
-1.000000E-1	9.560211E-5	-9.560211E-5	-1.816889E-10	1.567256E+2
-5.000000E-2	4.324744E-5	-4.324744E-5	-8.219045E-11	1.579004E+2
0.000000E+0	4.145877E-7	-4.145877E-7	-7.879114E-13	1.586035E+2
0.000000E+0	1.382105E-7	-1.382105E-7	-2.626649E-13	1.593076E+2
5.000000E-2	4.126498E-5	4.126498E-5	7.842284E-11	1.600107E+2
1.000000E-1	6.648194E-5	6.648194E-5	1.263469E-10	1.611260E+2
1.500000E-1	1.362255E-4	1.362255E-4	2.588925E-10	1.614941E+2
2.000000E-1	2.485932E-4	2.485932E-4	4.724438E-10	1.618633E+2
2.500000E-1	3.259833E-4	3.259833E-4	6.195214E-10	1.622314E+2
3.000000E-1	5.186784E-4	5.186784E-4	9.857325E-10	1.625996E+2
3.500000E-1	6.139472E-4	6.139472E-4	1.166788E-9	1.637148E+2
4.000000E-1	7.817936E-4	7.817936E-4	1.485775E-9	1.640830E+2
4.500000E-1	9.141788E-4	9.141788E-4	1.737369E-9	1.644512E+2
5.000000E-1	1.057170E-3	1.057170E-3	2.009119E-9	1.648184E+2
5.000000E-1	8.713730E-4	8.713730E-4	1.656018E-9	1.651865E+2
4.500000E-1	6.166465E-4	6.166465E-4	1.171918E-9	1.655547E+2
4.000000E-1	5.234084E-4	5.234084E-4	9.947219E-10	1.662949E+2
3.500000E-1	3.865850E-4	3.865850E-4	7.346931E-10	1.666641E+2
3.000000E-1	3.437196E-4	3.437196E-4	6.532287E-10	1.670322E+2
2.500000E-1	2.410096E-4	2.410096E-4	4.580314E-10	1.674004E+2
2.000000E-1	1.470552E-4	1.470552E-4	2.794739E-10	1.677695E+2
1.500000E-1	1.040516E-4	1.040516E-4	1.977469E-10	1.681377E+2
1.000000E-1	5.787149E-5	5.787149E-5	1.099830E-10	1.685059E+2
5.000000E-2	1.684623E-5	1.684623E-5	3.201574E-11	1.696816E+2
0.000000E+0	1.476889E-7	1.476889E-7	2.806783E-13	1.703848E+2
-5.000000E-2	1.820678E-5	-1.820678E-5	-3.460143E-11	1.710879E+2
-1.000000E-1	4.397417E-5	-4.397417E-5	-8.357157E-11	1.717910E+2
-1.500000E-1	9.754810E-5	-9.754810E-5	-1.853872E-10	1.729063E+2
-2.000000E-1	1.521644E-4	-1.521644E-4	-2.891838E-10	1.732754E+2
-2.500000E-1	2.460095E-4	-2.460095E-4	-4.675337E-10	1.736436E+2
-3.000000E-1	3.343689E-4	-3.343689E-4	-6.354579E-10	1.740117E+2
-3.500000E-1	4.307199E-4	-4.307199E-4	-8.185701E-10	1.743799E+2
-4.000000E-1	7.764538E-4	-7.764538E-4	-1.475627E-9	1.754951E+2
-4.500000E-1	1.038855E-3	-1.038855E-3	-1.974313E-9	1.758623E+2
-5.000000E-1	1.094900E-3	-1.094900E-3	-2.080825E-9	1.762305E+2
-5.000000E-1	1.081769E-3	-1.081769E-3	-2.055869E-9	1.765986E+2
-4.500000E-1	9.108517E-4	-9.108517E-4	-1.731046E-9	1.769658E+2
-4.000000E-1	7.530549E-4	-7.530549E-4	-1.431158E-9	1.773340E+2
-3.500000E-1	5.276770E-4	-5.276770E-4	-1.002834E-9	1.777012E+2
-3.000000E-1	4.255237E-4	-4.255237E-4	-8.086949E-10	1.784424E+2
-2.500000E-1	2.646035E-4	-2.646035E-4	-5.028709E-10	1.788105E+2
-2.000000E-1	1.705428E-4	-1.705428E-4	-3.241115E-10	1.791797E+2
-1.500000E-1	1.024336E-4	-1.024336E-4	-1.946719E-10	1.795479E+2
-1.000000E-1	3.555190E-5	-3.555190E-5	-6.756531E-11	1.807227E+2
-5.000000E-2	1.562368E-5	-1.562368E-5	-2.969233E-11	1.814258E+2
0.000000E+0	1.110606E-7	1.110606E-7	2.110673E-13	1.821289E+2
0.000000E+0	1.118200E-7	-1.118200E-7	-2.125106E-13	1.828330E+2
5.000000E-2	1.561966E-5	1.561966E-5	2.968469E-11	1.835361E+2
1.000000E-1	4.095609E-5	4.095609E-5	7.783581E-11	1.842393E+2
1.500000E-1	9.205862E-5	9.205862E-5	1.749546E-10	1.853535E+2
2.000000E-1	1.520306E-4	1.520306E-4	2.889295E-10	1.857227E+2
2.500000E-1	2.409308E-4	2.409308E-4	4.578817E-10	1.860908E+2
3.000000E-1	3.597137E-4	3.597137E-4	6.836249E-10	1.864590E+2
3.500000E-1	4.687273E-4	4.687273E-4	8.908020E-10	1.868271E+2
4.000000E-1	5.766548E-4	5.766548E-4	1.095915E-9	1.879424E+2
4.500000E-1	7.317802E-4	7.317802E-4	1.390726E-9	1.883096E+2
5.000000E-1	8.843451E-4	8.843451E-4	1.680671E-9	1.886777E+2
5.000000E-1	8.732852E-4	8.732852E-4	1.659652E-9	1.890459E+2
4.500000E-1	7.379634E-4	7.379634E-4	1.402477E-9	1.894131E+2
4.000000E-1	5.470779E-4	5.470779E-4	1.039705E-9	1.897812E+2
3.500000E-1	4.370435E-4	4.370435E-4	8.305879E-10	1.905225E+2
3.000000E-1	2.804339E-4	2.804339E-4	5.329562E-10	1.908906E+2
2.500000E-1	2.433124E-4	2.433124E-4	4.624079E-10	1.912588E+2
2.000000E-1	1.482949E-4	1.482949E-4	2.818299E-10	1.916270E+2
1.500000E-1	9.240426E-5	9.240426E-5	1.756115E-10	1.919951E+2
1.000000E-1	4.515003E-5	4.515003E-5	8.580626E-11	1.931699E+2
5.000000E-2	1.868943E-5	1.868943E-5	3.551870E-11	1.938730E+2
0.000000E+0	2.089698E-7	2.089698E-7	3.971407E-13	1.945762E+2
-5.000000E-2	2.163292E-5	-2.163292E-5	-4.111270E-11	1.952803E+2
-1.000000E-1	4.864108E-5	-4.864108E-5	-9.244089E-11	1.959834E+2
-1.500000E-1	1.007822E-4	-1.007822E-4	-1.915335E-10	1.970986E+2
-2.000000E-1	1.355513E-4	-1.355513E-4	-2.576112E-10	1.974668E+2
-2.500000E-1	1.861135E-4	-1.861135E-4	-3.537031E-10	1.978350E+2
-3.000000E-1	2.769023E-4	-2.769023E-4	-5.262444E-10	1.982031E+2
-3.500000E-1	3.917745E-4	-3.917745E-4	-7.445555E-10	1.985723E+2
-4.000000E-1	4.706800E-4	-4.706800E-4	-8.945131E-10	1.989404E+2
-4.500000E-1	5.426406E-4	-5.426406E-4	-1.031272E-9	1.993086E+2
-5.000000E-1	7.304773E-4	-7.304773E-4	-1.388250E-9	2.004238E+2
-5.000000E-1	6.419371E-4	-6.419371E-4	-1.219982E-9	2.007910E+2
-4.500000E-1	5.301184E-4	-5.301184E-4	-1.007474E-9	2.011592E+2
-4.000000E-1	3.965072E-4	-3.965072E-4	-7.535499E-10	2.019004E+2
-3.500000E-1	3.016980E-4	-3.016980E-4	-5.733678E-10	2.022686E+2
-3.000000E-1	2.110413E-4	-2.110413E-4	-4.010776E-10	2.026367E+2
-2.500000E-1	1.472340E-4	-1.472340E-4	-2.798137E-10	2.030049E+2
-2.000000E-1	1.002870E-4	-1.002870E-4	-1.905924E-10	2.033740E+2
-1.500000E-1	5.729521E-5	-5.729521E-5	-1.088878E-10	2.037422E+2
-1.000000E-1	2.645722E-5	-2.645722E-5	-5.028114E-11	2.049170E+2
-5.000000E-2	1.380784E-5	-1.380784E-5	-2.624138E-11	2.056201E+2
0.000000E+0	2.191637E-7	-2.191637E-7	-4.165140E-13	2.063232E+2
0.000000E+0	1.313902E-7	-1.313902E-7	-2.497030E-13	2.070273E+2
5.000000E-2	1.610639E-5	1.610639E-5	3.060970E-11	2.077305E+2
1.000000E-1	4.319193E-5	4.319193E-5	8.208496E-11	2.084336E+2
1.500000E-1	7.086785E-5	7.086785E-5	1.346822E-10	2.095479E+2
2.000000E-1	1.068732E-4	1.068732E-4	2.031093E-10	2.099170E+2
2.500000E-1	1.799406E-4	1.799406E-4	3.419716E-10	2.102852E+2
3.000000E-1	2.978605E-4	2.978605E-4	5.660749E-10	2.106533E+2
3.500000E-1	3.576844E-4	3.576844E-4	6.797684E-10	2.110215E+2
4.000000E-1	4.608512E-4	4.608512E-4	8.758338E-10	2.113906E+2
4.500000E-1	6.885698E-4	6.885698E-4	1.308606E-9	2.125049E+2
5.000000E-1	8.581968E-4	8.581968E-4	1.630977E-9	2.128730E+2
5.000000E-1	8.082676E-4	8.082676E-4	1.536088E-9	2.132402E+2
4.500000E-1	6.500756E-4	6.500756E-4	1.235449E-9	2.136084E+2
4.000000E-1	4.210709E-4	4.210709E-4	8.002324E-10	2.143496E+2
3.500000E-1	3.284700E-4	3.284700E-4	6.242473E-10	2.147178E+2
3.000000E-1	2.812415E-4	2.812415E-4	5.344910E-10	2.150859E+2
2.500000E-1	1.834263E-4	1.834263E-4	3.485962E-10	2.154541E+2
2.000000E-1	1.419266E-4	1.419266E-4	2.697271E-10	2.158232E+2
1.500000E-1	9.000649E-5	9.000649E-5	1.710546E-10	2.161914E+2
1.000000E-1	3.741386E-5	3.741386E-5	7.110390E-11	2.173662E+2
5.000000E-2	1.528967E-5	1.528967E-5	2.905756E-11	2.180693E+2
0.000000E+0	1.349537E-7	1.349537E-7	2.564754E-13	2.187725E+2
-5.000000E-2	1.631035E-5	-1.631035E-5	-3.099732E-11	2.194756E+2
-1.000000E-1	3.763932E-5	-3.763932E-5	-7.153238E-11	2.201787E+2
-1.500000E-1	6.270555E-5	-6.270555E-5	-1.191700E-10	2.212939E+2
-2.000000E-1	1.105094E-4	-1.105094E-4	-2.100198E-10	2.216621E+2
-2.500000E-1	1.842093E-4	-1.842093E-4	-3.500841E-10	2.220312E+2
-3.000000E-1	2.758477E-4	-2.758477E-4	-5.242402E-10	2.223994E+2
-3.500000E-1	3.696273E-4	-3.696273E-4	-7.024654E-10	2.227676E+2
-4.000000E-1	4.296084E-4	-4.296084E-4	-8.164578E-10	2.231357E+2
-4.500000E-1	5.775246E-4	-5.775246E-4	-1.097568E-9	2.242510E+2
-5.000000E-1	7.844235E-4	-7.844235E-4	-1.490773E-9	2.246191E+2
-5.000000E-1	6.657733E-4	-6.657733E-4	-1.265282E-9	2.249863E+2
-4.500000E-1	6.112773E-4	-6.112773E-4	-1.161714E-9	2.253545E+2
-4.000000E-1	5.131841E-4	-5.131841E-4	-9.752907E-10	2.260957E+2
-3.500000E-1	4.055296E-4	-4.055296E-4	-7.706966E-10	2.264639E+2
-3.000000E-1	3.264885E-4	-3.264885E-4	-6.204814E-10	2.268320E+2
-2.500000E-1	2.194836E-4	-2.194836E-4	-4.171220E-10	2.272002E+2
-2.000000E-1	1.363565E-4	-1.363565E-4	-2.591414E-10	2.275684E+2
-1.500000E-1	9.123687E-5	-9.123687E-5	-1.733929E-10	2.279375E+2
-1.000000E-1	5.040968E-5	-5.040968E-5	-9.580206E-11	2.291123E+2
-5.000000E-2	2.173886E-5	-2.173886E-5	-4.131404E-11	2.298154E+2
0.000000E+0	4.071905E-7	-4.071905E-7	-7.738532E-13	2.305186E+2
0.000000E+0	1.836162E-7	-1.836162E-7	-3.489570E-13	2.312217E+2
5.000000E-2	2.616645E-5	2.616645E-5	4.972854E-11	2.319248E+2
1.000000E-1	4.854939E-5	4.854939E-5	9.226664E-11	2.326279E+2
1.500000E-1	9.244247E-5	9.244247E-5	1.756841E-10	2.337432E+2
2.000000E-1	1.544654E-4	1.544654E-4	2.935567E-10	2.341113E+2
2.500000E-1	2.668677E-4	2.668677E-4	5.071740E-10	2.344795E+2
3.000000E-1	3.822133E-4	3.822133E-4	7.263847E-10	2.348477E+2
3.500000E-1	6.589719E-4	6.589719E-4	1.252356E-9	2.359629E+2
4.000000E-1	8.256870E-4	8.256870E-4	1.569193E-9	2.363311E+2
4.500000E-1	9.434668E-4	9.434668E-4	1.793030E-9	2.366982E+2
5.000000E-1	1.015536E-3	1.015536E-3	1.929995E-9	2.370664E+2
5.000000E-1	1.050960E-3	1.050960E-3	1.997317E-9	2.374336E+2
4.500000E-1	9.106197E-4	9.106197E-4	1.730605E-9	2.378018E+2
4.000000E-1	7.613034E-4	7.613034E-4	1.446834E-9	2.381699E+2
3.500000E-1	5.852117E-4	5.852117E-4	1.112177E-9	2.385371E+2
3.000000E-1	4.653721E-4	4.653721E-4	8.844256E-10	2.392783E+2
2.500000E-1	3.382874E-4	3.382874E-4	6.429050E-10	2.396465E+2
2.000000E-1	2.048353E-4	2.048353E-4	3.892832E-10	2.400146E+2
1.500000E-1	1.150535E-4	1.150535E-4	2.186556E-10	2.403838E+2
1.000000E-1	6.490737E-5	6.490737E-5	1.233545E-10	2.421377E+2
5.000000E-2	2.446184E-5	2.446184E-5	4.648899E-11	2.433125E+2
0.000000E+0	2.336807E-7	2.336807E-7	4.441031E-13	2.440156E+2
-5.000000E-2	2.120212E-5	-2.120212E-5	-4.029399E-11	2.447188E+2
-1.000000E-1	4.381817E-5	-4.381817E-5	-8.327511E-11	2.454219E+2
-1.500000E-1	9.507744E-5	-9.507744E-5	-1.806918E-10	2.465371E+2
-2.000000E-1	1.561306E-4	-1.561306E-4	-2.967214E-10	2.469053E+2
-2.500000E-1	2.142645E-4	-2.142645E-4	-4.072032E-10	2.472734E+2
-3.000000E-1	3.162660E-4	-3.162660E-4	-6.010539E-10	2.476426E+2
-3.500000E-1	4.338400E-4	-4.338400E-4	-8.244998E-10	2.480107E+2
-4.000000E-1	5.218282E-4	-5.218282E-4	-9.917187E-10	2.491250E+2
-4.500000E-1	6.395809E-4	-6.395809E-4	-1.215504E-9	2.494932E+2
-5.000000E-1	8.330441E-4	-8.330441E-4	-1.583175E-9	2.498604E+2
-5.000000E-1	8.815937E-4	-8.815937E-4	-1.675442E-9	2.502285E+2
-4.500000E-1	6.732367E-4	-6.732367E-4	-1.279466E-9	2.505967E+2
-4.000000E-1	5.481582E-4	-5.481582E-4	-1.041758E-9	2.509639E+2
-3.500000E-1	3.799880E-4	-3.799880E-4	-7.221557E-10	2.517051E+2
-3.000000E-1	2.827463E-4	-2.827463E-4	-5.373507E-10	2.520732E+2
-2.500000E-1	1.891308E-4	-1.891308E-4	-3.594373E-10	2.524424E+2
-2.000000E-1	1.353973E-4	-1.353973E-4	-2.573184E-10	2.528105E+2
-1.500000E-1	7.282837E-5	-7.282837E-5	-1.384081E-10	2.531787E+2
-1.000000E-1	3.912764E-5	-3.912764E-5	-7.436089E-11	2.543535E+2
-5.000000E-2	1.747332E-5	-1.747332E-5	-3.320752E-11	2.550566E+2
0.000000E+0	5.021057E-8	-5.021057E-8	-9.542367E-14	2.557598E+2
0.000000E+0	1.451477E-7	-1.451477E-7	-2.758488E-13	2.564639E+2
5.000000E-2	1.851554E-5	1.851554E-5	3.518823E-11	2.571670E+2
1.000000E-1	4.373524E-5	4.373524E-5	8.311749E-11	2.578701E+2
1.500000E-1	6.560441E-5	6.560441E-5	1.246792E-10	2.589844E+2
2.000000E-1	1.245359E-4	1.245359E-4	2.366768E-10	2.593535E+2
2.500000E-1	2.014494E-4	2.014494E-4	3.828484E-10	2.597217E+2
3.000000E-1	3.000893E-4	3.000893E-4	5.703107E-10	2.600898E+2
3.500000E-1	4.066891E-4	4.066891E-4	7.729003E-10	2.604580E+2
4.000000E-1	5.788338E-4	5.788338E-4	1.100056E-9	2.615732E+2
4.500000E-1	7.273460E-4	7.273460E-4	1.382299E-9	2.619404E+2
5.000000E-1	9.130627E-4	9.130627E-4	1.735248E-9	2.623086E+2
5.000000E-1	8.604094E-4	8.604094E-4	1.635182E-9	2.626768E+2
4.500000E-1	7.150743E-4	7.150743E-4	1.358977E-9	2.630439E+2
4.000000E-1	6.335839E-4	6.335839E-4	1.204107E-9	2.634121E+2
3.500000E-1	4.552503E-4	4.552503E-4	8.651893E-10	2.641533E+2
3.000000E-1	3.337846E-4	3.337846E-4	6.343476E-10	2.645215E+2
2.500000E-1	2.502002E-4	2.502002E-4	4.754980E-10	2.648896E+2
2.000000E-1	1.498291E-4	1.498291E-4	2.847457E-10	2.652578E+2
1.500000E-1	7.322217E-5	7.322217E-5	1.391565E-10	2.656260E+2
1.000000E-1	3.870385E-5	3.870385E-5	7.355549E-11	2.668008E+2
5.000000E-2	1.692733E-5	1.692733E-5	3.216988E-11	2.675039E+2
0.000000E+0	1.567729E-7	1.567729E-7	2.979422E-13	2.682070E+2
-5.000000E-2	1.467810E-5	-1.467810E-5	-2.789528E-11	2.689111E+2
-1.000000E-1	4.669685E-5	-4.669685E-5	-8.874594E-11	2.696143E+2
-1.500000E-1	9.033188E-5	-9.033188E-5	-1.716730E-10	2.707295E+2
-2.000000E-1	1.635293E-4	-1.635293E-4	-3.107825E-10	2.710977E+2
-2.500000E-1	2.695650E-4	-2.695650E-4	-5.123001E-10	2.714658E+2
-3.000000E-1	3.310002E-4	-3.310002E-4	-6.290559E-10	2.718340E+2
-3.500000E-1	4.563300E-4	-4.563300E-4	-8.672412E-10	2.722031E+2
-4.000000E-1	6.583031E-4	-6.583031E-4	-1.251085E-9	2.733174E+2
-4.500000E-1	7.684037E-4	-7.684037E-4	-1.460328E-9	2.736855E+2
-5.000000E-1	9.312945E-4	-9.312945E-4	-1.769897E-9	2.740537E+2
-5.000000E-1	8.727243E-4	-8.727243E-4	-1.658586E-9	2.744209E+2
-4.500000E-1	6.668131E-4	-6.668131E-4	-1.267258E-9	2.747891E+2
-4.000000E-1	5.492280E-4	-5.492280E-4	-1.043791E-9	2.751562E+2
-3.500000E-1	4.930207E-4	-4.930207E-4	-9.369709E-10	2.758975E+2
-3.000000E-1	3.227525E-4	-3.227525E-4	-6.133813E-10	2.762656E+2
-2.500000E-1	2.276521E-4	-2.276521E-4	-4.326458E-10	2.766348E+2
-2.000000E-1	1.530912E-4	-1.530912E-4	-2.909452E-10	2.770029E+2
-1.500000E-1	8.487644E-5	-8.487644E-5	-1.613051E-10	2.773711E+2
-1.000000E-1	4.612128E-5	-4.612128E-5	-8.765209E-11	2.785459E+2
-5.000000E-2	1.925013E-5	-1.925013E-5	-3.658428E-11	2.792490E+2
0.000000E+0	3.736219E-7	-3.736219E-7	-7.100570E-13	2.799521E+2
0.000000E+0	2.076188E-7	-2.076188E-7	-3.945733E-13	2.806563E+2
5.000000E-2	1.888509E-5	1.888509E-5	3.589054E-11	2.813594E+2
1.000000E-1	4.968136E-5	4.968136E-5	9.441791E-11	2.820625E+2
1.500000E-1	7.198352E-5	7.198352E-5	1.368025E-10	2.831768E+2
2.000000E-1	1.440886E-4	1.440886E-4	2.738361E-10	2.835459E+2
2.500000E-1	2.304655E-4	2.304655E-4	4.379927E-10	2.839141E+2
3.000000E-1	2.904323E-4	2.904323E-4	5.519578E-10	2.842822E+2
3.500000E-1	4.578905E-4	4.578905E-4	8.702071E-10	2.846504E+2
4.000000E-1	6.362154E-4	6.362154E-4	1.209108E-9	2.857656E+2
4.500000E-1	7.568935E-4	7.568935E-4	1.438453E-9	2.861338E+2
5.000000E-1	1.013109E-3	1.013109E-3	1.925383E-9	2.865010E+2
5.000000E-1	9.798663E-4	9.798663E-4	1.862206E-9	2.868691E+2
4.500000E-1	7.846718E-4	7.846718E-4	1.491245E-9	2.872363E+2
4.000000E-1	6.049705E-4	6.049705E-4	1.149728E-9	2.876045E+2
3.500000E-1	4.352833E-4	4.352833E-4	8.272426E-10	2.883457E+2
3.000000E-1	3.204360E-4	3.204360E-4	6.089788E-10	2.887139E+2
2.500000E-1	2.120855E-4	2.120855E-4	4.030620E-10	2.890820E+2
2.000000E-1	1.384368E-4	1.384368E-4	2.630950E-10	2.894502E+2
1.500000E-1	8.157084E-5	8.157084E-5	1.550229E-10	2.898193E+2
1.000000E-1	4.451701E-5	4.451701E-5	8.460323E-11	2.909941E+2
5.000000E-2	1.759143E-5	1.759143E-5	3.343197E-11	2.916973E+2
0.000000E+0	1.963148E-7	1.963148E-7	3.730904E-13	2.924004E+2
-5.000000E-2	1.881937E-5	-1.881937E-5	-3.576564E-11	2.931035E+2
-1.000000E-1	4.222111E-5	-4.222111E-5	-8.023994E-11	2.938066E+2
-1.500000E-1	8.287441E-5	-8.287441E-5	-1.575003E-10	2.949219E+2
-2.000000E-1	1.503600E-4	-1.503600E-4	-2.857546E-10	2.952900E+2
-2.500000E-1	2.506009E-4	-2.506009E-4	-4.762594E-10	2.956592E+2
-3.000000E-1	3.606009E-4	-3.606009E-4	-6.853111E-10	2.960273E+2
-3.500000E-1	4.788227E-4	-4.788227E-4	-9.099879E-10	2.963955E+2
-4.000000E-1	6.810685E-4	-6.810685E-4	-1.294350E-9	2.975107E+2
-4.500000E-1	8.143982E-4	-8.143982E-4	-1.547739E-9	2.978779E+2
-5.000000E-1	9.414668E-4	-9.414668E-4	-1.789229E-9	2.982461E+2
-5.000000E-1	9.674840E-4	-9.674840E-4	-1.838674E-9	2.986133E+2
-4.500000E-1	6.854085E-4	-6.854085E-4	-1.302598E-9	2.989814E+2
-4.000000E-1	5.652197E-4	-5.652197E-4	-1.074183E-9	2.993496E+2
-3.500000E-1	4.669594E-4	-4.669594E-4	-8.874421E-10	3.000898E+2
-3.000000E-1	3.434049E-4	-3.434049E-4	-6.526306E-10	3.004590E+2
-2.500000E-1	2.508426E-4	-2.508426E-4	-4.767187E-10	3.008271E+2
-2.000000E-1	1.660309E-4	-1.660309E-4	-3.155367E-10	3.011953E+2
-1.500000E-1	9.972051E-5	-9.972051E-5	-1.895158E-10	3.015635E+2
-1.000000E-1	5.299443E-5	-5.299443E-5	-1.007143E-10	3.027383E+2
-5.000000E-2	2.091525E-5	-2.091525E-5	-3.974879E-11	3.034414E+2
0.000000E+0	3.934987E-7	-3.934987E-7	-7.478324E-13	3.041445E+2
0.000000E+0	2.058955E-7	-2.058955E-7	-3.912981E-13	3.048486E+2
5.000000E-2	1.602676E-5	1.602676E-5	3.045836E-11	3.055518E+2
1.000000E-1	3.989463E-5	3.989463E-5	7.581854E-11	3.062549E+2
1.500000E-1	8.728311E-5	8.728311E-5	1.658789E-10	3.073701E+2
2.000000E-1	1.479158E-4	1.479158E-4	2.811094E-10	3.077383E+2
2.500000E-1	2.337612E-4	2.337612E-4	4.442560E-10	3.081064E+2
3.000000E-1	4.088131E-4	4.088131E-4	7.769369E-10	3.084746E+2
3.500000E-1	4.760977E-4	4.760977E-4	9.048093E-10	3.088428E+2
4.000000E-1	5.056545E-4	5.056545E-4	9.609811E-10	3.092119E+2
4.500000E-1	8.612250E-4	8.612250E-4	1.636732E-9	3.103262E+2
5.000000E-1	8.160120E-4	8.160120E-4	1.550806E-9	3.106943E+2
5.000000E-1	9.295497E-4	9.295497E-4	1.766581E-9	3.110615E+2
4.500000E-1	7.819146E-4	7.819146E-4	1.486005E-9	3.114297E+2
4.000000E-1	6.268319E-4	6.268319E-4	1.191275E-9	3.117979E+2
3.500000E-1	3.647928E-4	3.647928E-4	6.932776E-10	3.125381E+2
3.000000E-1	2.868208E-4	2.868208E-4	5.450942E-10	3.129072E+2
2.500000E-1	1.784484E-4	1.784484E-4	3.391358E-10	3.132754E+2
2.000000E-1	1.107225E-4	1.107225E-4	2.104248E-10	3.136436E+2
1.500000E-1	6.410431E-5	6.410431E-5	1.218283E-10	3.140117E+2
1.000000E-1	3.502805E-5	3.502805E-5	6.656974E-11	3.151865E+2
5.000000E-2	1.600226E-5	1.600226E-5	3.041181E-11	3.158896E+2
0.000000E+0	1.193195E-7	1.193195E-7	2.267631E-13	3.165928E+2
-5.000000E-2	1.509819E-5	-1.509819E-5	-2.869366E-11	3.172959E+2
-1.000000E-1	3.413580E-5	-3.413580E-5	-6.487406E-11	3.180000E+2
-1.500000E-1	6.063101E-5	-6.063101E-5	-1.152274E-10	3.191143E+2
-2.000000E-1	1.022846E-4	-1.022846E-4	-1.943888E-10	3.194834E+2
-2.500000E-1	1.470074E-4	-1.470074E-4	-2.793831E-10	3.198516E+2
-3.000000E-1	2.367715E-4	-2.367715E-4	-4.499771E-10	3.202197E+2
-3.500000E-1	3.391559E-4	-3.391559E-4	-6.445555E-10	3.205879E+2
-4.000000E-1	5.265214E-4	-5.265214E-4	-1.000638E-9	3.209561E+2
-4.500000E-1	6.206382E-4	-6.206382E-4	-1.179504E-9	3.220713E+2
-5.000000E-1	8.056145E-4	-8.056145E-4	-1.531046E-9	3.224395E+2
-5.000000E-1	8.970556E-4	-8.970556E-4	-1.704827E-9	3.228066E+2
-4.500000E-1	7.167176E-4	-7.167176E-4	-1.362100E-9	3.231748E+2
-4.000000E-1	5.385748E-4	-5.385748E-4	-1.023545E-9	3.235420E+2
-3.500000E-1	4.362061E-4	-4.362061E-4	-8.289964E-10	3.242832E+2
-3.000000E-1	2.982245E-4	-2.982245E-4	-5.667666E-10	3.246523E+2
-2.500000E-1	1.853927E-4	-1.853927E-4	-3.523331E-10	3.250205E+2
-2.000000E-1	1.100028E-4	-1.100028E-4	-2.090569E-10	3.253887E+2
-1.500000E-1	7.420897E-5	-7.420897E-5	-1.410319E-10	3.257568E+2
-1.000000E-1	3.731465E-5	-3.731465E-5	-7.091536E-11	3.269316E+2
-5.000000E-2	1.781517E-5	-1.781517E-5	-3.385718E-11	3.276348E+2
0.000000E+0	2.908869E-7	-2.908869E-7	-5.528217E-13	3.283379E+2
0.000000E+0	1.886840E-7	-1.886840E-7	-3.585882E-13	3.290420E+2
5.000000E-2	1.449226E-5	1.449226E-5	2.754211E-11	3.297451E+2
1.000000E-1	3.196361E-5	3.196361E-5	6.074587E-11	3.304482E+2
1.500000E-1	4.728278E-5	4.728278E-5	8.985949E-11	3.311514E+2
2.000000E-1	8.352004E-5	8.352004E-5	1.587273E-10	3.322666E+2
2.500000E-1	1.422126E-4	1.422126E-4	2.702707E-10	3.326348E+2
3.000000E-1	2.003995E-4	2.003995E-4	3.808532E-10	3.330029E+2
3.500000E-1	2.890050E-4	2.890050E-4	5.492452E-10	3.333711E+2
4.000000E-1	3.962724E-4	3.962724E-4	7.531036E-10	3.337393E+2
4.500000E-1	5.445717E-4	5.445717E-4	1.034942E-9	3.348545E+2
5.000000E-1	6.758103E-4	6.758103E-4	1.284357E-9	3.352217E+2
5.000000E-1	6.156483E-4	6.156483E-4	1.170021E-9	3.355898E+2
4.500000E-1	5.659007E-4	5.659007E-4	1.075477E-9	3.359580E+2
4.000000E-1	3.417229E-4	3.417229E-4	6.494340E-10	3.366982E+2
3.500000E-1	3.051223E-4	3.051223E-4	5.798757E-10	3.370674E+2
3.000000E-1	2.080313E-4	2.080313E-4	3.953572E-10	3.374355E+2
2.500000E-1	1.440440E-4	1.440440E-4	2.737512E-10	3.378037E+2
2.000000E-1	9.606110E-5	9.606110E-5	1.825612E-10	3.381719E+2
1.500000E-1	5.646241E-5	5.646241E-5	1.073051E-10	3.385410E+2
1.000000E-1	3.080494E-5	3.080494E-5	5.854385E-11	3.397158E+2
5.000000E-2	1.294098E-5	1.294098E-5	2.459394E-11	3.404189E+2
0.000000E+0	6.052141E-8	6.052141E-8	1.150191E-13	3.411221E+2
-5.000000E-2	1.692136E-5	-1.692136E-5	-3.215854E-11	3.418252E+2
-1.000000E-1	4.019486E-5	-4.019486E-5	-7.638910E-11	3.425283E+2
-1.500000E-1	4.793832E-5	-4.793832E-5	-9.110532E-11	3.432314E+2
-2.000000E-1	1.110420E-4	-1.110420E-4	-2.110320E-10	3.443467E+2
-2.500000E-1	1.759380E-4	-1.759380E-4	-3.343648E-10	3.447148E+2
-3.000000E-1	1.985277E-4	-1.985277E-4	-3.772959E-10	3.450830E+2
-3.500000E-1	2.653715E-4	-2.653715E-4	-5.043305E-10	3.454521E+2
-4.000000E-1	4.916915E-4	-4.916915E-4	-9.344447E-10	3.458203E+2
-4.500000E-1	5.368200E-4	-5.368200E-4	-1.020210E-9	3.461885E+2
-5.000000E-1	7.441471E-4	-7.441471E-4	-1.414229E-9	3.473037E+2
-5.000000E-1	5.407968E-4	-5.407968E-4	-1.027768E-9	3.476709E+2
-4.500000E-1	4.854736E-4	-4.854736E-4	-9.226278E-10	3.484121E+2
-4.000000E-1	3.660501E-4	-3.660501E-4	-6.956671E-10	3.487803E+2
-3.500000E-1	3.068347E-4	-3.068347E-4	-5.831300E-10	3.491494E+2
-3.000000E-1	1.912644E-4	-1.912644E-4	-3.634922E-10	3.495176E+2
-2.500000E-1	1.456816E-4	-1.456816E-4	-2.768635E-10	3.498857E+2
-2.000000E-1	8.774631E-5	-8.774631E-5	-1.667592E-10	3.502539E+2
-1.500000E-1	4.851691E-5	-4.851691E-5	-9.220491E-11	3.514287E+2
-1.000000E-1	2.937560E-5	-2.937560E-5	-5.582743E-11	3.521318E+2
-5.000000E-2	1.230526E-5	-1.230526E-5	-2.338577E-11	3.528350E+2
0.000000E+0	2.869437E-7	-2.869437E-7	-5.453277E-13	3.535381E+2
0.000000E+0	1.834336E-7	-1.834336E-7	-3.486100E-13	3.542422E+2
5.000000E-2	1.251931E-5	1.251931E-5	2.379256E-11	3.549453E+2
1.000000E-1	2.634474E-5	2.634474E-5	5.006737E-11	3.556484E+2
1.500000E-1	7.394441E-5	7.394441E-5	1.405291E-10	3.567637E+2
2.000000E-1	1.123097E-4	1.123097E-4	2.134412E-10	3.571318E+2
2.500000E-1	1.698726E-4	1.698726E-4	3.228378E-10	3.575000E+2
3.000000E-1	2.310426E-4	2.310426E-4	4.390895E-10	3.578682E+2
3.500000E-1	3.601841E-4	3.601841E-4	6.845189E-10	3.582373E+2
4.000000E-1	4.566993E-4	4.566993E-4	8.679431E-10	3.586055E+2
4.500000E-1	5.465628E-4	5.465628E-4	1.038726E-9	3.589736E+2
5.000000E-1	7.480630E-4	7.480630E-4	1.421671E-9	3.600889E+2
5.000000E-1	8.771916E-4	8.771916E-4	1.667076E-9	3.604561E+2
4.500000E-1	6.677628E-4	6.677628E-4	1.269063E-9	3.608242E+2
4.000000E-1	5.282721E-4	5.282721E-4	1.003965E-9	3.611914E+2
3.500000E-1	4.022852E-4	4.022852E-4	7.645308E-10	3.619326E+2
3.000000E-1	3.079675E-4	3.079675E-4	5.852828E-10	3.623008E+2
2.500000E-1	2.018276E-4	2.018276E-4	3.835673E-10	3.626699E+2
2.000000E-1	1.437795E-4	1.437795E-4	2.732486E-10	3.630381E+2
1.500000E-1	7.964805E-5	7.964805E-5	1.513687E-10	3.634063E+2
1.000000E-1	4.049712E-5	4.049712E-5	7.696355E-11	3.645811E+2
5.000000E-2	2.202701E-5	2.202701E-5	4.186167E-11	3.652842E+2
0.000000E+0	2.417059E-7	2.417059E-7	4.593548E-13	3.659873E+2
-5.000000E-2	1.861124E-5	-1.861124E-5	-3.537010E-11	3.666904E+2
-1.000000E-1	4.160609E-5	-4.160609E-5	-7.907111E-11	3.673936E+2
-1.500000E-1	8.518531E-5	-8.518531E-5	-1.618921E-10	3.685088E+2
-2.000000E-1	1.513450E-4	-1.513450E-4	-2.876265E-10	3.688779E+2
-2.500000E-1	2.312402E-4	-2.312402E-4	-4.394650E-10	3.692461E+2
-3.000000E-1	3.216187E-4	-3.216187E-4	-6.112266E-10	3.696143E+2
-3.500000E-1	4.096278E-4	-4.096278E-4	-7.784851E-10	3.699824E+2
-4.000000E-1	5.359328E-4	-5.359328E-4	-1.018524E-9	3.703506E+2
-4.500000E-1	6.744791E-4	-6.744791E-4	-1.281827E-9	3.714658E+2
-5.000000E-1	8.452758E-4	-8.452758E-4	-1.606421E-9	3.718340E+2
-5.000000E-1	8.887493E-4	-8.887493E-4	-1.689041E-9	3.722012E+2
-4.500000E-1	8.076951E-4	-8.076951E-4	-1.535000E-9	3.725693E+2
-4.000000E-1	6.214806E-4	-6.214806E-4	-1.181105E-9	3.729365E+2
-3.500000E-1	5.420313E-4	-5.420313E-4	-1.030114E-9	3.736777E+2
-3.000000E-1	3.733061E-4	-3.733061E-4	-7.094569E-10	3.740469E+2
-2.500000E-1	2.787329E-4	-2.787329E-4	-5.297234E-10	3.744150E+2
-2.000000E-1	1.851065E-4	-1.851065E-4	-3.517893E-10	3.747832E+2
-1.500000E-1	1.079294E-4	-1.079294E-4	-2.051165E-10	3.751514E+2
-1.000000E-1	6.411063E-5	-6.411063E-5	-1.218403E-10	3.755205E+2
-5.000000E-2	2.532048E-5	-2.532048E-5	-4.812080E-11	3.766953E+2
0.000000E+0	3.545410E-7	-3.545410E-7	-6.737944E-13	3.773984E+2
0.000000E+0	1.300685E-7	-1.300685E-7	-2.471912E-13	3.781016E+2
5.000000E-2	3.091352E-5	3.091352E-5	5.875021E-11	3.788047E+2
1.000000E-1	6.631372E-5	6.631372E-5	1.260272E-10	3.799199E+2
1.500000E-1	1.461376E-4	1.461376E-4	2.777301E-10	3.802881E+2
2.000000E-1	2.031543E-4	2.031543E-4	3.860886E-10	3.806563E+2
2.500000E-1	3.228964E-4	3.228964E-4	6.136548E-10	3.810254E+2
3.000000E-1	3.919058E-4	3.919058E-4	7.448051E-10	3.813936E+2
3.500000E-1	5.520104E-4	5.520104E-4	1.049079E-9	3.817617E+2
4.000000E-1	8.117915E-4	8.117915E-4	1.542785E-9	3.828770E+2
4.500000E-1	9.448443E-4	9.448443E-4	1.795648E-9	3.832441E+2
5.000000E-1	1.212945E-3	1.212945E-3	2.305165E-9	3.836123E+2
5.000000E-1	1.011752E-3	1.011752E-3	1.922804E-9	3.839795E+2
4.500000E-1	8.485419E-4	8.485419E-4	1.612628E-9	3.843477E+2
4.000000E-1	7.013971E-4	7.013971E-4	1.332984E-9	3.847158E+2
3.500000E-1	5.719660E-4	5.719660E-4	1.087004E-9	3.862031E+2
3.000000E-1	4.237553E-4	4.237553E-4	8.053341E-10	3.869443E+2
2.500000E-1	2.824779E-4	2.824779E-4	5.368406E-10	3.873125E+2
2.000000E-1	2.097644E-4	2.097644E-4	3.986508E-10	3.876807E+2
1.500000E-1	1.101113E-4	1.101113E-4	2.092632E-10	3.880488E+2
1.000000E-1	6.268798E-5	6.268798E-5	1.191366E-10	3.884170E+2
5.000000E-2	2.682987E-5	2.682987E-5	5.098936E-11	3.895918E+2
0.000000E+0	3.126769E-7	3.126769E-7	5.942330E-13	3.902949E+2
-5.000000E-2	2.337100E-5	-2.337100E-5	-4.441587E-11	3.909990E+2
-1.000000E-1	6.344364E-5	-6.344364E-5	-1.205727E-10	3.921143E+2
-1.500000E-1	1.326193E-4	-1.326193E-4	-2.520389E-10	3.924824E+2
-2.000000E-1	1.576375E-4	-1.576375E-4	-2.995852E-10	3.928506E+2
-2.500000E-1	2.654230E-4	-2.654230E-4	-5.044284E-10	3.932188E+2
-3.000000E-1	4.037989E-4	-4.037989E-4	-7.674075E-10	3.935879E+2
-3.500000E-1	4.571970E-4	-4.571970E-4	-8.688890E-10	3.939561E+2
-4.000000E-1	6.003180E-4	-6.003180E-4	-1.140886E-9	3.950703E+2
-4.500000E-1	7.630693E-4	-7.630693E-4	-1.450190E-9	3.954385E+2
-5.000000E-1	1.001709E-3	-1.001709E-3	-1.903717E-9	3.958066E+2
-5.000000E-1	1.018081E-3	-1.018081E-3	-1.934832E-9	3.961738E+2
-4.500000E-1	8.012777E-4	-8.012777E-4	-1.522804E-9	3.965420E+2
-4.000000E-1	6.055924E-4	-6.055924E-4	-1.150910E-9	3.969092E+2
-3.500000E-1	4.900676E-4	-4.900676E-4	-9.313585E-10	3.976504E+2
-3.000000E-1	3.543830E-4	-3.543830E-4	-6.734941E-10	3.980186E+2
-2.500000E-1	2.327696E-4	-2.327696E-4	-4.423716E-10	3.983877E+2
-2.000000E-1	1.536193E-4	-1.536193E-4	-2.919488E-10	3.987559E+2
-1.500000E-1	9.327284E-5	-9.327284E-5	-1.772622E-10	3.991240E+2
-1.000000E-1	4.121756E-5	-4.121756E-5	-7.833272E-11	4.002988E+2
-5.000000E-2	1.651143E-5	-1.651143E-5	-3.137948E-11	4.010020E+2
0.000000E+0	2.912520E-7	-2.912520E-7	-5.535156E-13	4.017051E+2
0.000000E+0	1.574301E-7	-1.574301E-7	-2.991912E-13	4.024092E+2
5.000000E-2	1.712924E-5	1.712924E-5	3.255360E-11	4.031123E+2
1.000000E-1	4.248892E-5	4.248892E-5	8.074891E-11	4.038154E+2
1.500000E-1	7.698982E-5	7.698982E-5	1.463168E-10	4.049297E+2
2.000000E-1	1.439808E-4	1.439808E-4	2.736311E-10	4.052988E+2
2.500000E-1	2.131483E-4	2.131483E-4	4.050819E-10	4.056670E+2
3.000000E-1	2.833982E-4	2.833982E-4	5.385896E-10	4.060352E+2
3.500000E-1	3.846441E-4	3.846441E-4	7.310044E-10	4.064033E+2
4.000000E-1	5.451500E-4	5.451500E-4	1.036041E-9	4.067725E+2
4.500000E-1	1.242109E-3	1.242109E-3	2.360590E-9	4.078867E+2
5.000000E-1	1.060081E-3	1.060081E-3	2.014651E-9	4.082549E+2
5.000000E-1	1.033399E-3	1.033399E-3	1.963944E-9	4.086221E+2
4.500000E-1	8.611471E-4	8.611471E-4	1.636584E-9	4.089902E+2
4.000000E-1	6.943752E-4	6.943752E-4	1.319639E-9	4.093584E+2
3.500000E-1	5.723027E-4	5.723027E-4	1.087644E-9	4.097256E+2
3.000000E-1	3.721424E-4	3.721424E-4	7.072453E-10	4.104668E+2
2.500000E-1	2.116497E-4	2.116497E-4	4.022339E-10	4.108350E+2
2.000000E-1	1.382679E-4	1.382679E-4	2.627740E-10	4.112031E+2
1.500000E-1	9.473605E-5	9.473605E-5	1.800430E-10	4.115723E+2
1.000000E-1	3.879121E-5	3.879121E-5	7.372151E-11	4.127471E+2
5.000000E-2	1.618773E-5	1.618773E-5	3.076429E-11	4.134502E+2
0.000000E+0	1.329017E-7	1.329017E-7	2.525757E-13	4.141533E+2
-5.000000E-2	2.292833E-5	-2.292833E-5	-4.357459E-11	4.148564E+2
-1.000000E-1	5.412678E-5	-5.412678E-5	-1.028663E-10	4.159717E+2
-1.500000E-1	9.890461E-5	-9.890461E-5	-1.879652E-10	4.163398E+2
-2.000000E-1	1.553627E-4	-1.553627E-4	-2.952620E-10	4.167080E+2
-2.500000E-1	2.210811E-4	-2.210811E-4	-4.201579E-10	4.170771E+2
-3.000000E-1	2.916485E-4	-2.916485E-4	-5.542691E-10	4.174453E+2
-3.500000E-1	3.989910E-4	-3.989910E-4	-7.582703E-10	4.178135E+2
-4.000000E-1	5.324989E-4	-5.324989E-4	-1.011998E-9	4.181816E+2
-4.500000E-1	5.353488E-4	-5.353488E-4	-1.017414E-9	4.185498E+2
-5.000000E-1	7.536164E-4	-7.536164E-4	-1.432225E-9	4.196650E+2
-5.000000E-1	7.363311E-4	-7.363311E-4	-1.399375E-9	4.200332E+2
-4.500000E-1	6.569376E-4	-6.569376E-4	-1.248490E-9	4.204004E+2
-4.000000E-1	4.180526E-4	-4.180526E-4	-7.944962E-10	4.211416E+2
-3.500000E-1	4.456084E-4	-4.456084E-4	-8.468652E-10	4.215098E+2
-3.000000E-1	2.764164E-4	-2.764164E-4	-5.253209E-10	4.218789E+2
-2.500000E-1	2.225002E-4	-2.225002E-4	-4.228548E-10	4.222471E+2
-2.000000E-1	1.591402E-4	-1.591402E-4	-3.024412E-10	4.226152E+2
-1.500000E-1	9.725791E-5	-9.725791E-5	-1.848357E-10	4.229834E+2
-1.000000E-1	5.451858E-5	-5.451858E-5	-1.036109E-10	4.233516E+2
-5.000000E-2	2.129439E-5	-2.129439E-5	-4.046934E-11	4.245264E+2
0.000000E+0	2.648542E-7	-2.648542E-7	-5.033474E-13	4.252295E+2
0.000000E+0	1.162890E-7	-1.162890E-7	-2.210038E-13	4.259336E+2
5.000000E-2	1.900976E-5	1.900976E-5	3.612748E-11	4.266367E+2
1.000000E-1	5.121819E-5	5.121819E-5	9.733861E-11	4.273398E+2
1.500000E-1	7.374693E-5	7.374693E-5	1.401538E-10	4.284551E+2
2.000000E-1	1.130092E-4	1.130092E-4	2.147706E-10	4.288232E+2
2.500000E-1	1.899550E-4	1.899550E-4	3.610037E-10	4.291914E+2
3.000000E-1	4.056115E-4	4.056115E-4	7.708523E-10	4.295596E+2
3.500000E-1	4.629726E-4	4.629726E-4	8.798653E-10	4.299287E+2
4.000000E-1	5.922715E-4	5.922715E-4	1.125594E-9	4.310430E+2
4.500000E-1	6.568987E-4	6.568987E-4	1.248416E-9	4.314111E+2
5.000000E-1	8.945615E-4	8.945615E-4	1.700087E-9	4.317783E+2
5.000000E-1	9.202731E-4	9.202731E-4	1.748951E-9	4.321465E+2
4.500000E-1	6.409090E-4	6.409090E-4	1.218028E-9	4.325146E+2
4.000000E-1	5.418276E-4	5.418276E-4	1.029727E-9	4.328818E+2
3.500000E-1	3.571625E-4	3.571625E-4	6.787764E-10	4.336230E+2
3.000000E-1	3.293158E-4	3.293158E-4	6.258547E-10	4.339912E+2
2.500000E-1	2.238853E-4	2.238853E-4	4.254872E-10	4.343594E+2
2.000000E-1	1.371897E-4	1.371897E-4	2.607249E-10	4.347285E+2
1.500000E-1	8.906693E-5	8.906693E-5	1.692690E-10	4.350967E+2
1.000000E-1	4.713534E-5	4.713534E-5	8.957929E-11	4.362715E+2
5.000000E-2	2.136890E-5	2.136890E-5	4.061095E-11	4.369746E+2
0.000000E+0	2.169804E-7	2.169804E-7	4.123646E-13	4.376777E+2
-5.000000E-2	2.011090E-5	-2.011090E-5	-3.822016E-11	4.383809E+2
-1.000000E-1	4.107327E-5	-4.107327E-5	-7.805850E-11	4.390840E+2
-1.500000E-1	5.712425E-5	-5.712425E-5	-1.085629E-10	4.401992E+2
-2.000000E-1	8.764539E-5	-8.764539E-5	-1.665674E-10	4.405674E+2
-2.500000E-1	1.488508E-4	-1.488508E-4	-2.828864E-10	4.409365E+2
-3.000000E-1	2.177151E-4	-2.177151E-4	-4.137610E-10	4.413047E+2
-3.500000E-1	3.184393E-4	-3.184393E-4	-6.051843E-10	4.416729E+2
-4.000000E-1	4.158766E-4	-4.158766E-4	-7.903609E-10	4.420410E+2
-4.500000E-1	4.816540E-4	-4.816540E-4	-9.153689E-10	4.424102E+2
-5.000000E-1	6.008804E-4	-6.008804E-4	-1.141955E-9	4.435244E+2
-5.000000E-1	5.808033E-4	-5.808033E-4	-1.103799E-9	4.438926E+2
-4.500000E-1	4.894962E-4	-4.894962E-4	-9.302727E-10	4.446338E+2
-4.000000E-1	3.819741E-4	-3.819741E-4	-7.259302E-10	4.450020E+2
-3.500000E-1	2.962932E-4	-2.962932E-4	-5.630962E-10	4.453701E+2
-3.000000E-1	2.079694E-4	-2.079694E-4	-3.952395E-10	4.457383E+2
-2.500000E-1	1.404757E-4	-1.404757E-4	-2.669698E-10	4.461074E+2
-2.000000E-1	9.450864E-5	-9.450864E-5	-1.796108E-10	4.464756E+2
-1.500000E-1	6.542693E-5	-6.542693E-5	-1.243419E-10	4.468438E+2
-1.000000E-1	3.780920E-5	-3.780920E-5	-7.185524E-11	4.480186E+2
-5.000000E-2	1.648460E-5	-1.648460E-5	-3.132848E-11	4.487217E+2
0.000000E+0	3.057324E-7	-3.057324E-7	-5.810352E-13	4.494248E+2
0.000000E+0	1.615413E-7	-1.615413E-7	-3.070044E-13	4.501289E+2
5.000000E-2	1.298944E-5	1.298944E-5	2.468604E-11	4.508320E+2
1.000000E-1	3.440605E-5	3.440605E-5	6.538766E-11	4.515352E+2
1.500000E-1	6.769579E-5	6.769579E-5	1.286538E-10	4.526494E+2
2.000000E-1	9.832475E-5	9.832475E-5	1.868632E-10	4.530186E+2
2.500000E-1	1.479696E-4	1.479696E-4	2.812117E-10	4.533867E+2
3.000000E-1	2.151854E-4	2.151854E-4	4.089534E-10	4.537549E+2
3.500000E-1	2.981777E-4	2.981777E-4	5.666776E-10	4.541230E+2
4.000000E-1	4.646402E-4	4.646402E-4	8.830346E-10	4.544922E+2
4.500000E-1	5.373382E-4	5.373382E-4	1.021195E-9	4.548604E+2
5.000000E-1	6.316160E-4	6.316160E-4	1.200367E-9	4.559746E+2
5.000000E-1	6.063154E-4	6.063154E-4	1.152284E-9	4.563428E+2
4.500000E-1	4.769460E-4	4.769460E-4	9.064214E-10	4.570840E+2
4.000000E-1	3.125670E-4	3.125670E-4	5.940240E-10	4.574521E+2
3.500000E-1	2.316142E-4	2.316142E-4	4.401757E-10	4.578203E+2
3.000000E-1	1.776477E-4	1.776477E-4	3.376140E-10	4.581885E+2
2.500000E-1	1.559916E-4	1.559916E-4	2.964574E-10	4.585576E+2
2.000000E-1	1.302952E-4	1.302952E-4	2.476220E-10	4.589258E+2
1.500000E-1	7.608404E-5	7.608404E-5	1.445954E-10	4.592939E+2
1.000000E-1	3.563625E-5	3.563625E-5	6.772562E-11	4.604687E+2
5.000000E-2	1.523969E-5	1.523969E-5	2.896257E-11	4.611719E+2
0.000000E+0	1.687268E-7	1.687268E-7	3.206602E-13	4.618750E+2
-5.000000E-2	1.393905E-5	-1.393905E-5	-2.649075E-11	4.625781E+2
-1.000000E-1	3.264689E-5	-3.264689E-5	-6.204443E-11	4.632813E+2
-1.500000E-1	5.888318E-5	-5.888318E-5	-1.119057E-10	4.647646E+2
-2.000000E-1	9.763881E-5	-9.763881E-5	-1.855596E-10	4.651328E+2
-2.500000E-1	1.447219E-4	-1.447219E-4	-2.750395E-10	4.655010E+2
-3.000000E-1	1.993647E-4	-1.993647E-4	-3.788865E-10	4.658691E+2
-3.500000E-1	3.065260E-4	-3.065260E-4	-5.825433E-10	4.662383E+2
-4.000000E-1	4.158200E-4	-4.158200E-4	-7.902532E-10	4.666064E+2
-4.500000E-1	5.839057E-4	-5.839057E-4	-1.109695E-9	4.677207E+2
-5.000000E-1	7.065264E-4	-7.065264E-4	-1.342732E-9	4.680889E+2
-5.000000E-1	6.897811E-4	-6.897811E-4	-1.310908E-9	4.684570E+2
-4.500000E-1	5.006598E-4	-5.006598E-4	-9.514887E-10	4.691973E+2
-4.000000E-1	3.026385E-4	-3.026385E-4	-5.751553E-10	4.695664E+2
-3.500000E-1	2.504857E-4	-2.504857E-4	-4.760404E-10	4.699346E+2
-3.000000E-1	1.526584E-4	-1.526584E-4	-2.901227E-10	4.703027E+2
-2.500000E-1	1.204653E-4	-1.204653E-4	-2.289406E-10	4.706709E+2
-2.000000E-1	1.061704E-4	-1.061704E-4	-2.017737E-10	4.710400E+2
-1.500000E-1	6.355798E-5	-6.355798E-5	-1.207900E-10	4.714082E+2
-1.000000E-1	3.256887E-5	-3.256887E-5	-6.189615E-11	4.725830E+2
-5.000000E-2	1.448791E-5	-1.448791E-5	-2.753384E-11	4.732861E+2
0.000000E+0	2.513742E-7	-2.513742E-7	-4.777290E-13	4.739893E+2
