Date: September 07, 2011
Month: September
File Name: 10 2-6
Season: Fall
Time: 4:44 PM
Electrode: Au
Carbon Number: 16
Time of Day: Afternoon
Junction Diameter: 0.500000
Date: September 07, 2011
Month: September
File Name: 10 2-6
Season: Fall
Time: 4:44 PM
Electrode: Au
Carbon Number: 16
Time of Day: Afternoon
Junction Diameter: 0.500000
Log Abs Std Density: 2.2045205335007063
Mean Log Abs Current Density: -8.093976127172583
Skewness Log Abs Current Density: -2.4998043626641366
Kurtosis Log Abs Current Density: 6.054742743660691
Voltage: [0.0, 0.05, 0.1, 0.15, 0.2, 0.25, 0.3, 0.35, 0.4, 0.45, 0.5, 0.5, 0.45, 0.4, 0.35, 0.3, 0.25, 0.2, 0.15, 0.1, 0.05, 0.0, -0.05, -0.1, -0.15, -0.2, -0.25, -0.3, -0.35, -0.4, -0.45, -0.5, -0.5, -0.45, -0.4, -0.35, -0.3, -0.25, -0.2, -0.15, -0.1, -0.05, 0.0, 0.0, 0.05, 0.1, 0.15, 0.2, 0.25, 0.3, 0.35, 0.4, 0.45, 0.5, 0.5, 0.45, 0.4, 0.35, 0.3, 0.25, 0.2, 0.15, 0.1, 0.05, 0.0, -0.05, -0.1, -0.15, -0.2, -0.25, -0.3, -0.35, -0.4, -0.45, -0.5, -0.5, -0.45, -0.4, -0.35, -0.3, -0.25, -0.2, -0.15, -0.1, -0.05, 0.0, 0.0, 0.05, 0.1, 0.15, 0.2, 0.25, 0.3, 0.35, 0.4, 0.45, 0.5, 0.5, 0.45, 0.4, 0.35, 0.3, 0.25, 0.2, 0.15, 0.1, 0.05, 0.0, -0.05, -0.1, -0.15, -0.2, -0.25, -0.3, -0.35, -0.4, -0.45, -0.5, -0.5, -0.45, -0.4, -0.35, -0.3, -0.25, -0.2, -0.15, -0.1, -0.05, 0.0, 0.0, 0.05, 0.1, 0.15, 0.2, 0.25, 0.3, 0.35, 0.4, 0.45, 0.5, 0.5, 0.45, 0.4, 0.35, 0.3, 0.25, 0.2, 0.15, 0.1, 0.05, 0.0, -0.05, -0.1, -0.15, -0.2, -0.25, -0.3, -0.35, -0.4, -0.45, -0.5, -0.5, -0.45, -0.4, -0.35, -0.3, -0.25, -0.2, -0.15, -0.1, -0.05, 0.0, 0.0, 0.05, 0.1, 0.15, 0.2, 0.25, 0.3, 0.35, 0.4, 0.45, 0.5, 0.5, 0.45, 0.4, 0.35, 0.3, 0.25, 0.2, 0.15, 0.1, 0.05, 0.0, -0.05, -0.1, -0.15, -0.2, -0.25, -0.3, -0.35, -0.4, -0.45, -0.5, -0.5, -0.45, -0.4, -0.35, -0.3, -0.25, -0.2, -0.15, -0.1, -0.05, 0.0]
Abs Current Density: [1.613864e-07, 1.117633e-05, 0.0001431122, 0.0002589352, 0.0003844555, 0.000507912, 0.0006694168, 0.0008774287, 0.001052667, 0.001263728, 0.001566311, 0.001692993, 0.00143982, 0.001243263, 0.0009167424, 0.0006640013, 0.0004951861, 0.0003402739, 0.0002390021, 0.0001382677, 6.412333e-05, 1.186586e-08, 1.11627e-05, 0.0001246882, 0.0002084398, 0.0003244416, 0.0004373484, 0.0005717634, 0.0007086621, 0.0008588024, 0.0009329635, 0.001114279, 0.001108079, 0.0009475219, 0.0008008261, 0.0006841025, 0.0005770368, 0.0004417383, 0.000336126, 0.0002296218, 0.000135512, 6.471172e-05, 3.071066e-07, 2.213208e-07, 7.217984e-05, 0.0001694483, 0.0002790966, 0.0004194474, 0.0005779585, 0.0007532883, 0.0009689403, 0.00119923, 0.001496842, 0.001793656, 0.001761447, 0.001392495, 0.001154413, 0.0009347711, 0.0008170643, 0.0006451753, 0.0004356875, 0.0003061004, 0.0001707152, 7.907706e-05, 5.3133e-07, 7.227947e-05, 0.0001105742, 0.0002728943, 0.0003947795, 0.0005204851, 0.0006512795, 0.0007554761, 0.0009533534, 0.001382507, 0.001709009, 0.001660062, 0.001408708, 0.001160832, 0.0009139297, 0.0007362945, 0.0005518676, 0.0004413916, 0.0003004826, 0.0001943472, 8.807456e-05, 3.187708e-07, 2.872873e-07, 8.257095e-05, 0.0001794453, 0.0002992596, 0.0004593049, 0.0006179578, 0.0007922193, 0.001064412, 0.001251763, 0.00141709, 0.001676594, 0.001768011, 0.001557967, 0.00120673, 0.0009843153, 0.0008685679, 0.0006548762, 0.0004989906, 0.000322552, 0.000198254, 8.745501e-05, 2.343295e-07, 8.938771e-05, 0.0002033909, 0.0003393957, 0.0004773408, 0.0006489977, 0.0008346894, 0.0009519729, 0.001160194, 0.001398375, 0.001631237, 0.001631798, 0.001416739, 0.001203761, 0.0009955221, 0.0008090326, 0.0006376666, 0.0004819653, 0.0003265332, 0.0002077962, 9.46052e-05, 6.77322e-07, 5.375176e-07, 0.0001006784, 0.0002199711, 0.000368092, 0.0005422814, 0.0007463825, 0.000964427, 0.001367265, 0.001631609, 0.001690277, 0.002068194, 0.002019715, 0.00173953, 0.001467753, 0.001238495, 0.0009180124, 0.0006762817, 0.0005145189, 0.0003499122, 0.0002122366, 9.666243e-05, 7.364661e-08, 9.747733e-05, 0.0002086158, 0.0003331954, 0.0004743371, 0.0006256615, 0.0007834909, 0.000984031, 0.001082207, 0.001292607, 0.001523952, 0.001492062, 0.001331155, 0.0011405, 0.0009143253, 0.000727443, 0.0005432692, 0.0003898281, 0.0002730798, 0.0001782186, 7.500467e-05, 2.626534e-07, 2.06031e-07, 7.175665e-05, 0.0001713355, 0.0003011711, 0.0004383862, 0.0006496056, 0.0008259229, 0.0010906, 0.001278031, 0.001609379, 0.001798332, 0.001774741, 0.001456173, 0.001239378, 0.0009445484, 0.0007927377, 0.0006513627, 0.0004354748, 0.0002839437, 0.0001711674, 7.73736e-05, 3.035049e-07, 7.971032e-05, 0.0001693392, 0.0002821168, 0.0004043355, 0.0005483777, 0.0007053451, 0.000866971, 0.001174063, 0.001385279, 0.001547892, 0.001578007, 0.00134214, 0.001094954, 0.0009429965, 0.0007298806, 0.0005984205, 0.0004471279, 0.0002926503, 0.0001895225, 8.692239e-05, 5.052961e-07]
