Date: September 07, 2011
Month: September
File Name: 9 7-20
Season: Fall
Time: 4:35 PM
Electrode: Au
Carbon Number: 16
Time of Day: Afternoon
Junction Diameter: 0.500000
Date: September 07, 2011
Month: September
File Name: 9 7-20
Season: Fall
Time: 4:35 PM
Electrode: Au
Carbon Number: 16
Time of Day: Afternoon
Junction Diameter: 0.500000
Log Abs Std Density: 1.6546405122142238
Mean Log Abs Current Density: -14.164106862628355
Skewness Log Abs Current Density: -0.7809306161224523
Kurtosis Log Abs Current Density: -0.21038879931857624
Voltage: [0.0, 0.05, 0.1, 0.15, 0.2, 0.25, 0.3, 0.35, 0.4, 0.45, 0.5, 0.5, 0.45, 0.4, 0.35, 0.3, 0.25, 0.2, 0.15, 0.1, 0.05, 0.0, -0.05, -0.1, -0.15, -0.2, -0.25, -0.3, -0.35, -0.4, -0.45, -0.5, -0.5, -0.45, -0.4, -0.35, -0.3, -0.25, -0.2, -0.15, -0.1, -0.05, 0.0, 0.0, 0.05, 0.1, 0.15, 0.2, 0.25, 0.3, 0.35, 0.4, 0.45, 0.5, 0.5, 0.45, 0.4, 0.35, 0.3, 0.25, 0.2, 0.15, 0.1, 0.05, 0.0, -0.05, -0.1, -0.15, -0.2, -0.25, -0.3, -0.35, -0.4, -0.45, -0.5, -0.5, -0.45, -0.4, -0.35, -0.3, -0.25, -0.2, -0.15, -0.1, -0.05, 0.0, 0.0, 0.05, 0.1, 0.15, 0.2, 0.25, 0.3, 0.35, 0.4, 0.45, 0.5, 0.5, 0.45, 0.4, 0.35, 0.3, 0.25, 0.2, 0.15, 0.1, 0.05, 0.0, -0.05, -0.1, -0.15, -0.2, -0.25, -0.3, -0.35, -0.4, -0.45, -0.5, -0.5, -0.45, -0.4, -0.35, -0.3, -0.25, -0.2, -0.15, -0.1, -0.05, 0.0, 0.0, 0.05, 0.1, 0.15, 0.2, 0.25, 0.3, 0.35, 0.4, 0.45, 0.5, 0.5, 0.45, 0.4, 0.35, 0.3, 0.25, 0.2, 0.15, 0.1, 0.05, 0.0, -0.05, -0.1, -0.15, -0.2, -0.25, -0.3, -0.35, -0.4, -0.45, -0.5, -0.5, -0.45, -0.4, -0.35, -0.3, -0.25, -0.2, -0.15, -0.1, -0.05, 0.0, 0.0, 0.05, 0.1, 0.15, 0.2, 0.25, 0.3, 0.35, 0.4, 0.45, 0.5, 0.5, 0.45, 0.4, 0.35, 0.3, 0.25, 0.2, 0.15, 0.1, 0.05, 0.0, -0.05, -0.1, -0.15, -0.2, -0.25, -0.3, -0.35, -0.4, -0.45, -0.5, -0.5, -0.45, -0.4, -0.35, -0.3, -0.25, -0.2, -0.15, -0.1, -0.05, 0.0, 0.0, 0.05, 0.1, 0.15, 0.2, 0.25, 0.3, 0.35, 0.4, 0.45, 0.5, 0.5, 0.45, 0.4, 0.35, 0.3, 0.25, 0.2, 0.15, 0.1, 0.05, 0.0, -0.05, -0.1, -0.15, -0.2, -0.25, -0.3, -0.35, -0.4, -0.45, -0.5, -0.5, -0.45, -0.4, -0.35, -0.3, -0.25, -0.2, -0.15, -0.1, -0.05, 0.0, 0.0, 0.05, 0.1, 0.15, 0.2, 0.25, 0.3, 0.35, 0.4, 0.45, 0.5, 0.5, 0.45, 0.4, 0.35, 0.3, 0.25, 0.2, 0.15, 0.1, 0.05, 0.0, -0.05, -0.1, -0.15, -0.2, -0.25, -0.3, -0.35, -0.4, -0.45, -0.5, -0.5, -0.45, -0.4, -0.35, -0.3, -0.25, -0.2, -0.15, -0.1, -0.05, 0.0, 0.0, 0.05, 0.1, 0.15, 0.2, 0.25, 0.3, 0.35, 0.4, 0.45, 0.5, 0.5, 0.45, 0.4, 0.35, 0.3, 0.25, 0.2, 0.15, 0.1, 0.05, 0.0, -0.05, -0.1, -0.15, -0.2, -0.25, -0.3, -0.35, -0.4, -0.45, -0.5, -0.5, -0.45, -0.4, -0.35, -0.3, -0.25, -0.2, -0.15, -0.1, -0.05, 0.0, 0.0, 0.05, 0.1, 0.15, 0.2, 0.25, 0.3, 0.35, 0.4, 0.45, 0.5, 0.5, 0.45, 0.4, 0.35, 0.3, 0.25, 0.2, 0.15, 0.1, 0.05, 0.0, -0.05, -0.1, -0.15, -0.2, -0.25, -0.3, -0.35, -0.4, -0.45, -0.5, -0.5, -0.45, -0.4, -0.35, -0.3, -0.25, -0.2, -0.15, -0.1, -0.05, 0.0, 0.0, 0.05, 0.1, 0.15, 0.2, 0.25, 0.3, 0.35, 0.4, 0.45, 0.5, 0.5, 0.45, 0.4, 0.35, 0.3, 0.25, 0.2, 0.15, 0.1, 0.05, 0.0, -0.05, -0.1, -0.15, -0.2, -0.25, -0.3, -0.35, -0.4, -0.45, -0.5, -0.5, -0.45, -0.4, -0.35, -0.3, -0.25, -0.2, -0.15, -0.1, -0.05, 0.0, 0.0, 0.05, 0.1, 0.15, 0.2, 0.25, 0.3, 0.35, 0.4, 0.45, 0.5, 0.5, 0.45, 0.4, 0.35, 0.3, 0.25, 0.2, 0.15, 0.1, 0.05, 0.0, -0.05, -0.1, -0.15, -0.2, -0.25, -0.3, -0.35, -0.4, -0.45, -0.5, -0.5, -0.45, -0.4, -0.35, -0.3, -0.25, -0.2, -0.15, -0.1, -0.05, 0.0, 0.0, 0.05, 0.1, 0.15, 0.2, 0.25, 0.3, 0.35, 0.4, 0.45, 0.5, 0.5, 0.45, 0.4, 0.35, 0.3, 0.25, 0.2, 0.15, 0.1, 0.05, 0.0, -0.05, -0.1, -0.15, -0.2, -0.25, -0.3, -0.35, -0.4, -0.45, -0.5, -0.5, -0.45, -0.4, -0.35, -0.3, -0.25, -0.2, -0.15, -0.1, -0.05, 0.0, 0.0, 0.05, 0.1, 0.15, 0.2, 0.25, 0.3, 0.35, 0.4, 0.45, 0.5, 0.5, 0.45, 0.4, 0.35, 0.3, 0.25, 0.2, 0.15, 0.1, 0.05, 0.0, -0.05, -0.1, -0.15, -0.2, -0.25, -0.3, -0.35, -0.4, -0.45, -0.5, -0.5, -0.45, -0.4, -0.35, -0.3, -0.25, -0.2, -0.15, -0.1, -0.05, 0.0, 0.0, 0.05, 0.1, 0.15, 0.2, 0.25, 0.3, 0.35, 0.4, 0.45, 0.5, 0.5, 0.45, 0.4, 0.35, 0.3, 0.25, 0.2, 0.15, 0.1, 0.05, 0.0, -0.05, -0.1, -0.15, -0.2, -0.25, -0.3, -0.35, -0.4, -0.45, -0.5, -0.5, -0.45, -0.4, -0.35, -0.3, -0.25, -0.2, -0.15, -0.1, -0.05, 0.0]
Abs Current Density: [8.657013e-09, 1.390873e-07, 2.224995e-07, 3.858937e-07, 8.356415e-07, 1.168029e-06, 2.011123e-06, 2.589286e-06, 3.293035e-06, 4.584001e-06, 4.855826e-06, 4.296635e-06, 3.144247e-06, 2.252187e-06, 1.63487e-06, 1.252806e-06, 7.70165e-07, 5.160775e-07, 3.861909e-07, 2.201062e-07, 1.144742e-07, 2.513745e-08, 5.136395e-08, 1.284495e-07, 3.73387e-07, 7.365661e-07, 9.638251e-07, 1.602949e-06, 1.834193e-06, 2.8903e-06, 3.559366e-06, 3.949551e-06, 4.07641e-06, 2.751642e-06, 2.295638e-06, 1.5408e-06, 1.04841e-06, 6.51699e-07, 4.467258e-07, 2.832629e-07, 1.020557e-07, 3.350316e-08, 2.295789e-08, 1.881836e-08, 8.764422e-08, 1.765209e-07, 3.089949e-07, 5.766408e-07, 8.48946e-07, 1.315754e-06, 1.86944e-06, 2.529466e-06, 3.208471e-06, 4.071903e-06, 4.670859e-06, 3.493701e-06, 2.694557e-06, 1.846213e-06, 1.355394e-06, 8.273221e-07, 4.795597e-07, 2.915777e-07, 1.599703e-07, 7.977448e-08, 2.301018e-08, 3.421575e-08, 1.107023e-07, 2.109502e-07, 4.005799e-07, 7.046092e-07, 9.286996e-07, 1.52678e-06, 2.223723e-06, 2.692099e-06, 3.160602e-06, 3.404895e-06, 2.554376e-06, 1.88271e-06, 1.492269e-06, 8.878062e-07, 5.391967e-07, 3.347e-07, 1.749673e-07, 9.469233e-08, 2.391247e-08, 2.114732e-08, 1.828355e-08, 7.334186e-08, 1.558158e-07, 2.925054e-07, 5.122905e-07, 8.133514e-07, 1.183358e-06, 2.146646e-06, 2.779861e-06, 3.647267e-06, 4.869858e-06, 4.738469e-06, 3.705868e-06, 2.784466e-06, 1.896038e-06, 1.114883e-06, 7.460867e-07, 5.384498e-07, 2.585571e-07, 1.382165e-07, 6.385426e-08, 1.949508e-08, 2.870184e-08, 9.140432e-08, 2.362535e-07, 4.480657e-07, 8.828615e-07, 1.332569e-06, 1.837574e-06, 3.315273e-06, 4.246604e-06, 5.030367e-06, 4.913542e-06, 4.187766e-06, 3.290109e-06, 2.266499e-06, 1.632633e-06, 1.079318e-06, 4.97304e-07, 3.212507e-07, 1.46742e-07, 4.147449e-08, 1.562445e-08, 1.250075e-08, 7.05498e-08, 1.620512e-07, 3.40928e-07, 6.508535e-07, 8.662945e-07, 1.531272e-06, 2.403029e-06, 2.967879e-06, 3.974304e-06, 5.201161e-06, 5.138974e-06, 5.248297e-06, 3.753363e-06, 2.774155e-06, 2.063178e-06, 1.163704e-06, 7.327164e-07, 5.293461e-07, 3.005156e-07, 1.164223e-07, 2.495072e-08, 7.093373e-08, 2.040142e-07, 5.185692e-07, 7.999484e-07, 1.174005e-06, 1.8596e-06, 2.737972e-06, 4.124099e-06, 5.347027e-06, 6.20135e-06, 5.863596e-06, 4.182837e-06, 3.701918e-06, 2.56641e-06, 1.979029e-06, 1.106696e-06, 4.547614e-07, 2.515613e-07, 1.183733e-07, 5.290414e-08, 1.637289e-08, 1.581119e-08, 8.192268e-08, 1.687871e-07, 3.157218e-07, 5.423264e-07, 9.294405e-07, 1.675418e-06, 2.039317e-06, 3.026388e-06, 4.012829e-06, 4.966745e-06, 4.964391e-06, 3.42829e-06, 3.358991e-06, 2.647209e-06, 1.561012e-06, 9.469249e-07, 5.384692e-07, 3.4006e-07, 1.648343e-07, 9.230811e-08, 2.562596e-08, 3.961909e-08, 1.594878e-07, 2.120497e-07, 3.818468e-07, 8.497766e-07, 1.067691e-06, 1.86007e-06, 2.481397e-06, 3.731127e-06, 3.516847e-06, 3.416383e-06, 2.541339e-06, 2.014143e-06, 1.275705e-06, 1.23133e-06, 9.04191e-07, 6.363838e-07, 3.290875e-07, 1.746834e-07, 5.128328e-08, 1.554378e-08, 1.348522e-08, 8.333887e-08, 1.832403e-07, 3.511446e-07, 5.773921e-07, 8.941432e-07, 1.45852e-06, 2.000906e-06, 2.60114e-06, 3.637473e-06, 4.737786e-06, 4.86155e-06, 3.822369e-06, 2.996194e-06, 1.979271e-06, 1.605666e-06, 1.041965e-06, 7.185919e-07, 3.771305e-07, 1.995431e-07, 9.438162e-08, 2.106365e-08, 5.153873e-08, 1.674665e-07, 2.665882e-07, 3.820349e-07, 5.947988e-07, 8.548364e-07, 1.143359e-06, 1.623525e-06, 1.985523e-06, 2.719288e-06, 2.638395e-06, 2.048892e-06, 1.595106e-06, 1.203769e-06, 8.799006e-07, 6.104934e-07, 3.931001e-07, 2.408502e-07, 1.311668e-07, 4.729015e-08, 1.870931e-08, 1.776966e-08, 1.001808e-07, 2.111609e-07, 3.925907e-07, 6.523235e-07, 9.106491e-07, 1.555066e-06, 2.311584e-06, 3.117772e-06, 3.978735e-06, 5.309796e-06, 4.877427e-06, 3.74779e-06, 2.843007e-06, 2.153991e-06, 1.282594e-06, 9.830528e-07, 6.493148e-07, 3.838755e-07, 1.890754e-07, 9.930842e-08, 2.022111e-08, 6.163286e-08, 1.530641e-07, 2.835944e-07, 5.284348e-07, 7.311479e-07, 1.062906e-06, 1.344919e-06, 1.839509e-06, 2.597487e-06, 3.226098e-06, 3.263354e-06, 2.487783e-06, 1.976586e-06, 1.483157e-06, 1.04086e-06, 6.828702e-07, 4.560699e-07, 2.717256e-07, 1.286437e-07, 4.775923e-08, 1.987751e-08, 1.813715e-08, 9.080976e-08, 1.872933e-07, 3.311491e-07, 5.76572e-07, 9.238579e-07, 1.358532e-06, 1.983619e-06, 2.657971e-06, 3.7928e-06, 4.821529e-06, 4.743012e-06, 3.787027e-06, 2.89051e-06, 2.008866e-06, 1.491151e-06, 9.836832e-07, 4.706323e-07, 2.788739e-07, 1.598567e-07, 8.203324e-08, 2.189873e-08, 3.514493e-08, 1.151315e-07, 3.691726e-07, 5.98408e-07, 9.257342e-07, 1.344382e-06, 2.435684e-06, 2.956395e-06, 3.736023e-06, 4.309911e-06, 4.222135e-06, 3.56834e-06, 2.694218e-06, 2.232235e-06, 1.643035e-06, 6.890071e-07, 3.801735e-07, 2.285899e-07, 1.10883e-07, 4.135647e-08, 1.449359e-08, 1.463252e-08, 7.45997e-08, 1.558292e-07, 2.529805e-07, 5.463538e-07, 9.458582e-07, 1.155868e-06, 1.877727e-06, 2.757225e-06, 3.407807e-06, 4.571778e-06, 5.333715e-06, 4.363645e-06, 3.61688e-06, 2.132813e-06, 1.408032e-06, 8.84318e-07, 5.083526e-07, 3.421589e-07, 1.585376e-07, 8.092776e-08, 1.828953e-08, 5.701977e-08, 1.606112e-07, 2.779745e-07, 5.271217e-07, 7.881632e-07, 1.823553e-06, 2.361096e-06, 3.22971e-06, 4.002583e-06, 5.090022e-06, 4.863625e-06, 3.882018e-06, 3.325064e-06, 2.230944e-06, 1.541239e-06, 1.181844e-06, 6.82951e-07, 3.864897e-07, 1.67719e-07, 6.304457e-08, 1.135644e-08, 7.653128e-09, 8.828958e-08, 1.985974e-07, 3.628342e-07, 6.55876e-07, 1.097809e-06, 1.690108e-06, 2.488142e-06, 3.461228e-06, 4.747851e-06, 5.625672e-06, 5.780046e-06, 4.444632e-06, 2.812706e-06, 2.469285e-06, 1.884621e-06, 1.079293e-06, 7.147152e-07, 3.821993e-07, 2.227684e-07, 1.05747e-07, 2.043922e-08, 5.894985e-08, 1.676025e-07, 3.621813e-07, 6.817768e-07, 9.429063e-07, 1.399363e-06, 3.241076e-06, 4.283203e-06, 4.784926e-06, 5.75553e-06, 5.812133e-06, 5.111672e-06, 4.299128e-06, 3.261948e-06, 2.087836e-06, 1.935844e-06, 1.397085e-06, 4.979732e-07, 2.611012e-07, 9.895138e-08, 4.611596e-09, 6.970427e-09, 1.113774e-07, 2.220319e-07, 3.991577e-07, 6.042401e-07, 1.001073e-06, 1.597588e-06, 2.319685e-06, 3.763381e-06, 4.986308e-06, 5.969057e-06, 5.863033e-06, 4.462077e-06, 3.516512e-06, 2.1421e-06, 2.063082e-06, 1.059433e-06, 6.99884e-07, 4.287574e-07, 1.953363e-07, 1.096521e-07, 1.778311e-08, 7.679569e-08, 2.528834e-07, 4.273591e-07, 5.380151e-07, 8.822131e-07, 1.612588e-06, 2.165797e-06, 2.747567e-06, 3.901372e-06, 4.71617e-06, 4.775059e-06, 3.494286e-06, 2.855393e-06, 2.293152e-06, 1.490199e-06, 9.668427e-07, 6.693507e-07, 3.970769e-07, 2.30526e-07, 9.536757e-08, 1.727668e-08, 1.67583e-08, 1.55142e-07, 3.358324e-07, 6.492581e-07, 1.201493e-06, 1.843893e-06, 2.522095e-06, 3.335405e-06, 4.720738e-06, 6.421001e-06, 7.64933e-06, 6.974579e-06, 5.301313e-06, 4.49553e-06, 3.1469e-06, 2.204517e-06, 1.370338e-06, 9.191343e-07, 5.257354e-07, 3.105888e-07, 1.480073e-07, 2.577983e-08, 8.066186e-08, 2.00511e-07, 4.314957e-07, 8.441372e-07, 1.402952e-06, 1.445546e-06, 1.826897e-06, 2.704212e-06, 3.320932e-06, 4.148542e-06, 4.159326e-06, 2.517731e-06, 2.031393e-06, 1.527008e-06, 1.150571e-06, 8.646556e-07, 5.53762e-07, 3.861939e-07, 2.061131e-07, 7.725731e-08, 1.930387e-08, 1.728564e-08, 1.346655e-07, 3.155336e-07, 6.546823e-07, 1.079342e-06, 1.689267e-06, 2.295494e-06, 3.395636e-06, 3.586101e-06, 4.89443e-06, 6.105098e-06, 9.803941e-06, 5.234645e-06, 3.450959e-06, 2.86726e-06, 1.991351e-06, 1.37619e-06, 8.271011e-07, 5.101722e-07, 2.855799e-07, 1.208262e-07, 2.841802e-08, 4.950109e-08, 1.457904e-07, 2.884436e-07, 5.212732e-07, 9.180125e-07, 1.22626e-06, 2.753337e-06, 3.007317e-06, 4.414882e-06, 3.776527e-06, 3.773173e-06, 3.082235e-06, 2.199173e-06, 1.583041e-06, 1.230276e-06, 8.85174e-07, 6.74052e-07, 4.493147e-07, 2.546999e-07, 9.507178e-08, 2.117421e-08, 1.920229e-08, 1.582852e-07, 3.704574e-07, 6.795329e-07, 1.099988e-06, 1.796522e-06, 2.682519e-06, 3.606316e-06, 4.906802e-06, 6.534423e-06, 9.181863e-06, 9.142258e-06, 6.166007e-06, 5.358115e-06, 4.282136e-06, 2.580887e-06, 1.888357e-06, 1.064324e-06, 7.173041e-07, 6.612778e-07, 1.461534e-07, 3.301616e-08, 6.082914e-08, 1.704961e-07, 3.474353e-07, 5.957116e-07, 1.034075e-06, 1.351486e-06, 1.933386e-06, 2.918468e-06, 3.384929e-06, 4.723356e-06, 5.62274e-06, 6.643001e-06, 4.754586e-06, 2.374167e-06, 1.51079e-06, 1.166613e-06, 8.904488e-07, 5.307803e-07, 2.415688e-07, 9.34599e-08, 1.212879e-08]
