Date: April 14, 2009
Month: April
File Name: 3 2-21 500mV 500ms
Season: Spring
Time: 3:20 PM
Electrode: Ag
Carbon Number: 13
Time of Day: Afternoon
Junction Diameter: 0.500000
Date: April 14, 2009
Month: April
File Name: 3 2-21 500mV 500ms
Season: Spring
Time: 3:20 PM
Electrode: Ag
Carbon Number: 13
Time of Day: Afternoon
Junction Diameter: 0.500000
Log Abs Std Density: 1.9846274165221787
Mean Log Abs Current Density: -10.928808619389853
Skewness Log Abs Current Density: -2.505648323060819
Kurtosis Log Abs Current Density: 6.054505319102933
Voltage: [0.0, 0.05, 0.1, 0.15, 0.2, 0.25, 0.3, 0.35, 0.4, 0.45, 0.5, 0.5, 0.45, 0.4, 0.35, 0.3, 0.25, 0.2, 0.15, 0.1, 0.05, 0.0, -0.05, -0.1, -0.15, -0.2, -0.25, -0.3, -0.35, -0.4, -0.45, -0.5, -0.5, -0.45, -0.4, -0.35, -0.3, -0.25, -0.2, -0.15, -0.1, -0.05, 0.0, 0.0, 0.05, 0.1, 0.15, 0.2, 0.25, 0.3, 0.35, 0.4, 0.45, 0.5, 0.5, 0.45, 0.4, 0.35, 0.3, 0.25, 0.2, 0.15, 0.1, 0.05, 0.0, -0.05, -0.1, -0.15, -0.2, -0.25, -0.3, -0.35, -0.4, -0.45, -0.5, -0.5, -0.45, -0.4, -0.35, -0.3, -0.25, -0.2, -0.15, -0.1, -0.05, 0.0, 0.0, 0.05, 0.1, 0.15, 0.2, 0.25, 0.3, 0.35, 0.4, 0.45, 0.5, 0.5, 0.45, 0.4, 0.35, 0.3, 0.25, 0.2, 0.15, 0.1, 0.05, 0.0, -0.05, -0.1, -0.15, -0.2, -0.25, -0.3, -0.35, -0.4, -0.45, -0.5, -0.5, -0.45, -0.4, -0.35, -0.3, -0.25, -0.2, -0.15, -0.1, -0.05, 0.0, 0.0, 0.05, 0.1, 0.15, 0.2, 0.25, 0.3, 0.35, 0.4, 0.45, 0.5, 0.5, 0.45, 0.4, 0.35, 0.3, 0.25, 0.2, 0.15, 0.1, 0.05, 0.0, -0.05, -0.1, -0.15, -0.2, -0.25, -0.3, -0.35, -0.4, -0.45, -0.5, -0.5, -0.45, -0.4, -0.35, -0.3, -0.25, -0.2, -0.15, -0.1, -0.05, 0.0, 0.0, 0.05, 0.1, 0.15, 0.2, 0.25, 0.3, 0.35, 0.4, 0.45, 0.5, 0.5, 0.45, 0.4, 0.35, 0.3, 0.25, 0.2, 0.15, 0.1, 0.05, 0.0, -0.05, -0.1, -0.15, -0.2, -0.25, -0.3, -0.35, -0.4, -0.45, -0.5, -0.5, -0.45, -0.4, -0.35, -0.3, -0.25, -0.2, -0.15, -0.1, -0.05, 0.0, 0.0, 0.05, 0.1, 0.15, 0.2, 0.25, 0.3, 0.35, 0.4, 0.45, 0.5, 0.5, 0.45, 0.4, 0.35, 0.3, 0.25, 0.2, 0.15, 0.1, 0.05, 0.0, -0.05, -0.1, -0.15, -0.2, -0.25, -0.3, -0.35, -0.4, -0.45, -0.5, -0.5, -0.45, -0.4, -0.35, -0.3, -0.25, -0.2, -0.15, -0.1, -0.05, 0.0, 0.0, 0.05, 0.1, 0.15, 0.2, 0.25, 0.3, 0.35, 0.4, 0.45, 0.5, 0.5, 0.45, 0.4, 0.35, 0.3, 0.25, 0.2, 0.15, 0.1, 0.05, 0.0, -0.05, -0.1, -0.15, -0.2, -0.25, -0.3, -0.35, -0.4, -0.45, -0.5, -0.5, -0.45, -0.4, -0.35, -0.3, -0.25, -0.2, -0.15, -0.1, -0.05, 0.0, 0.0, 0.05, 0.1, 0.15, 0.2, 0.25, 0.3, 0.35, 0.4, 0.45, 0.5, 0.5, 0.45, 0.4, 0.35, 0.3, 0.25, 0.2, 0.15, 0.1, 0.05, 0.0, -0.05, -0.1, -0.15, -0.2, -0.25, -0.3, -0.35, -0.4, -0.45, -0.5, -0.5, -0.45, -0.4, -0.35, -0.3, -0.25, -0.2, -0.15, -0.1, -0.05, 0.0, 0.0, 0.05, 0.1, 0.15, 0.2, 0.25, 0.3, 0.35, 0.4, 0.45, 0.5, 0.5, 0.45, 0.4, 0.35, 0.3, 0.25, 0.2, 0.15, 0.1, 0.05, 0.0, -0.05, -0.1, -0.15, -0.2, -0.25, -0.3, -0.35, -0.4, -0.45, -0.5, -0.5, -0.45, -0.4, -0.35, -0.3, -0.25, -0.2, -0.15, -0.1, -0.05, 0.0, 0.0, 0.05, 0.1, 0.15, 0.2, 0.25, 0.3, 0.35, 0.4, 0.45, 0.5, 0.5, 0.45, 0.4, 0.35, 0.3, 0.25, 0.2, 0.15, 0.1, 0.05, 0.0, -0.05, -0.1, -0.15, -0.2, -0.25, -0.3, -0.35, -0.4, -0.45, -0.5, -0.5, -0.45, -0.4, -0.35, -0.3, -0.25, -0.2, -0.15, -0.1, -0.05, 0.0, 0.0, 0.05, 0.1, 0.15, 0.2, 0.25, 0.3, 0.35, 0.4, 0.45, 0.5, 0.5, 0.45, 0.4, 0.35, 0.3, 0.25, 0.2, 0.15, 0.1, 0.05, 0.0, -0.05, -0.1, -0.15, -0.2, -0.25, -0.3, -0.35, -0.4, -0.45, -0.5, -0.5, -0.45, -0.4, -0.35, -0.3, -0.25, -0.2, -0.15, -0.1, -0.05, 0.0, 0.0, 0.05, 0.1, 0.15, 0.2, 0.25, 0.3, 0.35, 0.4, 0.45, 0.5, 0.5, 0.45, 0.4, 0.35, 0.3, 0.25, 0.2, 0.15, 0.1, 0.05, 0.0, -0.05, -0.1, -0.15, -0.2, -0.25, -0.3, -0.35, -0.4, -0.45, -0.5, -0.5, -0.45, -0.4, -0.35, -0.3, -0.25, -0.2, -0.15, -0.1, -0.05, 0.0, 0.0, 0.05, 0.1, 0.15, 0.2, 0.25, 0.3, 0.35, 0.4, 0.45, 0.5, 0.5, 0.45, 0.4, 0.35, 0.3, 0.25, 0.2, 0.15, 0.1, 0.05, 0.0, -0.05, -0.1, -0.15, -0.2, -0.25, -0.3, -0.35, -0.4, -0.45, -0.5, -0.5, -0.45, -0.4, -0.35, -0.3, -0.25, -0.2, -0.15, -0.1, -0.05, 0.0, 0.0, 0.05, 0.1, 0.15, 0.2, 0.25, 0.3, 0.35, 0.4, 0.45, 0.5, 0.5, 0.45, 0.4, 0.35, 0.3, 0.25, 0.2, 0.15, 0.1, 0.05, 0.0, -0.05, -0.1, -0.15, -0.2, -0.25, -0.3, -0.35, -0.4, -0.45, -0.5, -0.5, -0.45, -0.4, -0.35, -0.3, -0.25, -0.2, -0.15, -0.1, -0.05, 0.0, 0.0, 0.05, 0.1, 0.15, 0.2, 0.25, 0.3, 0.35, 0.4, 0.45, 0.5, 0.5, 0.45, 0.4, 0.35, 0.3, 0.25, 0.2, 0.15, 0.1, 0.05, 0.0, -0.05, -0.1, -0.15, -0.2, -0.25, -0.3, -0.35, -0.4, -0.45, -0.5, -0.5, -0.45, -0.4, -0.35, -0.3, -0.25, -0.2, -0.15, -0.1, -0.05, 0.0, 0.0, 0.05, 0.1, 0.15, 0.2, 0.25, 0.3, 0.35, 0.4, 0.45, 0.5, 0.5, 0.45, 0.4, 0.35, 0.3, 0.25, 0.2, 0.15, 0.1, 0.05, 0.0, -0.05, -0.1, -0.15, -0.2, -0.25, -0.3, -0.35, -0.4, -0.45, -0.5, -0.5, -0.45, -0.4, -0.35, -0.3, -0.25, -0.2, -0.15, -0.1, -0.05, 0.0, 0.0, 0.05, 0.1, 0.15, 0.2, 0.25, 0.3, 0.35, 0.4, 0.45, 0.5, 0.5, 0.45, 0.4, 0.35, 0.3, 0.25, 0.2, 0.15, 0.1, 0.05, 0.0, -0.05, -0.1, -0.15, -0.2, -0.25, -0.3, -0.35, -0.4, -0.45, -0.5, -0.5, -0.45, -0.4, -0.35, -0.3, -0.25, -0.2, -0.15, -0.1, -0.05, 0.0, 0.0, 0.05, 0.1, 0.15, 0.2, 0.25, 0.3, 0.35, 0.4, 0.45, 0.5, 0.5, 0.45, 0.4, 0.35, 0.3, 0.25, 0.2, 0.15, 0.1, 0.05, 0.0, -0.05, -0.1, -0.15, -0.2, -0.25, -0.3, -0.35, -0.4, -0.45, -0.5, -0.5, -0.45, -0.4, -0.35, -0.3, -0.25, -0.2, -0.15, -0.1, -0.05, 0.0, 0.0, 0.05, 0.1, 0.15, 0.2, 0.25, 0.3, 0.35, 0.4, 0.45, 0.5, 0.5, 0.45, 0.4, 0.35, 0.3, 0.25, 0.2, 0.15, 0.1, 0.05, 0.0, -0.05, -0.1, -0.15, -0.2, -0.25, -0.3, -0.35, -0.4, -0.45, -0.5, -0.5, -0.45, -0.4, -0.35, -0.3, -0.25, -0.2, -0.15, -0.1, -0.05, 0.0, 0.0, 0.05, 0.1, 0.15, 0.2, 0.25, 0.3, 0.35, 0.4, 0.45, 0.5, 0.5, 0.45, 0.4, 0.35, 0.3, 0.25, 0.2, 0.15, 0.1, 0.05, 0.0, -0.05, -0.1, -0.15, -0.2, -0.25, -0.3, -0.35, -0.4, -0.45, -0.5, -0.5, -0.45, -0.4, -0.35, -0.3, -0.25, -0.2, -0.15, -0.1, -0.05, 0.0]
Abs Current Density: [1.119268e-08, 5.733636e-06, 1.321347e-05, 2.047777e-05, 2.892661e-05, 3.852657e-05, 5.000109e-05, 6.41627e-05, 7.57323e-05, 9.044744e-05, 0.0001116839, 0.0001095923, 8.927271e-05, 7.280537e-05, 5.721887e-05, 4.565781e-05, 3.55498e-05, 2.626103e-05, 1.856438e-05, 1.170608e-05, 5.484514e-06, 3.254326e-08, 5.08418e-06, 1.018283e-05, 1.500961e-05, 1.997306e-05, 2.61164e-05, 3.17313e-05, 3.861122e-05, 4.243755e-05, 5.07449e-05, 6.248823e-05, 6.365552e-05, 5.32096e-05, 4.385527e-05, 3.753632e-05, 3.073443e-05, 2.517312e-05, 2.01594e-05, 1.522748e-05, 1.025298e-05, 5.218138e-06, 3.72677e-08, 1.662613e-08, 5.578125e-06, 1.189158e-05, 1.888187e-05, 2.711811e-05, 3.605118e-05, 4.651134e-05, 5.827525e-05, 7.253888e-05, 8.892321e-05, 0.0001089981, 0.0001098761, 8.846524e-05, 7.212012e-05, 5.69736e-05, 4.541755e-05, 3.52295e-05, 2.630626e-05, 1.863259e-05, 1.159717e-05, 5.49428e-06, 3.01203e-08, 5.128295e-06, 1.009194e-05, 1.503512e-05, 2.016327e-05, 2.487939e-05, 3.030982e-05, 3.589593e-05, 4.34694e-05, 5.087138e-05, 6.413597e-05, 6.18479e-05, 5.151702e-05, 4.294462e-05, 3.616537e-05, 3.038978e-05, 2.497456e-05, 1.996062e-05, 1.510253e-05, 1.01612e-05, 5.143645e-06, 3.153056e-08, 1.783982e-08, 5.524739e-06, 1.184014e-05, 1.87868e-05, 2.678885e-05, 3.584297e-05, 4.615627e-05, 5.811374e-05, 7.239963e-05, 9.163338e-05, 0.000109955, 0.0001090399, 9.094034e-05, 7.215288e-05, 5.873417e-05, 4.629848e-05, 3.563753e-05, 2.659402e-05, 1.867066e-05, 1.166765e-05, 5.501399e-06, 2.308111e-08, 5.077371e-06, 1.015413e-05, 1.50375e-05, 2.007186e-05, 2.511923e-05, 3.068679e-05, 3.631655e-05, 4.284772e-05, 5.052578e-05, 6.260562e-05, 6.183329e-05, 5.305233e-05, 4.442035e-05, 3.655702e-05, 3.098987e-05, 2.517252e-05, 2.024086e-05, 1.513996e-05, 1.019976e-05, 5.191131e-06, 3.772491e-08, 2.661726e-08, 5.601435e-06, 1.194743e-05, 1.905619e-05, 2.733284e-05, 3.67845e-05, 4.763758e-05, 6.046301e-05, 7.514974e-05, 9.102716e-05, 0.0001110403, 0.0001114786, 9.103663e-05, 7.343203e-05, 5.943202e-05, 4.703528e-05, 3.656715e-05, 2.686386e-05, 1.895838e-05, 1.182463e-05, 5.566136e-06, 5.455314e-08, 5.168567e-06, 1.028405e-05, 1.537325e-05, 2.047485e-05, 2.590196e-05, 3.150936e-05, 3.769004e-05, 4.502711e-05, 5.376869e-05, 6.48584e-05, 6.53476e-05, 5.512891e-05, 4.506794e-05, 3.769877e-05, 3.156183e-05, 2.575668e-05, 2.077362e-05, 1.55754e-05, 1.041926e-05, 5.293685e-06, 4.021082e-08, 2.171612e-08, 5.677844e-06, 1.209479e-05, 1.927149e-05, 2.74713e-05, 3.675473e-05, 4.771426e-05, 6.008062e-05, 7.639387e-05, 9.232936e-05, 0.0001153184, 0.0001117995, 9.261154e-05, 7.441402e-05, 5.999148e-05, 4.777757e-05, 3.650523e-05, 2.7434e-05, 1.923346e-05, 1.207663e-05, 5.633264e-06, 1.559687e-08, 5.246134e-06, 1.042349e-05, 1.54299e-05, 2.055481e-05, 2.573857e-05, 3.141698e-05, 3.805414e-05, 4.541242e-05, 5.495882e-05, 6.597808e-05, 6.682784e-05, 5.526981e-05, 4.608726e-05, 3.773217e-05, 3.165393e-05, 2.629733e-05, 2.069403e-05, 1.555237e-05, 1.048266e-05, 5.255891e-06, 2.750959e-08, 2.179453e-08, 5.587164e-06, 1.20037e-05, 1.914632e-05, 2.740683e-05, 3.680351e-05, 4.784713e-05, 5.987143e-05, 7.480279e-05, 9.005377e-05, 0.0001097917, 0.0001110111, 9.076463e-05, 7.342345e-05, 5.934476e-05, 4.712249e-05, 3.644347e-05, 2.724819e-05, 1.902058e-05, 1.19162e-05, 5.58218e-06, 1.637323e-08, 5.16554e-06, 1.034557e-05, 1.537768e-05, 2.060597e-05, 2.583669e-05, 3.134642e-05, 3.753786e-05, 4.443709e-05, 5.27938e-05, 6.414103e-05, 6.49784e-05, 5.429587e-05, 4.567423e-05, 3.816488e-05, 3.19903e-05, 2.597612e-05, 2.06403e-05, 1.548804e-05, 1.040066e-05, 5.250578e-06, 3.683812e-08, 4.421302e-08, 5.670105e-06, 1.205174e-05, 1.923346e-05, 2.74858e-05, 3.673765e-05, 4.822134e-05, 6.157342e-05, 7.592388e-05, 9.391375e-05, 0.0001112344, 0.0001121094, 9.11256e-05, 7.371891e-05, 5.961128e-05, 4.741587e-05, 3.651388e-05, 2.74942e-05, 1.928268e-05, 1.198606e-05, 5.589659e-06, 2.392263e-08, 5.198637e-06, 1.044806e-05, 1.547771e-05, 2.075093e-05, 2.586949e-05, 3.162728e-05, 3.758235e-05, 4.484829e-05, 5.350884e-05, 6.682787e-05, 6.672032e-05, 5.516938e-05, 4.592783e-05, 3.894297e-05, 3.199641e-05, 2.611699e-05, 2.09191e-05, 1.548704e-05, 1.0406e-05, 5.2841e-06, 2.613908e-08, 1.583541e-08, 5.627784e-06, 1.213529e-05, 1.943119e-05, 2.754801e-05, 3.683604e-05, 4.772917e-05, 6.000711e-05, 7.501816e-05, 9.135263e-05, 0.000113781, 0.000110973, 9.036292e-05, 7.361663e-05, 5.931007e-05, 4.764426e-05, 3.660475e-05, 2.717845e-05, 1.901548e-05, 1.19558e-05, 5.626055e-06, 5.012135e-08, 5.198195e-06, 1.032324e-05, 1.53782e-05, 2.053887e-05, 2.592902e-05, 3.094413e-05, 3.745014e-05, 4.60938e-05, 5.490095e-05, 6.597617e-05, 6.427577e-05, 5.331599e-05, 4.455164e-05, 3.801769e-05, 3.184225e-05, 2.608233e-05, 2.063042e-05, 1.547362e-05, 1.030677e-05, 5.217877e-06, 4.708104e-08, 6.322678e-08, 5.555348e-06, 1.213081e-05, 1.932063e-05, 2.772205e-05, 3.657747e-05, 4.759862e-05, 6.084652e-05, 7.331757e-05, 9.001478e-05, 0.0001097509, 0.0001083947, 8.96776e-05, 7.274238e-05, 5.87286e-05, 4.635043e-05, 3.591354e-05, 2.689651e-05, 1.88257e-05, 1.181704e-05, 5.541995e-06, 1.9101e-08, 5.161e-06, 1.027555e-05, 1.526243e-05, 2.033528e-05, 2.553887e-05, 3.10598e-05, 3.703304e-05, 4.41628e-05, 5.270232e-05, 6.304961e-05, 6.417679e-05, 5.277853e-05, 4.442698e-05, 3.803465e-05, 3.134912e-05, 2.60456e-05, 2.063063e-05, 1.567167e-05, 1.043098e-05, 5.265106e-06, 3.197782e-08, 1.819763e-08, 5.577077e-06, 1.205072e-05, 1.917519e-05, 2.724159e-05, 3.663317e-05, 4.775182e-05, 5.992496e-05, 7.44455e-05, 9.023138e-05, 0.0001115175, 0.0001097638, 9.108533e-05, 7.365101e-05, 5.913593e-05, 4.69855e-05, 3.609229e-05, 2.660132e-05, 1.894923e-05, 1.202874e-05, 5.655529e-06, 1.888896e-08, 5.147017e-06, 1.022336e-05, 1.508455e-05, 2.01022e-05, 2.518126e-05, 3.066703e-05, 3.66043e-05, 4.342364e-05, 5.295013e-05, 6.293138e-05, 6.271073e-05, 5.196797e-05, 4.384154e-05, 3.661411e-05, 3.063184e-05, 2.515746e-05, 2.016009e-05, 1.503103e-05, 1.016223e-05, 5.073492e-06, 7.519472e-08, 1.094862e-08, 5.502383e-06, 1.178515e-05, 1.867643e-05, 2.675042e-05, 3.613697e-05, 4.749775e-05, 5.879839e-05, 7.38696e-05, 9.061304e-05, 0.000109101, 0.0001085104, 8.893124e-05, 7.23111e-05, 5.843463e-05, 4.607643e-05, 3.620021e-05, 2.696523e-05, 1.887609e-05, 1.184153e-05, 5.508832e-06, 1.770067e-08, 5.10764e-06, 1.015318e-05, 1.519043e-05, 2.011267e-05, 2.528545e-05, 3.100177e-05, 3.747314e-05, 4.442406e-05, 5.332138e-05, 6.444582e-05, 6.510257e-05, 5.366527e-05, 4.535316e-05, 3.808929e-05, 3.148234e-05, 2.560154e-05, 2.031145e-05, 1.525853e-05, 1.024238e-05, 5.193789e-06, 3.330306e-08, 2.140359e-08, 5.515385e-06, 1.189503e-05, 1.895742e-05, 2.71e-05, 3.668636e-05, 4.784801e-05, 6.151033e-05, 7.505066e-05, 9.267179e-05, 0.0001161912, 0.0001149617, 9.154338e-05, 7.363758e-05, 5.944249e-05, 4.640898e-05, 3.579952e-05, 2.681656e-05, 1.877302e-05, 1.173449e-05, 5.510473e-06, 2.288122e-08, 5.10699e-06, 1.010521e-05, 1.51557e-05, 2.008096e-05, 2.540639e-05, 3.10076e-05, 3.784366e-05, 4.400096e-05, 5.165874e-05, 6.343729e-05, 6.452382e-05, 5.291211e-05, 4.423329e-05, 3.720343e-05, 3.104545e-05, 2.544993e-05, 2.011275e-05, 1.512265e-05, 1.019005e-05, 5.144568e-06, 3.496843e-08, 2.502809e-08, 5.512492e-06, 1.178736e-05, 1.889195e-05, 2.68283e-05, 3.605066e-05, 4.655022e-05, 5.905992e-05, 7.340667e-05, 9.114668e-05, 0.0001148, 0.0001118093, 8.926181e-05, 7.301962e-05, 5.859007e-05, 4.657872e-05, 3.591186e-05, 2.676854e-05, 1.880262e-05, 1.173585e-05, 5.483687e-06, 2.229812e-08, 5.103635e-06, 1.019945e-05, 1.532393e-05, 2.071248e-05, 2.61844e-05, 3.127494e-05, 3.72874e-05, 4.588247e-05, 5.609122e-05, 6.667851e-05, 6.611047e-05, 5.407628e-05, 4.547669e-05, 3.734473e-05, 3.121529e-05, 2.538521e-05, 2.032038e-05, 1.534894e-05, 1.039439e-05, 5.166982e-06, 4.542451e-08, 3.271443e-08, 5.542903e-06, 1.195947e-05, 1.891922e-05, 2.680382e-05, 3.658806e-05, 4.766275e-05, 5.997263e-05, 7.508117e-05, 9.003809e-05, 0.0001099766, 0.0001089217, 8.91134e-05, 7.26775e-05, 5.872039e-05, 4.708134e-05, 3.652632e-05, 2.714542e-05, 1.902828e-05, 1.184402e-05, 5.528994e-06, 2.520811e-08, 5.153637e-06, 1.026833e-05, 1.532631e-05, 2.047773e-05, 2.593953e-05, 3.201083e-05, 3.757727e-05, 4.729886e-05, 5.664939e-05, 6.680481e-05, 6.579154e-05, 5.400186e-05, 4.532118e-05, 3.836832e-05, 3.16813e-05, 2.587802e-05, 2.058665e-05, 1.541084e-05, 1.035642e-05, 5.205826e-06, 7.555253e-08, 3.644496e-08, 5.562665e-06, 1.187761e-05, 1.889869e-05, 2.7105e-05, 3.655667e-05, 4.727372e-05, 6.03605e-05, 7.433666e-05, 9.046725e-05, 0.0001109228, 0.0001091203, 9.002854e-05, 7.348401e-05, 5.879492e-05, 4.678476e-05, 3.644749e-05, 2.705627e-05, 1.904608e-05, 1.198843e-05, 5.5399e-06, 4.574477e-08, 5.175826e-06, 1.033578e-05, 1.535891e-05, 2.057616e-05, 2.604528e-05, 3.226532e-05, 3.90517e-05, 4.696665e-05, 5.524817e-05, 6.715178e-05, 6.54896e-05, 5.490528e-05, 4.566052e-05, 3.803722e-05, 3.155039e-05, 2.594989e-05, 2.068522e-05, 1.548153e-05, 1.029616e-05, 5.17291e-06, 2.191049e-08, 1.230257e-09, 5.574045e-06, 1.185975e-05, 1.907212e-05, 2.727432e-05, 3.672851e-05, 4.823279e-05, 6.107967e-05, 7.540395e-05, 9.187299e-05, 0.0001137416, 0.0001120371, 9.11926e-05, 7.436966e-05, 5.923358e-05, 4.661709e-05, 3.627659e-05, 2.69875e-05, 1.881826e-05, 1.184946e-05, 5.562679e-06, 2.57647e-09, 5.156104e-06, 1.035867e-05, 1.54947e-05, 2.062871e-05, 2.6215e-05, 3.180336e-05, 3.895413e-05, 4.65991e-05, 5.527602e-05, 6.875069e-05, 6.713119e-05, 5.621798e-05, 4.74049e-05, 3.900073e-05, 3.23152e-05, 2.631288e-05, 2.085022e-05, 1.561428e-05, 1.054511e-05, 5.310433e-06, 3.684253e-08, 2.112529e-08, 5.612787e-06, 1.192306e-05, 1.917223e-05, 2.735882e-05, 3.690888e-05, 4.749191e-05, 6.04186e-05, 7.461835e-05, 9.077959e-05, 0.0001126413, 0.0001132633, 9.108302e-05, 7.354734e-05, 5.875923e-05, 4.662798e-05, 3.604764e-05, 2.687995e-05, 1.893777e-05, 1.188018e-05, 5.547119e-06, 1.926444e-08, 5.143582e-06, 1.027821e-05, 1.543485e-05, 2.064016e-05, 2.598561e-05, 3.150094e-05, 3.825025e-05, 4.585512e-05, 5.509132e-05, 6.763332e-05, 6.744211e-05, 5.673288e-05, 4.685359e-05, 3.842671e-05, 3.20377e-05, 2.621932e-05, 2.082517e-05, 1.552775e-05, 1.032954e-05, 5.242451e-06, 3.691763e-08, 2.744774e-08, 5.589269e-06, 1.192499e-05, 1.902548e-05, 2.72583e-05, 3.646722e-05, 4.752001e-05, 6.057489e-05, 7.557069e-05, 9.240886e-05, 0.0001169338, 0.0001149406, 9.303776e-05, 7.573767e-05, 6.011243e-05, 4.742241e-05, 3.789435e-05, 2.770339e-05, 1.948367e-05, 1.200113e-05, 5.602702e-06, 1.980116e-08, 5.171304e-06, 1.050169e-05, 1.57591e-05, 2.07542e-05, 2.628994e-05, 3.24816e-05, 4.038075e-05, 4.775143e-05, 5.80342e-05, 7.154384e-05, 7.130848e-05, 5.860561e-05, 4.872154e-05, 4.002016e-05, 3.309598e-05, 2.704571e-05, 2.119946e-05, 1.57681e-05, 1.043409e-05, 5.259972e-06, 3.738145e-08, 2.359132e-08, 5.610422e-06, 1.192568e-05, 1.915996e-05, 2.739823e-05, 3.770402e-05, 4.791907e-05, 6.095189e-05, 7.577219e-05, 9.218748e-05, 0.000113472, 0.0001130152, 9.198901e-05, 7.505055e-05, 5.988581e-05, 4.748825e-05, 3.64959e-05, 2.720394e-05, 1.909083e-05, 1.197213e-05, 5.583958e-06, 1.835997e-08, 5.20723e-06, 1.039212e-05, 1.53976e-05, 2.102244e-05, 2.635388e-05, 3.21842e-05, 3.890348e-05, 4.654748e-05, 5.625868e-05, 6.787035e-05, 6.918388e-05, 5.727262e-05, 4.639286e-05, 3.874918e-05, 3.207125e-05, 2.644044e-05, 2.102831e-05, 1.557236e-05, 1.05642e-05, 5.155455e-06, 3.229146e-08, 2.473213e-08, 5.530687e-06, 1.185719e-05, 1.911976e-05, 2.737046e-05, 3.721801e-05, 4.82692e-05, 6.084282e-05, 7.569914e-05, 9.203397e-05, 0.0001131857, 0.0001139997, 9.319127e-05, 7.460632e-05, 5.968593e-05, 4.719165e-05, 3.64051e-05, 2.698818e-05, 1.898196e-05, 1.187781e-05, 5.574588e-06, 1.846268e-08, 5.183713e-06, 1.035765e-05, 1.560549e-05, 2.088756e-05, 2.662618e-05, 3.285837e-05, 3.888649e-05, 4.711827e-05, 5.656233e-05, 6.923795e-05, 7.10397e-05, 5.745194e-05, 4.760985e-05, 3.954016e-05, 3.281501e-05, 2.688127e-05, 2.088576e-05, 1.546576e-05, 1.035669e-05, 5.180343e-06, 3.636324e-08]
