Date: August 12, 2008
Month: August
File Name: 2 2-21 500mv 500ms
Season: Summer
Time: 2:40 PM
Electrode: Ag
Carbon Number: 16
Time of Day: Afternoon
Junction Diameter: 0.500000
Date: August 12, 2008
Month: August
File Name: 2 2-21 500mv 500ms
Season: Summer
Time: 2:40 PM
Electrode: Ag
Carbon Number: 16
Time of Day: Afternoon
Junction Diameter: 0.500000
Log Abs Std Density: 2.3717091869766547
Mean Log Abs Current Density: -10.452418376313668
Skewness Log Abs Current Density: -2.3161854512726117
Kurtosis Log Abs Current Density: 5.424213884019808
Voltage: [0.0, 0.05, 0.1, 0.15, 0.2, 0.25, 0.3, 0.35, 0.4, 0.45, 0.5, 0.5, 0.45, 0.4, 0.35, 0.3, 0.25, 0.2, 0.15, 0.1, 0.05, 0.0, -0.05, -0.1, -0.15, -0.2, -0.25, -0.3, -0.35, -0.4, -0.45, -0.5, -0.5, -0.45, -0.4, -0.35, -0.3, -0.25, -0.2, -0.15, -0.1, -0.05, 0.0, 0.0, 0.05, 0.1, 0.15, 0.2, 0.25, 0.3, 0.35, 0.4, 0.45, 0.5, 0.5, 0.45, 0.4, 0.35, 0.3, 0.25, 0.2, 0.15, 0.1, 0.05, 0.0, -0.05, -0.1, -0.15, -0.2, -0.25, -0.3, -0.35, -0.4, -0.45, -0.5, -0.5, -0.45, -0.4, -0.35, -0.3, -0.25, -0.2, -0.15, -0.1, -0.05, 0.0, 0.0, 0.05, 0.1, 0.15, 0.2, 0.25, 0.3, 0.35, 0.4, 0.45, 0.5, 0.5, 0.45, 0.4, 0.35, 0.3, 0.25, 0.2, 0.15, 0.1, 0.05, 0.0, -0.05, -0.1, -0.15, -0.2, -0.25, -0.3, -0.35, -0.4, -0.45, -0.5, -0.5, -0.45, -0.4, -0.35, -0.3, -0.25, -0.2, -0.15, -0.1, -0.05, 0.0, 0.0, 0.05, 0.1, 0.15, 0.2, 0.25, 0.3, 0.35, 0.4, 0.45, 0.5, 0.5, 0.45, 0.4, 0.35, 0.3, 0.25, 0.2, 0.15, 0.1, 0.05, 0.0, -0.05, -0.1, -0.15, -0.2, -0.25, -0.3, -0.35, -0.4, -0.45, -0.5, -0.5, -0.45, -0.4, -0.35, -0.3, -0.25, -0.2, -0.15, -0.1, -0.05, 0.0, 0.0, 0.05, 0.1, 0.15, 0.2, 0.25, 0.3, 0.35, 0.4, 0.45, 0.5, 0.5, 0.45, 0.4, 0.35, 0.3, 0.25, 0.2, 0.15, 0.1, 0.05, 0.0, -0.05, -0.1, -0.15, -0.2, -0.25, -0.3, -0.35, -0.4, -0.45, -0.5, -0.5, -0.45, -0.4, -0.35, -0.3, -0.25, -0.2, -0.15, -0.1, -0.05, 0.0, 0.0, 0.05, 0.1, 0.15, 0.2, 0.25, 0.3, 0.35, 0.4, 0.45, 0.5, 0.5, 0.45, 0.4, 0.35, 0.3, 0.25, 0.2, 0.15, 0.1, 0.05, 0.0, -0.05, -0.1, -0.15, -0.2, -0.25, -0.3, -0.35, -0.4, -0.45, -0.5, -0.5, -0.45, -0.4, -0.35, -0.3, -0.25, -0.2, -0.15, -0.1, -0.05, 0.0, 0.0, 0.05, 0.1, 0.15, 0.2, 0.25, 0.3, 0.35, 0.4, 0.45, 0.5, 0.5, 0.45, 0.4, 0.35, 0.3, 0.25, 0.2, 0.15, 0.1, 0.05, 0.0, -0.05, -0.1, -0.15, -0.2, -0.25, -0.3, -0.35, -0.4, -0.45, -0.5, -0.5, -0.45, -0.4, -0.35, -0.3, -0.25, -0.2, -0.15, -0.1, -0.05, 0.0, 0.0, 0.05, 0.1, 0.15, 0.2, 0.25, 0.3, 0.35, 0.4, 0.45, 0.5, 0.5, 0.45, 0.4, 0.35, 0.3, 0.25, 0.2, 0.15, 0.1, 0.05, 0.0, -0.05, -0.1, -0.15, -0.2, -0.25, -0.3, -0.35, -0.4, -0.45, -0.5, -0.5, -0.45, -0.4, -0.35, -0.3, -0.25, -0.2, -0.15, -0.1, -0.05, 0.0, 0.0, 0.05, 0.1, 0.15, 0.2, 0.25, 0.3, 0.35, 0.4, 0.45, 0.5, 0.5, 0.45, 0.4, 0.35, 0.3, 0.25, 0.2, 0.15, 0.1, 0.05, 0.0, -0.05, -0.1, -0.15, -0.2, -0.25, -0.3, -0.35, -0.4, -0.45, -0.5, -0.5, -0.45, -0.4, -0.35, -0.3, -0.25, -0.2, -0.15, -0.1, -0.05, 0.0, 0.0, 0.05, 0.1, 0.15, 0.2, 0.25, 0.3, 0.35, 0.4, 0.45, 0.5, 0.5, 0.45, 0.4, 0.35, 0.3, 0.25, 0.2, 0.15, 0.1, 0.05, 0.0, -0.05, -0.1, -0.15, -0.2, -0.25, -0.3, -0.35, -0.4, -0.45, -0.5, -0.5, -0.45, -0.4, -0.35, -0.3, -0.25, -0.2, -0.15, -0.1, -0.05, 0.0, 0.0, 0.05, 0.1, 0.15, 0.2, 0.25, 0.3, 0.35, 0.4, 0.45, 0.5, 0.5, 0.45, 0.4, 0.35, 0.3, 0.25, 0.2, 0.15, 0.1, 0.05, 0.0, -0.05, -0.1, -0.15, -0.2, -0.25, -0.3, -0.35, -0.4, -0.45, -0.5, -0.5, -0.45, -0.4, -0.35, -0.3, -0.25, -0.2, -0.15, -0.1, -0.05, 0.0, 0.0, 0.05, 0.1, 0.15, 0.2, 0.25, 0.3, 0.35, 0.4, 0.45, 0.5, 0.5, 0.45, 0.4, 0.35, 0.3, 0.25, 0.2, 0.15, 0.1, 0.05, 0.0, -0.05, -0.1, -0.15, -0.2, -0.25, -0.3, -0.35, -0.4, -0.45, -0.5, -0.5, -0.45, -0.4, -0.35, -0.3, -0.25, -0.2, -0.15, -0.1, -0.05, 0.0, 0.0, 0.05, 0.1, 0.15, 0.2, 0.25, 0.3, 0.35, 0.4, 0.45, 0.5, 0.5, 0.45, 0.4, 0.35, 0.3, 0.25, 0.2, 0.15, 0.1, 0.05, 0.0, -0.05, -0.1, -0.15, -0.2, -0.25, -0.3, -0.35, -0.4, -0.45, -0.5, -0.5, -0.45, -0.4, -0.35, -0.3, -0.25, -0.2, -0.15, -0.1, -0.05, 0.0, 0.0, 0.05, 0.1, 0.15, 0.2, 0.25, 0.3, 0.35, 0.4, 0.45, 0.5, 0.5, 0.45, 0.4, 0.35, 0.3, 0.25, 0.2, 0.15, 0.1, 0.05, 0.0, -0.05, -0.1, -0.15, -0.2, -0.25, -0.3, -0.35, -0.4, -0.45, -0.5, -0.5, -0.45, -0.4, -0.35, -0.3, -0.25, -0.2, -0.15, -0.1, -0.05, 0.0, 0.0, 0.05, 0.1, 0.15, 0.2, 0.25, 0.3, 0.35, 0.4, 0.45, 0.5, 0.5, 0.45, 0.4, 0.35, 0.3, 0.25, 0.2, 0.15, 0.1, 0.05, 0.0, -0.05, -0.1, -0.15, -0.2, -0.25, -0.3, -0.35, -0.4, -0.45, -0.5, -0.5, -0.45, -0.4, -0.35, -0.3, -0.25, -0.2, -0.15, -0.1, -0.05, 0.0, 0.0, 0.05, 0.1, 0.15, 0.2, 0.25, 0.3, 0.35, 0.4, 0.45, 0.5, 0.5, 0.45, 0.4, 0.35, 0.3, 0.25, 0.2, 0.15, 0.1, 0.05, 0.0, -0.05, -0.1, -0.15, -0.2, -0.25, -0.3, -0.35, -0.4, -0.45, -0.5, -0.5, -0.45, -0.4, -0.35, -0.3, -0.25, -0.2, -0.15, -0.1, -0.05, 0.0, 0.0, 0.05, 0.1, 0.15, 0.2, 0.25, 0.3, 0.35, 0.4, 0.45, 0.5, 0.5, 0.45, 0.4, 0.35, 0.3, 0.25, 0.2, 0.15, 0.1, 0.05, 0.0, -0.05, -0.1, -0.15, -0.2, -0.25, -0.3, -0.35, -0.4, -0.45, -0.5, -0.5, -0.45, -0.4, -0.35, -0.3, -0.25, -0.2, -0.15, -0.1, -0.05, 0.0, 0.0, 0.05, 0.1, 0.15, 0.2, 0.25, 0.3, 0.35, 0.4, 0.45, 0.5, 0.5, 0.45, 0.4, 0.35, 0.3, 0.25, 0.2, 0.15, 0.1, 0.05, 0.0, -0.05, -0.1, -0.15, -0.2, -0.25, -0.3, -0.35, -0.4, -0.45, -0.5, -0.5, -0.45, -0.4, -0.35, -0.3, -0.25, -0.2, -0.15, -0.1, -0.05, 0.0, 0.0, 0.05, 0.1, 0.15, 0.2, 0.25, 0.3, 0.35, 0.4, 0.45, 0.5, 0.5, 0.45, 0.4, 0.35, 0.3, 0.25, 0.2, 0.15, 0.1, 0.05, 0.0, -0.05, -0.1, -0.15, -0.2, -0.25, -0.3, -0.35, -0.4, -0.45, -0.5, -0.5, -0.45, -0.4, -0.35, -0.3, -0.25, -0.2, -0.15, -0.1, -0.05, 0.0, 0.0, 0.05, 0.1, 0.15, 0.2, 0.25, 0.3, 0.35, 0.4, 0.45, 0.5, 0.5, 0.45, 0.4, 0.35, 0.3, 0.25, 0.2, 0.15, 0.1, 0.05, 0.0, -0.05, -0.1, -0.15, -0.2, -0.25, -0.3, -0.35, -0.4, -0.45, -0.5, -0.5, -0.45, -0.4, -0.35, -0.3, -0.25, -0.2, -0.15, -0.1, -0.05, 0.0]
Abs Current Density: [1.059522e-08, 6.25881e-07, 1.226347e-06, 2.454655e-06, 4.534644e-06, 5.799267e-06, 8.317565e-06, 1.476938e-05, 1.552816e-05, 1.729178e-05, 2.073543e-05, 1.65189e-05, 6.28115e-05, 7.806374e-05, 6.205493e-05, 3.592471e-05, 2.292304e-05, 1.717724e-05, 1.139167e-05, 4.840677e-06, 2.059789e-06, 3.749327e-08, 2.050521e-06, 4.58228e-06, 8.275122e-06, 1.372253e-05, 1.583851e-05, 2.752735e-05, 3.522622e-05, 4.924175e-05, 5.844293e-05, 8.91432e-05, 8.195728e-05, 6.352766e-05, 6.861574e-05, 5.569708e-05, 3.437304e-05, 2.146241e-05, 1.654055e-05, 1.240361e-05, 5.935237e-06, 2.341748e-06, 2.133953e-08, 2.963382e-08, 2.283475e-06, 5.703881e-06, 9.596793e-06, 1.816453e-05, 4.37145e-05, 5.500819e-05, 8.326989e-05, 9.984722e-05, 0.0001408618, 0.0001852609, 0.0001365465, 9.936349e-05, 8.614141e-05, 6.412261e-05, 4.630702e-05, 3.177246e-05, 2.214596e-05, 1.348301e-05, 8.435019e-06, 3.548387e-06, 4.707718e-08, 3.214915e-06, 6.708752e-06, 1.157115e-05, 1.720723e-05, 2.985112e-05, 4.510132e-05, 5.132738e-05, 6.399401e-05, 7.79317e-05, 0.0001059307, 0.0001138743, 0.0001071304, 6.361446e-05, 4.458226e-05, 3.564012e-05, 2.756917e-05, 1.782755e-05, 1.130184e-05, 6.518584e-06, 3.311601e-06, 1.183514e-08, 2.830941e-08, 2.537195e-06, 5.6335e-06, 1.040466e-05, 1.743339e-05, 4.005627e-05, 4.955394e-05, 6.793378e-05, 9.795246e-05, 9.155156e-05, 0.0001139069, 9.948244e-05, 6.668475e-05, 6.324831e-05, 4.885296e-05, 3.530919e-05, 2.570695e-05, 1.641344e-05, 2.148046e-05, 1.062168e-05, 3.930499e-06, 5.224806e-08, 3.430782e-06, 7.988559e-06, 2.031538e-05, 3.26939e-05, 4.683031e-05, 6.190954e-05, 8.926909e-05, 0.0001212732, 0.0001041312, 0.000122902, 0.0001304598, 0.0001083594, 8.452376e-05, 6.209937e-05, 5.119025e-05, 3.64392e-05, 2.342558e-05, 1.552878e-05, 8.756922e-06, 4.474897e-06, 3.314735e-09, 1.648173e-08, 5.283436e-06, 1.227487e-05, 2.367888e-05, 3.242563e-05, 4.835123e-05, 7.250802e-05, 0.0001013686, 0.0001152357, 0.000151234, 0.0001796857, 0.0001597251, 0.0001281903, 0.0001084578, 8.355323e-05, 5.853854e-05, 4.23373e-05, 3.019147e-05, 2.01405e-05, 9.227407e-06, 4.584108e-06, 2.950709e-08, 4.231059e-06, 1.044525e-05, 1.737334e-05, 3.031627e-05, 4.045764e-05, 5.149168e-05, 6.714503e-05, 8.586025e-05, 0.0001136658, 0.0001382406, 0.0001465324, 0.0001167315, 8.992692e-05, 7.060638e-05, 5.467074e-05, 4.151512e-05, 2.64834e-05, 1.655763e-05, 9.499601e-06, 4.433017e-06, 6.415776e-09, 1.264519e-08, 4.433243e-06, 1.066553e-05, 2.303469e-05, 3.366317e-05, 5.092177e-05, 7.1711e-05, 8.292073e-05, 0.0001067608, 0.0001414839, 0.0001698406, 0.0001569337, 0.0001100811, 9.255132e-05, 8.03217e-05, 5.413033e-05, 4.06944e-05, 2.974929e-05, 1.673805e-05, 1.031652e-05, 4.834557e-06, 5.642503e-08, 4.913588e-06, 1.140601e-05, 2.112059e-05, 3.502135e-05, 5.240326e-05, 6.284595e-05, 8.444461e-05, 0.0001105842, 0.0001332784, 0.0001668382, 0.0001666966, 0.0001370903, 0.0001249662, 9.354168e-05, 7.893013e-05, 5.482522e-05, 3.908607e-05, 2.473933e-05, 1.435968e-05, 6.723343e-06, 1.431747e-08, 8.353925e-09, 5.898323e-06, 1.318005e-05, 3.011595e-05, 4.763814e-05, 5.848012e-05, 7.040831e-05, 0.0001101778, 0.00012173, 0.0001777353, 0.0002560521, 0.0002361734, 0.0001832083, 0.0001524866, 0.0001086833, 9.915765e-05, 8.459115e-05, 6.354766e-05, 3.535624e-05, 2.165664e-05, 1.010304e-05, 1.849443e-08, 9.399133e-06, 2.79826e-05, 4.365777e-05, 5.337517e-05, 7.506741e-05, 0.0001034579, 0.0001398689, 0.0001679496, 0.0001826709, 0.0002368992, 0.000236346, 0.0001951745, 0.0001690661, 0.0001362345, 0.0001123182, 8.19622e-05, 6.240645e-05, 4.397557e-05, 2.7356e-05, 1.377659e-05, 3.68323e-08, 1.563938e-08, 1.153992e-05, 3.482616e-05, 5.70939e-05, 7.479685e-05, 0.0001091228, 0.000156245, 0.0001938219, 0.0002695874, 0.0003398628, 0.0003601428, 0.0003984021, 0.0002937442, 0.0002121315, 0.000219679, 0.000179079, 0.0001161284, 8.309589e-05, 6.261505e-05, 3.614443e-05, 1.719119e-05, 4.301203e-08, 1.281113e-05, 2.872862e-05, 4.472336e-05, 5.5765e-05, 8.46575e-05, 0.0001009322, 0.000148104, 0.0001602055, 0.000183653, 0.0002210772, 0.000241045, 0.0001970162, 0.0001695243, 0.0001419375, 0.0001182243, 9.012169e-05, 5.694218e-05, 3.643123e-05, 2.346425e-05, 1.09233e-05, 1.257065e-08, 1.079152e-08, 8.514094e-06, 2.031703e-05, 3.02712e-05, 4.744708e-05, 6.64707e-05, 0.0001236715, 0.0001698221, 0.0002515326, 0.0002972283, 0.0003557676, 0.0004598146, 0.0003606857, 0.0002834488, 0.0002025209, 0.0001716905, 0.0001363331, 8.307505e-05, 5.519173e-05, 3.174401e-05, 1.261327e-05, 4.193115e-08, 8.564016e-06, 2.207939e-05, 3.680894e-05, 5.70633e-05, 7.892678e-05, 8.678407e-05, 0.0001020222, 0.0001204175, 0.000150412, 0.0001776999, 0.000175295, 0.000172526, 0.0001256106, 0.0001069635, 7.765911e-05, 7.165641e-05, 5.246601e-05, 3.368632e-05, 1.98628e-05, 8.208331e-06, 1.398699e-08, 4.698773e-09, 1.09446e-05, 2.673564e-05, 4.58604e-05, 6.845716e-05, 9.784796e-05, 0.0001434843, 0.0001876211, 0.0002441567, 0.0002704336, 0.0003185644, 0.0003865718, 0.0002773103, 0.0002665414, 0.0002090539, 0.0001651448, 0.0001022151, 6.304058e-05, 4.871495e-05, 3.129042e-05, 1.320639e-05, 3.93842e-08, 8.430297e-06, 1.8592e-05, 3.135562e-05, 4.594588e-05, 6.175248e-05, 7.191498e-05, 9.828011e-05, 0.000122118, 0.0001374841, 0.0001618144, 0.0001597727, 0.0001313233, 0.0001077141, 8.079645e-05, 7.238718e-05, 5.391318e-05, 3.710709e-05, 2.466352e-05, 1.342626e-05, 6.028533e-06, 1.403171e-08, 5.630576e-09, 6.873653e-06, 1.54131e-05, 2.731304e-05, 3.848943e-05, 6.461616e-05, 8.067513e-05, 0.0001213089, 0.0001690941, 0.0002396108, 0.0002545243, 0.000251462, 0.0001894173, 0.0001633135, 0.0001317063, 9.377149e-05, 6.975308e-05, 5.146044e-05, 3.34062e-05, 1.803356e-05, 8.164158e-06, 2.508662e-08, 7.9469e-06, 1.757073e-05, 3.171014e-05, 5.45644e-05, 6.661605e-05, 8.983649e-05, 0.0001226657, 0.0001463312, 0.0001572026, 0.000205552, 0.0002262952, 0.0001944886, 0.0001812869, 0.0001664315, 8.884425e-05, 6.463653e-05, 4.829015e-05, 3.124872e-05, 1.913607e-05, 7.837769e-06, 6.85807e-10, 1.335336e-08, 8.073681e-06, 1.82339e-05, 2.842062e-05, 4.650156e-05, 7.235365e-05, 0.0001028739, 0.0001461011, 0.0001705878, 0.0001871855, 0.0002602476, 0.0002617966, 0.0001925573, 0.0001755291, 0.0001490737, 0.0001210895, 0.0001033663, 6.961009e-05, 3.909493e-05, 2.151505e-05, 9.871273e-06, 3.318462e-08, 1.035812e-05, 4.505574e-05, 6.454867e-05, 0.0001201112, 0.0001688745, 0.0001774225, 0.0002019413, 0.0002693482, 0.0002911729, 0.0002847185, 0.0003186272, 0.000260086, 0.0002222108, 0.0001816147, 0.0001533302, 0.0001067714, 9.396422e-05, 5.449392e-05, 2.879098e-05, 1.407817e-05, 4.558878e-08, 3.268765e-08, 1.793802e-05, 2.198933e-05, 4.07828e-05, 6.861952e-05, 9.620415e-05, 0.0001285733, 0.0001797804, 0.000280366, 0.0003135594, 0.0003953923, 0.000352513, 0.0002904737, 0.0002381963, 0.0001871902, 0.0001352561, 9.409197e-05, 6.430538e-05, 4.021256e-05, 2.264297e-05, 9.204526e-06, 2.56954e-08, 1.097988e-05, 1.846792e-05, 3.2548e-05, 4.855228e-05, 7.606326e-05, 0.0001040805, 0.0001120558, 0.0001583753, 0.0001842865, 0.0001879237, 0.0002272501, 0.0001870466, 0.0001376398, 0.0001157116, 8.891802e-05, 5.668486e-05, 4.359811e-05, 2.833627e-05, 1.618043e-05, 7.448519e-06, 1.993313e-08, 1.433735e-09, 7.051039e-06, 1.679482e-05, 3.034039e-05, 4.377632e-05, 6.962637e-05, 0.0001127508, 0.0001348305, 0.0001596422, 0.0001899892, 0.0002238516, 0.000217907, 0.0001845495, 0.0001533719, 0.0001088099, 8.205792e-05, 5.875287e-05, 3.946537e-05, 2.647674e-05, 1.640054e-05, 6.713769e-06, 3.945876e-08, 7.336841e-06, 1.550836e-05, 2.925424e-05, 4.441585e-05, 6.32063e-05, 9.023131e-05, 0.0001242022, 0.0001641568, 0.0001621971, 0.000186128, 0.0001810804, 0.0001373796, 0.0001209627, 9.903864e-05, 8.377015e-05, 5.374036e-05, 3.832796e-05, 2.575517e-05, 1.189353e-05, 5.978528e-06, 1.402674e-08, 6.651833e-09, 5.841074e-06, 1.597657e-05, 2.746332e-05, 4.367783e-05, 6.631166e-05, 0.0001031608, 0.0001176894, 0.00016135, 0.0002238066, 0.0002305996, 0.0002556128, 0.0002228659, 0.0001943546, 0.000132051, 9.623455e-05, 7.15097e-05, 5.39904e-05, 3.602998e-05, 1.910402e-05, 8.111589e-06, 2.036797e-08, 7.113552e-06, 1.674154e-05, 3.290221e-05, 4.780855e-05, 6.504346e-05, 8.653022e-05, 0.0001200944, 0.0001683467, 0.0001759654, 0.0001863502, 0.0001964133, 0.0001635945, 0.0001262796, 9.874682e-05, 6.422191e-05, 5.270948e-05, 3.767085e-05, 2.597963e-05, 1.358907e-05, 6.229756e-06, 1.448643e-08, 2.479838e-09, 6.562324e-06, 1.414916e-05, 2.289863e-05, 3.700376e-05, 5.047445e-05, 7.302969e-05, 9.368252e-05, 0.0001263019, 0.0001591413, 0.0001851742, 0.0001879697, 0.0001694369, 0.0001187823, 9.20548e-05, 7.3798e-05, 5.483955e-05, 3.803421e-05, 2.195383e-05, 1.255943e-05, 6.230572e-06, 4.130993e-08, 6.764021e-06, 1.764004e-05, 2.890656e-05, 4.539024e-05, 6.218664e-05, 8.532783e-05, 0.0001131073, 0.0001433938, 0.0001489864, 0.0001839105, 0.0001811564, 0.0001367827, 0.0001119207, 8.89749e-05, 6.594193e-05, 5.325831e-05, 3.821578e-05, 2.757902e-05, 1.399668e-05, 5.629643e-06, 7.538909e-09, 9.474574e-09, 5.10251e-06, 1.349672e-05, 2.349311e-05, 3.975179e-05, 5.311e-05, 7.535498e-05, 9.776764e-05, 0.0001307071, 0.0001715355, 0.000207687, 0.0002125043, 0.0001575809, 0.0001284712, 0.0001088776, 7.068596e-05, 5.318151e-05, 3.376231e-05, 2.038718e-05, 1.168632e-05, 5.313215e-06, 3.960537e-08, 5.244223e-06, 1.263721e-05, 2.255914e-05, 3.981555e-05, 5.641824e-05, 7.670326e-05, 9.70636e-05, 0.0001222258, 0.0001535617, 0.0001870326, 0.0001828631, 0.000155962, 0.0001203568, 0.0001014347, 8.03728e-05, 5.68715e-05, 3.860774e-05, 2.577716e-05, 1.388743e-05, 5.721351e-06, 1.541078e-08, 3.197948e-09, 7.045383e-06, 1.480412e-05, 2.506092e-05, 4.03802e-05, 5.787885e-05, 8.385141e-05, 0.0001050152, 0.000138833, 0.0001786913, 0.0001877806, 0.0002047681, 0.0001762217, 0.0001415805, 0.0001074464, 8.596873e-05, 5.813328e-05, 3.82444e-05, 2.548219e-05, 1.548895e-05, 6.787247e-06, 4.507939e-08, 5.918622e-06, 1.435194e-05, 2.34748e-05, 4.290518e-05, 5.585626e-05, 7.556726e-05, 9.98098e-05, 0.0001419259, 0.0001658638, 0.0001858763, 0.0001890232, 0.0001596479, 0.0001310673, 0.0001105573, 7.771369e-05, 5.765997e-05, 4.238561e-05, 2.82969e-05, 1.538553e-05, 6.239652e-06, 1.886714e-08, 6.482865e-09, 6.334856e-06, 1.455882e-05, 2.736328e-05, 3.884999e-05, 5.892291e-05, 8.499145e-05, 0.0001057965, 0.0001650373, 0.0001773456, 0.0001714183, 0.0001658511, 0.0001441351, 0.000136723, 8.665609e-05, 6.249374e-05, 4.424084e-05, 3.038836e-05, 2.085849e-05, 1.331766e-05, 6.149365e-06, 4.243308e-08, 5.8463e-06, 1.10582e-05, 1.855343e-05, 3.014386e-05, 4.405643e-05, 5.995461e-05, 7.519039e-05, 9.963396e-05, 0.0001247391, 0.0001505672, 0.0001504488, 0.0001244939, 9.717799e-05, 7.199886e-05, 5.481217e-05, 4.15771e-05, 2.730901e-05, 1.818265e-05, 1.061141e-05, 4.574504e-06, 2.385417e-10, 1.666313e-08, 5.096495e-06, 1.149659e-05, 1.796083e-05, 2.917988e-05, 4.338612e-05, 6.095197e-05, 7.447807e-05, 9.524498e-05, 0.0001260316, 0.000158379, 0.0001624172, 0.000127293, 0.0001080997, 8.069539e-05, 6.414338e-05, 5.141466e-05, 3.470395e-05, 2.160208e-05, 1.253331e-05, 5.505116e-06, 4.445073e-08, 5.345954e-06, 1.197904e-05, 2.189454e-05, 3.385996e-05, 4.606735e-05, 6.341148e-05, 8.317467e-05, 0.0001087028, 0.0001266425, 0.0001371652, 0.00014955, 0.0001200792, 0.000108612, 8.930099e-05, 6.554243e-05, 4.585399e-05, 3.113435e-05, 1.996762e-05, 1.164774e-05, 5.349492e-06, 6.197111e-09, 1.523684e-08, 5.400815e-06, 1.21936e-05, 2.195424e-05, 3.603226e-05, 5.088816e-05, 7.068843e-05, 8.47097e-05, 0.0001060282, 0.0001254727, 0.0001638895, 0.0001623025, 0.0001473113, 0.0001166552, 9.652664e-05, 6.694013e-05, 4.847595e-05, 3.337723e-05, 2.055672e-05, 1.194993e-05, 5.266571e-06, 4.080552e-08, 5.706586e-06, 1.263962e-05, 2.338176e-05, 3.515676e-05, 5.243194e-05, 6.876498e-05, 8.5606e-05, 0.0001014422, 0.0001283921, 0.0001385426, 0.0001311303, 9.997805e-05, 8.30531e-05, 6.475229e-05, 5.182683e-05, 3.67529e-05, 2.709793e-05, 1.801703e-05, 9.207942e-06, 4.291125e-06, 1.085364e-08]
