voltage_5_2_21	absJ_5_2_21	J_5_2_21	current_5_2_21	time_5_2_21	
0.000000E+0	6.284053E-5	6.284053E-5	2.437276E-10	0.000000E+0
5.000000E-2	4.844072E-5	4.844072E-5	1.878778E-10	1.884766E-1
1.000000E-1	4.120849E-5	4.120849E-5	1.598275E-10	3.769531E-1
1.500000E-1	3.836198E-5	3.836198E-5	1.487873E-10	5.664063E-1
2.000000E-1	3.531823E-5	3.531823E-5	1.369821E-10	7.548828E-1
2.500000E-1	5.685169E-5	5.685169E-5	2.204998E-10	9.433594E-1
3.000000E-1	6.250012E-5	6.250012E-5	2.424073E-10	1.131836E+0
3.500000E-1	8.564658E-5	8.564658E-5	3.321811E-10	1.321289E+0
4.000000E-1	9.567680E-5	9.567680E-5	3.710834E-10	1.509766E+0
4.500000E-1	1.103297E-4	1.103297E-4	4.279146E-10	1.698242E+0
5.000000E-1	1.362812E-4	1.362812E-4	5.285681E-10	1.886719E+0
5.000000E-1	1.352016E-4	1.352016E-4	5.243806E-10	2.076172E+0
4.500000E-1	1.062713E-4	1.062713E-4	4.121742E-10	2.264648E+0
4.000000E-1	8.269594E-5	8.269594E-5	3.207370E-10	2.453125E+0
3.500000E-1	6.184432E-5	6.184432E-5	2.398638E-10	2.641602E+0
3.000000E-1	4.419066E-5	4.419066E-5	1.713939E-10	2.831055E+0
2.500000E-1	3.083710E-5	3.083710E-5	1.196020E-10	3.019531E+0
2.000000E-1	1.833563E-5	1.833563E-5	7.111491E-11	3.915039E+0
1.500000E-1	7.067627E-6	7.067627E-6	2.741186E-11	4.438477E+0
1.000000E-1	6.533879E-6	6.533879E-6	2.534171E-11	4.961914E+0
5.000000E-2	2.152088E-6	2.152088E-6	8.346893E-12	5.485352E+0
0.000000E+0	2.443501E-8	2.443501E-8	9.477141E-14	6.008789E+0
-5.000000E-2	2.468999E-6	-2.468999E-6	-9.576034E-12	6.532227E+0
-1.000000E-1	6.735858E-6	-6.735858E-6	-2.612509E-11	7.055664E+0
-1.500000E-1	1.050956E-5	-1.050956E-5	-4.076144E-11	7.579102E+0
-2.000000E-1	1.880382E-5	-1.880382E-5	-7.293079E-11	8.102539E+0
-2.500000E-1	2.711119E-5	-2.711119E-5	-1.051510E-10	8.708984E+0
-3.000000E-1	4.138247E-5	-4.138247E-5	-1.605023E-10	8.897461E+0
-3.500000E-1	5.762905E-5	-5.762905E-5	-2.235148E-10	9.085938E+0
-4.000000E-1	7.729242E-5	-7.729242E-5	-2.997794E-10	9.274414E+0
-4.500000E-1	1.000870E-4	-1.000870E-4	-3.881885E-10	9.463867E+0
-5.000000E-1	1.247326E-4	-1.247326E-4	-4.837765E-10	9.652344E+0
-5.000000E-1	1.232240E-4	-1.232240E-4	-4.779256E-10	9.840820E+0
-4.500000E-1	1.005735E-4	-1.005735E-4	-3.900754E-10	1.003027E+1
-4.000000E-1	7.814293E-5	-7.814293E-5	-3.030781E-10	1.021875E+1
-3.500000E-1	5.891985E-5	-5.891985E-5	-2.285212E-10	1.040723E+1
-3.000000E-1	4.303282E-5	-4.303282E-5	-1.669032E-10	1.059570E+1
-2.500000E-1	3.021375E-5	-3.021375E-5	-1.171843E-10	1.078516E+1
-2.000000E-1	1.880585E-5	-1.880585E-5	-7.293866E-11	1.167969E+1
-1.500000E-1	1.255465E-5	-1.255465E-5	-4.869331E-11	1.220312E+1
-1.000000E-1	5.370248E-6	-5.370248E-6	-2.082856E-11	1.272656E+1
-5.000000E-2	3.475490E-6	-3.475490E-6	-1.347972E-11	1.325000E+1
0.000000E+0	5.704568E-7	-5.704568E-7	-2.212522E-12	1.377344E+1
0.000000E+0	3.386337E-8	3.386337E-8	1.313394E-13	1.429785E+1
5.000000E-2	1.665978E-6	1.665978E-6	6.461512E-12	1.482129E+1
1.000000E-1	5.986333E-6	5.986333E-6	2.321805E-11	1.534473E+1
1.500000E-1	1.040445E-5	1.040445E-5	4.035376E-11	1.586816E+1
2.000000E-1	1.848727E-5	1.848727E-5	7.170307E-11	1.639160E+1
2.500000E-1	3.035898E-5	3.035898E-5	1.177476E-10	1.699805E+1
3.000000E-1	4.522686E-5	4.522686E-5	1.754128E-10	1.718652E+1
3.500000E-1	6.324672E-5	6.324672E-5	2.453030E-10	1.737500E+1
4.000000E-1	8.475562E-5	8.475562E-5	3.287255E-10	1.756348E+1
4.500000E-1	1.100760E-4	1.100760E-4	4.269309E-10	1.775293E+1
5.000000E-1	1.382399E-4	1.382399E-4	5.361649E-10	1.794141E+1
5.000000E-1	1.414917E-4	1.414917E-4	5.487769E-10	1.812988E+1
4.500000E-1	1.127512E-4	1.127512E-4	4.373064E-10	1.831836E+1
4.000000E-1	8.576635E-5	8.576635E-5	3.326456E-10	1.850781E+1
3.500000E-1	6.331365E-5	6.331365E-5	2.455626E-10	1.869629E+1
3.000000E-1	4.506530E-5	4.506530E-5	1.747862E-10	1.888477E+1
2.500000E-1	3.091959E-5	3.091959E-5	1.199219E-10	1.907324E+1
2.000000E-1	1.889032E-5	1.889032E-5	7.326627E-11	1.996875E+1
1.500000E-1	1.148644E-5	1.148644E-5	4.455025E-11	2.049219E+1
1.000000E-1	5.408490E-6	5.408490E-6	2.097688E-11	2.101563E+1
5.000000E-2	1.225711E-6	1.225711E-6	4.753933E-12	2.153906E+1
0.000000E+0	2.381886E-7	-2.381886E-7	-9.238166E-13	2.206250E+1
-5.000000E-2	3.652625E-6	-3.652625E-6	-1.416674E-11	2.258691E+1
-1.000000E-1	6.290896E-6	-6.290896E-6	-2.439930E-11	2.311035E+1
-1.500000E-1	1.199562E-5	-1.199562E-5	-4.652513E-11	2.363379E+1
-2.000000E-1	1.582078E-5	-1.582078E-5	-6.136103E-11	2.457422E+1
-2.500000E-1	2.964317E-5	-2.964317E-5	-1.149713E-10	2.476270E+1
-3.000000E-1	4.320588E-5	-4.320588E-5	-1.675744E-10	2.495117E+1
-3.500000E-1	5.957995E-5	-5.957995E-5	-2.310814E-10	2.513965E+1
-4.000000E-1	8.013587E-5	-8.013587E-5	-3.108077E-10	2.532910E+1
-4.500000E-1	1.026757E-4	-1.026757E-4	-3.982285E-10	2.551758E+1
-5.000000E-1	1.293804E-4	-1.293804E-4	-5.018030E-10	2.570605E+1
-5.000000E-1	1.282039E-4	-1.282039E-4	-4.972400E-10	2.589453E+1
-4.500000E-1	1.046176E-4	-1.046176E-4	-4.057603E-10	2.608398E+1
-4.000000E-1	8.029896E-5	-8.029896E-5	-3.114403E-10	2.627246E+1
-3.500000E-1	6.122834E-5	-6.122834E-5	-2.374747E-10	2.646094E+1
-3.000000E-1	4.476931E-5	-4.476931E-5	-1.736382E-10	2.664941E+1
-2.500000E-1	3.050478E-5	-3.050478E-5	-1.183131E-10	2.683887E+1
-2.000000E-1	1.900808E-5	-1.900808E-5	-7.372301E-11	2.773438E+1
-1.500000E-1	1.101603E-5	-1.101603E-5	-4.272578E-11	2.825781E+1
-1.000000E-1	4.590640E-6	-4.590640E-6	-1.780484E-11	2.878125E+1
-5.000000E-2	3.135784E-6	-3.135784E-6	-1.216217E-11	2.930469E+1
0.000000E+0	2.098033E-7	2.098033E-7	8.137241E-13	2.982813E+1
0.000000E+0	2.735512E-7	-2.735512E-7	-1.060971E-12	3.035156E+1
5.000000E-2	2.362195E-6	2.362195E-6	9.161796E-12	3.087500E+1
1.000000E-1	6.159072E-6	6.159072E-6	2.388802E-11	3.139844E+1
1.500000E-1	9.961814E-6	9.961814E-6	3.863699E-11	3.192188E+1
2.000000E-1	1.869886E-5	1.869886E-5	7.252370E-11	3.244531E+1
2.500000E-1	3.080627E-5	3.080627E-5	1.194824E-10	3.305176E+1
3.000000E-1	4.636652E-5	4.636652E-5	1.798330E-10	3.324023E+1
3.500000E-1	6.616694E-5	6.616694E-5	2.566291E-10	3.342871E+1
4.000000E-1	8.964240E-5	8.964240E-5	3.476789E-10	3.361719E+1
4.500000E-1	1.158465E-4	1.158465E-4	4.493118E-10	3.380566E+1
5.000000E-1	1.441343E-4	1.441343E-4	5.590264E-10	3.399512E+1
5.000000E-1	1.442125E-4	1.442125E-4	5.593295E-10	3.418359E+1
4.500000E-1	1.141504E-4	1.141504E-4	4.427334E-10	3.437207E+1
4.000000E-1	8.968133E-5	8.968133E-5	3.478299E-10	3.456055E+1
3.500000E-1	6.613268E-5	6.613268E-5	2.564962E-10	3.475000E+1
3.000000E-1	4.712532E-5	4.712532E-5	1.827760E-10	3.493848E+1
2.500000E-1	3.154506E-5	3.154506E-5	1.223478E-10	3.512695E+1
2.000000E-1	1.895948E-5	1.895948E-5	7.353454E-11	3.602246E+1
1.500000E-1	1.238918E-5	1.238918E-5	4.805154E-11	3.654590E+1
1.000000E-1	4.225041E-6	4.225041E-6	1.638686E-11	3.706934E+1
5.000000E-2	2.450167E-6	2.450167E-6	9.502996E-12	3.759277E+1
0.000000E+0	3.415139E-7	-3.415139E-7	-1.324565E-12	3.811621E+1
-5.000000E-2	3.592352E-6	-3.592352E-6	-1.393297E-11	3.864063E+1
-1.000000E-1	5.583287E-6	-5.583287E-6	-2.165483E-11	3.916406E+1
-1.500000E-1	1.170848E-5	-1.170848E-5	-4.541144E-11	3.968750E+1
-2.000000E-1	1.751816E-5	-1.751816E-5	-6.794433E-11	4.021094E+1
-2.500000E-1	2.097613E-5	-2.097613E-5	-8.135610E-11	4.073437E+1
-3.000000E-1	3.287361E-5	-3.287361E-5	-1.275006E-10	4.133984E+1
-3.500000E-1	5.852751E-5	-5.852751E-5	-2.269995E-10	4.152832E+1
-4.000000E-1	7.837748E-5	-7.837748E-5	-3.039878E-10	4.171777E+1
-4.500000E-1	1.012074E-4	-1.012074E-4	-3.925340E-10	4.190625E+1
-5.000000E-1	1.273394E-4	-1.273394E-4	-4.938869E-10	4.209473E+1
-5.000000E-1	1.273921E-4	-1.273921E-4	-4.940913E-10	4.228320E+1
-4.500000E-1	1.018719E-4	-1.018719E-4	-3.951112E-10	4.247266E+1
-4.000000E-1	7.955100E-5	-7.955100E-5	-3.085393E-10	4.266113E+1
-3.500000E-1	6.035148E-5	-6.035148E-5	-2.340738E-10	4.284961E+1
-3.000000E-1	4.443052E-5	-4.443052E-5	-1.723242E-10	4.303906E+1
-2.500000E-1	3.051984E-5	-3.051984E-5	-1.183715E-10	4.322754E+1
-2.000000E-1	1.909370E-5	-1.909370E-5	-7.405511E-11	4.412305E+1
-1.500000E-1	8.228135E-6	-8.228135E-6	-3.191290E-11	4.464648E+1
-1.000000E-1	7.150257E-6	-7.150257E-6	-2.773234E-11	4.516992E+1
-5.000000E-2	2.618583E-6	-2.618583E-6	-1.015620E-11	4.569336E+1
0.000000E+0	1.036583E-7	1.036583E-7	4.020395E-13	4.621680E+1
0.000000E+0	5.070667E-7	-5.070667E-7	-1.966663E-12	4.674023E+1
5.000000E-2	2.980158E-6	2.980158E-6	1.155857E-11	4.726367E+1
1.000000E-1	5.511532E-6	5.511532E-6	2.137653E-11	4.778711E+1
1.500000E-1	1.153146E-5	1.153146E-5	4.472487E-11	4.831055E+1
2.000000E-1	1.868697E-5	1.868697E-5	7.247758E-11	4.908398E+1
2.500000E-1	3.057695E-5	3.057695E-5	1.185930E-10	4.927246E+1
3.000000E-1	4.621343E-5	4.621343E-5	1.792392E-10	4.946094E+1
3.500000E-1	6.523292E-5	6.523292E-5	2.530065E-10	4.965039E+1
4.000000E-1	8.754425E-5	8.754425E-5	3.395412E-10	4.983887E+1
4.500000E-1	1.135873E-4	1.135873E-4	4.405496E-10	5.002734E+1
5.000000E-1	1.417912E-4	1.417912E-4	5.499385E-10	5.021582E+1
5.000000E-1	1.419876E-4	1.419876E-4	5.507003E-10	5.040527E+1
4.500000E-1	1.136992E-4	1.136992E-4	4.409835E-10	5.059375E+1
4.000000E-1	8.773404E-5	8.773404E-5	3.402773E-10	5.078223E+1
3.500000E-1	6.541191E-5	6.541191E-5	2.537007E-10	5.097070E+1
3.000000E-1	4.690428E-5	4.690428E-5	1.819187E-10	5.116016E+1
2.500000E-1	3.238110E-5	3.238110E-5	1.255904E-10	5.134863E+1
2.000000E-1	1.901329E-5	1.901329E-5	7.374321E-11	5.224414E+1
1.500000E-1	1.106839E-5	1.106839E-5	4.292884E-11	5.276758E+1
1.000000E-1	3.790516E-6	3.790516E-6	1.470155E-11	5.329102E+1
5.000000E-2	2.598362E-6	2.598362E-6	1.007777E-11	5.381445E+1
0.000000E+0	8.891137E-7	-8.891137E-7	-3.448436E-12	5.433789E+1
-5.000000E-2	2.826671E-6	-2.826671E-6	-1.096327E-11	5.486133E+1
-1.000000E-1	6.521356E-6	-6.521356E-6	-2.529314E-11	5.538477E+1
-1.500000E-1	1.193489E-5	-1.193489E-5	-4.628960E-11	5.590820E+1
-2.000000E-1	1.676994E-5	-1.676994E-5	-6.504239E-11	5.643164E+1
-2.500000E-1	2.099330E-5	-2.099330E-5	-8.142273E-11	5.695508E+1
-3.000000E-1	4.185255E-5	-4.185255E-5	-1.623255E-10	5.756152E+1
-3.500000E-1	6.104827E-5	-6.104827E-5	-2.367763E-10	5.775000E+1
-4.000000E-1	8.070180E-5	-8.070180E-5	-3.130027E-10	5.793848E+1
-4.500000E-1	1.032885E-4	-1.032885E-4	-4.006053E-10	5.812793E+1
-5.000000E-1	1.305369E-4	-1.305369E-4	-5.062888E-10	5.831641E+1
-5.000000E-1	1.316523E-4	-1.316523E-4	-5.106147E-10	5.850488E+1
-4.500000E-1	1.050505E-4	-1.050505E-4	-4.074392E-10	5.869336E+1
-4.000000E-1	8.168120E-5	-8.168120E-5	-3.168013E-10	5.888281E+1
-3.500000E-1	6.152420E-5	-6.152420E-5	-2.386222E-10	5.907129E+1
-3.000000E-1	4.504083E-5	-4.504083E-5	-1.746913E-10	5.925977E+1
-2.500000E-1	3.110821E-5	-3.110821E-5	-1.206535E-10	5.944824E+1
-2.000000E-1	1.742254E-5	-1.742254E-5	-6.757350E-11	6.042676E+1
-1.500000E-1	1.224525E-5	-1.224525E-5	-4.749330E-11	6.132227E+1
-1.000000E-1	5.230066E-6	-5.230066E-6	-2.028486E-11	6.184570E+1
-5.000000E-2	2.958967E-6	-2.958967E-6	-1.147638E-11	6.236914E+1
0.000000E+0	1.612660E-7	-1.612660E-7	-6.254719E-13	6.289258E+1
0.000000E+0	6.825558E-7	6.825558E-7	2.647299E-12	6.341602E+1
5.000000E-2	2.013972E-6	2.013972E-6	7.811210E-12	6.393945E+1
1.000000E-1	6.239529E-6	6.239529E-6	2.420007E-11	6.446289E+1
1.500000E-1	1.130867E-5	1.130867E-5	4.386080E-11	6.498633E+1
2.000000E-1	1.814282E-5	1.814282E-5	7.036709E-11	6.550977E+1
2.500000E-1	3.107158E-5	3.107158E-5	1.205114E-10	6.611621E+1
3.000000E-1	4.743539E-5	4.743539E-5	1.839786E-10	6.630469E+1
3.500000E-1	6.718983E-5	6.718983E-5	2.605964E-10	6.649316E+1
4.000000E-1	8.938014E-5	8.938014E-5	3.466617E-10	6.668164E+1
4.500000E-1	1.148341E-4	1.148341E-4	4.453852E-10	6.687012E+1
5.000000E-1	1.455783E-4	1.455783E-4	5.646268E-10	6.705957E+1
5.000000E-1	1.467230E-4	1.467230E-4	5.690667E-10	6.724805E+1
4.500000E-1	1.170521E-4	1.170521E-4	4.539876E-10	6.743652E+1
4.000000E-1	9.120772E-5	9.120772E-5	3.537500E-10	6.762500E+1
3.500000E-1	6.823248E-5	6.823248E-5	2.646403E-10	6.781445E+1
3.000000E-1	4.955486E-5	4.955486E-5	1.921990E-10	6.800293E+1
2.500000E-1	3.277976E-5	3.277976E-5	1.271366E-10	6.819141E+1
2.000000E-1	1.987616E-5	1.987616E-5	7.708989E-11	6.916992E+1
1.500000E-1	1.285099E-5	1.285099E-5	4.984269E-11	7.006445E+1
1.000000E-1	5.202514E-6	5.202514E-6	2.017800E-11	7.058789E+1
5.000000E-2	2.544980E-6	2.544980E-6	9.870729E-12	7.111133E+1
0.000000E+0	1.833789E-8	-1.833789E-8	-7.112366E-14	7.163477E+1
-5.000000E-2	3.606739E-6	-3.606739E-6	-1.398877E-11	7.215918E+1
-1.000000E-1	5.695533E-6	-5.695533E-6	-2.209018E-11	7.268262E+1
-1.500000E-1	1.209950E-5	-1.209950E-5	-4.692803E-11	7.320605E+1
-2.000000E-1	1.699159E-5	-1.699159E-5	-6.590206E-11	7.397949E+1
-2.500000E-1	3.016729E-5	-3.016729E-5	-1.170041E-10	7.416797E+1
-3.000000E-1	4.418218E-5	-4.418218E-5	-1.713610E-10	7.435645E+1
-3.500000E-1	6.237394E-5	-6.237394E-5	-2.419179E-10	7.454492E+1
-4.000000E-1	8.340647E-5	-8.340647E-5	-3.234928E-10	7.473438E+1
-4.500000E-1	1.077236E-4	-1.077236E-4	-4.178070E-10	7.492285E+1
-5.000000E-1	1.351641E-4	-1.351641E-4	-5.242352E-10	7.511133E+1
-5.000000E-1	1.347906E-4	-1.347906E-4	-5.227867E-10	7.529980E+1
-4.500000E-1	1.051537E-4	-1.051537E-4	-4.078398E-10	7.548926E+1
-4.000000E-1	8.178882E-5	-8.178882E-5	-3.172187E-10	7.567773E+1
-3.500000E-1	6.154194E-5	-6.154194E-5	-2.386910E-10	7.586621E+1
-3.000000E-1	4.468389E-5	-4.468389E-5	-1.733069E-10	7.605566E+1
-2.500000E-1	3.061083E-5	-3.061083E-5	-1.187244E-10	7.624414E+1
-2.000000E-1	1.906771E-5	-1.906771E-5	-7.395431E-11	7.713965E+1
-1.500000E-1	1.191103E-5	-1.191103E-5	-4.619703E-11	7.766309E+1
-1.000000E-1	4.475668E-6	-4.475668E-6	-1.735892E-11	7.818652E+1
-5.000000E-2	2.937977E-6	-2.937977E-6	-1.139497E-11	7.870996E+1
0.000000E+0	3.185389E-7	3.185389E-7	1.235456E-12	7.923340E+1
0.000000E+0	4.751748E-9	4.751748E-9	1.842970E-14	7.975684E+1
5.000000E-2	2.591199E-6	2.591199E-6	1.004999E-11	8.028027E+1
1.000000E-1	6.800553E-6	6.800553E-6	2.637601E-11	8.080371E+1
1.500000E-1	1.107744E-5	1.107744E-5	4.296394E-11	8.132715E+1
2.000000E-1	1.921572E-5	1.921572E-5	7.452835E-11	8.185059E+1
2.500000E-1	3.356078E-5	3.356078E-5	1.301658E-10	8.245703E+1
3.000000E-1	5.068450E-5	5.068450E-5	1.965803E-10	8.264551E+1
3.500000E-1	7.067524E-5	7.067524E-5	2.741146E-10	8.283398E+1
4.000000E-1	9.540204E-5	9.540204E-5	3.700177E-10	8.302246E+1
4.500000E-1	1.235811E-4	1.235811E-4	4.793106E-10	8.321191E+1
5.000000E-1	1.559867E-4	1.559867E-4	6.049958E-10	8.340039E+1
5.000000E-1	1.564217E-4	1.564217E-4	6.066829E-10	8.358887E+1
4.500000E-1	1.227374E-4	1.227374E-4	4.760383E-10	8.377734E+1
4.000000E-1	9.670645E-5	9.670645E-5	3.750769E-10	8.396680E+1
3.500000E-1	7.246735E-5	7.246735E-5	2.810653E-10	8.415527E+1
3.000000E-1	5.216904E-5	5.216904E-5	2.023381E-10	8.434375E+1
2.500000E-1	3.623879E-5	3.623879E-5	1.405525E-10	8.453320E+1
2.000000E-1	1.954673E-5	1.954673E-5	7.581216E-11	8.542773E+1
1.500000E-1	1.259087E-5	1.259087E-5	4.883382E-11	8.595117E+1
1.000000E-1	6.883714E-6	6.883714E-6	2.669855E-11	8.647461E+1
5.000000E-2	9.766776E-7	9.766776E-7	3.788053E-12	8.699805E+1
0.000000E+0	3.755242E-8	-3.755242E-8	-1.456474E-13	8.752148E+1
-5.000000E-2	3.388583E-6	-3.388583E-6	-1.314265E-11	8.804590E+1
-1.000000E-1	6.694061E-6	-6.694061E-6	-2.596298E-11	8.856934E+1
-1.500000E-1	1.198048E-5	-1.198048E-5	-4.646639E-11	8.909277E+1
-2.000000E-1	1.937996E-5	-1.937996E-5	-7.516535E-11	8.961621E+1
-2.500000E-1	2.105022E-5	-2.105022E-5	-8.164346E-11	9.013965E+1
-3.000000E-1	2.217070E-5	-2.217070E-5	-8.598926E-11	9.066309E+1
-3.500000E-1	5.728422E-5	-5.728422E-5	-2.221774E-10	9.126855E+1
-4.000000E-1	8.606017E-5	-8.606017E-5	-3.337852E-10	9.145801E+1
-4.500000E-1	1.109593E-4	-1.109593E-4	-4.303568E-10	9.164648E+1
-5.000000E-1	1.405603E-4	-1.405603E-4	-5.451645E-10	9.183496E+1
-5.000000E-1	1.414350E-4	-1.414350E-4	-5.485570E-10	9.202344E+1
-4.500000E-1	1.128965E-4	-1.128965E-4	-4.378701E-10	9.221289E+1
-4.000000E-1	8.837555E-5	-8.837555E-5	-3.427654E-10	9.240137E+1
-3.500000E-1	6.635892E-5	-6.635892E-5	-2.573737E-10	9.258984E+1
-3.000000E-1	4.797407E-5	-4.797407E-5	-1.860679E-10	9.277832E+1
-2.500000E-1	3.306172E-5	-3.306172E-5	-1.282302E-10	9.296777E+1
-2.000000E-1	1.942575E-5	-1.942575E-5	-7.534295E-11	9.386230E+1
-1.500000E-1	1.276037E-5	-1.276037E-5	-4.949123E-11	9.438574E+1
-1.000000E-1	4.950528E-6	-4.950528E-6	-1.920067E-11	9.490918E+1
-5.000000E-2	3.054405E-6	-3.054405E-6	-1.184654E-11	9.543262E+1
0.000000E+0	3.237414E-7	3.237414E-7	1.255634E-12	9.595605E+1
0.000000E+0	1.377470E-7	1.377470E-7	5.342532E-13	9.648047E+1
5.000000E-2	2.560005E-6	2.560005E-6	9.929002E-12	9.700391E+1
1.000000E-1	7.090856E-6	7.090856E-6	2.750195E-11	9.752734E+1
1.500000E-1	1.152325E-5	1.152325E-5	4.469305E-11	9.805078E+1
2.000000E-1	1.942071E-5	1.942071E-5	7.532339E-11	9.857422E+1
2.500000E-1	3.283078E-5	3.283078E-5	1.273345E-10	9.917969E+1
3.000000E-1	4.992413E-5	4.992413E-5	1.936312E-10	9.936914E+1
3.500000E-1	7.045542E-5	7.045542E-5	2.732620E-10	9.955762E+1
4.000000E-1	9.549690E-5	9.549690E-5	3.703856E-10	9.974609E+1
4.500000E-1	1.233796E-4	1.233796E-4	4.785290E-10	9.993457E+1
5.000000E-1	1.572776E-4	1.572776E-4	6.100028E-10	1.001240E+2
5.000000E-1	1.583931E-4	1.583931E-4	6.143292E-10	1.003125E+2
4.500000E-1	1.239967E-4	1.239967E-4	4.809223E-10	1.005010E+2
4.000000E-1	9.775297E-5	9.775297E-5	3.791358E-10	1.006895E+2
3.500000E-1	7.284904E-5	7.284904E-5	2.825457E-10	1.008789E+2
3.000000E-1	5.236757E-5	5.236757E-5	2.031081E-10	1.010674E+2
2.500000E-1	3.574984E-5	3.574984E-5	1.386561E-10	1.012559E+2
2.000000E-1	2.154775E-5	2.154775E-5	8.357315E-11	1.022344E+2
1.500000E-1	1.349808E-5	1.349808E-5	5.235243E-11	1.031289E+2
1.000000E-1	4.619019E-6	4.619019E-6	1.791491E-11	1.036523E+2
5.000000E-2	3.148140E-6	3.148140E-6	1.221009E-11	1.041758E+2
0.000000E+0	7.677222E-8	-7.677222E-8	-2.977618E-13	1.046992E+2
-5.000000E-2	3.706483E-6	-3.706483E-6	-1.437563E-11	1.052236E+2
-1.000000E-1	5.958307E-6	-5.958307E-6	-2.310935E-11	1.057471E+2
-1.500000E-1	1.318209E-5	-1.318209E-5	-5.112685E-11	1.062705E+2
-2.000000E-1	1.812930E-5	-1.812930E-5	-7.031464E-11	1.070439E+2
-2.500000E-1	3.252719E-5	-3.252719E-5	-1.261570E-10	1.072324E+2
-3.000000E-1	4.813143E-5	-4.813143E-5	-1.866782E-10	1.074209E+2
-3.500000E-1	6.794466E-5	-6.794466E-5	-2.635240E-10	1.076094E+2
-4.000000E-1	9.236644E-5	-9.236644E-5	-3.582441E-10	1.077988E+2
-4.500000E-1	1.182916E-4	-1.182916E-4	-4.587951E-10	1.079873E+2
-5.000000E-1	1.487921E-4	-1.487921E-4	-5.770917E-10	1.081758E+2
-5.000000E-1	1.479977E-4	-1.479977E-4	-5.740104E-10	1.083643E+2
-4.500000E-1	1.204223E-4	-1.204223E-4	-4.670589E-10	1.085537E+2
-4.000000E-1	9.402365E-5	-9.402365E-5	-3.646716E-10	1.087422E+2
-3.500000E-1	6.991650E-5	-6.991650E-5	-2.711718E-10	1.089307E+2
-3.000000E-1	5.066155E-5	-5.066155E-5	-1.964913E-10	1.091191E+2
-2.500000E-1	3.469560E-5	-3.469560E-5	-1.345672E-10	1.093086E+2
-2.000000E-1	1.962300E-5	-1.962300E-5	-7.610798E-11	1.102041E+2
-1.500000E-1	1.364236E-5	-1.364236E-5	-5.291202E-11	1.107275E+2
-1.000000E-1	5.044474E-6	-5.044474E-6	-1.956504E-11	1.112510E+2
-5.000000E-2	3.403627E-6	-3.403627E-6	-1.320100E-11	1.117744E+2
0.000000E+0	2.263020E-7	2.263020E-7	8.777146E-13	1.122979E+2
0.000000E+0	2.727318E-7	2.727318E-7	1.057793E-12	1.128213E+2
5.000000E-2	2.419224E-6	2.419224E-6	9.382981E-12	1.133447E+2
1.000000E-1	7.052152E-6	7.052152E-6	2.735184E-11	1.138682E+2
1.500000E-1	1.227904E-5	1.227904E-5	4.762436E-11	1.143916E+2
2.000000E-1	1.968765E-5	1.968765E-5	7.635875E-11	1.149150E+2
2.500000E-1	3.511914E-5	3.511914E-5	1.362099E-10	1.155215E+2
3.000000E-1	5.388939E-5	5.388939E-5	2.090105E-10	1.157100E+2
3.500000E-1	7.679192E-5	7.679192E-5	2.978382E-10	1.158984E+2
4.000000E-1	1.027646E-4	1.027646E-4	3.985733E-10	1.160869E+2
4.500000E-1	1.340448E-4	1.340448E-4	5.198941E-10	1.162764E+2
5.000000E-1	1.676205E-4	1.676205E-4	6.501177E-10	1.164648E+2
5.000000E-1	1.680490E-4	1.680490E-4	6.517797E-10	1.166533E+2
4.500000E-1	1.318828E-4	1.318828E-4	5.115086E-10	1.168418E+2
4.000000E-1	1.029403E-4	1.029403E-4	3.992550E-10	1.170313E+2
3.500000E-1	7.718824E-5	7.718824E-5	2.993753E-10	1.172197E+2
3.000000E-1	5.573628E-5	5.573628E-5	2.161737E-10	1.174082E+2
2.500000E-1	3.716500E-5	3.716500E-5	1.441448E-10	1.175967E+2
2.000000E-1	2.307131E-5	2.307131E-5	8.948231E-11	1.185752E+2
1.500000E-1	1.475655E-5	1.475655E-5	5.723343E-11	1.194707E+2
1.000000E-1	5.699906E-6	5.699906E-6	2.210714E-11	1.199941E+2
5.000000E-2	2.543574E-6	2.543574E-6	9.865275E-12	1.205176E+2
0.000000E+0	1.118557E-7	1.118557E-7	4.338335E-13	1.210410E+2
-5.000000E-2	3.815987E-6	-3.815987E-6	-1.480034E-11	1.215645E+2
-1.000000E-1	6.695871E-6	-6.695871E-6	-2.597000E-11	1.220879E+2
-1.500000E-1	1.358329E-5	-1.358329E-5	-5.268291E-11	1.226113E+2
-2.000000E-1	1.463908E-5	-1.463908E-5	-5.677780E-11	1.233848E+2
-2.500000E-1	3.366105E-5	-3.366105E-5	-1.305547E-10	1.235732E+2
-3.000000E-1	5.017675E-5	-5.017675E-5	-1.946110E-10	1.237617E+2
-3.500000E-1	6.981752E-5	-6.981752E-5	-2.707879E-10	1.239512E+2
-4.000000E-1	9.193480E-5	-9.193480E-5	-3.565700E-10	1.241396E+2
-4.500000E-1	1.178995E-4	-1.178995E-4	-4.572743E-10	1.243281E+2
-5.000000E-1	1.470563E-4	-1.470563E-4	-5.703591E-10	1.245176E+2
-5.000000E-1	1.468374E-4	-1.468374E-4	-5.695104E-10	1.247061E+2
-4.500000E-1	1.184954E-4	-1.184954E-4	-4.595857E-10	1.248945E+2
-4.000000E-1	9.187968E-5	-9.187968E-5	-3.563562E-10	1.250830E+2
-3.500000E-1	6.861345E-5	-6.861345E-5	-2.661179E-10	1.252725E+2
-3.000000E-1	5.016396E-5	-5.016396E-5	-1.945614E-10	1.254609E+2
-2.500000E-1	3.452868E-5	-3.452868E-5	-1.339198E-10	1.256494E+2
-2.000000E-1	1.960092E-5	-1.960092E-5	-7.602234E-11	1.265449E+2
-1.500000E-1	1.373087E-5	-1.373087E-5	-5.325530E-11	1.270684E+2
-1.000000E-1	5.208119E-6	-5.208119E-6	-2.019974E-11	1.275918E+2
-5.000000E-2	3.246822E-6	-3.246822E-6	-1.259283E-11	1.281152E+2
0.000000E+0	4.658717E-9	-4.658717E-9	-1.806888E-14	1.286387E+2
0.000000E+0	6.872431E-7	6.872431E-7	2.665479E-12	1.291631E+2
5.000000E-2	2.286729E-6	2.286729E-6	8.869100E-12	1.296865E+2
1.000000E-1	7.068066E-6	7.068066E-6	2.741356E-11	1.302100E+2
1.500000E-1	1.224583E-5	1.224583E-5	4.749555E-11	1.307334E+2
2.000000E-1	1.908766E-5	1.908766E-5	7.403167E-11	1.312568E+2
2.500000E-1	3.562268E-5	3.562268E-5	1.381629E-10	1.318623E+2
3.000000E-1	5.404891E-5	5.404891E-5	2.096292E-10	1.320508E+2
3.500000E-1	7.615256E-5	7.615256E-5	2.953584E-10	1.322402E+2
4.000000E-1	1.016097E-4	1.016097E-4	3.940942E-10	1.324287E+2
4.500000E-1	1.315213E-4	1.315213E-4	5.101068E-10	1.326172E+2
5.000000E-1	1.679409E-4	1.679409E-4	6.513604E-10	1.328057E+2
5.000000E-1	1.689110E-4	1.689110E-4	6.551228E-10	1.329951E+2
4.500000E-1	1.323529E-4	1.323529E-4	5.133319E-10	1.331836E+2
4.000000E-1	1.025597E-4	1.025597E-4	3.977788E-10	1.333721E+2
3.500000E-1	7.742265E-5	7.742265E-5	3.002845E-10	1.335605E+2
3.000000E-1	5.538979E-5	5.538979E-5	2.148298E-10	1.337500E+2
2.500000E-1	3.711281E-5	3.711281E-5	1.439424E-10	1.339385E+2
2.000000E-1	2.302030E-5	2.302030E-5	8.928447E-11	1.349160E+2
1.500000E-1	1.442334E-5	1.442334E-5	5.594105E-11	1.358115E+2
1.000000E-1	6.637973E-6	6.637973E-6	2.574544E-11	1.363350E+2
5.000000E-2	1.600699E-6	1.600699E-6	6.208326E-12	1.368584E+2
0.000000E+0	1.937089E-7	1.937089E-7	7.513018E-13	1.373818E+2
-5.000000E-2	3.638444E-6	-3.638444E-6	-1.411174E-11	1.379053E+2
-1.000000E-1	6.947337E-6	-6.947337E-6	-2.694531E-11	1.384287E+2
-1.500000E-1	1.295109E-5	-1.295109E-5	-5.023093E-11	1.389521E+2
-2.000000E-1	1.966041E-5	-1.966041E-5	-7.625309E-11	1.394756E+2
-2.500000E-1	2.126057E-5	-2.126057E-5	-8.245933E-11	1.399990E+2
-3.000000E-1	2.225593E-5	-2.225593E-5	-8.631983E-11	1.405225E+2
-3.500000E-1	6.176963E-5	-6.176963E-5	-2.395741E-10	1.411289E+2
-4.000000E-1	9.073587E-5	-9.073587E-5	-3.519199E-10	1.413174E+2
-4.500000E-1	1.173374E-4	-1.173374E-4	-4.550942E-10	1.415068E+2
-5.000000E-1	1.471414E-4	-1.471414E-4	-5.706895E-10	1.416953E+2
-5.000000E-1	1.513788E-4	-1.513788E-4	-5.871243E-10	1.418838E+2
-4.500000E-1	1.191486E-4	-1.191486E-4	-4.621189E-10	1.420723E+2
-4.000000E-1	9.240152E-5	-9.240152E-5	-3.583802E-10	1.422617E+2
-3.500000E-1	6.921770E-5	-6.921770E-5	-2.684615E-10	1.424502E+2
-3.000000E-1	5.064224E-5	-5.064224E-5	-1.964164E-10	1.426387E+2
-2.500000E-1	3.510681E-5	-3.510681E-5	-1.361621E-10	1.428271E+2
-2.000000E-1	1.953177E-5	-1.953177E-5	-7.575417E-11	1.437227E+2
-1.500000E-1	1.276241E-5	-1.276241E-5	-4.949914E-11	1.442461E+2
-1.000000E-1	5.046240E-6	-5.046240E-6	-1.957189E-11	1.447695E+2
-5.000000E-2	3.394258E-6	-3.394258E-6	-1.316466E-11	1.452930E+2
0.000000E+0	3.900478E-7	3.900478E-7	1.512804E-12	1.458164E+2
0.000000E+0	1.560026E-7	1.560026E-7	6.050577E-13	1.463408E+2
5.000000E-2	2.987073E-6	2.987073E-6	1.158539E-11	1.468643E+2
1.000000E-1	7.447706E-6	7.447706E-6	2.888600E-11	1.473877E+2
1.500000E-1	1.166874E-5	1.166874E-5	4.525731E-11	1.479111E+2
2.000000E-1	1.972800E-5	1.972800E-5	7.651524E-11	1.484346E+2
2.500000E-1	3.499945E-5	3.499945E-5	1.357457E-10	1.490400E+2
3.000000E-1	5.233356E-5	5.233356E-5	2.029762E-10	1.492285E+2
3.500000E-1	7.407797E-5	7.407797E-5	2.873121E-10	1.494180E+2
4.000000E-1	1.002741E-4	1.002741E-4	3.889141E-10	1.496064E+2
4.500000E-1	1.309052E-4	1.309052E-4	5.077171E-10	1.497949E+2
5.000000E-1	1.654195E-4	1.654195E-4	6.415811E-10	1.499834E+2
5.000000E-1	1.649720E-4	1.649720E-4	6.398454E-10	1.501729E+2
4.500000E-1	1.287389E-4	1.287389E-4	4.993150E-10	1.503613E+2
4.000000E-1	1.012359E-4	1.012359E-4	3.926444E-10	1.505498E+2
3.500000E-1	7.626004E-5	7.626004E-5	2.957753E-10	1.507393E+2
3.000000E-1	5.474521E-5	5.474521E-5	2.123298E-10	1.509277E+2
2.500000E-1	3.754136E-5	3.754136E-5	1.456045E-10	1.511162E+2
2.000000E-1	1.977008E-5	1.977008E-5	7.667844E-11	1.520117E+2
1.500000E-1	1.294231E-5	1.294231E-5	5.019689E-11	1.525352E+2
1.000000E-1	7.303914E-6	7.303914E-6	2.832830E-11	1.530586E+2
5.000000E-2	1.008741E-6	1.008741E-6	3.912412E-12	1.535820E+2
0.000000E+0	4.553878E-8	4.553878E-8	1.766226E-13	1.541055E+2
-5.000000E-2	3.374423E-6	-3.374423E-6	-1.308773E-11	1.546289E+2
-1.000000E-1	6.853749E-6	-6.853749E-6	-2.658233E-11	1.551523E+2
-1.500000E-1	1.243309E-5	-1.243309E-5	-4.822186E-11	1.556758E+2
-2.000000E-1	1.975809E-5	-1.975809E-5	-7.663194E-11	1.561992E+2
-2.500000E-1	2.121682E-5	-2.121682E-5	-8.228965E-11	1.567227E+2
-3.000000E-1	2.223609E-5	-2.223609E-5	-8.624290E-11	1.572461E+2
-3.500000E-1	5.850570E-5	-5.850570E-5	-2.269149E-10	1.578525E+2
-4.000000E-1	9.019927E-5	-9.019927E-5	-3.498387E-10	1.580410E+2
-4.500000E-1	1.173441E-4	-1.173441E-4	-4.551203E-10	1.582295E+2
-5.000000E-1	1.466769E-4	-1.466769E-4	-5.688876E-10	1.584189E+2
-5.000000E-1	1.478365E-4	-1.478365E-4	-5.733853E-10	1.586074E+2
-4.500000E-1	1.176951E-4	-1.176951E-4	-4.564816E-10	1.587959E+2
-4.000000E-1	9.197580E-5	-9.197580E-5	-3.567290E-10	1.589844E+2
-3.500000E-1	6.998559E-5	-6.998559E-5	-2.714398E-10	1.591738E+2
-3.000000E-1	5.135785E-5	-5.135785E-5	-1.991919E-10	1.593623E+2
-2.500000E-1	3.509596E-5	-3.509596E-5	-1.361200E-10	1.595508E+2
-2.000000E-1	1.978033E-5	-1.978033E-5	-7.671819E-11	1.604463E+2
-1.500000E-1	1.331215E-5	-1.331215E-5	-5.163130E-11	1.609697E+2
-1.000000E-1	4.910642E-6	-4.910642E-6	-1.904597E-11	1.614932E+2
-5.000000E-2	3.294988E-6	-3.294988E-6	-1.277964E-11	1.620166E+2
0.000000E+0	4.268415E-7	4.268415E-7	1.655509E-12	1.625400E+2
0.000000E+0	1.544068E-7	1.544068E-7	5.988682E-13	1.630645E+2
5.000000E-2	2.935037E-6	2.935037E-6	1.138357E-11	1.635879E+2
1.000000E-1	7.616689E-6	7.616689E-6	2.954140E-11	1.641113E+2
1.500000E-1	1.202006E-5	1.202006E-5	4.661991E-11	1.646348E+2
2.000000E-1	1.982177E-5	1.982177E-5	7.687892E-11	1.651582E+2
2.500000E-1	3.630194E-5	3.630194E-5	1.407974E-10	1.657637E+2
3.000000E-1	5.498398E-5	5.498398E-5	2.132559E-10	1.659521E+2
3.500000E-1	7.681528E-5	7.681528E-5	2.979288E-10	1.661416E+2
4.000000E-1	1.033848E-4	1.033848E-4	4.009789E-10	1.663301E+2
4.500000E-1	1.328872E-4	1.328872E-4	5.154042E-10	1.665186E+2
5.000000E-1	1.678289E-4	1.678289E-4	6.509261E-10	1.667070E+2
5.000000E-1	1.675623E-4	1.675623E-4	6.498919E-10	1.668965E+2
4.500000E-1	1.303768E-4	1.303768E-4	5.056678E-10	1.670850E+2
4.000000E-1	1.030620E-4	1.030620E-4	3.997269E-10	1.672734E+2
3.500000E-1	7.711555E-5	7.711555E-5	2.990934E-10	1.674619E+2
3.000000E-1	5.473404E-5	5.473404E-5	2.122865E-10	1.676514E+2
2.500000E-1	3.765477E-5	3.765477E-5	1.460444E-10	1.678398E+2
2.000000E-1	1.979730E-5	1.979730E-5	7.678402E-11	1.687354E+2
1.500000E-1	1.313259E-5	1.313259E-5	5.093489E-11	1.692588E+2
1.000000E-1	7.165938E-6	7.165938E-6	2.779316E-11	1.697822E+2
5.000000E-2	1.151848E-6	1.151848E-6	4.467454E-12	1.703057E+2
0.000000E+0	5.602985E-8	5.602985E-8	2.173123E-13	1.708291E+2
-5.000000E-2	3.584122E-6	-3.584122E-6	-1.390105E-11	1.713525E+2
-1.000000E-1	7.223793E-6	-7.223793E-6	-2.801755E-11	1.718760E+2
-1.500000E-1	1.329917E-5	-1.329917E-5	-5.158096E-11	1.723994E+2
-2.000000E-1	1.984381E-5	-1.984381E-5	-7.696442E-11	1.729229E+2
-2.500000E-1	2.135478E-5	-2.135478E-5	-8.282472E-11	1.734463E+2
-3.000000E-1	2.227304E-5	-2.227304E-5	-8.638618E-11	1.739697E+2
-3.500000E-1	6.153766E-5	-6.153766E-5	-2.386744E-10	1.745762E+2
-4.000000E-1	9.156654E-5	-9.156654E-5	-3.551417E-10	1.747646E+2
-4.500000E-1	1.191789E-4	-1.191789E-4	-4.622366E-10	1.749531E+2
-5.000000E-1	1.500842E-4	-1.500842E-4	-5.821030E-10	1.751416E+2
-5.000000E-1	1.511866E-4	-1.511866E-4	-5.863785E-10	1.753311E+2
-4.500000E-1	1.209980E-4	-1.209980E-4	-4.692919E-10	1.755195E+2
-4.000000E-1	9.285544E-5	-9.285544E-5	-3.601407E-10	1.757080E+2
-3.500000E-1	6.989175E-5	-6.989175E-5	-2.710758E-10	1.758975E+2
-3.000000E-1	5.025433E-5	-5.025433E-5	-1.949119E-10	1.760859E+2
-2.500000E-1	3.446015E-5	-3.446015E-5	-1.336540E-10	1.762744E+2
-2.000000E-1	1.965964E-5	-1.965964E-5	-7.625010E-11	1.771699E+2
-1.500000E-1	1.293419E-5	-1.293419E-5	-5.016536E-11	1.776934E+2
-1.000000E-1	5.437486E-6	-5.437486E-6	-2.108934E-11	1.782168E+2
-5.000000E-2	3.404140E-6	-3.404140E-6	-1.320299E-11	1.787402E+2
0.000000E+0	5.391981E-7	5.391981E-7	2.091285E-12	1.792637E+2
0.000000E+0	1.800369E-7	1.800369E-7	6.982748E-13	1.797881E+2
5.000000E-2	3.172647E-6	3.172647E-6	1.230514E-11	1.803115E+2
1.000000E-1	7.615585E-6	7.615585E-6	2.953712E-11	1.808350E+2
1.500000E-1	1.190924E-5	1.190924E-5	4.619010E-11	1.813584E+2
2.000000E-1	1.990965E-5	1.990965E-5	7.721977E-11	1.818818E+2
2.500000E-1	3.827132E-5	3.827132E-5	1.484357E-10	1.824873E+2
3.000000E-1	5.720775E-5	5.720775E-5	2.218808E-10	1.826758E+2
3.500000E-1	8.078240E-5	8.078240E-5	3.133153E-10	1.828652E+2
4.000000E-1	1.077943E-4	1.077943E-4	4.180812E-10	1.830537E+2
4.500000E-1	1.372231E-4	1.372231E-4	5.322212E-10	1.832422E+2
5.000000E-1	1.750697E-4	1.750697E-4	6.790094E-10	1.834307E+2
5.000000E-1	1.765766E-4	1.765766E-4	6.848539E-10	1.836201E+2
4.500000E-1	1.371469E-4	1.371469E-4	5.319257E-10	1.838086E+2
4.000000E-1	1.076146E-4	1.076146E-4	4.173843E-10	1.839971E+2
3.500000E-1	8.091438E-5	8.091438E-5	3.138272E-10	1.841855E+2
3.000000E-1	5.771506E-5	5.771506E-5	2.238484E-10	1.843750E+2
2.500000E-1	3.982476E-5	3.982476E-5	1.544607E-10	1.845635E+2
2.000000E-1	1.959048E-5	1.959048E-5	7.598185E-11	1.854590E+2
1.500000E-1	1.039989E-5	1.039989E-5	4.033607E-11	1.859824E+2
1.000000E-1	9.130943E-7	9.130943E-7	3.541445E-12	1.865059E+2
5.000000E-2	2.235290E-6	-2.235290E-6	-8.669593E-12	1.870293E+2
0.000000E+0	1.737429E-5	-1.737429E-5	-6.738636E-11	1.875527E+2
-5.000000E-2	1.489209E-5	-1.489209E-5	-5.775912E-11	1.880762E+2
-1.000000E-1	2.441318E-7	-2.441318E-7	-9.468676E-13	1.885996E+2
-1.500000E-1	1.904167E-5	-1.904167E-5	-7.385330E-11	1.891230E+2
-2.000000E-1	1.789417E-5	-1.789417E-5	-6.940271E-11	1.897295E+2
-2.500000E-1	4.016275E-5	-4.016275E-5	-1.557716E-10	1.899180E+2
-3.000000E-1	5.631916E-5	-5.631916E-5	-2.184344E-10	1.901064E+2
-3.500000E-1	7.712105E-5	-7.712105E-5	-2.991147E-10	1.902949E+2
-4.000000E-1	1.000532E-4	-1.000532E-4	-3.880573E-10	1.904844E+2
-4.500000E-1	1.267359E-4	-1.267359E-4	-4.915464E-10	1.906729E+2
-5.000000E-1	1.591209E-4	-1.591209E-4	-6.171519E-10	1.908613E+2
-5.000000E-1	1.212077E-4	-1.212077E-4	-4.701054E-10	1.910508E+2
-4.500000E-1	1.408917E-4	-1.408917E-4	-5.464496E-10	1.912393E+2
-4.000000E-1	7.543873E-5	-7.543873E-5	-2.925898E-10	1.914277E+2
-3.500000E-1	7.104498E-5	-7.104498E-5	-2.755486E-10	1.916162E+2
-3.000000E-1	7.611089E-5	-7.611089E-5	-2.951968E-10	1.918057E+2
-2.500000E-1	3.447474E-5	-3.447474E-5	-1.337106E-10	1.919941E+2
-2.000000E-1	3.563423E-5	-3.563423E-5	-1.382077E-10	1.921826E+2
-1.500000E-1	1.757775E-5	-1.757775E-5	-6.817545E-11	1.930781E+2
-1.000000E-1	4.769002E-6	-4.769002E-6	-1.849662E-11	1.936016E+2
-5.000000E-2	4.084554E-6	-4.084554E-6	-1.584198E-11	1.941250E+2
0.000000E+0	4.995378E-6	4.995378E-6	1.937462E-11	1.946484E+2
0.000000E+0	7.281483E-9	7.281483E-9	2.824130E-14	1.951729E+2
5.000000E-2	2.683049E-6	2.683049E-6	1.040623E-11	1.956963E+2
1.000000E-1	3.671145E-6	3.671145E-6	1.423857E-11	1.962197E+2
1.500000E-1	1.314162E-5	1.314162E-5	5.096989E-11	1.968252E+2
2.000000E-1	2.632565E-5	2.632565E-5	1.021043E-10	1.970137E+2
2.500000E-1	4.244809E-5	4.244809E-5	1.646353E-10	1.972021E+2
3.000000E-1	5.560690E-5	5.560690E-5	2.156719E-10	1.973916E+2
3.500000E-1	7.978908E-5	7.978908E-5	3.094627E-10	1.975801E+2
4.000000E-1	1.066736E-4	1.066736E-4	4.137345E-10	1.977686E+2
4.500000E-1	1.597402E-4	1.597402E-4	6.195537E-10	1.979580E+2
5.000000E-1	1.571869E-4	1.571869E-4	6.096508E-10	1.981465E+2
5.000000E-1	1.733984E-4	1.733984E-4	6.725273E-10	1.983350E+2
4.500000E-1	1.471977E-4	1.471977E-4	5.709075E-10	1.985234E+2
4.000000E-1	1.089072E-4	1.089072E-4	4.223975E-10	1.987119E+2
3.500000E-1	7.295194E-5	7.295194E-5	2.829448E-10	1.989014E+2
3.000000E-1	5.582645E-5	5.582645E-5	2.165234E-10	1.990898E+2
2.500000E-1	3.860161E-5	3.860161E-5	1.497167E-10	1.992783E+2
2.000000E-1	4.016007E-5	4.016007E-5	1.557612E-10	1.994678E+2
1.500000E-1	1.253006E-5	1.253006E-5	4.859795E-11	2.003623E+2
1.000000E-1	8.109272E-6	8.109272E-6	3.145189E-11	2.008857E+2
5.000000E-2	2.670008E-6	-2.670008E-6	-1.035565E-11	2.014092E+2
0.000000E+0	1.771372E-6	1.771372E-6	6.870282E-12	2.019326E+2
-5.000000E-2	3.274312E-6	-3.274312E-6	-1.269945E-11	2.024570E+2
-1.000000E-1	1.105802E-5	-1.105802E-5	-4.288865E-11	2.029805E+2
-1.500000E-1	3.940073E-6	-3.940073E-6	-1.528161E-11	2.035039E+2
-2.000000E-1	1.839371E-5	-1.839371E-5	-7.134018E-11	2.040273E+2
-2.500000E-1	8.009530E-6	-8.009530E-6	-3.106504E-11	2.046328E+2
-3.000000E-1	7.202729E-5	-7.202729E-5	-2.793585E-10	2.048213E+2
-3.500000E-1	7.831049E-5	-7.831049E-5	-3.037280E-10	2.050107E+2
-4.000000E-1	9.422671E-5	-9.422671E-5	-3.654592E-10	2.051992E+2
-4.500000E-1	1.308100E-4	-1.308100E-4	-5.073478E-10	2.053877E+2
-5.000000E-1	1.434906E-4	-1.434906E-4	-5.565295E-10	2.055762E+2
-5.000000E-1	1.696977E-4	-1.696977E-4	-6.581742E-10	2.057656E+2
-4.500000E-1	1.291125E-4	-1.291125E-4	-5.007641E-10	2.059541E+2
-4.000000E-1	1.021176E-4	-1.021176E-4	-3.960642E-10	2.061426E+2
-3.500000E-1	7.599188E-5	-7.599188E-5	-2.947352E-10	2.063320E+2
-3.000000E-1	5.523256E-5	-5.523256E-5	-2.142200E-10	2.065205E+2
-2.500000E-1	3.758016E-5	-3.758016E-5	-1.457550E-10	2.067090E+2
-2.000000E-1	2.175491E-5	-2.175491E-5	-8.437662E-11	2.076875E+2
-1.500000E-1	1.438097E-5	-1.438097E-5	-5.577672E-11	2.085820E+2
-1.000000E-1	5.433129E-6	-5.433129E-6	-2.107244E-11	2.091055E+2
-5.000000E-2	3.342988E-6	-3.342988E-6	-1.296581E-11	2.096289E+2
0.000000E+0	6.134694E-8	-6.134694E-8	-2.379347E-13	2.101523E+2
0.000000E+0	8.877470E-7	8.877470E-7	3.443135E-12	2.106768E+2
5.000000E-2	2.612269E-6	2.612269E-6	1.013171E-11	2.112002E+2
1.000000E-1	8.031078E-6	8.031078E-6	3.114861E-11	2.117236E+2
1.500000E-1	1.372935E-5	1.372935E-5	5.324943E-11	2.122471E+2
2.000000E-1	1.969081E-5	1.969081E-5	7.637101E-11	2.127705E+2
2.500000E-1	3.730590E-5	3.730590E-5	1.446913E-10	2.133760E+2
3.000000E-1	5.760218E-5	5.760218E-5	2.234106E-10	2.135654E+2
3.500000E-1	8.088880E-5	8.088880E-5	3.137280E-10	2.137539E+2
4.000000E-1	1.078878E-4	1.078878E-4	4.184438E-10	2.139424E+2
4.500000E-1	1.388528E-4	1.388528E-4	5.385418E-10	2.141309E+2
5.000000E-1	1.764437E-4	1.764437E-4	6.843387E-10	2.143203E+2
5.000000E-1	1.755698E-4	1.755698E-4	6.809491E-10	2.145088E+2
4.500000E-1	1.374008E-4	1.374008E-4	5.329104E-10	2.146973E+2
4.000000E-1	1.080171E-4	1.080171E-4	4.189452E-10	2.148867E+2
3.500000E-1	8.199474E-5	8.199474E-5	3.180174E-10	2.150752E+2
3.000000E-1	5.793272E-5	5.793272E-5	2.246926E-10	2.152637E+2
2.500000E-1	3.942517E-5	3.942517E-5	1.529109E-10	2.154521E+2
2.000000E-1	2.410737E-5	2.410737E-5	9.350065E-11	2.164307E+2
1.500000E-1	1.576364E-5	1.576364E-5	6.113941E-11	2.173262E+2
1.000000E-1	6.061009E-6	6.061009E-6	2.350768E-11	2.178496E+2
5.000000E-2	2.907761E-6	2.907761E-6	1.127778E-11	2.183730E+2
0.000000E+0	1.927356E-7	1.927356E-7	7.475270E-13	2.188965E+2
-5.000000E-2	4.112740E-6	-4.112740E-6	-1.595130E-11	2.194199E+2
-1.000000E-1	7.006385E-6	-7.006385E-6	-2.717433E-11	2.199434E+2
-1.500000E-1	1.473363E-5	-1.473363E-5	-5.714453E-11	2.204668E+2
-2.000000E-1	1.828198E-5	-1.828198E-5	-7.090684E-11	2.210732E+2
-2.500000E-1	3.773383E-5	-3.773383E-5	-1.463510E-10	2.212617E+2
-3.000000E-1	5.574397E-5	-5.574397E-5	-2.162035E-10	2.214502E+2
-3.500000E-1	7.590810E-5	-7.590810E-5	-2.944103E-10	2.216387E+2
-4.000000E-1	1.005407E-4	-1.005407E-4	-3.899481E-10	2.218271E+2
-4.500000E-1	1.276442E-4	-1.276442E-4	-4.950691E-10	2.220166E+2
-5.000000E-1	1.592963E-4	-1.592963E-4	-6.178322E-10	2.222051E+2
-5.000000E-1	1.602057E-4	-1.602057E-4	-6.213594E-10	2.223936E+2
-4.500000E-1	1.279390E-4	-1.279390E-4	-4.962128E-10	2.225830E+2
-4.000000E-1	9.847807E-5	-9.847807E-5	-3.819481E-10	2.227715E+2
-3.500000E-1	7.416295E-5	-7.416295E-5	-2.876417E-10	2.229600E+2
-3.000000E-1	5.431672E-5	-5.431672E-5	-2.106679E-10	2.231484E+2
-2.500000E-1	3.782239E-5	-3.782239E-5	-1.466945E-10	2.233379E+2
-2.000000E-1	2.007670E-5	-2.007670E-5	-7.786766E-11	2.242324E+2
-1.500000E-1	1.534772E-5	-1.534772E-5	-5.952627E-11	2.247559E+2
-1.000000E-1	5.588639E-6	-5.588639E-6	-2.167559E-11	2.252793E+2
-5.000000E-2	3.579012E-6	-3.579012E-6	-1.388123E-11	2.258027E+2
0.000000E+0	3.251729E-7	3.251729E-7	1.261186E-12	2.263262E+2
0.000000E+0	4.000952E-7	4.000952E-7	1.551773E-12	2.268506E+2
5.000000E-2	3.008854E-6	3.008854E-6	1.166987E-11	2.273740E+2
1.000000E-1	8.374638E-6	8.374638E-6	3.248111E-11	2.278975E+2
1.500000E-1	1.368003E-5	1.368003E-5	5.305813E-11	2.284209E+2
2.000000E-1	2.007332E-5	2.007332E-5	7.785456E-11	2.289443E+2
2.500000E-1	4.017788E-5	4.017788E-5	1.558303E-10	2.295498E+2
3.000000E-1	6.053800E-5	6.053800E-5	2.347972E-10	2.297383E+2
3.500000E-1	8.491358E-5	8.491358E-5	3.293381E-10	2.299277E+2
4.000000E-1	1.146140E-4	1.146140E-4	4.445314E-10	2.301162E+2
4.500000E-1	1.428536E-4	1.428536E-4	5.540590E-10	2.303047E+2
5.000000E-1	1.797538E-4	1.797538E-4	6.971767E-10	2.304932E+2
5.000000E-1	1.794821E-4	1.794821E-4	6.961232E-10	2.306826E+2
4.500000E-1	1.422928E-4	1.422928E-4	5.518839E-10	2.308711E+2
4.000000E-1	1.131364E-4	1.131364E-4	4.388007E-10	2.310596E+2
3.500000E-1	8.441240E-5	8.441240E-5	3.273943E-10	2.312480E+2
3.000000E-1	5.976079E-5	5.976079E-5	2.317828E-10	2.314375E+2
2.500000E-1	4.152440E-5	4.152440E-5	1.610528E-10	2.316260E+2
2.000000E-1	2.668316E-5	2.668316E-5	1.034909E-10	2.318145E+2
1.500000E-1	1.582365E-5	1.582365E-5	6.137218E-11	2.327100E+2
1.000000E-1	9.104152E-6	9.104152E-6	3.531054E-11	2.332334E+2
5.000000E-2	1.370100E-6	1.370100E-6	5.313944E-12	2.337568E+2
0.000000E+0	5.036865E-6	5.036865E-6	1.953553E-11	2.342803E+2
-5.000000E-2	3.411365E-6	3.411365E-6	1.323101E-11	2.348037E+2
-1.000000E-1	1.029121E-5	-1.029121E-5	-3.991456E-11	2.353281E+2
-1.500000E-1	4.741876E-6	-4.741876E-6	-1.839141E-11	2.358516E+2
-2.000000E-1	1.897871E-5	-1.897871E-5	-7.360912E-11	2.363750E+2
-2.500000E-1	3.760803E-5	-3.760803E-5	-1.458631E-10	2.369805E+2
-3.000000E-1	5.617697E-5	-5.617697E-5	-2.178829E-10	2.371689E+2
-3.500000E-1	7.693239E-5	-7.693239E-5	-2.983830E-10	2.373584E+2
-4.000000E-1	1.019486E-4	-1.019486E-4	-3.954087E-10	2.375469E+2
-4.500000E-1	1.318117E-4	-1.318117E-4	-5.112329E-10	2.377354E+2
-5.000000E-1	1.661699E-4	-1.661699E-4	-6.444916E-10	2.379238E+2
-5.000000E-1	1.663110E-4	-1.663110E-4	-6.450387E-10	2.381133E+2
-4.500000E-1	1.327415E-4	-1.327415E-4	-5.148391E-10	2.383018E+2
-4.000000E-1	1.030041E-4	-1.030041E-4	-3.995025E-10	2.384902E+2
-3.500000E-1	5.450957E-5	-5.450957E-5	-2.114159E-10	2.386787E+2
-3.000000E-1	5.946194E-5	-5.946194E-5	-2.306237E-10	2.388682E+2
-2.500000E-1	4.316424E-5	-4.316424E-5	-1.674129E-10	2.390566E+2
-2.000000E-1	3.927560E-5	-3.927560E-5	-1.523308E-10	2.392451E+2
-1.500000E-1	1.731193E-5	-1.731193E-5	-6.714450E-11	2.401406E+2
-1.000000E-1	1.827820E-6	-1.827820E-6	-7.089218E-12	2.406641E+2
-5.000000E-2	1.409330E-6	1.409330E-6	5.466100E-12	2.411875E+2
0.000000E+0	3.366314E-6	-3.366314E-6	-1.305628E-11	2.417109E+2
0.000000E+0	2.790077E-6	-2.790077E-6	-1.082134E-11	2.422354E+2
5.000000E-2	7.903039E-7	7.903039E-7	3.065201E-12	2.427588E+2
1.000000E-1	3.381113E-7	3.381113E-7	1.311368E-12	2.432822E+2
1.500000E-1	1.053654E-5	1.053654E-5	4.086609E-11	2.442227E+2
2.000000E-1	2.001222E-5	2.001222E-5	7.761759E-11	2.451172E+2
2.500000E-1	3.918642E-5	3.918642E-5	1.519849E-10	2.457236E+2
3.000000E-1	5.913846E-5	5.913846E-5	2.293691E-10	2.459121E+2
3.500000E-1	8.163672E-5	8.163672E-5	3.166288E-10	2.461016E+2
4.000000E-1	1.092504E-4	1.092504E-4	4.237286E-10	2.462900E+2
4.500000E-1	1.391989E-4	1.391989E-4	5.398841E-10	2.464785E+2
5.000000E-1	1.787971E-4	1.787971E-4	6.934663E-10	2.466670E+2
5.000000E-1	1.690368E-4	1.690368E-4	6.556107E-10	2.468555E+2
4.500000E-1	1.374663E-4	1.374663E-4	5.331642E-10	2.470449E+2
4.000000E-1	1.214519E-4	1.214519E-4	4.710524E-10	2.472334E+2
3.500000E-1	7.087620E-5	7.087620E-5	2.748940E-10	2.474219E+2
3.000000E-1	5.642526E-5	5.642526E-5	2.188459E-10	2.476104E+2
2.500000E-1	5.695851E-5	5.695851E-5	2.209141E-10	2.477998E+2
2.000000E-1	2.003022E-5	2.003022E-5	7.768741E-11	2.486953E+2
1.500000E-1	1.481664E-5	1.481664E-5	5.746648E-11	2.492188E+2
1.000000E-1	6.112544E-6	6.112544E-6	2.370756E-11	2.497422E+2
5.000000E-2	2.485519E-6	2.485519E-6	9.640108E-12	2.502656E+2
0.000000E+0	1.671234E-7	1.671234E-7	6.481898E-13	2.507891E+2
-5.000000E-2	4.281506E-6	-4.281506E-6	-1.660586E-11	2.513125E+2
-1.000000E-1	7.162362E-6	-7.162362E-6	-2.777929E-11	2.518359E+2
-1.500000E-1	1.510722E-5	-1.510722E-5	-5.859349E-11	2.523594E+2
-2.000000E-1	1.845161E-5	-1.845161E-5	-7.156475E-11	2.529658E+2
-2.500000E-1	3.869053E-5	-3.869053E-5	-1.500616E-10	2.531543E+2
-3.000000E-1	5.775196E-5	-5.775196E-5	-2.239915E-10	2.533428E+2
-3.500000E-1	7.880873E-5	-7.880873E-5	-3.056604E-10	2.535312E+2
-4.000000E-1	1.041404E-4	-1.041404E-4	-4.039094E-10	2.537207E+2
-4.500000E-1	1.337368E-4	-1.337368E-4	-5.186996E-10	2.539092E+2
-5.000000E-1	1.665093E-4	-1.665093E-4	-6.458079E-10	2.540977E+2
-5.000000E-1	1.570961E-4	-1.570961E-4	-6.092988E-10	2.542861E+2
-4.500000E-1	1.252684E-4	-1.252684E-4	-4.858545E-10	2.544756E+2
-4.000000E-1	1.128796E-4	-1.128796E-4	-4.378047E-10	2.546641E+2
-3.500000E-1	5.969770E-5	-5.969770E-5	-2.315381E-10	2.548525E+2
-3.000000E-1	5.970345E-5	-5.970345E-5	-2.315604E-10	2.550410E+2
-2.500000E-1	4.249986E-5	-4.249986E-5	-1.648361E-10	2.552305E+2
-2.000000E-1	3.738428E-5	-3.738428E-5	-1.449953E-10	2.554189E+2
-1.500000E-1	1.361822E-5	-1.361822E-5	-5.281839E-11	2.563145E+2
-1.000000E-1	1.020165E-5	-1.020165E-5	-3.956721E-11	2.568379E+2
-5.000000E-2	6.726801E-6	-6.726801E-6	-2.608996E-11	2.573613E+2
0.000000E+0	7.329860E-7	-7.329860E-7	-2.842893E-12	2.578848E+2
0.000000E+0	7.144262E-7	7.144262E-7	2.770909E-12	2.584082E+2
5.000000E-2	2.930422E-6	2.930422E-6	1.136567E-11	2.589316E+2
1.000000E-1	8.348310E-6	8.348310E-6	3.237900E-11	2.594551E+2
1.500000E-1	1.396946E-5	1.396946E-5	5.418070E-11	2.599785E+2
2.000000E-1	1.993458E-5	1.993458E-5	7.731644E-11	2.605020E+2
2.500000E-1	3.983525E-5	3.983525E-5	1.545014E-10	2.611084E+2
3.000000E-1	6.027225E-5	6.027225E-5	2.337665E-10	2.612969E+2
3.500000E-1	8.482679E-5	8.482679E-5	3.290015E-10	2.614854E+2
4.000000E-1	1.118204E-4	1.118204E-4	4.336965E-10	2.616738E+2
4.500000E-1	1.452479E-4	1.452479E-4	5.633453E-10	2.618633E+2
5.000000E-1	1.809011E-4	1.809011E-4	7.016267E-10	2.620518E+2
5.000000E-1	1.814471E-4	1.814471E-4	7.037441E-10	2.622402E+2
4.500000E-1	1.450574E-4	1.450574E-4	5.626067E-10	2.624287E+2
4.000000E-1	1.141582E-4	1.141582E-4	4.427638E-10	2.626182E+2
3.500000E-1	8.657857E-5	8.657857E-5	3.357958E-10	2.628066E+2
3.000000E-1	6.148658E-5	6.148658E-5	2.384763E-10	2.629951E+2
2.500000E-1	4.195609E-5	4.195609E-5	1.627271E-10	2.631836E+2
2.000000E-1	2.751864E-5	2.751864E-5	1.067313E-10	2.633730E+2
1.500000E-1	1.612602E-5	1.612602E-5	6.254492E-11	2.642676E+2
1.000000E-1	1.113074E-5	1.113074E-5	4.317068E-11	2.647910E+2
5.000000E-2	5.880238E-6	5.880238E-6	2.280656E-11	2.653145E+2
0.000000E+0	5.248294E-6	-5.248294E-6	-2.035556E-11	2.658379E+2
-5.000000E-2	4.342555E-6	-4.342555E-6	-1.684264E-11	2.663623E+2
-1.000000E-1	9.979596E-6	-9.979596E-6	-3.870596E-11	2.668857E+2
-1.500000E-1	3.713659E-6	-3.713659E-6	-1.440346E-11	2.674092E+2
-2.000000E-1	2.005721E-5	-2.005721E-5	-7.779208E-11	2.679326E+2
-2.500000E-1	3.863956E-5	-3.863956E-5	-1.498639E-10	2.685381E+2
-3.000000E-1	4.294596E-5	-4.294596E-5	-1.665663E-10	2.687266E+2
-3.500000E-1	9.562676E-5	-9.562676E-5	-3.708893E-10	2.689160E+2
-4.000000E-1	1.121198E-4	-1.121198E-4	-4.348577E-10	2.691045E+2
-4.500000E-1	1.279376E-4	-1.279376E-4	-4.962071E-10	2.692930E+2
-5.000000E-1	1.839728E-4	-1.839728E-4	-7.135403E-10	2.694824E+2
-5.000000E-1	1.779155E-4	-1.779155E-4	-6.900471E-10	2.700576E+2
-4.500000E-1	1.251323E-4	-1.251323E-4	-4.853270E-10	2.704697E+2
-4.000000E-1	1.189276E-4	-1.189276E-4	-4.612619E-10	2.706582E+2
-3.500000E-1	8.433302E-5	-8.433302E-5	-3.270864E-10	2.708467E+2
-3.000000E-1	4.555776E-5	-4.555776E-5	-1.766962E-10	2.710352E+2
-2.500000E-1	5.364922E-5	-5.364922E-5	-2.080790E-10	2.712246E+2
-2.000000E-1	1.874608E-5	-1.874608E-5	-7.270684E-11	2.722021E+2
-1.500000E-1	1.264043E-5	-1.264043E-5	-4.902601E-11	2.730977E+2
-1.000000E-1	4.079332E-6	-4.079332E-6	-1.582173E-11	2.736211E+2
-5.000000E-2	5.082671E-6	-5.082671E-6	-1.971319E-11	2.741445E+2
0.000000E+0	4.198461E-6	-4.198461E-6	-1.628377E-11	2.746680E+2
0.000000E+0	7.702706E-6	7.702706E-6	2.987502E-11	2.751914E+2
5.000000E-2	6.352198E-6	6.352198E-6	2.463706E-11	2.757148E+2
1.000000E-1	5.251352E-6	5.251352E-6	2.036742E-11	2.762383E+2
1.500000E-1	1.245651E-5	1.245651E-5	4.831269E-11	2.771787E+2
2.000000E-1	1.894105E-5	1.894105E-5	7.346305E-11	2.780742E+2
2.500000E-1	3.983489E-5	3.983489E-5	1.545000E-10	2.786797E+2
3.000000E-1	5.971694E-5	5.971694E-5	2.316127E-10	2.788691E+2
3.500000E-1	8.376300E-5	8.376300E-5	3.248756E-10	2.790576E+2
4.000000E-1	1.107144E-4	1.107144E-4	4.294067E-10	2.792461E+2
4.500000E-1	1.430788E-4	1.430788E-4	5.549325E-10	2.794355E+2
5.000000E-1	1.797957E-4	1.797957E-4	6.973394E-10	2.796240E+2
5.000000E-1	1.790533E-4	1.790533E-4	6.944598E-10	2.798125E+2
4.500000E-1	1.411914E-4	1.411914E-4	5.476121E-10	2.800010E+2
4.000000E-1	1.123471E-4	1.123471E-4	4.357394E-10	2.801904E+2
3.500000E-1	8.405647E-5	8.405647E-5	3.260138E-10	2.803789E+2
3.000000E-1	5.903257E-5	5.903257E-5	2.289584E-10	2.805674E+2
2.500000E-1	4.068300E-5	4.068300E-5	1.577894E-10	2.807559E+2
2.000000E-1	2.654749E-5	2.654749E-5	1.029647E-10	2.809453E+2
1.500000E-1	1.569670E-5	1.569670E-5	6.087979E-11	2.818398E+2
1.000000E-1	8.868905E-6	8.868905E-6	3.439813E-11	2.823633E+2
5.000000E-2	1.032375E-6	1.032375E-6	4.004075E-12	2.828867E+2
0.000000E+0	6.238103E-8	6.238103E-8	2.419454E-13	2.834102E+2
-5.000000E-2	3.594275E-6	-3.594275E-6	-1.394043E-11	2.839346E+2
-1.000000E-1	7.707358E-6	-7.707358E-6	-2.989306E-11	2.844580E+2
-1.500000E-1	1.351135E-5	-1.351135E-5	-5.240390E-11	2.849814E+2
-2.000000E-1	2.006283E-5	-2.006283E-5	-7.781388E-11	2.855049E+2
-2.500000E-1	2.145621E-5	-2.145621E-5	-8.321810E-11	2.860283E+2
-3.000000E-1	2.234788E-5	-2.234788E-5	-8.667646E-11	2.865518E+2
-3.500000E-1	6.913034E-5	-6.913034E-5	-2.681227E-10	2.871572E+2
-4.000000E-1	1.016081E-4	-1.016081E-4	-3.940878E-10	2.873457E+2
-4.500000E-1	1.321519E-4	-1.321519E-4	-5.125524E-10	2.875352E+2
-5.000000E-1	1.665783E-4	-1.665783E-4	-6.460754E-10	2.877236E+2
-5.000000E-1	1.684330E-4	-1.684330E-4	-6.532690E-10	2.879121E+2
-4.500000E-1	1.327181E-4	-1.327181E-4	-5.147485E-10	2.881016E+2
-4.000000E-1	1.022512E-4	-1.022512E-4	-3.965821E-10	2.882900E+2
-3.500000E-1	7.777392E-5	-7.777392E-5	-3.016469E-10	2.884785E+2
-3.000000E-1	5.686687E-5	-5.686687E-5	-2.205587E-10	2.886670E+2
-2.500000E-1	3.887450E-5	-3.887450E-5	-1.507751E-10	2.888564E+2
-2.000000E-1	2.010509E-5	-2.010509E-5	-7.797776E-11	2.897510E+2
-1.500000E-1	1.301470E-5	-1.301470E-5	-5.047764E-11	2.902744E+2
-1.000000E-1	5.909350E-6	-5.909350E-6	-2.291947E-11	2.907979E+2
-5.000000E-2	3.551016E-6	-3.551016E-6	-1.377265E-11	2.913213E+2
0.000000E+0	8.264894E-7	8.264894E-7	3.205547E-12	2.918447E+2
0.000000E+0	2.060999E-8	2.060999E-8	7.993606E-14	2.923691E+2
5.000000E-2	3.351708E-6	3.351708E-6	1.299963E-11	2.928926E+2
1.000000E-1	8.119475E-6	8.119475E-6	3.149146E-11	2.934160E+2
1.500000E-1	1.278741E-5	1.278741E-5	4.959611E-11	2.939395E+2
2.000000E-1	2.011401E-5	2.011401E-5	7.801238E-11	2.944629E+2
2.500000E-1	4.073317E-5	4.073317E-5	1.579840E-10	2.950684E+2
3.000000E-1	6.125662E-5	6.125662E-5	2.375844E-10	2.952578E+2
3.500000E-1	8.367676E-5	8.367676E-5	3.245411E-10	2.954463E+2
4.000000E-1	1.112003E-4	1.112003E-4	4.312913E-10	2.956348E+2
4.500000E-1	1.447296E-4	1.447296E-4	5.613352E-10	2.958232E+2
5.000000E-1	1.808048E-4	1.808048E-4	7.012533E-10	2.960127E+2
5.000000E-1	1.788997E-4	1.788997E-4	6.938640E-10	2.962012E+2
4.500000E-1	1.432146E-4	1.432146E-4	5.554590E-10	2.963896E+2
4.000000E-1	1.111637E-4	1.111637E-4	4.311493E-10	2.965781E+2
3.500000E-1	8.252513E-5	8.252513E-5	3.200745E-10	2.967676E+2
3.000000E-1	5.887594E-5	5.887594E-5	2.283509E-10	2.969561E+2
2.500000E-1	4.069615E-5	4.069615E-5	1.578404E-10	2.971445E+2
2.000000E-1	2.636459E-5	2.636459E-5	1.022553E-10	2.973340E+2
1.500000E-1	1.587258E-5	1.587258E-5	6.156194E-11	2.982285E+2
1.000000E-1	1.842705E-6	1.842705E-6	7.146950E-12	2.987520E+2
5.000000E-2	5.981942E-6	5.981942E-6	2.320102E-11	2.992754E+2
0.000000E+0	1.138133E-6	-1.138133E-6	-4.414261E-12	2.997988E+2
-5.000000E-2	8.945725E-6	-8.945725E-6	-3.469608E-11	3.003232E+2
-1.000000E-1	1.333021E-5	-1.333021E-5	-5.170134E-11	3.008467E+2
-1.500000E-1	1.815351E-5	-1.815351E-5	-7.040857E-11	3.013701E+2
-2.000000E-1	1.178537E-5	-1.178537E-5	-4.570966E-11	3.021436E+2
-2.500000E-1	5.152296E-5	-5.152296E-5	-1.998323E-10	3.023320E+2
-3.000000E-1	5.183633E-5	-5.183633E-5	-2.010477E-10	3.025205E+2
-3.500000E-1	7.361965E-5	-7.361965E-5	-2.855345E-10	3.027090E+2
-4.000000E-1	1.010950E-4	-1.010950E-4	-3.920979E-10	3.028984E+2
-4.500000E-1	1.400806E-4	-1.400806E-4	-5.433041E-10	3.030869E+2
-5.000000E-1	1.666720E-4	-1.666720E-4	-6.464389E-10	3.032754E+2
-5.000000E-1	1.485203E-4	-1.485203E-4	-5.760374E-10	3.034639E+2
-4.500000E-1	1.283917E-4	-1.283917E-4	-4.979686E-10	3.036533E+2
-4.000000E-1	1.163417E-4	-1.163417E-4	-4.512325E-10	3.038418E+2
-3.500000E-1	8.014770E-5	-8.014770E-5	-3.108536E-10	3.040303E+2
-3.000000E-1	5.747625E-5	-5.747625E-5	-2.229222E-10	3.042187E+2
-2.500000E-1	3.941865E-5	-3.941865E-5	-1.528856E-10	3.044082E+2
-2.000000E-1	2.020172E-5	-2.020172E-5	-7.835257E-11	3.053027E+2
-1.500000E-1	1.414655E-5	-1.414655E-5	-5.486753E-11	3.058262E+2
-1.000000E-1	6.108318E-6	-6.108318E-6	-2.369117E-11	3.063496E+2
-5.000000E-2	3.893488E-6	-3.893488E-6	-1.510093E-11	3.068730E+2
0.000000E+0	6.665293E-7	6.665293E-7	2.585140E-12	3.073965E+2
0.000000E+0	2.074060E-7	2.074060E-7	8.044260E-13	3.079209E+2
5.000000E-2	3.599553E-6	3.599553E-6	1.396090E-11	3.084443E+2
1.000000E-1	8.659832E-6	8.659832E-6	3.358724E-11	3.089678E+2
1.500000E-1	1.303817E-5	1.303817E-5	5.056866E-11	3.094912E+2
2.000000E-1	2.019800E-5	2.019800E-5	7.833814E-11	3.100146E+2
2.500000E-1	4.232711E-5	4.232711E-5	1.641661E-10	3.106201E+2
3.000000E-1	6.318958E-5	6.318958E-5	2.450814E-10	3.108096E+2
3.500000E-1	8.765426E-5	8.765426E-5	3.399679E-10	3.109980E+2
4.000000E-1	1.175446E-4	1.175446E-4	4.558977E-10	3.111865E+2
4.500000E-1	1.521995E-4	1.521995E-4	5.903072E-10	3.113750E+2
5.000000E-1	1.839885E-4	1.839885E-4	7.136010E-10	3.115645E+2
5.000000E-1	1.882767E-4	1.882767E-4	7.302328E-10	3.121396E+2
4.500000E-1	1.506782E-4	1.506782E-4	5.844067E-10	3.125518E+2
4.000000E-1	1.144438E-4	1.144438E-4	4.438714E-10	3.127402E+2
3.500000E-1	8.729478E-5	8.729478E-5	3.385736E-10	3.129287E+2
3.000000E-1	6.284840E-5	6.284840E-5	2.437581E-10	3.131172E+2
2.500000E-1	4.259079E-5	4.259079E-5	1.651888E-10	3.133066E+2
2.000000E-1	2.761538E-5	2.761538E-5	1.071065E-10	3.134951E+2
1.500000E-1	1.606431E-5	1.606431E-5	6.230559E-11	3.143906E+2
1.000000E-1	8.727518E-6	8.727518E-6	3.384976E-11	3.149141E+2
5.000000E-2	3.083009E-6	3.083009E-6	1.195748E-11	3.154375E+2
0.000000E+0	4.270347E-7	-4.270347E-7	-1.656258E-12	3.159609E+2
-5.000000E-2	2.778874E-6	-2.778874E-6	-1.077789E-11	3.164844E+2
-1.000000E-1	8.296025E-6	-8.296025E-6	-3.217621E-11	3.170078E+2
-1.500000E-1	1.300474E-5	-1.300474E-5	-5.043899E-11	3.175312E+2
-2.000000E-1	2.018307E-5	-2.018307E-5	-7.828023E-11	3.180547E+2
-2.500000E-1	3.101836E-5	-3.101836E-5	-1.203050E-10	3.186611E+2
-3.000000E-1	5.479015E-5	-5.479015E-5	-2.125041E-10	3.188496E+2
-3.500000E-1	7.819921E-5	-7.819921E-5	-3.032964E-10	3.190381E+2
-4.000000E-1	1.033988E-4	-1.033988E-4	-4.010333E-10	3.192266E+2
-4.500000E-1	1.335067E-4	-1.335067E-4	-5.178070E-10	3.194160E+2
-5.000000E-1	1.693791E-4	-1.693791E-4	-6.569385E-10	3.196045E+2
-5.000000E-1	1.691994E-4	-1.691994E-4	-6.562413E-10	3.197930E+2
-4.500000E-1	1.351067E-4	-1.351067E-4	-5.240125E-10	3.199824E+2
-4.000000E-1	1.050191E-4	-1.050191E-4	-4.073175E-10	3.201709E+2
-3.500000E-1	7.922948E-5	-7.922948E-5	-3.072923E-10	3.203594E+2
-3.000000E-1	5.828407E-5	-5.828407E-5	-2.260553E-10	3.205479E+2
-2.500000E-1	4.089775E-5	-4.089775E-5	-1.586223E-10	3.207373E+2
-2.000000E-1	2.674680E-5	-2.674680E-5	-1.037377E-10	3.209258E+2
-1.500000E-1	1.561722E-5	-1.561722E-5	-6.057153E-11	3.218213E+2
-1.000000E-1	8.487560E-6	-8.487560E-6	-3.291908E-11	3.223447E+2
-5.000000E-2	1.698056E-6	-1.698056E-6	-6.585926E-12	3.228682E+2
0.000000E+0	1.050752E-7	-1.050752E-7	-4.075351E-13	3.233916E+2
