voltage_spot_16_scan_2_21	absJ_spot_16_scan_2_21	J_spot_16_scan_2_21	current_spot_16_scan_2_21	time_spot_16_scan_2_21	
0.000000E+0	2.071734E-9	-2.071734E-9	-8.035239E-15	0.000000E+0
5.000000E-2	1.655018E-6	1.655018E-6	6.419004E-12	7.031250E-1
1.000000E-1	3.992015E-6	3.992015E-6	1.548307E-11	1.406250E+0
1.500000E-1	6.217097E-6	6.217097E-6	2.411307E-11	2.109375E+0
2.000000E-1	9.958305E-6	9.958305E-6	3.862338E-11	2.812500E+0
2.500000E-1	1.450150E-5	1.450150E-5	5.624419E-11	3.515625E+0
3.000000E-1	1.779474E-5	1.779474E-5	6.901708E-11	4.218750E+0
3.500000E-1	2.256263E-5	2.256263E-5	8.750939E-11	4.921875E+0
4.000000E-1	3.032172E-5	3.032172E-5	1.176031E-10	6.037109E+0
4.500000E-1	3.791387E-5	3.791387E-5	1.470493E-10	6.405273E+0
5.000000E-1	4.756879E-5	4.756879E-5	1.844960E-10	6.773438E+0
5.000000E-1	4.745950E-5	4.745950E-5	1.840721E-10	7.142578E+0
4.500000E-1	3.728293E-5	3.728293E-5	1.446022E-10	7.510742E+0
4.000000E-1	2.959335E-5	2.959335E-5	1.147781E-10	7.878906E+0
3.500000E-1	2.263613E-5	2.263613E-5	8.779446E-11	9.054688E+0
3.000000E-1	1.670937E-5	1.670937E-5	6.480744E-11	9.757813E+0
2.500000E-1	1.232668E-5	1.232668E-5	4.780915E-11	1.046094E+1
2.000000E-1	8.466894E-6	8.466894E-6	3.283893E-11	1.116406E+1
1.500000E-1	5.561467E-6	5.561467E-6	2.157020E-11	1.186719E+1
1.000000E-1	3.259925E-6	3.259925E-6	1.264365E-11	1.257031E+1
5.000000E-2	1.596344E-6	1.596344E-6	6.191436E-12	1.327344E+1
0.000000E+0	4.954986E-8	4.954986E-8	1.921796E-13	1.397656E+1
-5.000000E-2	1.305153E-6	-1.305153E-6	-5.062048E-12	1.467969E+1
-1.000000E-1	2.794097E-6	-2.794097E-6	-1.083693E-11	1.538281E+1
-1.500000E-1	4.732424E-6	-4.732424E-6	-1.835475E-11	1.608594E+1
-2.000000E-1	6.952679E-6	-6.952679E-6	-2.696603E-11	1.678906E+1
-2.500000E-1	1.051699E-5	-1.051699E-5	-4.079026E-11	1.749219E+1
-3.000000E-1	1.327537E-5	-1.327537E-5	-5.148863E-11	1.819531E+1
-3.500000E-1	1.751907E-5	-1.751907E-5	-6.794790E-11	1.889844E+1
-4.000000E-1	2.552683E-5	-2.552683E-5	-9.900603E-11	2.001367E+1
-4.500000E-1	4.252935E-5	-4.252935E-5	-1.649505E-10	2.038281E+1
-5.000000E-1	4.885617E-5	-4.885617E-5	-1.894891E-10	2.075098E+1
-5.000000E-1	4.019108E-5	-4.019108E-5	-1.558815E-10	2.111914E+1
-4.500000E-1	3.753001E-5	-3.753001E-5	-1.455605E-10	2.148730E+1
-4.000000E-1	2.210775E-5	-2.210775E-5	-8.574513E-11	2.266309E+1
-3.500000E-1	1.826167E-5	-1.826167E-5	-7.082805E-11	2.336621E+1
-3.000000E-1	1.837099E-5	-1.837099E-5	-7.125206E-11	2.406934E+1
-2.500000E-1	1.033707E-5	-1.033707E-5	-4.009244E-11	2.477246E+1
-2.000000E-1	8.220099E-6	-8.220099E-6	-3.188173E-11	2.547559E+1
-1.500000E-1	4.852261E-6	-4.852261E-6	-1.881954E-11	2.617871E+1
-1.000000E-1	3.118564E-6	-3.118564E-6	-1.209538E-11	2.688184E+1
-5.000000E-2	1.485562E-6	-1.485562E-6	-5.761766E-12	2.758496E+1
0.000000E+0	3.887633E-8	-3.887633E-8	-1.507822E-13	2.828809E+1
0.000000E+0	2.446006E-8	-2.446006E-8	-9.486856E-14	2.899219E+1
5.000000E-2	1.456543E-6	1.456543E-6	5.649217E-12	2.969531E+1
1.000000E-1	3.193570E-6	3.193570E-6	1.238629E-11	3.039844E+1
1.500000E-1	5.522541E-6	5.522541E-6	2.141923E-11	3.110156E+1
2.000000E-1	8.480371E-6	8.480371E-6	3.289120E-11	3.180469E+1
2.500000E-1	1.178719E-5	1.178719E-5	4.571674E-11	3.250781E+1
3.000000E-1	1.687534E-5	1.687534E-5	6.545116E-11	3.321094E+1
3.500000E-1	2.295327E-5	2.295327E-5	8.902449E-11	3.391406E+1
4.000000E-1	2.678060E-5	2.678060E-5	1.038688E-10	3.461719E+1
4.500000E-1	3.606159E-5	3.606159E-5	1.398652E-10	3.573242E+1
5.000000E-1	4.348580E-5	4.348580E-5	1.686601E-10	3.610059E+1
5.000000E-1	4.567922E-5	4.567922E-5	1.771673E-10	3.646973E+1
4.500000E-1	3.684686E-5	3.684686E-5	1.429109E-10	3.683789E+1
4.000000E-1	2.850268E-5	2.850268E-5	1.105479E-10	3.720605E+1
3.500000E-1	2.282726E-5	2.282726E-5	8.853575E-11	3.838086E+1
3.000000E-1	1.835198E-5	1.835198E-5	7.117831E-11	3.908398E+1
2.500000E-1	1.399417E-5	1.399417E-5	5.427653E-11	3.978711E+1
2.000000E-1	9.329693E-6	9.329693E-6	3.618530E-11	4.049023E+1
1.500000E-1	6.138915E-6	6.138915E-6	2.380984E-11	4.119336E+1
1.000000E-1	3.568551E-6	3.568551E-6	1.384066E-11	4.189648E+1
5.000000E-2	1.602491E-6	1.602491E-6	6.215278E-12	4.259961E+1
0.000000E+0	5.309937E-8	5.309937E-8	2.059464E-13	4.330273E+1
-5.000000E-2	1.349135E-6	-1.349135E-6	-5.232634E-12	4.400684E+1
-1.000000E-1	2.906230E-6	-2.906230E-6	-1.127184E-11	4.470996E+1
-1.500000E-1	4.707713E-6	-4.707713E-6	-1.825891E-11	4.541309E+1
-2.000000E-1	6.956987E-6	-6.956987E-6	-2.698274E-11	4.611621E+1
-2.500000E-1	9.979262E-6	-9.979262E-6	-3.870466E-11	4.681934E+1
-3.000000E-1	1.711391E-5	-1.711391E-5	-6.637645E-11	4.752246E+1
-3.500000E-1	2.073926E-5	-2.073926E-5	-8.043741E-11	4.822559E+1
-4.000000E-1	2.105933E-5	-2.105933E-5	-8.167882E-11	4.892871E+1
-4.500000E-1	3.377467E-5	-3.377467E-5	-1.309954E-10	5.004395E+1
-5.000000E-1	4.395743E-5	-4.395743E-5	-1.704893E-10	5.041211E+1
-5.000000E-1	4.084927E-5	-4.084927E-5	-1.584343E-10	5.078125E+1
-4.500000E-1	4.302787E-5	-4.302787E-5	-1.668840E-10	5.114941E+1
-4.000000E-1	2.752080E-5	-2.752080E-5	-1.067397E-10	5.151758E+1
-3.500000E-1	2.106933E-5	-2.106933E-5	-8.171759E-11	5.269238E+1
-3.000000E-1	1.522347E-5	-1.522347E-5	-5.904438E-11	5.339551E+1
-2.500000E-1	1.109700E-5	-1.109700E-5	-4.303982E-11	5.409863E+1
-2.000000E-1	7.598911E-6	-7.598911E-6	-2.947245E-11	5.480176E+1
-1.500000E-1	5.113261E-6	-5.113261E-6	-1.983183E-11	5.550488E+1
-1.000000E-1	3.059010E-6	-3.059010E-6	-1.186440E-11	5.620801E+1
-5.000000E-2	1.384437E-6	-1.384437E-6	-5.369552E-12	5.691113E+1
0.000000E+0	3.181668E-8	-3.181668E-8	-1.234013E-13	5.761426E+1
0.000000E+0	2.096065E-8	-2.096065E-8	-8.129608E-14	5.831836E+1
5.000000E-2	1.362381E-6	1.362381E-6	5.284009E-12	5.902148E+1
1.000000E-1	3.056355E-6	3.056355E-6	1.185410E-11	5.972461E+1
1.500000E-1	5.452770E-6	5.452770E-6	2.114862E-11	6.042773E+1
2.000000E-1	8.301328E-6	8.301328E-6	3.219678E-11	6.113086E+1
2.500000E-1	1.176360E-5	1.176360E-5	4.562525E-11	6.183398E+1
3.000000E-1	1.580506E-5	1.580506E-5	6.130006E-11	6.253711E+1
3.500000E-1	2.255526E-5	2.255526E-5	8.748077E-11	6.324023E+1
4.000000E-1	2.697307E-5	2.697307E-5	1.046153E-10	6.394336E+1
4.500000E-1	3.682288E-5	3.682288E-5	1.428179E-10	6.505859E+1
5.000000E-1	4.733383E-5	4.733383E-5	1.835847E-10	6.542676E+1
5.000000E-1	4.861460E-5	4.861460E-5	1.885522E-10	6.579492E+1
4.500000E-1	3.938103E-5	3.938103E-5	1.527397E-10	6.616406E+1
4.000000E-1	2.907266E-5	2.907266E-5	1.127586E-10	6.653223E+1
3.500000E-1	2.268670E-5	2.268670E-5	8.799059E-11	6.770703E+1
3.000000E-1	1.672785E-5	1.672785E-5	6.487914E-11	6.841016E+1
2.500000E-1	1.241727E-5	1.241727E-5	4.816049E-11	6.911328E+1
2.000000E-1	8.486028E-6	8.486028E-6	3.291314E-11	6.981641E+1
1.500000E-1	5.307722E-6	5.307722E-6	2.058605E-11	7.051953E+1
1.000000E-1	3.126590E-6	3.126590E-6	1.212651E-11	7.122266E+1
5.000000E-2	1.486600E-6	1.486600E-6	5.765791E-12	7.192578E+1
0.000000E+0	4.697003E-8	4.697003E-8	1.821737E-13	7.262891E+1
-5.000000E-2	1.410142E-6	-1.410142E-6	-5.469250E-12	7.333301E+1
-1.000000E-1	2.770827E-6	-2.770827E-6	-1.074668E-11	7.403613E+1
-1.500000E-1	4.664457E-6	-4.664457E-6	-1.809114E-11	7.473926E+1
-2.000000E-1	7.063391E-6	-7.063391E-6	-2.739543E-11	7.544238E+1
-2.500000E-1	1.021826E-5	-1.021826E-5	-3.963163E-11	7.614551E+1
-3.000000E-1	1.389904E-5	-1.389904E-5	-5.390756E-11	7.684863E+1
-3.500000E-1	2.137483E-5	-2.137483E-5	-8.290248E-11	7.755176E+1
-4.000000E-1	2.838585E-5	-2.838585E-5	-1.100948E-10	7.900195E+1
-4.500000E-1	4.891934E-5	-4.891934E-5	-1.897341E-10	7.937012E+1
-5.000000E-1	4.086276E-5	-4.086276E-5	-1.584866E-10	7.973828E+1
-5.000000E-1	4.265198E-5	-4.265198E-5	-1.654261E-10	8.010645E+1
-4.500000E-1	3.728938E-5	-3.728938E-5	-1.446272E-10	8.047559E+1
-4.000000E-1	2.958536E-5	-2.958536E-5	-1.147471E-10	8.084375E+1
-3.500000E-1	2.230299E-5	-2.230299E-5	-8.650237E-11	8.201855E+1
-3.000000E-1	1.548822E-5	-1.548822E-5	-6.007120E-11	8.272168E+1
-2.500000E-1	1.104918E-5	-1.104918E-5	-4.285436E-11	8.342480E+1
-2.000000E-1	6.653471E-6	-6.653471E-6	-2.580555E-11	8.412793E+1
-1.500000E-1	4.702281E-6	-4.702281E-6	-1.823784E-11	8.483105E+1
-1.000000E-1	2.824057E-6	-2.824057E-6	-1.095313E-11	8.553418E+1
-5.000000E-2	1.360968E-6	-1.360968E-6	-5.278528E-12	8.623730E+1
0.000000E+0	3.397429E-8	-3.397429E-8	-1.317696E-13	8.694043E+1
0.000000E+0	1.156092E-8	-1.156092E-8	-4.483913E-14	8.764453E+1
5.000000E-2	1.356087E-6	1.356087E-6	5.259598E-12	8.834766E+1
1.000000E-1	3.014241E-6	3.014241E-6	1.169076E-11	8.905078E+1
1.500000E-1	5.008886E-6	5.008886E-6	1.942701E-11	8.975391E+1
2.000000E-1	8.394679E-6	8.394679E-6	3.255884E-11	9.045703E+1
2.500000E-1	1.294770E-5	1.294770E-5	5.021778E-11	9.116016E+1
3.000000E-1	1.667251E-5	1.667251E-5	6.466450E-11	9.186328E+1
3.500000E-1	2.183358E-5	2.183358E-5	8.468175E-11	9.256641E+1
4.000000E-1	2.684044E-5	2.684044E-5	1.041009E-10	9.326953E+1
4.500000E-1	3.367559E-5	3.367559E-5	1.306111E-10	9.438477E+1
5.000000E-1	4.173841E-5	4.173841E-5	1.618828E-10	9.475293E+1
5.000000E-1	4.268457E-5	4.268457E-5	1.655525E-10	9.512109E+1
4.500000E-1	3.353716E-5	3.353716E-5	1.300742E-10	9.549023E+1
4.000000E-1	2.647579E-5	2.647579E-5	1.026866E-10	9.585840E+1
3.500000E-1	2.041189E-5	2.041189E-5	7.916769E-11	9.703320E+1
3.000000E-1	1.627763E-5	1.627763E-5	6.313293E-11	9.773633E+1
2.500000E-1	1.153843E-5	1.153843E-5	4.475192E-11	9.843945E+1
2.000000E-1	8.091049E-6	8.091049E-6	3.138121E-11	9.914258E+1
1.500000E-1	5.375547E-6	5.375547E-6	2.084911E-11	9.984570E+1
1.000000E-1	3.246871E-6	3.246871E-6	1.259302E-11	1.005488E+2
5.000000E-2	1.465614E-6	1.465614E-6	5.684397E-12	1.012520E+2
0.000000E+0	4.807210E-8	4.807210E-8	1.864481E-13	1.019551E+2
-5.000000E-2	1.276736E-6	-1.276736E-6	-4.951831E-12	1.026592E+2
-1.000000E-1	2.709629E-6	-2.709629E-6	-1.050932E-11	1.033623E+2
-1.500000E-1	4.232546E-6	-4.232546E-6	-1.641597E-11	1.040654E+2
-2.000000E-1	6.490839E-6	-6.490839E-6	-2.517478E-11	1.047686E+2
-2.500000E-1	1.146562E-5	-1.146562E-5	-4.446950E-11	1.054717E+2
-3.000000E-1	1.565471E-5	-1.565471E-5	-6.071696E-11	1.061748E+2
-3.500000E-1	2.026861E-5	-2.026861E-5	-7.861199E-11	1.068779E+2
-4.000000E-1	2.416643E-5	-2.416643E-5	-9.372972E-11	1.075811E+2
-4.500000E-1	3.687790E-5	-3.687790E-5	-1.430313E-10	1.086963E+2
-5.000000E-1	4.274343E-5	-4.274343E-5	-1.657808E-10	1.090645E+2
-5.000000E-1	4.103602E-5	-4.103602E-5	-1.591586E-10	1.094326E+2
-4.500000E-1	3.022411E-5	-3.022411E-5	-1.172245E-10	1.098018E+2
-4.000000E-1	2.170698E-5	-2.170698E-5	-8.419072E-11	1.109766E+2
-3.500000E-1	1.781202E-5	-1.781202E-5	-6.908410E-11	1.116797E+2
-3.000000E-1	1.390458E-5	-1.390458E-5	-5.392903E-11	1.123828E+2
-2.500000E-1	9.642604E-6	-9.642604E-6	-3.739893E-11	1.130859E+2
-2.000000E-1	6.612417E-6	-6.612417E-6	-2.564632E-11	1.137891E+2
-1.500000E-1	4.441872E-6	-4.441872E-6	-1.722784E-11	1.144922E+2
-1.000000E-1	2.805245E-6	-2.805245E-6	-1.088017E-11	1.151953E+2
-5.000000E-2	1.314595E-6	-1.314595E-6	-5.098671E-12	1.158984E+2
0.000000E+0	2.462107E-8	-2.462107E-8	-9.549306E-14	1.166016E+2
0.000000E+0	1.468104E-8	-1.468104E-8	-5.694056E-14	1.173057E+2
5.000000E-2	1.343421E-6	1.343421E-6	5.210471E-12	1.180088E+2
1.000000E-1	3.055499E-6	3.055499E-6	1.185078E-11	1.187119E+2
1.500000E-1	5.132059E-6	5.132059E-6	1.990474E-11	1.194150E+2
2.000000E-1	7.834254E-6	7.834254E-6	3.038523E-11	1.201182E+2
2.500000E-1	1.194646E-5	1.194646E-5	4.633446E-11	1.208213E+2
3.000000E-1	1.675917E-5	1.675917E-5	6.500059E-11	1.215244E+2
3.500000E-1	2.252072E-5	2.252072E-5	8.734682E-11	1.222275E+2
4.000000E-1	3.386814E-5	3.386814E-5	1.313579E-10	1.233428E+2
4.500000E-1	4.075019E-5	4.075019E-5	1.580500E-10	1.237109E+2
5.000000E-1	4.966923E-5	4.966923E-5	1.926426E-10	1.240791E+2
5.000000E-1	4.952588E-5	4.952588E-5	1.920866E-10	1.244473E+2
4.500000E-1	3.876925E-5	3.876925E-5	1.503669E-10	1.248164E+2
4.000000E-1	2.769595E-5	2.769595E-5	1.074190E-10	1.251846E+2
3.500000E-1	2.465258E-5	2.465258E-5	9.561526E-11	1.263594E+2
3.000000E-1	1.752798E-5	1.752798E-5	6.798243E-11	1.270625E+2
2.500000E-1	1.180313E-5	1.180313E-5	4.577856E-11	1.277656E+2
2.000000E-1	8.346158E-6	8.346158E-6	3.237065E-11	1.284688E+2
1.500000E-1	5.059753E-6	5.059753E-6	1.962430E-11	1.291719E+2
1.000000E-1	3.023791E-6	3.023791E-6	1.172780E-11	1.298750E+2
5.000000E-2	1.418619E-6	1.418619E-6	5.502127E-12	1.305781E+2
0.000000E+0	4.595384E-8	4.595384E-8	1.782324E-13	1.312812E+2
-5.000000E-2	1.255413E-6	-1.255413E-6	-4.869133E-12	1.319854E+2
-1.000000E-1	2.938698E-6	-2.938698E-6	-1.139777E-11	1.326885E+2
-1.500000E-1	4.698228E-6	-4.698228E-6	-1.822212E-11	1.333916E+2
-2.000000E-1	8.116806E-6	-8.116806E-6	-3.148111E-11	1.340947E+2
-2.500000E-1	1.044482E-5	-1.044482E-5	-4.051033E-11	1.347979E+2
-3.000000E-1	1.470045E-5	-1.470045E-5	-5.701585E-11	1.355010E+2
-3.500000E-1	2.233556E-5	-2.233556E-5	-8.662869E-11	1.362041E+2
-4.000000E-1	2.618416E-5	-2.618416E-5	-1.015555E-10	1.369072E+2
-4.500000E-1	3.004131E-5	-3.004131E-5	-1.165155E-10	1.380225E+2
-5.000000E-1	4.193206E-5	-4.193206E-5	-1.626339E-10	1.383906E+2
-5.000000E-1	4.400103E-5	-4.400103E-5	-1.706584E-10	1.387588E+2
-4.500000E-1	3.706303E-5	-3.706303E-5	-1.437493E-10	1.391279E+2
-4.000000E-1	2.327706E-5	-2.327706E-5	-9.028031E-11	1.403027E+2
-3.500000E-1	1.782303E-5	-1.782303E-5	-6.912680E-11	1.410059E+2
-3.000000E-1	1.358866E-5	-1.358866E-5	-5.270374E-11	1.417090E+2
-2.500000E-1	1.140423E-5	-1.140423E-5	-4.423141E-11	1.424121E+2
-2.000000E-1	7.753744E-6	-7.753744E-6	-3.007297E-11	1.431152E+2
-1.500000E-1	4.386126E-6	-4.386126E-6	-1.701163E-11	1.438184E+2
-1.000000E-1	2.620943E-6	-2.620943E-6	-1.016535E-11	1.445215E+2
-5.000000E-2	1.427038E-6	-1.427038E-6	-5.534781E-12	1.452246E+2
0.000000E+0	3.233551E-8	-3.233551E-8	-1.254136E-13	1.459277E+2
0.000000E+0	1.682434E-8	-1.682434E-8	-6.525336E-14	1.466318E+2
5.000000E-2	1.407391E-6	1.407391E-6	5.458578E-12	1.473350E+2
1.000000E-1	3.344280E-6	3.344280E-6	1.297082E-11	1.480381E+2
1.500000E-1	5.947723E-6	5.947723E-6	2.306830E-11	1.487412E+2
2.000000E-1	9.354199E-6	9.354199E-6	3.628035E-11	1.494443E+2
2.500000E-1	1.422879E-5	1.422879E-5	5.518649E-11	1.501475E+2
3.000000E-1	1.917021E-5	1.917021E-5	7.435186E-11	1.508506E+2
3.500000E-1	2.657585E-5	2.657585E-5	1.030747E-10	1.515537E+2
4.000000E-1	3.912849E-5	3.912849E-5	1.517602E-10	1.526680E+2
4.500000E-1	4.230491E-5	4.230491E-5	1.640800E-10	1.530371E+2
5.000000E-1	5.399757E-5	5.399757E-5	2.094301E-10	1.534053E+2
5.000000E-1	4.966733E-5	4.966733E-5	1.926352E-10	1.537734E+2
4.500000E-1	4.484573E-5	4.484573E-5	1.739346E-10	1.541416E+2
4.000000E-1	3.242135E-5	3.242135E-5	1.257465E-10	1.545107E+2
3.500000E-1	2.931103E-5	2.931103E-5	1.136831E-10	1.548789E+2
3.000000E-1	1.982738E-5	1.982738E-5	7.690068E-11	1.560537E+2
2.500000E-1	1.357099E-5	1.357099E-5	5.263522E-11	1.567568E+2
2.000000E-1	9.626412E-6	9.626412E-6	3.733613E-11	1.574600E+2
1.500000E-1	6.112892E-6	6.112892E-6	2.370891E-11	1.581631E+2
1.000000E-1	3.524027E-6	3.524027E-6	1.366797E-11	1.588662E+2
5.000000E-2	1.522774E-6	1.522774E-6	5.906095E-12	1.595693E+2
0.000000E+0	4.813651E-8	4.813651E-8	1.866979E-13	1.602725E+2
-5.000000E-2	1.217696E-6	-1.217696E-6	-4.722847E-12	1.609766E+2
-1.000000E-1	2.630516E-6	-2.630516E-6	-1.020248E-11	1.616797E+2
-1.500000E-1	4.148692E-6	-4.148692E-6	-1.609074E-11	1.623828E+2
-2.000000E-1	6.001166E-6	-6.001166E-6	-2.327558E-11	1.630859E+2
-2.500000E-1	8.741980E-6	-8.741980E-6	-3.390585E-11	1.637891E+2
-3.000000E-1	1.224836E-5	-1.224836E-5	-4.750539E-11	1.644922E+2
-3.500000E-1	1.584325E-5	-1.584325E-5	-6.144818E-11	1.651953E+2
-4.000000E-1	2.166229E-5	-2.166229E-5	-8.401739E-11	1.658984E+2
-4.500000E-1	2.813380E-5	-2.813380E-5	-1.091172E-10	1.670137E+2
-5.000000E-1	3.751511E-5	-3.751511E-5	-1.455027E-10	1.673818E+2
-5.000000E-1	3.563529E-5	-3.563529E-5	-1.382118E-10	1.677500E+2
-4.500000E-1	2.642314E-5	-2.642314E-5	-1.024824E-10	1.681191E+2
-4.000000E-1	1.920149E-5	-1.920149E-5	-7.447318E-11	1.692939E+2
-3.500000E-1	1.618942E-5	-1.618942E-5	-6.279081E-11	1.699971E+2
-3.000000E-1	1.320271E-5	-1.320271E-5	-5.120684E-11	1.707002E+2
-2.500000E-1	1.109652E-5	-1.109652E-5	-4.303795E-11	1.714033E+2
-2.000000E-1	7.281197E-6	-7.281197E-6	-2.824019E-11	1.721064E+2
-1.500000E-1	4.762827E-6	-4.762827E-6	-1.847267E-11	1.728096E+2
-1.000000E-1	2.890373E-6	-2.890373E-6	-1.121034E-11	1.735127E+2
-5.000000E-2	1.619602E-6	-1.619602E-6	-6.281642E-12	1.742158E+2
0.000000E+0	3.103308E-8	-3.103308E-8	-1.203621E-13	1.749189E+2
0.000000E+0	1.606220E-8	-1.606220E-8	-6.229739E-14	1.756230E+2
5.000000E-2	1.485551E-6	1.485551E-6	5.761724E-12	1.763262E+2
1.000000E-1	3.524194E-6	3.524194E-6	1.366862E-11	1.770293E+2
1.500000E-1	6.565414E-6	6.565414E-6	2.546402E-11	1.777324E+2
2.000000E-1	1.058989E-5	1.058989E-5	4.107297E-11	1.784355E+2
2.500000E-1	1.472880E-5	1.472880E-5	5.712579E-11	1.791387E+2
3.000000E-1	2.095830E-5	2.095830E-5	8.128696E-11	1.798418E+2
3.500000E-1	2.582394E-5	2.582394E-5	1.001584E-10	1.805449E+2
4.000000E-1	3.248346E-5	3.248346E-5	1.259874E-10	1.816592E+2
4.500000E-1	3.704813E-5	3.704813E-5	1.436915E-10	1.820283E+2
5.000000E-1	4.984650E-5	4.984650E-5	1.933301E-10	1.823965E+2
5.000000E-1	4.941380E-5	4.941380E-5	1.916519E-10	1.827646E+2
4.500000E-1	3.896257E-5	3.896257E-5	1.511167E-10	1.831328E+2
4.000000E-1	2.842396E-5	2.842396E-5	1.102426E-10	1.835020E+2
3.500000E-1	2.229001E-5	2.229001E-5	8.645202E-11	1.846758E+2
3.000000E-1	1.700845E-5	1.700845E-5	6.596745E-11	1.853789E+2
2.500000E-1	1.455140E-5	1.455140E-5	5.643776E-11	1.860820E+2
2.000000E-1	9.717043E-6	9.717043E-6	3.768764E-11	1.867852E+2
1.500000E-1	6.248429E-6	6.248429E-6	2.423459E-11	1.874883E+2
1.000000E-1	3.461745E-6	3.461745E-6	1.342641E-11	1.881914E+2
5.000000E-2	1.513325E-6	1.513325E-6	5.869444E-12	1.888945E+2
0.000000E+0	5.093459E-8	5.093459E-8	1.975503E-13	1.895977E+2
-5.000000E-2	1.314173E-6	-1.314173E-6	-5.097034E-12	1.903008E+2
-1.000000E-1	2.901633E-6	-2.901633E-6	-1.125401E-11	1.910049E+2
-1.500000E-1	4.559171E-6	-4.559171E-6	-1.768279E-11	1.917070E+2
-2.000000E-1	6.996860E-6	-6.996860E-6	-2.713739E-11	1.924102E+2
-2.500000E-1	9.731901E-6	-9.731901E-6	-3.774527E-11	1.931133E+2
-3.000000E-1	1.494870E-5	-1.494870E-5	-5.797866E-11	1.938164E+2
-3.500000E-1	1.977726E-5	-1.977726E-5	-7.670627E-11	1.945195E+2
-4.000000E-1	2.821316E-5	-2.821316E-5	-1.094250E-10	1.956348E+2
-4.500000E-1	3.457532E-5	-3.457532E-5	-1.341007E-10	1.960029E+2
-5.000000E-1	4.093083E-5	-4.093083E-5	-1.587506E-10	1.963721E+2
-5.000000E-1	4.340603E-5	-4.340603E-5	-1.683507E-10	1.967402E+2
-4.500000E-1	3.124417E-5	-3.124417E-5	-1.211808E-10	1.971084E+2
-4.000000E-1	2.424104E-5	-2.424104E-5	-9.401910E-11	1.982832E+2
-3.500000E-1	1.811452E-5	-1.811452E-5	-7.025734E-11	1.989863E+2
-3.000000E-1	1.489677E-5	-1.489677E-5	-5.777727E-11	1.996895E+2
-2.500000E-1	9.274439E-6	-9.274439E-6	-3.597100E-11	2.003926E+2
-2.000000E-1	6.084051E-6	-6.084051E-6	-2.359705E-11	2.010957E+2
-1.500000E-1	4.173423E-6	-4.173423E-6	-1.618666E-11	2.017988E+2
-1.000000E-1	2.599004E-6	-2.599004E-6	-1.008026E-11	2.025020E+2
-5.000000E-2	1.291155E-6	-1.291155E-6	-5.007758E-12	2.032051E+2
0.000000E+0	2.975568E-8	-2.975568E-8	-1.154077E-13	2.039082E+2
0.000000E+0	1.580100E-8	-1.580100E-8	-6.128431E-14	2.046123E+2
5.000000E-2	1.877807E-6	1.877807E-6	7.283091E-12	2.053154E+2
1.000000E-1	3.682948E-6	3.682948E-6	1.428435E-11	2.060186E+2
1.500000E-1	6.136695E-6	6.136695E-6	2.380123E-11	2.067217E+2
2.000000E-1	9.651079E-6	9.651079E-6	3.743180E-11	2.074248E+2
2.500000E-1	1.384538E-5	1.384538E-5	5.369945E-11	2.081279E+2
3.000000E-1	1.728590E-5	1.728590E-5	6.704353E-11	2.088311E+2
3.500000E-1	2.200172E-5	2.200172E-5	8.533387E-11	2.095342E+2
4.000000E-1	2.682533E-5	2.682533E-5	1.040423E-10	2.102373E+2
4.500000E-1	4.246856E-5	4.246856E-5	1.647147E-10	2.113516E+2
5.000000E-1	4.795028E-5	4.795028E-5	1.859756E-10	2.117207E+2
5.000000E-1	5.180436E-5	5.180436E-5	2.009237E-10	2.120889E+2
4.500000E-1	4.178554E-5	4.178554E-5	1.620656E-10	2.124570E+2
4.000000E-1	3.411540E-5	3.411540E-5	1.323169E-10	2.128252E+2
3.500000E-1	2.435454E-5	2.435454E-5	9.445933E-11	2.140000E+2
3.000000E-1	1.791570E-5	1.791570E-5	6.948621E-11	2.147031E+2
2.500000E-1	1.250834E-5	1.250834E-5	4.851370E-11	2.154063E+2
2.000000E-1	8.980486E-6	8.980486E-6	3.483090E-11	2.161094E+2
1.500000E-1	5.181614E-6	5.181614E-6	2.009694E-11	2.168125E+2
1.000000E-1	3.434263E-6	3.434263E-6	1.331982E-11	2.175156E+2
5.000000E-2	1.433207E-6	1.433207E-6	5.558706E-12	2.182187E+2
0.000000E+0	4.858377E-8	4.858377E-8	1.884326E-13	2.189219E+2
-5.000000E-2	1.161799E-6	-1.161799E-6	-4.506048E-12	2.196260E+2
-1.000000E-1	2.398277E-6	-2.398277E-6	-9.301740E-12	2.203291E+2
-1.500000E-1	4.201132E-6	-4.201132E-6	-1.629413E-11	2.210322E+2
-2.000000E-1	5.669219E-6	-5.669219E-6	-2.198812E-11	2.217354E+2
-2.500000E-1	8.289380E-6	-8.289380E-6	-3.215044E-11	2.224385E+2
-3.000000E-1	1.519931E-5	-1.519931E-5	-5.895068E-11	2.231416E+2
-3.500000E-1	1.791949E-5	-1.791949E-5	-6.950092E-11	2.238447E+2
-4.000000E-1	2.312076E-5	-2.312076E-5	-8.967407E-11	2.245479E+2
-4.500000E-1	2.627156E-5	-2.627156E-5	-1.018945E-10	2.256621E+2
-5.000000E-1	3.852975E-5	-3.852975E-5	-1.494380E-10	2.260312E+2
-5.000000E-1	3.501704E-5	-3.501704E-5	-1.358139E-10	2.263994E+2
-4.500000E-1	3.326023E-5	-3.326023E-5	-1.290001E-10	2.267676E+2
-4.000000E-1	2.109717E-5	-2.109717E-5	-8.182556E-11	2.279424E+2
-3.500000E-1	1.558539E-5	-1.558539E-5	-6.044806E-11	2.286455E+2
-3.000000E-1	1.195252E-5	-1.195252E-5	-4.635797E-11	2.293486E+2
-2.500000E-1	9.226310E-6	-9.226310E-6	-3.578433E-11	2.300518E+2
-2.000000E-1	6.232735E-6	-6.232735E-6	-2.417372E-11	2.307549E+2
-1.500000E-1	4.489235E-6	-4.489235E-6	-1.741154E-11	2.314580E+2
-1.000000E-1	2.708938E-6	-2.708938E-6	-1.050664E-11	2.321611E+2
-5.000000E-2	1.281237E-6	-1.281237E-6	-4.969289E-12	2.328643E+2
0.000000E+0	2.504329E-8	-2.504329E-8	-9.713064E-14	2.335674E+2
0.000000E+0	1.631625E-8	-1.631625E-8	-6.328271E-14	2.342715E+2
5.000000E-2	1.329230E-6	1.329230E-6	5.155432E-12	2.349746E+2
1.000000E-1	2.952993E-6	2.952993E-6	1.145321E-11	2.356777E+2
1.500000E-1	4.759986E-6	4.759986E-6	1.846165E-11	2.363809E+2
2.000000E-1	7.290958E-6	7.290958E-6	2.827805E-11	2.370840E+2
2.500000E-1	1.028256E-5	1.028256E-5	3.988100E-11	2.377871E+2
3.000000E-1	1.407718E-5	1.407718E-5	5.459849E-11	2.384902E+2
3.500000E-1	1.906614E-5	1.906614E-5	7.394822E-11	2.391934E+2
4.000000E-1	2.418043E-5	2.418043E-5	9.378401E-11	2.398965E+2
4.500000E-1	2.822105E-5	2.822105E-5	1.094556E-10	2.413457E+2
5.000000E-1	3.616278E-5	3.616278E-5	1.402577E-10	2.417139E+2
5.000000E-1	3.667899E-5	3.667899E-5	1.422598E-10	2.420820E+2
4.500000E-1	3.014642E-5	3.014642E-5	1.169232E-10	2.424502E+2
4.000000E-1	2.442535E-5	2.442535E-5	9.473394E-11	2.436250E+2
3.500000E-1	1.876711E-5	1.876711E-5	7.278843E-11	2.443281E+2
3.000000E-1	1.359223E-5	1.359223E-5	5.271761E-11	2.450312E+2
2.500000E-1	1.073802E-5	1.073802E-5	4.164753E-11	2.457344E+2
2.000000E-1	7.344817E-6	7.344817E-6	2.848694E-11	2.464375E+2
1.500000E-1	4.781376E-6	4.781376E-6	1.854461E-11	2.471406E+2
1.000000E-1	2.791459E-6	2.791459E-6	1.082670E-11	2.478438E+2
5.000000E-2	1.331728E-6	1.331728E-6	5.165118E-12	2.485469E+2
0.000000E+0	4.438664E-8	4.438664E-8	1.721540E-13	2.492500E+2
-5.000000E-2	1.130186E-6	-1.130186E-6	-4.383438E-12	2.499541E+2
-1.000000E-1	2.422175E-6	-2.422175E-6	-9.394430E-12	2.506572E+2
-1.500000E-1	4.139379E-6	-4.139379E-6	-1.605462E-11	2.513604E+2
-2.000000E-1	6.117551E-6	-6.117551E-6	-2.372698E-11	2.520635E+2
-2.500000E-1	8.714575E-6	-8.714575E-6	-3.379956E-11	2.527666E+2
-3.000000E-1	1.171136E-5	-1.171136E-5	-4.542262E-11	2.534697E+2
-3.500000E-1	1.492871E-5	-1.492871E-5	-5.790116E-11	2.541729E+2
-4.000000E-1	1.968536E-5	-1.968536E-5	-7.634984E-11	2.548760E+2
-4.500000E-1	2.467879E-5	-2.467879E-5	-9.571692E-11	2.555791E+2
-5.000000E-1	3.209947E-5	-3.209947E-5	-1.244981E-10	2.570283E+2
-5.000000E-1	3.015207E-5	-3.015207E-5	-1.169451E-10	2.573965E+2
-4.500000E-1	2.330024E-5	-2.330024E-5	-9.037021E-11	2.585713E+2
-4.000000E-1	1.748032E-5	-1.748032E-5	-6.779759E-11	2.592744E+2
-3.500000E-1	1.326733E-5	-1.326733E-5	-5.145748E-11	2.599775E+2
-3.000000E-1	1.008359E-5	-1.008359E-5	-3.910931E-11	2.606807E+2
-2.500000E-1	7.257917E-6	-7.257917E-6	-2.814990E-11	2.613838E+2
-2.000000E-1	5.296169E-6	-5.296169E-6	-2.054124E-11	2.620869E+2
-1.500000E-1	3.556812E-6	-3.556812E-6	-1.379513E-11	2.627900E+2
-1.000000E-1	2.215879E-6	-2.215879E-6	-8.594306E-12	2.634932E+2
-5.000000E-2	1.132784E-6	-1.132784E-6	-4.393513E-12	2.641963E+2
0.000000E+0	1.642359E-8	-1.642359E-8	-6.369905E-14	2.648994E+2
0.000000E+0	7.821778E-9	-7.821778E-9	-3.033684E-14	2.656035E+2
5.000000E-2	1.196829E-6	1.196829E-6	4.641912E-12	2.663066E+2
1.000000E-1	2.596691E-6	2.596691E-6	1.007129E-11	2.670098E+2
1.500000E-1	4.606130E-6	4.606130E-6	1.786492E-11	2.677129E+2
2.000000E-1	6.972591E-6	6.972591E-6	2.704326E-11	2.684160E+2
2.500000E-1	9.301395E-6	9.301395E-6	3.607555E-11	2.691191E+2
3.000000E-1	1.335435E-5	1.335435E-5	5.179498E-11	2.698223E+2
3.500000E-1	1.717583E-5	1.717583E-5	6.661661E-11	2.705254E+2
4.000000E-1	2.195108E-5	2.195108E-5	8.513746E-11	2.712285E+2
4.500000E-1	2.669201E-5	2.669201E-5	1.035252E-10	2.719316E+2
5.000000E-1	3.406427E-5	3.406427E-5	1.321186E-10	2.730459E+2
5.000000E-1	3.334534E-5	3.334534E-5	1.293302E-10	2.734150E+2
4.500000E-1	2.714107E-5	2.714107E-5	1.052669E-10	2.737832E+2
4.000000E-1	2.062852E-5	2.062852E-5	8.000792E-11	2.749580E+2
3.500000E-1	1.629995E-5	1.629995E-5	6.321950E-11	2.756611E+2
3.000000E-1	1.222297E-5	1.222297E-5	4.740691E-11	2.763643E+2
2.500000E-1	9.137918E-6	9.137918E-6	3.544150E-11	2.770674E+2
2.000000E-1	6.438112E-6	6.438112E-6	2.497028E-11	2.777705E+2
1.500000E-1	4.131435E-6	4.131435E-6	1.602381E-11	2.784736E+2
1.000000E-1	2.499828E-6	2.499828E-6	9.695605E-12	2.791768E+2
5.000000E-2	1.165434E-6	1.165434E-6	4.520148E-12	2.798799E+2
0.000000E+0	3.630722E-8	3.630722E-8	1.408179E-13	2.805830E+2
-5.000000E-2	9.871901E-7	-9.871901E-7	-3.828826E-12	2.812861E+2
-1.000000E-1	1.996844E-6	-1.996844E-6	-7.744777E-12	2.819893E+2
-1.500000E-1	3.173420E-6	-3.173420E-6	-1.230814E-11	2.826924E+2
-2.000000E-1	4.652127E-6	-4.652127E-6	-1.804332E-11	2.833955E+2
-2.500000E-1	6.496627E-6	-6.496627E-6	-2.519723E-11	2.840986E+2
-3.000000E-1	8.363654E-6	-8.363654E-6	-3.243851E-11	2.848018E+2
-3.500000E-1	1.105760E-5	-1.105760E-5	-4.288701E-11	2.855049E+2
-4.000000E-1	1.488299E-5	-1.488299E-5	-5.772383E-11	2.862080E+2
-4.500000E-1	1.964809E-5	-1.964809E-5	-7.620531E-11	2.869111E+2
-5.000000E-1	2.227179E-5	-2.227179E-5	-8.638135E-11	2.876143E+2
-5.000000E-1	2.198440E-5	-2.198440E-5	-8.526671E-11	2.883174E+2
-4.500000E-1	1.913234E-5	-1.913234E-5	-7.420495E-11	2.890205E+2
-4.000000E-1	1.451277E-5	-1.451277E-5	-5.628790E-11	2.897236E+2
-3.500000E-1	1.137333E-5	-1.137333E-5	-4.411155E-11	2.904268E+2
-3.000000E-1	8.440518E-6	-8.440518E-6	-3.273663E-11	2.911299E+2
-2.500000E-1	6.363973E-6	-6.363973E-6	-2.468273E-11	2.918330E+2
-2.000000E-1	4.880390E-6	-4.880390E-6	-1.892864E-11	2.925361E+2
-1.500000E-1	4.687754E-6	-4.687754E-6	-1.818150E-11	2.932393E+2
-1.000000E-1	3.344824E-6	-3.344824E-6	-1.297293E-11	2.939424E+2
-5.000000E-2	1.099604E-6	-1.099604E-6	-4.264825E-12	2.946455E+2
0.000000E+0	1.778328E-8	-1.778328E-8	-6.897261E-14	2.953486E+2
0.000000E+0	1.037298E-8	-1.037298E-8	-4.023171E-14	2.960527E+2
5.000000E-2	1.074883E-6	1.074883E-6	4.168943E-12	2.967559E+2
1.000000E-1	2.363004E-6	2.363004E-6	9.164933E-12	2.974590E+2
1.500000E-1	3.904827E-6	3.904827E-6	1.514491E-11	2.981621E+2
2.000000E-1	5.793053E-6	5.793053E-6	2.246841E-11	2.988652E+2
2.500000E-1	8.582761E-6	8.582761E-6	3.328832E-11	2.995684E+2
3.000000E-1	1.159264E-5	1.159264E-5	4.496217E-11	3.002715E+2
3.500000E-1	1.530170E-5	1.530170E-5	5.934777E-11	3.009746E+2
4.000000E-1	1.951982E-5	1.951982E-5	7.570779E-11	3.016777E+2
4.500000E-1	2.497925E-5	2.497925E-5	9.688225E-11	3.023809E+2
5.000000E-1	2.686370E-5	2.686370E-5	1.041911E-10	3.030840E+2
5.000000E-1	3.075937E-5	3.075937E-5	1.193005E-10	3.041982E+2
4.500000E-1	2.502362E-5	2.502362E-5	9.705434E-11	3.053730E+2
4.000000E-1	2.083004E-5	2.083004E-5	8.078951E-11	3.060762E+2
3.500000E-1	1.608011E-5	1.608011E-5	6.236687E-11	3.067793E+2
3.000000E-1	1.256484E-5	1.256484E-5	4.873287E-11	3.074824E+2
2.500000E-1	8.593608E-6	8.593608E-6	3.333039E-11	3.081855E+2
2.000000E-1	5.844194E-6	5.844194E-6	2.266676E-11	3.088887E+2
1.500000E-1	3.839008E-6	3.839008E-6	1.488963E-11	3.095918E+2
1.000000E-1	2.354373E-6	2.354373E-6	9.131459E-12	3.102949E+2
5.000000E-2	1.100727E-6	1.100727E-6	4.269182E-12	3.109980E+2
0.000000E+0	3.373098E-8	3.373098E-8	1.308259E-13	3.117012E+2
-5.000000E-2	9.415403E-7	-9.415403E-7	-3.651773E-12	3.124043E+2
-1.000000E-1	2.074253E-6	-2.074253E-6	-8.045009E-12	3.131074E+2
-1.500000E-1	3.140361E-6	-3.140361E-6	-1.217992E-11	3.138105E+2
-2.000000E-1	4.374075E-6	-4.374075E-6	-1.696489E-11	3.145137E+2
-2.500000E-1	5.996234E-6	-5.996234E-6	-2.325645E-11	3.152168E+2
-3.000000E-1	7.671262E-6	-7.671262E-6	-2.975306E-11	3.159199E+2
-3.500000E-1	9.611857E-6	-9.611857E-6	-3.727968E-11	3.166230E+2
-4.000000E-1	1.278568E-5	-1.278568E-5	-4.958940E-11	3.173262E+2
-4.500000E-1	1.576706E-5	-1.576706E-5	-6.115267E-11	3.180293E+2
-5.000000E-1	2.135700E-5	-2.135700E-5	-8.283331E-11	3.187324E+2
-5.000000E-1	2.173912E-5	-2.173912E-5	-8.431537E-11	3.194355E+2
-4.500000E-1	1.752352E-5	-1.752352E-5	-6.796512E-11	3.201387E+2
-4.000000E-1	1.436202E-5	-1.436202E-5	-5.570322E-11	3.208418E+2
-3.500000E-1	1.089357E-5	-1.089357E-5	-4.225081E-11	3.215449E+2
-3.000000E-1	8.298239E-6	-8.298239E-6	-3.218480E-11	3.222480E+2
-2.500000E-1	6.507882E-6	-6.507882E-6	-2.524088E-11	3.229512E+2
-2.000000E-1	4.928571E-6	-4.928571E-6	-1.911551E-11	3.236543E+2
-1.500000E-1	3.262942E-6	-3.262942E-6	-1.265535E-11	3.243574E+2
-1.000000E-1	2.054036E-6	-2.054036E-6	-7.966600E-12	3.250605E+2
-5.000000E-2	9.956451E-7	-9.956451E-7	-3.861619E-12	3.257637E+2
0.000000E+0	1.439837E-8	-1.439837E-8	-5.584422E-14	3.264668E+2
0.000000E+0	5.360031E-9	-5.360031E-9	-2.078893E-14	3.271709E+2
5.000000E-2	1.091177E-6	1.091177E-6	4.232142E-12	3.278740E+2
1.000000E-1	2.384626E-6	2.384626E-6	9.248796E-12	3.285771E+2
1.500000E-1	3.969726E-6	3.969726E-6	1.539662E-11	3.292803E+2
2.000000E-1	5.971866E-6	5.971866E-6	2.316194E-11	3.299834E+2
2.500000E-1	8.546716E-6	8.546716E-6	3.314852E-11	3.306865E+2
3.000000E-1	1.116387E-5	1.116387E-5	4.329918E-11	3.313896E+2
3.500000E-1	1.550021E-5	1.550021E-5	6.011772E-11	3.320928E+2
4.000000E-1	2.125228E-5	2.125228E-5	8.242717E-11	3.327959E+2
4.500000E-1	2.690090E-5	2.690090E-5	1.043354E-10	3.339102E+2
5.000000E-1	3.446979E-5	3.446979E-5	1.336914E-10	3.342793E+2
5.000000E-1	3.321410E-5	3.321410E-5	1.288212E-10	3.346475E+2
4.500000E-1	2.765581E-5	2.765581E-5	1.072633E-10	3.350156E+2
4.000000E-1	2.107267E-5	2.107267E-5	8.173053E-11	3.361904E+2
3.500000E-1	1.624686E-5	1.624686E-5	6.301360E-11	3.368936E+2
3.000000E-1	1.286726E-5	1.286726E-5	4.990577E-11	3.375967E+2
2.500000E-1	9.500815E-6	9.500815E-6	3.684900E-11	3.382998E+2
2.000000E-1	6.088708E-6	6.088708E-6	2.361511E-11	3.390029E+2
1.500000E-1	4.021102E-6	4.021102E-6	1.559588E-11	3.397061E+2
1.000000E-1	2.408546E-6	2.408546E-6	9.341569E-12	3.404092E+2
5.000000E-2	1.117094E-6	1.117094E-6	4.332659E-12	3.411123E+2
0.000000E+0	3.521231E-8	3.521231E-8	1.365713E-13	3.418154E+2
-5.000000E-2	9.763877E-7	-9.763877E-7	-3.786929E-12	3.425186E+2
-1.000000E-1	2.042175E-6	-2.042175E-6	-7.920595E-12	3.432217E+2
-1.500000E-1	3.173374E-6	-3.173374E-6	-1.230796E-11	3.439248E+2
-2.000000E-1	4.502446E-6	-4.502446E-6	-1.746278E-11	3.446279E+2
-2.500000E-1	6.223657E-6	-6.223657E-6	-2.413851E-11	3.453311E+2
-3.000000E-1	8.165648E-6	-8.165648E-6	-3.167054E-11	3.460342E+2
-3.500000E-1	1.014366E-5	-1.014366E-5	-3.934228E-11	3.467373E+2
-4.000000E-1	1.336288E-5	-1.336288E-5	-5.182806E-11	3.474404E+2
-4.500000E-1	1.670329E-5	-1.670329E-5	-6.478389E-11	3.481436E+2
-5.000000E-1	2.188859E-5	-2.188859E-5	-8.489509E-11	3.488467E+2
-5.000000E-1	2.286710E-5	-2.286710E-5	-8.869028E-11	3.495498E+2
-4.500000E-1	1.740934E-5	-1.740934E-5	-6.752231E-11	3.502529E+2
-4.000000E-1	1.416158E-5	-1.416158E-5	-5.492581E-11	3.509561E+2
-3.500000E-1	1.110426E-5	-1.110426E-5	-4.306797E-11	3.516592E+2
-3.000000E-1	8.477528E-6	-8.477528E-6	-3.288017E-11	3.523623E+2
-2.500000E-1	6.334395E-6	-6.334395E-6	-2.456801E-11	3.530654E+2
-2.000000E-1	4.544857E-6	-4.544857E-6	-1.762727E-11	3.537686E+2
-1.500000E-1	3.210594E-6	-3.210594E-6	-1.245232E-11	3.544717E+2
-1.000000E-1	2.161334E-6	-2.161334E-6	-8.382753E-12	3.551748E+2
-5.000000E-2	1.063708E-6	-1.063708E-6	-4.125603E-12	3.558779E+2
0.000000E+0	1.511042E-8	-1.511042E-8	-5.860590E-14	3.565811E+2
0.000000E+0	9.185044E-9	-9.185044E-9	-3.562428E-14	3.572852E+2
5.000000E-2	1.088458E-6	1.088458E-6	4.221595E-12	3.579883E+2
1.000000E-1	2.281730E-6	2.281730E-6	8.849713E-12	3.586914E+2
1.500000E-1	3.806795E-6	3.806795E-6	1.476469E-11	3.593945E+2
2.000000E-1	5.768904E-6	5.768904E-6	2.237475E-11	3.600977E+2
2.500000E-1	8.068450E-6	8.068450E-6	3.129356E-11	3.608008E+2
3.000000E-1	1.089396E-5	1.089396E-5	4.225231E-11	3.615039E+2
3.500000E-1	1.406126E-5	1.406126E-5	5.453674E-11	3.622070E+2
4.000000E-1	1.893331E-5	1.893331E-5	7.343302E-11	3.629102E+2
4.500000E-1	2.304082E-5	2.304082E-5	8.936404E-11	3.636133E+2
5.000000E-1	3.062140E-5	3.062140E-5	1.187654E-10	3.647285E+2
5.000000E-1	3.145881E-5	3.145881E-5	1.220133E-10	3.650967E+2
4.500000E-1	2.345277E-5	2.345277E-5	9.096177E-11	3.662715E+2
4.000000E-1	1.816886E-5	1.816886E-5	7.046811E-11	3.669746E+2
3.500000E-1	1.383404E-5	1.383404E-5	5.365547E-11	3.676777E+2
3.000000E-1	1.051862E-5	1.051862E-5	4.079655E-11	3.683809E+2
2.500000E-1	7.873246E-6	7.873246E-6	3.053646E-11	3.690840E+2
2.000000E-1	5.660311E-6	5.660311E-6	2.195357E-11	3.697871E+2
1.500000E-1	3.778413E-6	3.778413E-6	1.465461E-11	3.704902E+2
1.000000E-1	2.333470E-6	2.333470E-6	9.050385E-12	3.711934E+2
5.000000E-2	1.096734E-6	1.096734E-6	4.253695E-12	3.718965E+2
0.000000E+0	3.288652E-8	3.288652E-8	1.275507E-13	3.725996E+2
-5.000000E-2	9.513552E-7	-9.513552E-7	-3.689840E-12	3.733027E+2
-1.000000E-1	1.902335E-6	-1.902335E-6	-7.378223E-12	3.740059E+2
-1.500000E-1	3.047364E-6	-3.047364E-6	-1.181923E-11	3.747090E+2
-2.000000E-1	4.356434E-6	-4.356434E-6	-1.689647E-11	3.754121E+2
-2.500000E-1	5.849425E-6	-5.849425E-6	-2.268705E-11	3.761152E+2
-3.000000E-1	7.447474E-6	-7.447474E-6	-2.888510E-11	3.768184E+2
-3.500000E-1	9.632703E-6	-9.632703E-6	-3.736053E-11	3.775215E+2
-4.000000E-1	1.221789E-5	-1.221789E-5	-4.738721E-11	3.782246E+2
-4.500000E-1	1.590987E-5	-1.590987E-5	-6.170658E-11	3.789277E+2
-5.000000E-1	2.059341E-5	-2.059341E-5	-7.987175E-11	3.796309E+2
-5.000000E-1	1.984116E-5	-1.984116E-5	-7.695414E-11	3.803340E+2
-4.500000E-1	1.536739E-5	-1.536739E-5	-5.960257E-11	3.810371E+2
-4.000000E-1	1.295561E-5	-1.295561E-5	-5.024846E-11	3.817402E+2
-3.500000E-1	1.057967E-5	-1.057967E-5	-4.103334E-11	3.824434E+2
-3.000000E-1	7.620629E-6	-7.620629E-6	-2.955668E-11	3.831465E+2
-2.500000E-1	5.800816E-6	-5.800816E-6	-2.249852E-11	3.838496E+2
-2.000000E-1	4.302140E-6	-4.302140E-6	-1.668589E-11	3.845527E+2
-1.500000E-1	3.081045E-6	-3.081045E-6	-1.194986E-11	3.852559E+2
-1.000000E-1	1.952099E-6	-1.952099E-6	-7.571235E-12	3.859590E+2
-5.000000E-2	9.645943E-7	-9.645943E-7	-3.741188E-12	3.866621E+2
0.000000E+0	1.226223E-8	-1.226223E-8	-4.755918E-14	3.873652E+2
0.000000E+0	7.539107E-9	-7.539107E-9	-2.924050E-14	3.880693E+2
5.000000E-2	1.030460E-6	1.030460E-6	3.996650E-12	3.887715E+2
1.000000E-1	2.233089E-6	2.233089E-6	8.661058E-12	3.894746E+2
1.500000E-1	3.736871E-6	3.736871E-6	1.449349E-11	3.901777E+2
2.000000E-1	5.649101E-6	5.649101E-6	2.191009E-11	3.908809E+2
2.500000E-1	8.225482E-6	8.225482E-6	3.190261E-11	3.915840E+2
3.000000E-1	1.101025E-5	1.101025E-5	4.270336E-11	3.922871E+2
3.500000E-1	1.423338E-5	1.423338E-5	5.520429E-11	3.929902E+2
4.000000E-1	1.803026E-5	1.803026E-5	6.993055E-11	3.936934E+2
4.500000E-1	2.351010E-5	2.351010E-5	9.118416E-11	3.943965E+2
5.000000E-1	3.106343E-5	3.106343E-5	1.204798E-10	3.955117E+2
5.000000E-1	2.948323E-5	2.948323E-5	1.143510E-10	3.958799E+2
4.500000E-1	2.515937E-5	2.515937E-5	9.758085E-11	3.970547E+2
4.000000E-1	2.011727E-5	2.011727E-5	7.802500E-11	3.977578E+2
3.500000E-1	1.555833E-5	1.555833E-5	6.034313E-11	3.984609E+2
3.000000E-1	1.217629E-5	1.217629E-5	4.722586E-11	3.991641E+2
2.500000E-1	8.472379E-6	8.472379E-6	3.286020E-11	3.998672E+2
2.000000E-1	6.393807E-6	6.393807E-6	2.479844E-11	4.005703E+2
1.500000E-1	4.074815E-6	4.074815E-6	1.580421E-11	4.012734E+2
1.000000E-1	2.384025E-6	2.384025E-6	9.246465E-12	4.019766E+2
5.000000E-2	1.134215E-6	1.134215E-6	4.399064E-12	4.026797E+2
0.000000E+0	3.901228E-8	3.901228E-8	1.513095E-13	4.033828E+2
-5.000000E-2	9.157456E-7	-9.157456E-7	-3.551728E-12	4.040859E+2
-1.000000E-1	2.055482E-6	-2.055482E-6	-7.972206E-12	4.047891E+2
-1.500000E-1	3.254552E-6	-3.254552E-6	-1.262281E-11	4.054922E+2
-2.000000E-1	4.516985E-6	-4.516985E-6	-1.751917E-11	4.061953E+2
-2.500000E-1	6.354931E-6	-6.354931E-6	-2.464766E-11	4.068984E+2
-3.000000E-1	7.923265E-6	-7.923265E-6	-3.073046E-11	4.076016E+2
-3.500000E-1	1.008232E-5	-1.008232E-5	-3.910436E-11	4.083047E+2
-4.000000E-1	1.336842E-5	-1.336842E-5	-5.184954E-11	4.090078E+2
-4.500000E-1	1.623354E-5	-1.623354E-5	-6.296193E-11	4.097109E+2
-5.000000E-1	2.025582E-5	-2.025582E-5	-7.856239E-11	4.104141E+2
-5.000000E-1	2.067937E-5	-2.067937E-5	-8.020513E-11	4.111172E+2
-4.500000E-1	1.752722E-5	-1.752722E-5	-6.797950E-11	4.118203E+2
-4.000000E-1	1.360353E-5	-1.360353E-5	-5.276141E-11	4.125234E+2
-3.500000E-1	1.017704E-5	-1.017704E-5	-3.947176E-11	4.132266E+2
-3.000000E-1	8.121022E-6	-8.121022E-6	-3.149746E-11	4.139297E+2
-2.500000E-1	6.276880E-6	-6.276880E-6	-2.434494E-11	4.146328E+2
-2.000000E-1	4.418643E-6	-4.418643E-6	-1.713775E-11	4.153359E+2
-1.500000E-1	3.065776E-6	-3.065776E-6	-1.189064E-11	4.160391E+2
-1.000000E-1	1.951824E-6	-1.951824E-6	-7.570167E-12	4.167422E+2
-5.000000E-2	9.712675E-7	-9.712675E-7	-3.767070E-12	4.174453E+2
0.000000E+0	8.515934E-9	-8.515934E-9	-3.302913E-14	4.181484E+2
0.000000E+0	7.975638E-9	-7.975638E-9	-3.093359E-14	4.188525E+2
5.000000E-2	1.054344E-6	1.054344E-6	4.089284E-12	4.195557E+2
1.000000E-1	2.315687E-6	2.315687E-6	8.981413E-12	4.202588E+2
1.500000E-1	3.746782E-6	3.746782E-6	1.453193E-11	4.209619E+2
2.000000E-1	5.710155E-6	5.710155E-6	2.214689E-11	4.216650E+2
2.500000E-1	7.811808E-6	7.811808E-6	3.029817E-11	4.223682E+2
3.000000E-1	1.045512E-5	1.045512E-5	4.055030E-11	4.230713E+2
3.500000E-1	1.340829E-5	1.340829E-5	5.200416E-11	4.237744E+2
4.000000E-1	1.770394E-5	1.770394E-5	6.866489E-11	4.244775E+2
4.500000E-1	2.297199E-5	2.297199E-5	8.909708E-11	4.251807E+2
5.000000E-1	2.655984E-5	2.655984E-5	1.030126E-10	4.258838E+2
5.000000E-1	2.655665E-5	2.655665E-5	1.030002E-10	4.265869E+2
4.500000E-1	2.341448E-5	2.341448E-5	9.081329E-11	4.272891E+2
4.000000E-1	1.874878E-5	1.874878E-5	7.271733E-11	4.279922E+2
3.500000E-1	1.357216E-5	1.357216E-5	5.263976E-11	4.286953E+2
3.000000E-1	1.071778E-5	1.071778E-5	4.156901E-11	4.293984E+2
2.500000E-1	7.601149E-6	7.601149E-6	2.948113E-11	4.301016E+2
2.000000E-1	5.493175E-6	5.493175E-6	2.130533E-11	4.308047E+2
1.500000E-1	3.772635E-6	3.772635E-6	1.463220E-11	4.315078E+2
1.000000E-1	2.315694E-6	2.315694E-6	8.981441E-12	4.322109E+2
5.000000E-2	1.074106E-6	1.074106E-6	4.165931E-12	4.329141E+2
0.000000E+0	3.299747E-8	3.299747E-8	1.279810E-13	4.336172E+2
-5.000000E-2	9.243904E-7	-9.243904E-7	-3.585257E-12	4.343203E+2
-1.000000E-1	1.908264E-6	-1.908264E-6	-7.401219E-12	4.350234E+2
-1.500000E-1	2.949705E-6	-2.949705E-6	-1.144046E-11	4.357275E+2
-2.000000E-1	4.144262E-6	-4.144262E-6	-1.607356E-11	4.364307E+2
-2.500000E-1	5.450509E-6	-5.450509E-6	-2.113985E-11	4.371338E+2
-3.000000E-1	7.879119E-6	-7.879119E-6	-3.055924E-11	4.378369E+2
-3.500000E-1	9.985642E-6	-9.985642E-6	-3.872941E-11	4.385400E+2
-4.000000E-1	1.206575E-5	-1.206575E-5	-4.679714E-11	4.392432E+2
-4.500000E-1	1.640533E-5	-1.640533E-5	-6.362823E-11	4.399463E+2
-5.000000E-1	1.907003E-5	-1.907003E-5	-7.396328E-11	4.406494E+2
-5.000000E-1	1.929287E-5	-1.929287E-5	-7.482756E-11	4.413525E+2
-4.500000E-1	1.541718E-5	-1.541718E-5	-5.979567E-11	4.420557E+2
-4.000000E-1	1.190531E-5	-1.190531E-5	-4.617487E-11	4.427588E+2
-3.500000E-1	9.969239E-6	-9.969239E-6	-3.866579E-11	4.434619E+2
-3.000000E-1	8.065392E-6	-8.065392E-6	-3.128170E-11	4.441650E+2
-2.500000E-1	5.836533E-6	-5.836533E-6	-2.263705E-11	4.448682E+2
-2.000000E-1	4.308049E-6	-4.308049E-6	-1.670881E-11	4.455713E+2
-1.500000E-1	3.001210E-6	-3.001210E-6	-1.164022E-11	4.462744E+2
-1.000000E-1	1.984460E-6	-1.984460E-6	-7.696746E-12	4.469775E+2
-5.000000E-2	9.613562E-7	-9.613562E-7	-3.728629E-12	4.476807E+2
0.000000E+0	5.642701E-9	-5.642701E-9	-2.188527E-14	4.483838E+2
0.000000E+0	6.089966E-9	-6.089966E-9	-2.361999E-14	4.490869E+2
5.000000E-2	1.050444E-6	1.050444E-6	4.074158E-12	4.497900E+2
1.000000E-1	2.238181E-6	2.238181E-6	8.680806E-12	4.504932E+2
1.500000E-1	3.796897E-6	3.796897E-6	1.472630E-11	4.511963E+2
2.000000E-1	5.612919E-6	5.612919E-6	2.176976E-11	4.518994E+2
2.500000E-1	7.799721E-6	7.799721E-6	3.025129E-11	4.526025E+2
3.000000E-1	1.041932E-5	1.041932E-5	4.041143E-11	4.533057E+2
3.500000E-1	1.385075E-5	1.385075E-5	5.372026E-11	4.540088E+2
4.000000E-1	1.879613E-5	1.879613E-5	7.290097E-11	4.547119E+2
4.500000E-1	2.383469E-5	2.383469E-5	9.244308E-11	4.554150E+2
5.000000E-1	2.670330E-5	2.670330E-5	1.035690E-10	4.561182E+2
5.000000E-1	2.679246E-5	2.679246E-5	1.039148E-10	4.568213E+2
4.500000E-1	2.563348E-5	2.563348E-5	9.941970E-11	4.575244E+2
4.000000E-1	1.889909E-5	1.889909E-5	7.330029E-11	4.582275E+2
3.500000E-1	1.418362E-5	1.418362E-5	5.501129E-11	4.589307E+2
3.000000E-1	1.150958E-5	1.150958E-5	4.464003E-11	4.596338E+2
2.500000E-1	8.234019E-6	8.234019E-6	3.193572E-11	4.603369E+2
2.000000E-1	5.706445E-6	5.706445E-6	2.213250E-11	4.610400E+2
1.500000E-1	4.063657E-6	4.063657E-6	1.576093E-11	4.617432E+2
1.000000E-1	2.375144E-6	2.375144E-6	9.212020E-12	4.624463E+2
5.000000E-2	1.115412E-6	1.115412E-6	4.326137E-12	4.631494E+2
0.000000E+0	3.921625E-8	3.921625E-8	1.521006E-13	4.638525E+2
-5.000000E-2	9.705590E-7	-9.705590E-7	-3.764322E-12	4.645557E+2
-1.000000E-1	1.928613E-6	-1.928613E-6	-7.480142E-12	4.652588E+2
-1.500000E-1	3.043430E-6	-3.043430E-6	-1.180397E-11	4.659619E+2
-2.000000E-1	4.221173E-6	-4.221173E-6	-1.637186E-11	4.666650E+2
-2.500000E-1	5.649650E-6	-5.649650E-6	-2.191222E-11	4.673682E+2
-3.000000E-1	7.606572E-6	-7.606572E-6	-2.950216E-11	4.680713E+2
-3.500000E-1	1.000061E-5	-1.000061E-5	-3.878747E-11	4.687744E+2
-4.000000E-1	1.232679E-5	-1.232679E-5	-4.780956E-11	4.694775E+2
-4.500000E-1	1.594624E-5	-1.594624E-5	-6.184764E-11	4.701807E+2
-5.000000E-1	2.144271E-5	-2.144271E-5	-8.316574E-11	4.708838E+2
-5.000000E-1	2.075957E-5	-2.075957E-5	-8.051618E-11	4.715869E+2
-4.500000E-1	1.759781E-5	-1.759781E-5	-6.825328E-11	4.722900E+2
-4.000000E-1	1.348911E-5	-1.348911E-5	-5.231764E-11	4.729932E+2
-3.500000E-1	1.027050E-5	-1.027050E-5	-3.983422E-11	4.736963E+2
-3.000000E-1	7.745158E-6	-7.745158E-6	-3.003967E-11	4.743994E+2
-2.500000E-1	5.879454E-6	-5.879454E-6	-2.280352E-11	4.751025E+2
-2.000000E-1	4.407827E-6	-4.407827E-6	-1.709580E-11	4.758057E+2
-1.500000E-1	3.067263E-6	-3.067263E-6	-1.189641E-11	4.765088E+2
-1.000000E-1	1.973267E-6	-1.973267E-6	-7.653336E-12	4.772119E+2
-5.000000E-2	9.821379E-7	-9.821379E-7	-3.809231E-12	4.779150E+2
0.000000E+0	8.147388E-9	-8.147388E-9	-3.159972E-14	4.786182E+2
0.000000E+0	8.179591E-9	-8.179591E-9	-3.172462E-14	4.793223E+2
5.000000E-2	1.021590E-6	1.021590E-6	3.962247E-12	4.800254E+2
1.000000E-1	2.246021E-6	2.246021E-6	8.711212E-12	4.807285E+2
1.500000E-1	3.834839E-6	3.834839E-6	1.487346E-11	4.814316E+2
2.000000E-1	5.572455E-6	5.572455E-6	2.161282E-11	4.821348E+2
2.500000E-1	7.883970E-6	7.883970E-6	3.057805E-11	4.828379E+2
3.000000E-1	1.144772E-5	1.144772E-5	4.440009E-11	4.835410E+2
3.500000E-1	1.496820E-5	1.496820E-5	5.805430E-11	4.842441E+2
4.000000E-1	1.942647E-5	1.942647E-5	7.534573E-11	4.849473E+2
4.500000E-1	2.482652E-5	2.482652E-5	9.628990E-11	4.856504E+2
5.000000E-1	3.047996E-5	3.047996E-5	1.182168E-10	4.867646E+2
5.000000E-1	2.894192E-5	2.894192E-5	1.122515E-10	4.871338E+2
4.500000E-1	2.331228E-5	2.331228E-5	9.041692E-11	4.883086E+2
4.000000E-1	1.820755E-5	1.820755E-5	7.061814E-11	4.890117E+2
3.500000E-1	1.475109E-5	1.475109E-5	5.721225E-11	4.897148E+2
3.000000E-1	1.105473E-5	1.105473E-5	4.287586E-11	4.904180E+2
2.500000E-1	7.777243E-6	7.777243E-6	3.016411E-11	4.911211E+2
2.000000E-1	5.534002E-6	5.534002E-6	2.146368E-11	4.918242E+2
1.500000E-1	3.768345E-6	3.768345E-6	1.461556E-11	4.925273E+2
1.000000E-1	2.358964E-6	2.358964E-6	9.149265E-12	4.932305E+2
5.000000E-2	1.078182E-6	1.078182E-6	4.181738E-12	4.939336E+2
0.000000E+0	3.056076E-8	3.056076E-8	1.185302E-13	4.946367E+2
-5.000000E-2	9.731674E-7	-9.731674E-7	-3.774439E-12	4.953398E+2
-1.000000E-1	1.967764E-6	-1.967764E-6	-7.631992E-12	4.960430E+2
-1.500000E-1	3.052570E-6	-3.052570E-6	-1.183942E-11	4.967461E+2
-2.000000E-1	4.388565E-6	-4.388565E-6	-1.702109E-11	4.974492E+2
-2.500000E-1	5.893138E-6	-5.893138E-6	-2.285659E-11	4.981523E+2
-3.000000E-1	7.444870E-6	-7.444870E-6	-2.887500E-11	4.988555E+2
-3.500000E-1	1.033758E-5	-1.033758E-5	-4.009441E-11	4.995586E+2
-4.000000E-1	1.355484E-5	-1.355484E-5	-5.257256E-11	5.002617E+2
-4.500000E-1	1.675305E-5	-1.675305E-5	-6.497686E-11	5.009648E+2
-5.000000E-1	2.063021E-5	-2.063021E-5	-8.001448E-11	5.016680E+2
-5.000000E-1	2.134232E-5	-2.134232E-5	-8.277640E-11	5.023711E+2
-4.500000E-1	1.808063E-5	-1.808063E-5	-7.012589E-11	5.030742E+2
-4.000000E-1	1.456609E-5	-1.456609E-5	-5.649473E-11	5.037773E+2
-3.500000E-1	1.070895E-5	-1.070895E-5	-4.153475E-11	5.044805E+2
-3.000000E-1	8.431935E-6	-8.431935E-6	-3.270334E-11	5.051836E+2
-2.500000E-1	6.212931E-6	-6.212931E-6	-2.409691E-11	5.058867E+2
-2.000000E-1	4.522738E-6	-4.522738E-6	-1.754148E-11	5.065898E+2
-1.500000E-1	2.985804E-6	-2.985804E-6	-1.158047E-11	5.072930E+2
-1.000000E-1	1.987261E-6	-1.987261E-6	-7.707612E-12	5.079961E+2
-5.000000E-2	9.677393E-7	-9.677393E-7	-3.753386E-12	5.086992E+2
0.000000E+0	1.323190E-8	-1.323190E-8	-5.132006E-14	5.094023E+2
0.000000E+0	5.810874E-9	-5.810874E-9	-2.253753E-14	5.101064E+2
5.000000E-2	1.018363E-6	1.018363E-6	3.949729E-12	5.108096E+2
1.000000E-1	2.283391E-6	2.283391E-6	8.856152E-12	5.115127E+2
1.500000E-1	3.708223E-6	3.708223E-6	1.438238E-11	5.122158E+2
2.000000E-1	6.055380E-6	6.055380E-6	2.348585E-11	5.129189E+2
2.500000E-1	8.677101E-6	8.677101E-6	3.365422E-11	5.136221E+2
3.000000E-1	1.097367E-5	1.097367E-5	4.256148E-11	5.143252E+2
3.500000E-1	1.479352E-5	1.479352E-5	5.737681E-11	5.150283E+2
4.000000E-1	2.053540E-5	2.053540E-5	7.964674E-11	5.157314E+2
4.500000E-1	2.405314E-5	2.405314E-5	9.329035E-11	5.164346E+2
5.000000E-1	2.932668E-5	2.932668E-5	1.137438E-10	5.175488E+2
5.000000E-1	2.689974E-5	2.689974E-5	1.043309E-10	5.179170E+2
4.500000E-1	2.305107E-5	2.305107E-5	8.940378E-11	5.190918E+2
4.000000E-1	1.781457E-5	1.781457E-5	6.909396E-11	5.197949E+2
3.500000E-1	1.444709E-5	1.444709E-5	5.603319E-11	5.204980E+2
3.000000E-1	1.068494E-5	1.068494E-5	4.144163E-11	5.212012E+2
2.500000E-1	8.001182E-6	8.001182E-6	3.103266E-11	5.219043E+2
2.000000E-1	5.699983E-6	5.699983E-6	2.210744E-11	5.226074E+2
1.500000E-1	3.791688E-6	3.791688E-6	1.470610E-11	5.233105E+2
1.000000E-1	2.314839E-6	2.314839E-6	8.978124E-12	5.240137E+2
5.000000E-2	1.070539E-6	1.070539E-6	4.152095E-12	5.247168E+2
0.000000E+0	3.038902E-8	3.038902E-8	1.178641E-13	5.254199E+2
-5.000000E-2	9.374901E-7	-9.374901E-7	-3.636064E-12	5.261230E+2
-1.000000E-1	1.912804E-6	-1.912804E-6	-7.418829E-12	5.268262E+2
-1.500000E-1	3.110721E-6	-3.110721E-6	-1.206496E-11	5.275293E+2
-2.000000E-1	4.653865E-6	-4.653865E-6	-1.805006E-11	5.282324E+2
-2.500000E-1	6.435067E-6	-6.435067E-6	-2.495847E-11	5.289355E+2
-3.000000E-1	7.615106E-6	-7.615106E-6	-2.953526E-11	5.296387E+2
-3.500000E-1	1.016792E-5	-1.016792E-5	-3.943638E-11	5.303418E+2
-4.000000E-1	1.304236E-5	-1.304236E-5	-5.058490E-11	5.310449E+2
-4.500000E-1	2.085290E-5	-2.085290E-5	-8.087815E-11	5.317480E+2
-5.000000E-1	2.211028E-5	-2.211028E-5	-8.575493E-11	5.324512E+2
-5.000000E-1	2.481901E-5	-2.481901E-5	-9.626078E-11	5.331543E+2
-4.500000E-1	2.058495E-5	-2.058495E-5	-7.983891E-11	5.338574E+2
-4.000000E-1	1.432253E-5	-1.432253E-5	-5.555008E-11	5.345605E+2
-3.500000E-1	1.040397E-5	-1.040397E-5	-4.035189E-11	5.352637E+2
-3.000000E-1	8.194400E-6	-8.194400E-6	-3.178206E-11	5.359668E+2
-2.500000E-1	6.051995E-6	-6.051995E-6	-2.347272E-11	5.366699E+2
-2.000000E-1	4.281572E-6	-4.281572E-6	-1.660612E-11	5.373730E+2
-1.500000E-1	3.055230E-6	-3.055230E-6	-1.184974E-11	5.380762E+2
-1.000000E-1	1.935132E-6	-1.935132E-6	-7.505427E-12	5.387793E+2
-5.000000E-2	9.969441E-7	-9.969441E-7	-3.866657E-12	5.394824E+2
0.000000E+0	9.542857E-9	-9.542857E-9	-3.701206E-14	5.401855E+2
0.000000E+0	6.633842E-9	-6.633842E-9	-2.572942E-14	5.408896E+2
5.000000E-2	1.002336E-6	1.002336E-6	3.887571E-12	5.415918E+2
1.000000E-1	2.176923E-6	2.176923E-6	8.443218E-12	5.422949E+2
1.500000E-1	3.548569E-6	3.548569E-6	1.376316E-11	5.429980E+2
2.000000E-1	5.470772E-6	5.470772E-6	2.121844E-11	5.437012E+2
2.500000E-1	8.060068E-6	8.060068E-6	3.126105E-11	5.444043E+2
3.000000E-1	1.057947E-5	1.057947E-5	4.103257E-11	5.451074E+2
3.500000E-1	1.364510E-5	1.364510E-5	5.292265E-11	5.458105E+2
4.000000E-1	1.815025E-5	1.815025E-5	7.039590E-11	5.465137E+2
4.500000E-1	2.292527E-5	2.292527E-5	8.891586E-11	5.472168E+2
5.000000E-1	2.679230E-5	2.679230E-5	1.039142E-10	5.479199E+2
5.000000E-1	2.684036E-5	2.684036E-5	1.041006E-10	5.486230E+2
4.500000E-1	2.385555E-5	2.385555E-5	9.252396E-11	5.493262E+2
4.000000E-1	1.909548E-5	1.909548E-5	7.406200E-11	5.500293E+2
3.500000E-1	1.515119E-5	1.515119E-5	5.876404E-11	5.507324E+2
3.000000E-1	1.070134E-5	1.070134E-5	4.150526E-11	5.514355E+2
2.500000E-1	8.456310E-6	8.456310E-6	3.279788E-11	5.521387E+2
2.000000E-1	5.802482E-6	5.802482E-6	2.250498E-11	5.528418E+2
1.500000E-1	3.964002E-6	3.964002E-6	1.537442E-11	5.535449E+2
1.000000E-1	2.418017E-6	2.418017E-6	9.378304E-12	5.542480E+2
5.000000E-2	1.125098E-6	1.125098E-6	4.363704E-12	5.549512E+2
0.000000E+0	3.393492E-8	3.393492E-8	1.316169E-13	5.556543E+2
-5.000000E-2	9.590052E-7	-9.590052E-7	-3.719511E-12	5.563574E+2
-1.000000E-1	1.990153E-6	-1.990153E-6	-7.718826E-12	5.570605E+2
-1.500000E-1	3.191192E-6	-3.191192E-6	-1.237707E-11	5.577637E+2
-2.000000E-1	4.253616E-6	-4.253616E-6	-1.649769E-11	5.584668E+2
-2.500000E-1	5.835182E-6	-5.835182E-6	-2.263181E-11	5.591699E+2
-3.000000E-1	7.427689E-6	-7.427689E-6	-2.880836E-11	5.598730E+2
-3.500000E-1	9.688394E-6	-9.688394E-6	-3.757653E-11	5.605762E+2
-4.000000E-1	1.252724E-5	-1.252724E-5	-4.858702E-11	5.612793E+2
-4.500000E-1	1.639214E-5	-1.639214E-5	-6.357705E-11	5.619824E+2
-5.000000E-1	2.020410E-5	-2.020410E-5	-7.836178E-11	5.626855E+2
-5.000000E-1	2.040571E-5	-2.040571E-5	-7.914375E-11	5.633887E+2
-4.500000E-1	1.633134E-5	-1.633134E-5	-6.334124E-11	5.640918E+2
-4.000000E-1	1.240309E-5	-1.240309E-5	-4.810549E-11	5.647949E+2
-3.500000E-1	9.603599E-6	-9.603599E-6	-3.724765E-11	5.654980E+2
-3.000000E-1	7.504700E-6	-7.504700E-6	-2.910705E-11	5.662012E+2
-2.500000E-1	5.935765E-6	-5.935765E-6	-2.302192E-11	5.669043E+2
-2.000000E-1	4.299611E-6	-4.299611E-6	-1.667608E-11	5.676074E+2
-1.500000E-1	3.080047E-6	-3.080047E-6	-1.194599E-11	5.683105E+2
-1.000000E-1	1.944621E-6	-1.944621E-6	-7.542231E-12	5.690137E+2
-5.000000E-2	9.814329E-7	-9.814329E-7	-3.806497E-12	5.697168E+2
0.000000E+0	7.141934E-9	-7.141934E-9	-2.770006E-14	5.704199E+2
0.000000E+0	4.579999E-9	-4.579999E-9	-1.776357E-14	5.711240E+2
5.000000E-2	9.958814E-7	9.958814E-7	3.862535E-12	5.718271E+2
1.000000E-1	2.183682E-6	2.183682E-6	8.469433E-12	5.725303E+2
1.500000E-1	3.639163E-6	3.639163E-6	1.411453E-11	5.732334E+2
2.000000E-1	5.374833E-6	5.374833E-6	2.084634E-11	5.739365E+2
2.500000E-1	7.481011E-6	7.481011E-6	2.901517E-11	5.746396E+2
3.000000E-1	9.972148E-6	9.972148E-6	3.867707E-11	5.753428E+2
3.500000E-1	1.322442E-5	1.322442E-5	5.129103E-11	5.760459E+2
4.000000E-1	1.723164E-5	1.723164E-5	6.683307E-11	5.767490E+2
4.500000E-1	2.158726E-5	2.158726E-5	8.372637E-11	5.774521E+2
5.000000E-1	2.644431E-5	2.644431E-5	1.025645E-10	5.781543E+2
5.000000E-1	2.654197E-5	2.654197E-5	1.029433E-10	5.788574E+2
4.500000E-1	2.235074E-5	2.235074E-5	8.668756E-11	5.795605E+2
4.000000E-1	1.780471E-5	1.780471E-5	6.905573E-11	5.802637E+2
3.500000E-1	1.411076E-5	1.411076E-5	5.472870E-11	5.809668E+2
3.000000E-1	1.111434E-5	1.111434E-5	4.310709E-11	5.816699E+2
2.500000E-1	7.990294E-6	7.990294E-6	3.099043E-11	5.823730E+2
2.000000E-1	5.910067E-6	5.910067E-6	2.292225E-11	5.830762E+2
1.500000E-1	3.810487E-6	3.810487E-6	1.477901E-11	5.837793E+2
1.000000E-1	2.354223E-6	2.354223E-6	9.130877E-12	5.844824E+2
5.000000E-2	1.084934E-6	1.084934E-6	4.207926E-12	5.851855E+2
0.000000E+0	3.560948E-8	3.560948E-8	1.381117E-13	5.858887E+2
-5.000000E-2	9.184758E-7	-9.184758E-7	-3.562317E-12	5.865918E+2
-1.000000E-1	1.936839E-6	-1.936839E-6	-7.512047E-12	5.872949E+2
-1.500000E-1	2.958564E-6	-2.958564E-6	-1.147482E-11	5.879980E+2
-2.000000E-1	4.134697E-6	-4.134697E-6	-1.603646E-11	5.887012E+2
-2.500000E-1	5.594848E-6	-5.594848E-6	-2.169967E-11	5.894043E+2
-3.000000E-1	7.332260E-6	-7.332260E-6	-2.843824E-11	5.901074E+2
-3.500000E-1	9.433830E-6	-9.433830E-6	-3.658920E-11	5.908105E+2
-4.000000E-1	1.236793E-5	-1.236793E-5	-4.796913E-11	5.915137E+2
-4.500000E-1	1.696070E-5	-1.696070E-5	-6.578223E-11	5.922168E+2
-5.000000E-1	2.407601E-5	-2.407601E-5	-9.337903E-11	5.929199E+2
-5.000000E-1	2.332982E-5	-2.332982E-5	-9.048494E-11	5.936230E+2
-4.500000E-1	1.946045E-5	-1.946045E-5	-7.547754E-11	5.943262E+2
-4.000000E-1	1.396647E-5	-1.396647E-5	-5.416907E-11	5.950293E+2
-3.500000E-1	1.038776E-5	-1.038776E-5	-4.028904E-11	5.957324E+2
-3.000000E-1	8.078493E-6	-8.078493E-6	-3.133251E-11	5.964355E+2
-2.500000E-1	5.680644E-6	-5.680644E-6	-2.203243E-11	5.971387E+2
-2.000000E-1	4.251169E-6	-4.251169E-6	-1.648820E-11	5.978418E+2
-1.500000E-1	2.969360E-6	-2.969360E-6	-1.151669E-11	5.985449E+2
-1.000000E-1	1.965557E-6	-1.965557E-6	-7.623430E-12	5.992480E+2
-5.000000E-2	9.868286E-7	-9.868286E-7	-3.827424E-12	5.999512E+2
0.000000E+0	1.301721E-8	-1.301721E-8	-5.048739E-14	6.006543E+2
