voltage_10_2_21_500mV_500ms	absJ_10_2_21_500mV_500ms	J_10_2_21_500mV_500ms	current_10_2_21_500mV_500ms	time_10_2_21_500mV_500ms	
0.000000E+0	4.555834E-9	-4.555834E-9	-1.486034E-13	0.000000E+0
5.000000E-2	9.831332E-8	9.831332E-8	3.206810E-12	7.031250E-1
1.000000E-1	1.907153E-7	1.907153E-7	6.220802E-12	1.406250E+0
1.500000E-1	2.434682E-7	2.434682E-7	7.941509E-12	2.109375E+0
2.000000E-1	3.651764E-7	3.651764E-7	1.191142E-11	2.812500E+0
2.500000E-1	4.314052E-7	4.314052E-7	1.407169E-11	3.515625E+0
3.000000E-1	5.711012E-7	5.711012E-7	1.862833E-11	4.218750E+0
3.500000E-1	7.940637E-7	7.940637E-7	2.590098E-11	4.921875E+0
4.000000E-1	1.277460E-6	1.277460E-6	4.166854E-11	5.625000E+0
4.500000E-1	1.587576E-6	1.587576E-6	5.178398E-11	6.328125E+0
5.000000E-1	2.322341E-6	2.322341E-6	7.575072E-11	7.031250E+0
5.000000E-1	3.035877E-6	3.035877E-6	9.902503E-11	7.734375E+0
4.500000E-1	2.038516E-6	2.038516E-6	6.649285E-11	8.437500E+0
4.000000E-1	1.814456E-6	1.814456E-6	5.918442E-11	9.140625E+0
3.500000E-1	5.033097E-7	5.033097E-7	1.641709E-11	1.079102E+1
3.000000E-1	3.574448E-7	3.574448E-7	1.165923E-11	1.196582E+1
2.500000E-1	2.492731E-7	2.492731E-7	8.130857E-12	1.266895E+1
2.000000E-1	9.591458E-8	9.591458E-8	3.128567E-12	1.337207E+1
1.500000E-1	4.844592E-8	4.844592E-8	1.580222E-12	1.407520E+1
1.000000E-1	6.730787E-9	-6.730787E-9	-2.195466E-13	1.477832E+1
5.000000E-2	1.863092E-8	-1.863092E-8	-6.077083E-13	1.548145E+1
0.000000E+0	2.850714E-8	-2.850714E-8	-9.298534E-13	1.618457E+1
-5.000000E-2	3.915981E-8	-3.915981E-8	-1.277325E-12	1.688770E+1
-1.000000E-1	5.766098E-8	-5.766098E-8	-1.880801E-12	1.759082E+1
-1.500000E-1	8.891788E-8	-8.891788E-8	-2.900347E-12	1.829395E+1
-2.000000E-1	1.432539E-7	-1.432539E-7	-4.672693E-12	1.899707E+1
-2.500000E-1	2.137901E-7	-2.137901E-7	-6.973463E-12	1.970020E+1
-3.000000E-1	3.360629E-7	-3.360629E-7	-1.096179E-11	2.040332E+1
-3.500000E-1	5.237326E-7	-5.237326E-7	-1.708325E-11	2.110645E+1
-4.000000E-1	8.041308E-7	-8.041308E-7	-2.622935E-11	2.180957E+1
-4.500000E-1	1.094144E-6	-1.094144E-6	-3.568908E-11	2.251270E+1
-5.000000E-1	1.447212E-6	-1.447212E-6	-4.720553E-11	2.321582E+1
-5.000000E-1	1.782934E-6	-1.782934E-6	-5.815622E-11	2.391895E+1
-4.500000E-1	1.306343E-6	-1.306343E-6	-4.261065E-11	2.462207E+1
-4.000000E-1	1.035333E-6	-1.035333E-6	-3.377076E-11	2.532520E+1
-3.500000E-1	5.284895E-7	-5.284895E-7	-1.723841E-11	2.602832E+1
-3.000000E-1	3.137454E-7	-3.137454E-7	-1.023383E-11	2.673145E+1
-2.500000E-1	2.155175E-7	-2.155175E-7	-7.029807E-12	2.743457E+1
-2.000000E-1	1.188227E-7	-1.188227E-7	-3.875789E-12	2.813770E+1
-1.500000E-1	5.784011E-8	-5.784011E-8	-1.886644E-12	2.884082E+1
-1.000000E-1	2.692442E-8	-2.692442E-8	-8.782280E-13	2.954395E+1
-5.000000E-2	2.626794E-9	-2.626794E-9	-8.568146E-14	3.024707E+1
0.000000E+0	1.369728E-8	1.369728E-8	4.467815E-13	3.095020E+1
0.000000E+0	3.555575E-9	3.555575E-9	1.159767E-13	3.165430E+1
5.000000E-2	2.722650E-8	2.722650E-8	8.880813E-13	3.235742E+1
1.000000E-1	5.044091E-8	5.044091E-8	1.645295E-12	3.306055E+1
1.500000E-1	7.559161E-8	7.559161E-8	2.465667E-12	3.376367E+1
2.000000E-1	1.194715E-7	1.194715E-7	3.896952E-12	3.446680E+1
2.500000E-1	1.844066E-7	1.844066E-7	6.015022E-12	3.516992E+1
3.000000E-1	2.747961E-7	2.747961E-7	8.963372E-12	3.587305E+1
3.500000E-1	4.078206E-7	4.078206E-7	1.330240E-11	3.657617E+1
4.000000E-1	5.997775E-7	5.997775E-7	1.956370E-11	3.727930E+1
4.500000E-1	9.007852E-7	9.007852E-7	2.938205E-11	3.798242E+1
5.000000E-1	1.233150E-6	1.233150E-6	4.022321E-11	3.868555E+1
5.000000E-1	1.181763E-6	1.181763E-6	3.854705E-11	3.938867E+1
4.500000E-1	8.349473E-7	8.349473E-7	2.723453E-11	4.009180E+1
4.000000E-1	5.973813E-7	5.973813E-7	1.948554E-11	4.079492E+1
3.500000E-1	4.065624E-7	4.065624E-7	1.326136E-11	4.149805E+1
3.000000E-1	2.534460E-7	2.534460E-7	8.266970E-12	4.220117E+1
2.500000E-1	1.592776E-7	1.592776E-7	5.195358E-12	4.290430E+1
2.000000E-1	9.020998E-8	9.020998E-8	2.942493E-12	4.360742E+1
1.500000E-1	4.264604E-8	4.264604E-8	1.391040E-12	4.431055E+1
1.000000E-1	1.079181E-8	1.079181E-8	3.520101E-13	4.501367E+1
5.000000E-2	9.033807E-9	-9.033807E-9	-2.946671E-13	4.571680E+1
0.000000E+0	2.260600E-8	-2.260600E-8	-7.373685E-13	4.641992E+1
-5.000000E-2	3.608120E-8	-3.608120E-8	-1.176906E-12	4.712402E+1
-1.000000E-1	5.490188E-8	-5.490188E-8	-1.790804E-12	4.782715E+1
-1.500000E-1	8.616345E-8	-8.616345E-8	-2.810502E-12	4.853027E+1
-2.000000E-1	1.333428E-7	-1.333428E-7	-4.349410E-12	4.923340E+1
-2.500000E-1	1.886135E-7	-1.886135E-7	-6.152245E-12	4.993652E+1
-3.000000E-1	2.886402E-7	-2.886402E-7	-9.414941E-12	5.063965E+1
-3.500000E-1	3.970156E-7	-3.970156E-7	-1.294996E-11	5.134277E+1
-4.000000E-1	5.828495E-7	-5.828495E-7	-1.901154E-11	5.204590E+1
-4.500000E-1	8.496212E-7	-8.496212E-7	-2.771317E-11	5.274902E+1
-5.000000E-1	1.296152E-6	-1.296152E-6	-4.227824E-11	5.345215E+1
-5.000000E-1	1.312419E-6	-1.312419E-6	-4.280884E-11	5.415527E+1
-4.500000E-1	9.025769E-7	-9.025769E-7	-2.944049E-11	5.485840E+1
-4.000000E-1	6.185203E-7	-6.185203E-7	-2.017506E-11	5.556152E+1
-3.500000E-1	4.260775E-7	-4.260775E-7	-1.389791E-11	5.626465E+1
-3.000000E-1	2.685065E-7	-2.685065E-7	-8.758216E-12	5.696777E+1
-2.500000E-1	1.652221E-7	-1.652221E-7	-5.389258E-12	5.767090E+1
-2.000000E-1	9.046741E-8	-9.046741E-8	-2.950890E-12	5.837402E+1
-1.500000E-1	4.715849E-8	-4.715849E-8	-1.538228E-12	5.907715E+1
-1.000000E-1	1.939590E-8	-1.939590E-8	-6.326606E-13	5.978027E+1
-5.000000E-2	1.214265E-9	-1.214265E-9	-3.960721E-14	6.048340E+1
0.000000E+0	1.396617E-8	1.396617E-8	4.555523E-13	6.118652E+1
0.000000E+0	3.810850E-9	3.810850E-9	1.243033E-13	6.189063E+1
5.000000E-2	2.516982E-8	2.516982E-8	8.209960E-13	6.259375E+1
1.000000E-1	4.518478E-8	4.518478E-8	1.473849E-12	6.329688E+1
1.500000E-1	7.627276E-8	7.627276E-8	2.487885E-12	6.400000E+1
2.000000E-1	1.083678E-7	1.083678E-7	3.534770E-12	6.470312E+1
2.500000E-1	1.766623E-7	1.766623E-7	5.762418E-12	6.540625E+1
3.000000E-1	2.683870E-7	2.683870E-7	8.754317E-12	6.610938E+1
3.500000E-1	4.290189E-7	4.290189E-7	1.399385E-11	6.681250E+1
4.000000E-1	5.903729E-7	5.903729E-7	1.925694E-11	6.751563E+1
4.500000E-1	8.059715E-7	8.059715E-7	2.628939E-11	6.821875E+1
5.000000E-1	1.128239E-6	1.128239E-6	3.680120E-11	6.892188E+1
5.000000E-1	1.151630E-6	1.151630E-6	3.756417E-11	6.962500E+1
4.500000E-1	8.198949E-7	8.198949E-7	2.674355E-11	7.032812E+1
4.000000E-1	5.306429E-7	5.306429E-7	1.730865E-11	7.103125E+1
3.500000E-1	3.898249E-7	3.898249E-7	1.271541E-11	7.173437E+1
3.000000E-1	2.238570E-7	2.238570E-7	7.301826E-12	7.243750E+1
2.500000E-1	1.380994E-7	1.380994E-7	4.504563E-12	7.314063E+1
2.000000E-1	7.687862E-8	7.687862E-8	2.507647E-12	7.384375E+1
1.500000E-1	3.549959E-8	3.549959E-8	1.157935E-12	7.454688E+1
1.000000E-1	9.191228E-9	9.191228E-9	2.998019E-13	7.525000E+1
5.000000E-2	8.531337E-9	-8.531337E-9	-2.782774E-13	7.595313E+1
0.000000E+0	2.269620E-8	-2.269620E-8	-7.403106E-13	7.665625E+1
-5.000000E-2	3.598334E-8	-3.598334E-8	-1.173714E-12	7.736035E+1
-1.000000E-1	5.293838E-8	-5.293838E-8	-1.726758E-12	7.806348E+1
-1.500000E-1	7.818392E-8	-7.818392E-8	-2.550224E-12	7.876660E+1
-2.000000E-1	1.135976E-7	-1.135976E-7	-3.705355E-12	7.946973E+1
-2.500000E-1	1.823520E-7	-1.823520E-7	-5.948006E-12	8.017285E+1
-3.000000E-1	2.518646E-7	-2.518646E-7	-8.215387E-12	8.087598E+1
-3.500000E-1	3.859571E-7	-3.859571E-7	-1.258925E-11	8.157910E+1
-4.000000E-1	5.499262E-7	-5.499262E-7	-1.793764E-11	8.228223E+1
-4.500000E-1	7.717112E-7	-7.717112E-7	-2.517188E-11	8.298535E+1
-5.000000E-1	1.135041E-6	-1.135041E-6	-3.702307E-11	8.368848E+1
-5.000000E-1	1.186026E-6	-1.186026E-6	-3.868611E-11	8.439160E+1
-4.500000E-1	8.365957E-7	-8.365957E-7	-2.728830E-11	8.509473E+1
-4.000000E-1	6.040729E-7	-6.040729E-7	-1.970381E-11	8.579785E+1
-3.500000E-1	4.047570E-7	-4.047570E-7	-1.320247E-11	8.650098E+1
-3.000000E-1	2.553304E-7	-2.553304E-7	-8.328435E-12	8.720410E+1
-2.500000E-1	1.606599E-7	-1.606599E-7	-5.240447E-12	8.790723E+1
-2.000000E-1	9.258706E-8	-9.258706E-8	-3.020029E-12	8.861035E+1
-1.500000E-1	4.735463E-8	-4.735463E-8	-1.544626E-12	8.931348E+1
-1.000000E-1	1.899341E-8	-1.899341E-8	-6.195322E-13	9.001660E+1
-5.000000E-2	1.046633E-10	-1.046633E-10	-3.413936E-15	9.071973E+1
0.000000E+0	1.385938E-8	1.385938E-8	4.520689E-13	9.142285E+1
0.000000E+0	3.743629E-9	3.743629E-9	1.221107E-13	9.212695E+1
5.000000E-2	2.530129E-8	2.530129E-8	8.252843E-13	9.283008E+1
1.000000E-1	4.385604E-8	4.385604E-8	1.430508E-12	9.353320E+1
1.500000E-1	7.097110E-8	7.097110E-8	2.314954E-12	9.423633E+1
2.000000E-1	1.092881E-7	1.092881E-7	3.564787E-12	9.493945E+1
2.500000E-1	1.657667E-7	1.657667E-7	5.407022E-12	9.564258E+1
3.000000E-1	2.549901E-7	2.549901E-7	8.317333E-12	9.634570E+1
3.500000E-1	3.829508E-7	3.829508E-7	1.249119E-11	9.704883E+1
4.000000E-1	5.225873E-7	5.225873E-7	1.704589E-11	9.775195E+1
4.500000E-1	7.944083E-7	7.944083E-7	2.591222E-11	9.845508E+1
5.000000E-1	1.154810E-6	1.154810E-6	3.766790E-11	9.915820E+1
5.000000E-1	1.112996E-6	1.112996E-6	3.630400E-11	9.986133E+1
4.500000E-1	8.137505E-7	8.137505E-7	2.654313E-11	1.005645E+2
4.000000E-1	5.344867E-7	5.344867E-7	1.743403E-11	1.012676E+2
3.500000E-1	3.615845E-7	3.615845E-7	1.179426E-11	1.019707E+2
3.000000E-1	2.379231E-7	2.379231E-7	7.760639E-12	1.026738E+2
2.500000E-1	1.489401E-7	1.489401E-7	4.858169E-12	1.033770E+2
2.000000E-1	8.135700E-8	8.135700E-8	2.653724E-12	1.040801E+2
1.500000E-1	3.741288E-8	3.741288E-8	1.220343E-12	1.047832E+2
1.000000E-1	9.050825E-9	9.050825E-9	2.952222E-13	1.054863E+2
5.000000E-2	9.238879E-9	-9.238879E-9	-3.013562E-13	1.061895E+2
0.000000E+0	2.252091E-8	-2.252091E-8	-7.345929E-13	1.068926E+2
-5.000000E-2	3.486694E-8	-3.486694E-8	-1.137299E-12	1.075967E+2
-1.000000E-1	5.013118E-8	-5.013118E-8	-1.635192E-12	1.082998E+2
-1.500000E-1	7.745725E-8	-7.745725E-8	-2.526521E-12	1.090029E+2
-2.000000E-1	1.146089E-7	-1.146089E-7	-3.738343E-12	1.097061E+2
-2.500000E-1	1.656582E-7	-1.656582E-7	-5.403483E-12	1.104092E+2
-3.000000E-1	2.317859E-7	-2.317859E-7	-7.560452E-12	1.111123E+2
-3.500000E-1	3.610643E-7	-3.610643E-7	-1.177729E-11	1.118154E+2
-4.000000E-1	5.497717E-7	-5.497717E-7	-1.793260E-11	1.125186E+2
-4.500000E-1	7.636645E-7	-7.636645E-7	-2.490941E-11	1.132217E+2
-5.000000E-1	1.084609E-6	-1.084609E-6	-3.537805E-11	1.139248E+2
-5.000000E-1	1.100315E-6	-1.100315E-6	-3.589036E-11	1.146279E+2
-4.500000E-1	7.582240E-7	-7.582240E-7	-2.473195E-11	1.153311E+2
-4.000000E-1	5.051363E-7	-5.051363E-7	-1.647667E-11	1.160342E+2
-3.500000E-1	3.461867E-7	-3.461867E-7	-1.129201E-11	1.167373E+2
-3.000000E-1	2.206639E-7	-2.206639E-7	-7.197673E-12	1.174404E+2
-2.500000E-1	1.403850E-7	-1.403850E-7	-4.579115E-12	1.181436E+2
-2.000000E-1	8.186757E-8	-8.186757E-8	-2.670378E-12	1.188467E+2
-1.500000E-1	4.016774E-8	-4.016774E-8	-1.310202E-12	1.195498E+2
-1.000000E-1	1.490389E-8	-1.490389E-8	-4.861389E-13	1.202529E+2
-5.000000E-2	1.848626E-9	1.848626E-9	6.029899E-14	1.209561E+2
0.000000E+0	1.422783E-8	1.422783E-8	4.640871E-13	1.216592E+2
0.000000E+0	4.074637E-9	4.074637E-9	1.329076E-13	1.223633E+2
5.000000E-2	2.427891E-8	2.427891E-8	7.919360E-13	1.230664E+2
1.000000E-1	4.243417E-8	4.243417E-8	1.384129E-12	1.237695E+2
1.500000E-1	6.827283E-8	6.827283E-8	2.226941E-12	1.244727E+2
2.000000E-1	1.079066E-7	1.079066E-7	3.519726E-12	1.251758E+2
2.500000E-1	1.650451E-7	1.650451E-7	5.383485E-12	1.258789E+2
3.000000E-1	2.525398E-7	2.525398E-7	8.237411E-12	1.265820E+2
3.500000E-1	3.716718E-7	3.716718E-7	1.212329E-11	1.272852E+2
4.000000E-1	5.389407E-7	5.389407E-7	1.757931E-11	1.279883E+2
4.500000E-1	7.821995E-7	7.821995E-7	2.551399E-11	1.286914E+2
5.000000E-1	1.119279E-6	1.119279E-6	3.650894E-11	1.293945E+2
5.000000E-1	1.071731E-6	1.071731E-6	3.495801E-11	1.300977E+2
4.500000E-1	7.493924E-7	7.493924E-7	2.444388E-11	1.308008E+2
4.000000E-1	5.291909E-7	5.291909E-7	1.726129E-11	1.315039E+2
3.500000E-1	3.398504E-7	3.398504E-7	1.108533E-11	1.322070E+2
3.000000E-1	2.203278E-7	2.203278E-7	7.186710E-12	1.329102E+2
2.500000E-1	1.326063E-7	1.326063E-7	4.325387E-12	1.336133E+2
2.000000E-1	7.834093E-8	7.834093E-8	2.555345E-12	1.343164E+2
1.500000E-1	3.346459E-8	3.346459E-8	1.091557E-12	1.350195E+2
1.000000E-1	8.321160E-9	8.321160E-9	2.714218E-13	1.357227E+2
5.000000E-2	9.642641E-9	-9.642641E-9	-3.145262E-13	1.364258E+2
0.000000E+0	2.277491E-8	-2.277491E-8	-7.428780E-13	1.371289E+2
-5.000000E-2	3.516263E-8	-3.516263E-8	-1.146944E-12	1.378330E+2
-1.000000E-1	5.046516E-8	-5.046516E-8	-1.646086E-12	1.385361E+2
-1.500000E-1	7.434286E-8	-7.434286E-8	-2.424935E-12	1.392393E+2
-2.000000E-1	1.099875E-7	-1.099875E-7	-3.587602E-12	1.399424E+2
-2.500000E-1	1.600723E-7	-1.600723E-7	-5.221282E-12	1.406455E+2
-3.000000E-1	2.400381E-7	-2.400381E-7	-7.829626E-12	1.413486E+2
-3.500000E-1	3.623188E-7	-3.623188E-7	-1.181821E-11	1.420518E+2
-4.000000E-1	5.517292E-7	-5.517292E-7	-1.799645E-11	1.427549E+2
-4.500000E-1	7.789556E-7	-7.789556E-7	-2.540818E-11	1.434580E+2
-5.000000E-1	1.112896E-6	-1.112896E-6	-3.630074E-11	1.441611E+2
-5.000000E-1	1.150287E-6	-1.150287E-6	-3.752035E-11	1.448643E+2
-4.500000E-1	8.050842E-7	-8.050842E-7	-2.626045E-11	1.455674E+2
-4.000000E-1	5.508748E-7	-5.508748E-7	-1.796858E-11	1.462705E+2
-3.500000E-1	3.732936E-7	-3.732936E-7	-1.217619E-11	1.469736E+2
-3.000000E-1	2.385805E-7	-2.385805E-7	-7.782081E-12	1.476768E+2
-2.500000E-1	1.471481E-7	-1.471481E-7	-4.799716E-12	1.483799E+2
-2.000000E-1	8.210581E-8	-8.210581E-8	-2.678149E-12	1.490830E+2
-1.500000E-1	4.126458E-8	-4.126458E-8	-1.345979E-12	1.497861E+2
-1.000000E-1	1.534041E-8	-1.534041E-8	-5.003775E-13	1.504893E+2
-5.000000E-2	1.273404E-9	1.273404E-9	4.153622E-14	1.511924E+2
0.000000E+0	1.417039E-8	1.417039E-8	4.622136E-13	1.518955E+2
0.000000E+0	3.944446E-9	3.944446E-9	1.286610E-13	1.525996E+2
5.000000E-2	2.368454E-8	2.368454E-8	7.725487E-13	1.533027E+2
1.000000E-1	4.004266E-8	4.004266E-8	1.306122E-12	1.540059E+2
1.500000E-1	6.373527E-8	6.373527E-8	2.078934E-12	1.547090E+2
2.000000E-1	1.019842E-7	1.019842E-7	3.326547E-12	1.554121E+2
2.500000E-1	1.609935E-7	1.609935E-7	5.251327E-12	1.561152E+2
3.000000E-1	2.571195E-7	2.571195E-7	8.386791E-12	1.568184E+2
3.500000E-1	3.630843E-7	3.630843E-7	1.184318E-11	1.575215E+2
4.000000E-1	5.647621E-7	5.647621E-7	1.842156E-11	1.582246E+2
4.500000E-1	8.075601E-7	8.075601E-7	2.634121E-11	1.589277E+2
5.000000E-1	1.072098E-6	1.072098E-6	3.496998E-11	1.596309E+2
5.000000E-1	1.083074E-6	1.083074E-6	3.532800E-11	1.603340E+2
4.500000E-1	7.478360E-7	7.478360E-7	2.439311E-11	1.610371E+2
4.000000E-1	4.959770E-7	4.959770E-7	1.617791E-11	1.617402E+2
3.500000E-1	3.327556E-7	3.327556E-7	1.085391E-11	1.624434E+2
3.000000E-1	2.162889E-7	2.162889E-7	7.054968E-12	1.631465E+2
2.500000E-1	1.302280E-7	1.302280E-7	4.247810E-12	1.638496E+2
2.000000E-1	6.888677E-8	6.888677E-8	2.246967E-12	1.645527E+2
1.500000E-1	3.127775E-8	3.127775E-8	1.020226E-12	1.652559E+2
1.000000E-1	5.323790E-9	5.323790E-9	1.736528E-13	1.659590E+2
5.000000E-2	1.103219E-8	-1.103219E-8	-3.598510E-13	1.666621E+2
0.000000E+0	2.361349E-8	-2.361349E-8	-7.702311E-13	1.673652E+2
-5.000000E-2	3.497117E-8	-3.497117E-8	-1.140699E-12	1.680693E+2
-1.000000E-1	5.012777E-8	-5.012777E-8	-1.635081E-12	1.687725E+2
-1.500000E-1	7.225258E-8	-7.225258E-8	-2.356754E-12	1.694756E+2
-2.000000E-1	1.048127E-7	-1.048127E-7	-3.418807E-12	1.701787E+2
-2.500000E-1	1.532671E-7	-1.532671E-7	-4.999307E-12	1.708818E+2
-3.000000E-1	2.313732E-7	-2.313732E-7	-7.546991E-12	1.715850E+2
-3.500000E-1	3.522551E-7	-3.522551E-7	-1.148995E-11	1.722881E+2
-4.000000E-1	5.319087E-7	-5.319087E-7	-1.734994E-11	1.729912E+2
-4.500000E-1	7.918984E-7	-7.918984E-7	-2.583035E-11	1.736943E+2
-5.000000E-1	1.135529E-6	-1.135529E-6	-3.703900E-11	1.743975E+2
-5.000000E-1	1.074208E-6	-1.074208E-6	-3.503881E-11	1.751006E+2
-4.500000E-1	7.741286E-7	-7.741286E-7	-2.525073E-11	1.758037E+2
-4.000000E-1	5.313131E-7	-5.313131E-7	-1.733051E-11	1.765068E+2
-3.500000E-1	3.484989E-7	-3.484989E-7	-1.136743E-11	1.772100E+2
-3.000000E-1	2.251444E-7	-2.251444E-7	-7.343820E-12	1.779131E+2
-2.500000E-1	1.365273E-7	-1.365273E-7	-4.453285E-12	1.786162E+2
-2.000000E-1	8.230664E-8	-8.230664E-8	-2.684700E-12	1.793193E+2
-1.500000E-1	4.061108E-8	-4.061108E-8	-1.324663E-12	1.800225E+2
-1.000000E-1	1.618112E-8	-1.618112E-8	-5.278000E-13	1.807256E+2
-5.000000E-2	9.100604E-10	9.100604E-10	2.968459E-14	1.814287E+2
0.000000E+0	1.382662E-8	1.382662E-8	4.510003E-13	1.821318E+2
0.000000E+0	3.424958E-9	3.424958E-9	1.117162E-13	1.828359E+2
5.000000E-2	2.442442E-8	2.442442E-8	7.966822E-13	1.835391E+2
1.000000E-1	4.130796E-8	4.130796E-8	1.347394E-12	1.842422E+2
1.500000E-1	6.562094E-8	6.562094E-8	2.140441E-12	1.849453E+2
2.000000E-1	1.029645E-7	1.029645E-7	3.358522E-12	1.856484E+2
2.500000E-1	1.654995E-7	1.654995E-7	5.398307E-12	1.863516E+2
3.000000E-1	2.564979E-7	2.564979E-7	8.366516E-12	1.870547E+2
3.500000E-1	4.092165E-7	4.092165E-7	1.334793E-11	1.877578E+2
4.000000E-1	5.886263E-7	5.886263E-7	1.919997E-11	1.884609E+2
4.500000E-1	8.199725E-7	8.199725E-7	2.674608E-11	1.891641E+2
5.000000E-1	1.033242E-6	1.033242E-6	3.370255E-11	1.898672E+2
5.000000E-1	1.036408E-6	1.036408E-6	3.380582E-11	1.905703E+2
4.500000E-1	7.437793E-7	7.437793E-7	2.426079E-11	1.912734E+2
4.000000E-1	5.061422E-7	5.061422E-7	1.650948E-11	1.919766E+2
3.500000E-1	3.450110E-7	3.450110E-7	1.125366E-11	1.926797E+2
3.000000E-1	2.217071E-7	2.217071E-7	7.231701E-12	1.933828E+2
2.500000E-1	1.525417E-7	1.525417E-7	4.975645E-12	1.940859E+2
2.000000E-1	7.607066E-8	7.607066E-8	2.481293E-12	1.947891E+2
1.500000E-1	3.466184E-8	3.466184E-8	1.130609E-12	1.954922E+2
1.000000E-1	9.277170E-9	9.277170E-9	3.026052E-13	1.961953E+2
5.000000E-2	1.002300E-8	-1.002300E-8	-3.269329E-13	1.968984E+2
0.000000E+0	2.303572E-8	-2.303572E-8	-7.513851E-13	1.976016E+2
-5.000000E-2	3.630797E-8	-3.630797E-8	-1.184303E-12	1.983047E+2
-1.000000E-1	5.631909E-8	-5.631909E-8	-1.837031E-12	1.990078E+2
-1.500000E-1	8.883406E-8	-8.883406E-8	-2.897613E-12	1.997109E+2
-2.000000E-1	1.217294E-7	-1.217294E-7	-3.970602E-12	2.004141E+2
-2.500000E-1	1.781927E-7	-1.781927E-7	-5.812337E-12	2.011172E+2
-3.000000E-1	2.502508E-7	-2.502508E-7	-8.162748E-12	2.018203E+2
-3.500000E-1	3.543466E-7	-3.543466E-7	-1.155817E-11	2.025234E+2
-4.000000E-1	4.930250E-7	-4.930250E-7	-1.608162E-11	2.032266E+2
-4.500000E-1	7.331586E-7	-7.331586E-7	-2.391436E-11	2.039297E+2
-5.000000E-1	1.008852E-6	-1.008852E-6	-3.290701E-11	2.046328E+2
-5.000000E-1	1.022104E-6	-1.022104E-6	-3.333925E-11	2.053359E+2
-4.500000E-1	7.418136E-7	-7.418136E-7	-2.419667E-11	2.060391E+2
-4.000000E-1	5.081230E-7	-5.081230E-7	-1.657409E-11	2.067422E+2
-3.500000E-1	3.264803E-7	-3.264803E-7	-1.064922E-11	2.074453E+2
-3.000000E-1	2.195134E-7	-2.195134E-7	-7.160147E-12	2.081484E+2
-2.500000E-1	1.356156E-7	-1.356156E-7	-4.423545E-12	2.088516E+2
-2.000000E-1	7.761679E-8	-7.761679E-8	-2.531725E-12	2.095547E+2
-1.500000E-1	3.958997E-8	-3.958997E-8	-1.291356E-12	2.102578E+2
-1.000000E-1	1.440397E-8	-1.440397E-8	-4.698325E-13	2.109609E+2
-5.000000E-2	2.076673E-9	2.076673E-9	6.773748E-14	2.116641E+2
0.000000E+0	1.426016E-8	1.426016E-8	4.651418E-13	2.123672E+2
0.000000E+0	4.195892E-9	4.195892E-9	1.368627E-13	2.130713E+2
5.000000E-2	2.527704E-8	2.527704E-8	8.244933E-13	2.137734E+2
1.000000E-1	4.367565E-8	4.367565E-8	1.424624E-12	2.144766E+2
1.500000E-1	7.134209E-8	7.134209E-8	2.327055E-12	2.151797E+2
2.000000E-1	1.071659E-7	1.071659E-7	3.495565E-12	2.158828E+2
2.500000E-1	1.610700E-7	1.610700E-7	5.253825E-12	2.165859E+2
3.000000E-1	2.677760E-7	2.677760E-7	8.734388E-12	2.172891E+2
3.500000E-1	3.546501E-7	3.546501E-7	1.156807E-11	2.179922E+2
4.000000E-1	5.094839E-7	5.094839E-7	1.661848E-11	2.186953E+2
4.500000E-1	7.407889E-7	7.407889E-7	2.416325E-11	2.193984E+2
5.000000E-1	1.125950E-6	1.125950E-6	3.672652E-11	2.201016E+2
5.000000E-1	1.144786E-6	1.144786E-6	3.734092E-11	2.208047E+2
4.500000E-1	8.114463E-7	8.114463E-7	2.646797E-11	2.215078E+2
4.000000E-1	6.289979E-7	6.289979E-7	2.051682E-11	2.222109E+2
3.500000E-1	4.214685E-7	4.214685E-7	1.374757E-11	2.229141E+2
3.000000E-1	2.740553E-7	2.740553E-7	8.939210E-12	2.236172E+2
2.500000E-1	1.663615E-7	1.663615E-7	5.426423E-12	2.243203E+2
2.000000E-1	8.434630E-8	8.434630E-8	2.751230E-12	2.250234E+2
1.500000E-1	3.954061E-8	3.954061E-8	1.289746E-12	2.257266E+2
1.000000E-1	1.268170E-8	1.268170E-8	4.136552E-13	2.264297E+2
5.000000E-2	1.008044E-8	-1.008044E-8	-3.288064E-13	2.271328E+2
0.000000E+0	2.276895E-8	-2.276895E-8	-7.426837E-13	2.278359E+2
-5.000000E-2	3.558298E-8	-3.558298E-8	-1.160655E-12	2.285391E+2
-1.000000E-1	5.149351E-8	-5.149351E-8	-1.679629E-12	2.292422E+2
-1.500000E-1	7.340004E-8	-7.340004E-8	-2.394182E-12	2.299453E+2
-2.000000E-1	1.104964E-7	-1.104964E-7	-3.604200E-12	2.306484E+2
-2.500000E-1	1.622634E-7	-1.622634E-7	-5.292752E-12	2.313516E+2
-3.000000E-1	2.441012E-7	-2.441012E-7	-7.962159E-12	2.320547E+2
-3.500000E-1	3.558378E-7	-3.558378E-7	-1.160681E-11	2.327578E+2
-4.000000E-1	5.413314E-7	-5.413314E-7	-1.765729E-11	2.334609E+2
-4.500000E-1	7.814643E-7	-7.814643E-7	-2.549001E-11	2.341641E+2
-5.000000E-1	1.126645E-6	-1.126645E-6	-3.674921E-11	2.348672E+2
-5.000000E-1	1.183153E-6	-1.183153E-6	-3.859239E-11	2.355703E+2
-4.500000E-1	7.958109E-7	-7.958109E-7	-2.595797E-11	2.362734E+2
-4.000000E-1	5.652367E-7	-5.652367E-7	-1.843704E-11	2.369766E+2
-3.500000E-1	3.857940E-7	-3.857940E-7	-1.258393E-11	2.376797E+2
-3.000000E-1	2.565498E-7	-2.565498E-7	-8.368209E-12	2.383828E+2
-2.500000E-1	1.544830E-7	-1.544830E-7	-5.038969E-12	2.390859E+2
-2.000000E-1	9.503173E-8	-9.503173E-8	-3.099770E-12	2.397891E+2
-1.500000E-1	4.610803E-8	-4.610803E-8	-1.503964E-12	2.404922E+2
-1.000000E-1	1.688568E-8	-1.688568E-8	-5.507816E-13	2.411953E+2
-5.000000E-2	1.176824E-9	1.176824E-9	3.838596E-14	2.418984E+2
0.000000E+0	1.429973E-8	1.429973E-8	4.664324E-13	2.426016E+2
0.000000E+0	3.803617E-9	3.803617E-9	1.240674E-13	2.433057E+2
5.000000E-2	2.520854E-8	2.520854E-8	8.222589E-13	2.440088E+2
1.000000E-1	4.346507E-8	4.346507E-8	1.417755E-12	2.447119E+2
1.500000E-1	6.391226E-8	6.391226E-8	2.084707E-12	2.454150E+2
2.000000E-1	9.861285E-8	9.861285E-8	3.216580E-12	2.461182E+2
2.500000E-1	1.543814E-7	1.543814E-7	5.035652E-12	2.468213E+2
3.000000E-1	2.387996E-7	2.387996E-7	7.789228E-12	2.475244E+2
3.500000E-1	3.460242E-7	3.460242E-7	1.128671E-11	2.482275E+2
4.000000E-1	5.024164E-7	5.024164E-7	1.638795E-11	2.489307E+2
4.500000E-1	6.940124E-7	6.940124E-7	2.263748E-11	2.496338E+2
5.000000E-1	9.948762E-7	9.948762E-7	3.245114E-11	2.503369E+2
5.000000E-1	1.023249E-6	1.023249E-6	3.337660E-11	2.510400E+2
4.500000E-1	7.159838E-7	7.159838E-7	2.335415E-11	2.517432E+2
4.000000E-1	5.699503E-7	5.699503E-7	1.859079E-11	2.524463E+2
3.500000E-1	3.405920E-7	3.405920E-7	1.110952E-11	2.531494E+2
3.000000E-1	2.208456E-7	2.208456E-7	7.203599E-12	2.538525E+2
2.500000E-1	1.285921E-7	1.285921E-7	4.194450E-12	2.545557E+2
2.000000E-1	6.997380E-8	6.997380E-8	2.282424E-12	2.552588E+2
1.500000E-1	2.959249E-8	2.959249E-8	9.652557E-13	2.559619E+2
1.000000E-1	5.335278E-9	5.335278E-9	1.740275E-13	2.566650E+2
5.000000E-2	1.060035E-8	-1.060035E-8	-3.457651E-13	2.573682E+2
0.000000E+0	2.302848E-8	-2.302848E-8	-7.511491E-13	2.580713E+2
-5.000000E-2	3.510604E-8	-3.510604E-8	-1.145098E-12	2.587744E+2
-1.000000E-1	5.004267E-8	-5.004267E-8	-1.632305E-12	2.594775E+2
-1.500000E-1	7.249681E-8	-7.249681E-8	-2.364720E-12	2.601807E+2
-2.000000E-1	1.057457E-7	-1.057457E-7	-3.449241E-12	2.608838E+2
-2.500000E-1	1.579195E-7	-1.579195E-7	-5.151060E-12	2.615869E+2
-3.000000E-1	2.347343E-7	-2.347343E-7	-7.656625E-12	2.622900E+2
-3.500000E-1	3.266382E-7	-3.266382E-7	-1.065437E-11	2.629932E+2
-4.000000E-1	4.825618E-7	-4.825618E-7	-1.574033E-11	2.636963E+2
-4.500000E-1	6.980880E-7	-6.980880E-7	-2.277042E-11	2.643994E+2
-5.000000E-1	1.027232E-6	-1.027232E-6	-3.350654E-11	2.651025E+2
-5.000000E-1	1.027809E-6	-1.027809E-6	-3.352534E-11	2.658057E+2
-4.500000E-1	7.250793E-7	-7.250793E-7	-2.365083E-11	2.665088E+2
-4.000000E-1	4.688413E-7	-4.688413E-7	-1.529279E-11	2.672119E+2
-3.500000E-1	3.143766E-7	-3.143766E-7	-1.025442E-11	2.679150E+2
-3.000000E-1	2.109481E-7	-2.109481E-7	-6.880760E-12	2.686182E+2
-2.500000E-1	1.248016E-7	-1.248016E-7	-4.070813E-12	2.693213E+2
-2.000000E-1	7.264614E-8	-7.264614E-8	-2.369591E-12	2.700244E+2
-1.500000E-1	3.664239E-8	-3.664239E-8	-1.195211E-12	2.707275E+2
-1.000000E-1	1.325267E-8	-1.325267E-8	-4.322792E-13	2.714307E+2
-5.000000E-2	2.337481E-9	2.337481E-9	7.624457E-14	2.721338E+2
0.000000E+0	1.413380E-8	1.413380E-8	4.610201E-13	2.728369E+2
0.000000E+0	4.021879E-9	4.021879E-9	1.311867E-13	2.735410E+2
5.000000E-2	2.470310E-8	2.470310E-8	8.057721E-13	2.742441E+2
1.000000E-1	4.105823E-8	4.105823E-8	1.339248E-12	2.749473E+2
1.500000E-1	6.667053E-8	6.667053E-8	2.174677E-12	2.756504E+2
2.000000E-1	1.028032E-7	1.028032E-7	3.353262E-12	2.763535E+2
2.500000E-1	1.547924E-7	1.547924E-7	5.049058E-12	2.770566E+2
3.000000E-1	2.420637E-7	2.420637E-7	7.895698E-12	2.777598E+2
3.500000E-1	3.563733E-7	3.563733E-7	1.162428E-11	2.784629E+2
4.000000E-1	5.189283E-7	5.189283E-7	1.692654E-11	2.791660E+2
4.500000E-1	7.522402E-7	7.522402E-7	2.453677E-11	2.798691E+2
5.000000E-1	1.052533E-6	1.052533E-6	3.433179E-11	2.805723E+2
5.000000E-1	1.064851E-6	1.064851E-6	3.473359E-11	2.812754E+2
4.500000E-1	7.387244E-7	7.387244E-7	2.409591E-11	2.819785E+2
4.000000E-1	5.047687E-7	5.047687E-7	1.646468E-11	2.826816E+2
3.500000E-1	3.390772E-7	3.390772E-7	1.106011E-11	2.833848E+2
3.000000E-1	2.166292E-7	2.166292E-7	7.066070E-12	2.840879E+2
2.500000E-1	1.457428E-7	1.457428E-7	4.753878E-12	2.847910E+2
2.000000E-1	7.381616E-8	7.381616E-8	2.407755E-12	2.854941E+2
1.500000E-1	3.390199E-8	3.390199E-8	1.105824E-12	2.861973E+2
1.000000E-1	7.408972E-9	7.408972E-9	2.416678E-13	2.869004E+2
5.000000E-2	1.037443E-8	-1.037443E-8	-3.383960E-13	2.876035E+2
0.000000E+0	2.321313E-8	-2.321313E-8	-7.571721E-13	2.883066E+2
-5.000000E-2	3.488012E-8	-3.488012E-8	-1.137729E-12	2.890098E+2
-1.000000E-1	5.055790E-8	-5.055790E-8	-1.649111E-12	2.897129E+2
-1.500000E-1	7.632892E-8	-7.632892E-8	-2.489717E-12	2.904160E+2
-2.000000E-1	1.114141E-7	-1.114141E-7	-3.634135E-12	2.911191E+2
-2.500000E-1	1.579280E-7	-1.579280E-7	-5.151338E-12	2.918223E+2
-3.000000E-1	2.203052E-7	-2.203052E-7	-7.185974E-12	2.925254E+2
-3.500000E-1	3.458489E-7	-3.458489E-7	-1.128099E-11	2.932285E+2
-4.000000E-1	5.128780E-7	-5.128780E-7	-1.672919E-11	2.939316E+2
-4.500000E-1	7.410676E-7	-7.410676E-7	-2.417234E-11	2.946348E+2
-5.000000E-1	1.046326E-6	-1.046326E-6	-3.412935E-11	2.953379E+2
-5.000000E-1	1.037158E-6	-1.037158E-6	-3.383029E-11	2.960410E+2
-4.500000E-1	7.534009E-7	-7.534009E-7	-2.457463E-11	2.967441E+2
-4.000000E-1	5.011260E-7	-5.011260E-7	-1.634586E-11	2.974473E+2
-3.500000E-1	3.358974E-7	-3.358974E-7	-1.095639E-11	2.981504E+2
-3.000000E-1	2.161999E-7	-2.161999E-7	-7.052067E-12	2.988535E+2
-2.500000E-1	1.358534E-7	-1.358534E-7	-4.431303E-12	2.995566E+2
-2.000000E-1	7.753383E-8	-7.753383E-8	-2.529019E-12	3.002598E+2
-1.500000E-1	3.998395E-8	-3.998395E-8	-1.304207E-12	3.009629E+2
-1.000000E-1	1.422485E-8	-1.422485E-8	-4.639900E-13	3.016660E+2
-5.000000E-2	1.725243E-9	1.725243E-9	5.627443E-14	3.023691E+2
0.000000E+0	1.446779E-8	1.446779E-8	4.719142E-13	3.030723E+2
0.000000E+0	4.048683E-9	4.048683E-9	1.320610E-13	3.037764E+2
5.000000E-2	2.527449E-8	2.527449E-8	8.244100E-13	3.044795E+2
1.000000E-1	4.124585E-8	4.124585E-8	1.345368E-12	3.051826E+2
1.500000E-1	6.619613E-8	6.619613E-8	2.159203E-12	3.058857E+2
2.000000E-1	1.028968E-7	1.028968E-7	3.356315E-12	3.065889E+2
2.500000E-1	1.657020E-7	1.657020E-7	5.404913E-12	3.072920E+2
3.000000E-1	2.573956E-7	2.573956E-7	8.395798E-12	3.079951E+2
3.500000E-1	3.814541E-7	3.814541E-7	1.244237E-11	3.086982E+2
4.000000E-1	5.864006E-7	5.864006E-7	1.912737E-11	3.094014E+2
4.500000E-1	8.370495E-7	8.370495E-7	2.730310E-11	3.101045E+2
5.000000E-1	1.175699E-6	1.175699E-6	3.834927E-11	3.108076E+2
5.000000E-1	1.147111E-6	1.147111E-6	3.741677E-11	3.115107E+2
4.500000E-1	8.232519E-7	8.232519E-7	2.685305E-11	3.122139E+2
4.000000E-1	5.584880E-7	5.584880E-7	1.821691E-11	3.129170E+2
3.500000E-1	3.827150E-7	3.827150E-7	1.248350E-11	3.136201E+2
3.000000E-1	2.444965E-7	2.444965E-7	7.975051E-12	3.143232E+2
2.500000E-1	1.472336E-7	1.472336E-7	4.802506E-12	3.150264E+2
2.000000E-1	8.289377E-8	8.289377E-8	2.703851E-12	3.157295E+2
1.500000E-1	3.817744E-8	3.817744E-8	1.245282E-12	3.164326E+2
1.000000E-1	1.248174E-8	1.248174E-8	4.071327E-13	3.171357E+2
5.000000E-2	9.227391E-9	-9.227391E-9	-3.009815E-13	3.178389E+2
0.000000E+0	2.248560E-8	-2.248560E-8	-7.334411E-13	3.185420E+2
-5.000000E-2	3.671514E-8	-3.671514E-8	-1.197584E-12	3.192451E+2
-1.000000E-1	5.699938E-8	-5.699938E-8	-1.859221E-12	3.199482E+2
-1.500000E-1	8.543633E-8	-8.543633E-8	-2.786785E-12	3.206514E+2
-2.000000E-1	1.242132E-7	-1.242132E-7	-4.051620E-12	3.213545E+2
-2.500000E-1	1.909838E-7	-1.909838E-7	-6.229559E-12	3.220576E+2
-3.000000E-1	2.851484E-7	-2.851484E-7	-9.301046E-12	3.227607E+2
-3.500000E-1	3.954502E-7	-3.954502E-7	-1.289890E-11	3.234639E+2
-4.000000E-1	5.967988E-7	-5.967988E-7	-1.946654E-11	3.241670E+2
-4.500000E-1	8.426567E-7	-8.426567E-7	-2.748600E-11	3.248701E+2
-5.000000E-1	1.146026E-6	-1.146026E-6	-3.738139E-11	3.255732E+2
-5.000000E-1	1.154884E-6	-1.154884E-6	-3.767030E-11	3.262764E+2
-4.500000E-1	8.059702E-7	-8.059702E-7	-2.628935E-11	3.269795E+2
-4.000000E-1	5.787951E-7	-5.787951E-7	-1.887929E-11	3.276826E+2
-3.500000E-1	3.913412E-7	-3.913412E-7	-1.276487E-11	3.283857E+2
-3.000000E-1	2.595195E-7	-2.595195E-7	-8.465076E-12	3.290889E+2
-2.500000E-1	1.478701E-7	-1.478701E-7	-4.823267E-12	3.297920E+2
-2.000000E-1	8.600473E-8	-8.600473E-8	-2.805325E-12	3.304951E+2
-1.500000E-1	4.604890E-8	-4.604890E-8	-1.502035E-12	3.311982E+2
-1.000000E-1	1.727370E-8	-1.727370E-8	-5.634382E-13	3.319014E+2
-5.000000E-2	9.968544E-10	9.968544E-10	3.251566E-14	3.326045E+2
0.000000E+0	1.393299E-8	1.393299E-8	4.544698E-13	3.333076E+2
0.000000E+0	3.869991E-9	3.869991E-9	1.262324E-13	3.340117E+2
5.000000E-2	2.643600E-8	2.643600E-8	8.622963E-13	3.347139E+2
1.000000E-1	4.348462E-8	4.348462E-8	1.418393E-12	3.354170E+2
1.500000E-1	6.998699E-8	6.998699E-8	2.282854E-12	3.361211E+2
2.000000E-1	1.095323E-7	1.095323E-7	3.572753E-12	3.368242E+2
2.500000E-1	1.724137E-7	1.724137E-7	5.623835E-12	3.375273E+2
3.000000E-1	2.655325E-7	2.655325E-7	8.661211E-12	3.382305E+2
3.500000E-1	4.045927E-7	4.045927E-7	1.319711E-11	3.389336E+2
4.000000E-1	5.658915E-7	5.658915E-7	1.845840E-11	3.396367E+2
4.500000E-1	7.909183E-7	7.909183E-7	2.579838E-11	3.403398E+2
5.000000E-1	1.095283E-6	1.095283E-6	3.572622E-11	3.410430E+2
5.000000E-1	1.082238E-6	1.082238E-6	3.530073E-11	3.417461E+2
4.500000E-1	7.852199E-7	7.852199E-7	2.561251E-11	3.424492E+2
4.000000E-1	5.313753E-7	5.313753E-7	1.733254E-11	3.431523E+2
3.500000E-1	3.647499E-7	3.647499E-7	1.189751E-11	3.438555E+2
3.000000E-1	2.310260E-7	2.310260E-7	7.535667E-12	3.445586E+2
2.500000E-1	1.374867E-7	1.374867E-7	4.484579E-12	3.452617E+2
2.000000E-1	7.395059E-8	7.395059E-8	2.412140E-12	3.459648E+2
1.500000E-1	3.441339E-8	3.441339E-8	1.122505E-12	3.466680E+2
1.000000E-1	6.784395E-9	6.784395E-9	2.212952E-13	3.473711E+2
5.000000E-2	1.036677E-8	-1.036677E-8	-3.381462E-13	3.480742E+2
0.000000E+0	2.301189E-8	-2.301189E-8	-7.506079E-13	3.487773E+2
-5.000000E-2	3.539962E-8	-3.539962E-8	-1.154674E-12	3.494805E+2
-1.000000E-1	5.334680E-8	-5.334680E-8	-1.740080E-12	3.501836E+2
-1.500000E-1	8.051544E-8	-8.051544E-8	-2.626274E-12	3.508867E+2
-2.000000E-1	1.172250E-7	-1.172250E-7	-3.823677E-12	3.515898E+2
-2.500000E-1	1.869776E-7	-1.869776E-7	-6.098885E-12	3.522930E+2
-3.000000E-1	2.710788E-7	-2.710788E-7	-8.842121E-12	3.529961E+2
-3.500000E-1	3.873998E-7	-3.873998E-7	-1.263631E-11	3.536992E+2
-4.000000E-1	5.480098E-7	-5.480098E-7	-1.787513E-11	3.544023E+2
-4.500000E-1	7.642209E-7	-7.642209E-7	-2.492756E-11	3.551055E+2
-5.000000E-1	1.059687E-6	-1.059687E-6	-3.456516E-11	3.558086E+2
-5.000000E-1	1.078966E-6	-1.078966E-6	-3.519399E-11	3.565117E+2
-4.500000E-1	7.923150E-7	-7.923150E-7	-2.584394E-11	3.572148E+2
-4.000000E-1	5.447016E-7	-5.447016E-7	-1.776722E-11	3.579180E+2
-3.500000E-1	3.758563E-7	-3.758563E-7	-1.225978E-11	3.586211E+2
-3.000000E-1	2.463383E-7	-2.463383E-7	-8.035128E-12	3.593242E+2
-2.500000E-1	1.521498E-7	-1.521498E-7	-4.962863E-12	3.600273E+2
-2.000000E-1	8.831031E-8	-8.831031E-8	-2.880529E-12	3.607305E+2
-1.500000E-1	4.658411E-8	-4.658411E-8	-1.519493E-12	3.614336E+2
-1.000000E-1	1.840075E-8	-1.840075E-8	-6.002004E-13	3.621367E+2
-5.000000E-2	7.432799E-10	7.432799E-10	2.424450E-14	3.628398E+2
0.000000E+0	1.380364E-8	1.380364E-8	4.502509E-13	3.635430E+2
0.000000E+0	3.669598E-9	3.669598E-9	1.196959E-13	3.642461E+2
5.000000E-2	2.471075E-8	2.471075E-8	8.060219E-13	3.649492E+2
1.000000E-1	4.421599E-8	4.421599E-8	1.442249E-12	3.656523E+2
1.500000E-1	7.056351E-8	7.056351E-8	2.301659E-12	3.663564E+2
2.000000E-1	1.097135E-7	1.097135E-7	3.578665E-12	3.670586E+2
2.500000E-1	1.693967E-7	1.693967E-7	5.525427E-12	3.677617E+2
3.000000E-1	2.520195E-7	2.520195E-7	8.220438E-12	3.684648E+2
3.500000E-1	3.736536E-7	3.736536E-7	1.218793E-11	3.691680E+2
4.000000E-1	5.457308E-7	5.457308E-7	1.780079E-11	3.698711E+2
4.500000E-1	7.842708E-7	7.842708E-7	2.558155E-11	3.705742E+2
5.000000E-1	1.090165E-6	1.090165E-6	3.555928E-11	3.712773E+2
5.000000E-1	1.153134E-6	1.153134E-6	3.761324E-11	3.719805E+2
4.500000E-1	8.088609E-7	8.088609E-7	2.638364E-11	3.726836E+2
4.000000E-1	5.460689E-7	5.460689E-7	1.781182E-11	3.733867E+2
3.500000E-1	3.419253E-7	3.419253E-7	1.115301E-11	3.740898E+2
3.000000E-1	2.127669E-7	2.127669E-7	6.940087E-12	3.747930E+2
2.500000E-1	1.265231E-7	1.265231E-7	4.126963E-12	3.754961E+2
2.000000E-1	6.987426E-8	6.987426E-8	2.279177E-12	3.761992E+2
1.500000E-1	3.230481E-8	3.230481E-8	1.053727E-12	3.769023E+2
1.000000E-1	5.570131E-9	5.570131E-9	1.816880E-13	3.776055E+2
5.000000E-2	1.067396E-8	-1.067396E-8	-3.481659E-13	3.783086E+2
0.000000E+0	2.308081E-8	-2.308081E-8	-7.528561E-13	3.790117E+2
-5.000000E-2	3.551575E-8	-3.551575E-8	-1.158462E-12	3.797158E+2
-1.000000E-1	5.089232E-8	-5.089232E-8	-1.660019E-12	3.804189E+2
-1.500000E-1	7.473003E-8	-7.473003E-8	-2.437564E-12	3.811211E+2
-2.000000E-1	1.101135E-7	-1.101135E-7	-3.591710E-12	3.818242E+2
-2.500000E-1	1.615819E-7	-1.615819E-7	-5.270520E-12	3.825273E+2
-3.000000E-1	2.356541E-7	-2.356541E-7	-7.686629E-12	3.832305E+2
-3.500000E-1	3.632796E-7	-3.632796E-7	-1.184955E-11	3.839336E+2
-4.000000E-1	5.291998E-7	-5.291998E-7	-1.726158E-11	3.846367E+2
-4.500000E-1	7.543593E-7	-7.543593E-7	-2.460589E-11	3.853398E+2
-5.000000E-1	1.012964E-6	-1.012964E-6	-3.304111E-11	3.860430E+2
-5.000000E-1	1.060924E-6	-1.060924E-6	-3.460550E-11	3.867461E+2
-4.500000E-1	7.288116E-7	-7.288116E-7	-2.377257E-11	3.874492E+2
-4.000000E-1	5.134792E-7	-5.134792E-7	-1.674880E-11	3.881523E+2
-3.500000E-1	3.436195E-7	-3.436195E-7	-1.120827E-11	3.888555E+2
-3.000000E-1	2.245454E-7	-2.245454E-7	-7.324280E-12	3.895586E+2
-2.500000E-1	1.356620E-7	-1.356620E-7	-4.425058E-12	3.902617E+2
-2.000000E-1	8.031506E-8	-8.031506E-8	-2.619738E-12	3.909648E+2
-1.500000E-1	3.888625E-8	-3.888625E-8	-1.268402E-12	3.916680E+2
-1.000000E-1	1.470350E-8	-1.470350E-8	-4.796025E-13	3.923711E+2
-5.000000E-2	2.298764E-9	2.298764E-9	7.498169E-14	3.930742E+2
0.000000E+0	1.426102E-8	1.426102E-8	4.651696E-13	3.937773E+2
0.000000E+0	4.342677E-9	4.342677E-9	1.416506E-13	3.944814E+2
5.000000E-2	2.476351E-8	2.476351E-8	8.077428E-13	3.951846E+2
1.000000E-1	4.128754E-8	4.128754E-8	1.346728E-12	3.958877E+2
1.500000E-1	6.541032E-8	6.541032E-8	2.133571E-12	3.965908E+2
2.000000E-1	1.023909E-7	1.023909E-7	3.339815E-12	3.972939E+2
2.500000E-1	1.530574E-7	1.530574E-7	4.992465E-12	3.979971E+2
3.000000E-1	2.324976E-7	2.324976E-7	7.583670E-12	3.987002E+2
3.500000E-1	3.535810E-7	3.535810E-7	1.153320E-11	3.994033E+2
4.000000E-1	5.129810E-7	5.129810E-7	1.673255E-11	4.001064E+2
4.500000E-1	7.669234E-7	7.669234E-7	2.501571E-11	4.008096E+2
5.000000E-1	1.050582E-6	1.050582E-6	3.426816E-11	4.015127E+2
5.000000E-1	1.036461E-6	1.036461E-6	3.380757E-11	4.022158E+2
4.500000E-1	7.458174E-7	7.458174E-7	2.432727E-11	4.029189E+2
4.000000E-1	5.255522E-7	5.255522E-7	1.714260E-11	4.036221E+2
3.500000E-1	3.565361E-7	3.565361E-7	1.162959E-11	4.043252E+2
3.000000E-1	2.274287E-7	2.274287E-7	7.418330E-12	4.050283E+2
2.500000E-1	1.365252E-7	1.365252E-7	4.453216E-12	4.057314E+2
2.000000E-1	7.411311E-8	7.411311E-8	2.417441E-12	4.064346E+2
1.500000E-1	3.290129E-8	3.290129E-8	1.073183E-12	4.071377E+2
1.000000E-1	7.406844E-9	7.406844E-9	2.415984E-13	4.078408E+2
5.000000E-2	1.023488E-8	-1.023488E-8	-3.338441E-13	4.085439E+2
0.000000E+0	2.303955E-8	-2.303955E-8	-7.515100E-13	4.092471E+2
-5.000000E-2	3.583952E-8	-3.583952E-8	-1.169023E-12	4.099502E+2
-1.000000E-1	5.499716E-8	-5.499716E-8	-1.793912E-12	4.106533E+2
-1.500000E-1	7.961644E-8	-7.961644E-8	-2.596950E-12	4.113564E+2
-2.000000E-1	1.181585E-7	-1.181585E-7	-3.854125E-12	4.120596E+2
-2.500000E-1	1.755936E-7	-1.755936E-7	-5.727557E-12	4.127627E+2
-3.000000E-1	2.513690E-7	-2.513690E-7	-8.199219E-12	4.134658E+2
-3.500000E-1	3.415399E-7	-3.415399E-7	-1.114044E-11	4.141689E+2
-4.000000E-1	5.037871E-7	-5.037871E-7	-1.643266E-11	4.148721E+2
-4.500000E-1	7.129690E-7	-7.129690E-7	-2.325581E-11	4.155752E+2
-5.000000E-1	9.697509E-7	-9.697509E-7	-3.163159E-11	4.162783E+2
-5.000000E-1	9.846394E-7	-9.846394E-7	-3.211723E-11	4.169814E+2
-4.500000E-1	7.176305E-7	-7.176305E-7	-2.340786E-11	4.176846E+2
-4.000000E-1	4.948222E-7	-4.948222E-7	-1.614024E-11	4.183877E+2
-3.500000E-1	3.297481E-7	-3.297481E-7	-1.075581E-11	4.190908E+2
-3.000000E-1	2.192428E-7	-2.192428E-7	-7.151321E-12	4.197939E+2
-2.500000E-1	1.373646E-7	-1.373646E-7	-4.480596E-12	4.204971E+2
-2.000000E-1	7.915737E-8	-7.915737E-8	-2.581976E-12	4.212002E+2
-1.500000E-1	3.951807E-8	-3.951807E-8	-1.289011E-12	4.219033E+2
-1.000000E-1	1.437376E-8	-1.437376E-8	-4.688472E-13	4.226064E+2
-5.000000E-2	2.778258E-9	2.778258E-9	9.062195E-14	4.233096E+2
0.000000E+0	1.433334E-8	1.433334E-8	4.675288E-13	4.240127E+2
0.000000E+0	3.912112E-9	3.912112E-9	1.276063E-13	4.247168E+2
5.000000E-2	2.444569E-8	2.444569E-8	7.973761E-13	4.254199E+2
1.000000E-1	4.073233E-8	4.073233E-8	1.328618E-12	4.261230E+2
1.500000E-1	6.458918E-8	6.458918E-8	2.106787E-12	4.268262E+2
2.000000E-1	9.833883E-8	9.833883E-8	3.207642E-12	4.275293E+2
2.500000E-1	1.545596E-7	1.545596E-7	5.041467E-12	4.282324E+2
3.000000E-1	2.228946E-7	2.228946E-7	7.270434E-12	4.289355E+2
3.500000E-1	3.280080E-7	3.280080E-7	1.069905E-11	4.296387E+2
4.000000E-1	4.948409E-7	4.948409E-7	1.614085E-11	4.303418E+2
4.500000E-1	6.915285E-7	6.915285E-7	2.255646E-11	4.310449E+2
5.000000E-1	9.966132E-7	9.966132E-7	3.250779E-11	4.317480E+2
5.000000E-1	1.012975E-6	1.012975E-6	3.304148E-11	4.324512E+2
4.500000E-1	7.056175E-7	7.056175E-7	2.301602E-11	4.331543E+2
4.000000E-1	4.877556E-7	4.877556E-7	1.590974E-11	4.338574E+2
3.500000E-1	3.375134E-7	3.375134E-7	1.100910E-11	4.345605E+2
3.000000E-1	2.120670E-7	2.120670E-7	6.917258E-12	4.352637E+2
2.500000E-1	1.227131E-7	1.227131E-7	4.002687E-12	4.359668E+2
2.000000E-1	7.001933E-8	7.001933E-8	2.283909E-12	4.366699E+2
1.500000E-1	3.423937E-8	3.423937E-8	1.116829E-12	4.373730E+2
1.000000E-1	6.470832E-9	6.470832E-9	2.110673E-13	4.380762E+2
5.000000E-2	9.778788E-9	-9.778788E-9	-3.189671E-13	4.387793E+2
0.000000E+0	2.301232E-8	-2.301232E-8	-7.506218E-13	4.394824E+2
-5.000000E-2	3.610631E-8	-3.610631E-8	-1.177725E-12	4.401855E+2
-1.000000E-1	5.277626E-8	-5.277626E-8	-1.721470E-12	4.408887E+2
-1.500000E-1	7.969814E-8	-7.969814E-8	-2.599615E-12	4.415918E+2
-2.000000E-1	1.085163E-7	-1.085163E-7	-3.539613E-12	4.422949E+2
-2.500000E-1	1.604004E-7	-1.604004E-7	-5.231982E-12	4.429980E+2
-3.000000E-1	2.309375E-7	-2.309375E-7	-7.532780E-12	4.437012E+2
-3.500000E-1	3.344767E-7	-3.344767E-7	-1.091005E-11	4.444043E+2
-4.000000E-1	4.988929E-7	-4.988929E-7	-1.627302E-11	4.451074E+2
-4.500000E-1	6.978232E-7	-6.978232E-7	-2.276178E-11	4.458105E+2
-5.000000E-1	9.474986E-7	-9.474986E-7	-3.090576E-11	4.465137E+2
-5.000000E-1	9.541862E-7	-9.541862E-7	-3.112390E-11	4.472168E+2
-4.500000E-1	6.948665E-7	-6.948665E-7	-2.266534E-11	4.479199E+2
-4.000000E-1	4.714947E-7	-4.714947E-7	-1.537934E-11	4.486230E+2
-3.500000E-1	3.134824E-7	-3.134824E-7	-1.022525E-11	4.493262E+2
-3.000000E-1	2.146504E-7	-2.146504E-7	-7.001524E-12	4.500293E+2
-2.500000E-1	1.366737E-7	-1.366737E-7	-4.458059E-12	4.507324E+2
-2.000000E-1	7.275081E-8	-7.275081E-8	-2.373005E-12	4.514355E+2
-1.500000E-1	3.914537E-8	-3.914537E-8	-1.276854E-12	4.521387E+2
-1.000000E-1	1.374749E-8	-1.374749E-8	-4.484191E-13	4.528418E+2
-5.000000E-2	2.184315E-9	2.184315E-9	7.124856E-14	4.535449E+2
0.000000E+0	1.441376E-8	1.441376E-8	4.701517E-13	4.542480E+2
0.000000E+0	4.213336E-9	4.213336E-9	1.374317E-13	4.549521E+2
5.000000E-2	2.510643E-8	2.510643E-8	8.189283E-13	4.556553E+2
1.000000E-1	4.330083E-8	4.330083E-8	1.412398E-12	4.563584E+2
1.500000E-1	6.848939E-8	6.848939E-8	2.234005E-12	4.570615E+2
2.000000E-1	1.080113E-7	1.080113E-7	3.523140E-12	4.577646E+2
2.500000E-1	1.640185E-7	1.640185E-7	5.349998E-12	4.584678E+2
3.000000E-1	2.405006E-7	2.405006E-7	7.844711E-12	4.591709E+2
3.500000E-1	3.489563E-7	3.489563E-7	1.138235E-11	4.598740E+2
4.000000E-1	4.986722E-7	4.986722E-7	1.626582E-11	4.605771E+2
4.500000E-1	6.941654E-7	6.941654E-7	2.264247E-11	4.612803E+2
5.000000E-1	1.005527E-6	1.005527E-6	3.279853E-11	4.619834E+2
5.000000E-1	1.023778E-6	1.023778E-6	3.339387E-11	4.626865E+2
4.500000E-1	7.624713E-7	7.624713E-7	2.487049E-11	4.633896E+2
4.000000E-1	5.145044E-7	5.145044E-7	1.678224E-11	4.640928E+2
3.500000E-1	3.364134E-7	3.364134E-7	1.097322E-11	4.647959E+2
3.000000E-1	2.239642E-7	2.239642E-7	7.305323E-12	4.654990E+2
2.500000E-1	1.323285E-7	1.323285E-7	4.316325E-12	4.662021E+2
2.000000E-1	7.394973E-8	7.394973E-8	2.412112E-12	4.669053E+2
1.500000E-1	3.234096E-8	3.234096E-8	1.054906E-12	4.676084E+2
1.000000E-1	4.338848E-9	4.338848E-9	1.415257E-13	4.683115E+2
5.000000E-2	1.244302E-8	-1.244302E-8	-4.058698E-13	4.690146E+2
0.000000E+0	2.567400E-8	-2.567400E-8	-8.374412E-13	4.697178E+2
-5.000000E-2	3.831360E-8	-3.831360E-8	-1.249723E-12	4.704209E+2
-1.000000E-1	5.579917E-8	-5.579917E-8	-1.820072E-12	4.711240E+2
-1.500000E-1	7.715984E-8	-7.715984E-8	-2.516820E-12	4.718271E+2
-2.000000E-1	1.145812E-7	-1.145812E-7	-3.737441E-12	4.725303E+2
-2.500000E-1	1.701911E-7	-1.701911E-7	-5.551337E-12	4.732334E+2
-3.000000E-1	2.546029E-7	-2.546029E-7	-8.304704E-12	4.739365E+2
-3.500000E-1	3.555208E-7	-3.555208E-7	-1.159647E-11	4.746396E+2
-4.000000E-1	5.161108E-7	-5.161108E-7	-1.683464E-11	4.753428E+2
-4.500000E-1	7.023301E-7	-7.023301E-7	-2.290879E-11	4.760459E+2
-5.000000E-1	9.953534E-7	-9.953534E-7	-3.246670E-11	4.767490E+2
-5.000000E-1	9.645551E-7	-9.645551E-7	-3.146211E-11	4.774521E+2
-4.500000E-1	6.719858E-7	-6.719858E-7	-2.191901E-11	4.781553E+2
-4.000000E-1	4.541069E-7	-4.541069E-7	-1.481218E-11	4.788584E+2
-3.500000E-1	3.073526E-7	-3.073526E-7	-1.002531E-11	4.795615E+2
-3.000000E-1	1.983578E-7	-1.983578E-7	-6.470088E-12	4.802646E+2
-2.500000E-1	1.262338E-7	-1.262338E-7	-4.117526E-12	4.809678E+2
-2.000000E-1	7.703902E-8	-7.703902E-8	-2.512879E-12	4.816709E+2
-1.500000E-1	3.973844E-8	-3.973844E-8	-1.296199E-12	4.823740E+2
-1.000000E-1	1.675337E-8	-1.675337E-8	-5.464657E-13	4.830771E+2
-5.000000E-2	5.224656E-10	-5.224656E-10	-1.704192E-14	4.837803E+2
0.000000E+0	1.187886E-8	1.187886E-8	3.874678E-13	4.844834E+2
0.000000E+0	1.770342E-9	1.770342E-9	5.774548E-14	4.851875E+2
5.000000E-2	2.211885E-8	2.211885E-8	7.214784E-13	4.858906E+2
1.000000E-1	3.890370E-8	3.890370E-8	1.268971E-12	4.865938E+2
1.500000E-1	6.455813E-8	6.455813E-8	2.105774E-12	4.872969E+2
2.000000E-1	9.713055E-8	9.713055E-8	3.168230E-12	4.880000E+2
2.500000E-1	1.487172E-7	1.487172E-7	4.850897E-12	4.887031E+2
3.000000E-1	2.268714E-7	2.268714E-7	7.400150E-12	4.894063E+2
3.500000E-1	3.518133E-7	3.518133E-7	1.147554E-11	4.901094E+2
4.000000E-1	5.162700E-7	5.162700E-7	1.683983E-11	4.908125E+2
4.500000E-1	7.116004E-7	7.116004E-7	2.321117E-11	4.915156E+2
5.000000E-1	1.031457E-6	1.031457E-6	3.364435E-11	4.922178E+2
5.000000E-1	1.041477E-6	1.041477E-6	3.397117E-11	4.929209E+2
4.500000E-1	7.441199E-7	7.441199E-7	2.427190E-11	4.936240E+2
4.000000E-1	5.152448E-7	5.152448E-7	1.680639E-11	4.943271E+2
3.500000E-1	3.444261E-7	3.444261E-7	1.123458E-11	4.950303E+2
3.000000E-1	2.109493E-7	2.109493E-7	6.880801E-12	4.957334E+2
2.500000E-1	1.310938E-7	1.310938E-7	4.276052E-12	4.964365E+2
2.000000E-1	6.728874E-8	6.728874E-8	2.194842E-12	4.971396E+2
1.500000E-1	2.859946E-8	2.859946E-8	9.328649E-13	4.978428E+2
1.000000E-1	3.262007E-9	3.262007E-9	1.064010E-13	4.985459E+2
5.000000E-2	1.285785E-8	-1.285785E-8	-4.194006E-13	4.992490E+2
0.000000E+0	2.562635E-8	-2.562635E-8	-8.358869E-13	4.999521E+2
-5.000000E-2	3.671385E-8	-3.671385E-8	-1.197542E-12	5.006553E+2
-1.000000E-1	5.064343E-8	-5.064343E-8	-1.651901E-12	5.013594E+2
-1.500000E-1	7.163012E-8	-7.163012E-8	-2.336450E-12	5.020625E+2
-2.000000E-1	1.075046E-7	-1.075046E-7	-3.506612E-12	5.027656E+2
-2.500000E-1	1.523698E-7	-1.523698E-7	-4.970038E-12	5.034678E+2
-3.000000E-1	2.211489E-7	-2.211489E-7	-7.213494E-12	5.041709E+2
-3.500000E-1	3.040504E-7	-3.040504E-7	-9.917595E-12	5.048740E+2
-4.000000E-1	4.639456E-7	-4.639456E-7	-1.513310E-11	5.055771E+2
-4.500000E-1	6.629905E-7	-6.629905E-7	-2.162560E-11	5.062803E+2
-5.000000E-1	9.665343E-7	-9.665343E-7	-3.152667E-11	5.069834E+2
-5.000000E-1	9.812264E-7	-9.812264E-7	-3.200590E-11	5.076865E+2
-4.500000E-1	7.005354E-7	-7.005354E-7	-2.285025E-11	5.083896E+2
-4.000000E-1	4.886799E-7	-4.886799E-7	-1.593989E-11	5.090928E+2
-3.500000E-1	3.270907E-7	-3.270907E-7	-1.066913E-11	5.097959E+2
-3.000000E-1	2.102903E-7	-2.102903E-7	-6.859305E-12	5.104990E+2
-2.500000E-1	1.258032E-7	-1.258032E-7	-4.103481E-12	5.112021E+2
-2.000000E-1	7.370509E-8	-7.370509E-8	-2.404132E-12	5.119053E+2
-1.500000E-1	3.788472E-8	-3.788472E-8	-1.235734E-12	5.126084E+2
-1.000000E-1	1.574460E-8	-1.574460E-8	-5.135614E-13	5.133115E+2
-5.000000E-2	3.361138E-11	-3.361138E-11	-1.096345E-15	5.140146E+2
0.000000E+0	1.203884E-8	1.203884E-8	3.926859E-13	5.147178E+2
0.000000E+0	1.708650E-9	1.708650E-9	5.573320E-14	5.154219E+2
5.000000E-2	2.199887E-8	2.199887E-8	7.175649E-13	5.161250E+2
1.000000E-1	3.840250E-8	3.840250E-8	1.252623E-12	5.168281E+2
1.500000E-1	6.553454E-8	6.553454E-8	2.137623E-12	5.175313E+2
2.000000E-1	9.836054E-8	9.836054E-8	3.208350E-12	5.182344E+2
2.500000E-1	1.489784E-7	1.489784E-7	4.859418E-12	5.189375E+2
3.000000E-1	2.390914E-7	2.390914E-7	7.798748E-12	5.196406E+2
3.500000E-1	3.482147E-7	3.482147E-7	1.135816E-11	5.203437E+2
4.000000E-1	5.119055E-7	5.119055E-7	1.669747E-11	5.210469E+2
4.500000E-1	7.358193E-7	7.358193E-7	2.400115E-11	5.217500E+2
5.000000E-1	1.056159E-6	1.056159E-6	3.445007E-11	5.224531E+2
5.000000E-1	1.048268E-6	1.048268E-6	3.419268E-11	5.231562E+2
4.500000E-1	7.597832E-7	7.597832E-7	2.478281E-11	5.238594E+2
4.000000E-1	5.252370E-7	5.252370E-7	1.713232E-11	5.245625E+2
3.500000E-1	3.431881E-7	3.431881E-7	1.119420E-11	5.252656E+2
3.000000E-1	2.118811E-7	2.118811E-7	6.911194E-12	5.259688E+2
2.500000E-1	1.270506E-7	1.270506E-7	4.144171E-12	5.266719E+2
2.000000E-1	6.927947E-8	6.927947E-8	2.259776E-12	5.273750E+2
1.500000E-1	2.994009E-8	2.994009E-8	9.765938E-13	5.280781E+2
1.000000E-1	3.700657E-9	3.700657E-9	1.207090E-13	5.287813E+2
5.000000E-2	1.342414E-8	-1.342414E-8	-4.378720E-13	5.294844E+2
0.000000E+0	2.566549E-8	-2.566549E-8	-8.371637E-13	5.301875E+2
-5.000000E-2	3.719888E-8	-3.719888E-8	-1.213363E-12	5.308906E+2
-1.000000E-1	5.095231E-8	-5.095231E-8	-1.661976E-12	5.315937E+2
-1.500000E-1	7.139101E-8	-7.139101E-8	-2.328651E-12	5.322969E+2
-2.000000E-1	1.033495E-7	-1.033495E-7	-3.371081E-12	5.330000E+2
-2.500000E-1	1.483926E-7	-1.483926E-7	-4.840309E-12	5.337031E+2
-3.000000E-1	2.205486E-7	-2.205486E-7	-7.193912E-12	5.344062E+2
-3.500000E-1	3.247690E-7	-3.247690E-7	-1.059340E-11	5.351094E+2
-4.000000E-1	4.712262E-7	-4.712262E-7	-1.537058E-11	5.358125E+2
-4.500000E-1	6.759379E-7	-6.759379E-7	-2.204792E-11	5.365156E+2
-5.000000E-1	9.582570E-7	-9.582570E-7	-3.125668E-11	5.372187E+2
-5.000000E-1	9.582855E-7	-9.582855E-7	-3.125761E-11	5.379219E+2
-4.500000E-1	6.638502E-7	-6.638502E-7	-2.165364E-11	5.386250E+2
-4.000000E-1	4.578318E-7	-4.578318E-7	-1.493368E-11	5.393281E+2
-3.500000E-1	3.091342E-7	-3.091342E-7	-1.008342E-11	5.400313E+2
-3.000000E-1	1.982783E-7	-1.982783E-7	-6.467493E-12	5.407344E+2
-2.500000E-1	1.255700E-7	-1.255700E-7	-4.095876E-12	5.414375E+2
-2.000000E-1	7.612171E-8	-7.612171E-8	-2.482958E-12	5.421406E+2
-1.500000E-1	4.027283E-8	-4.027283E-8	-1.313630E-12	5.428437E+2
-1.000000E-1	1.665380E-8	-1.665380E-8	-5.432182E-13	5.435469E+2
-5.000000E-2	2.131558E-10	-2.131558E-10	-6.952772E-15	5.442500E+2
0.000000E+0	1.198097E-8	1.198097E-8	3.907985E-13	5.449531E+2
0.000000E+0	1.891598E-9	1.891598E-9	6.170064E-14	5.456572E+2
5.000000E-2	2.171934E-8	2.171934E-8	7.084472E-13	5.463604E+2
1.000000E-1	3.776856E-8	3.776856E-8	1.231945E-12	5.470635E+2
1.500000E-1	6.229298E-8	6.229298E-8	2.031889E-12	5.477666E+2
2.000000E-1	9.450800E-8	9.450800E-8	3.082687E-12	5.484697E+2
2.500000E-1	1.482020E-7	1.482020E-7	4.834091E-12	5.491729E+2
3.000000E-1	2.229341E-7	2.229341E-7	7.271725E-12	5.498760E+2
3.500000E-1	3.256577E-7	3.256577E-7	1.062239E-11	5.505791E+2
4.000000E-1	5.000594E-7	5.000594E-7	1.631107E-11	5.512822E+2
4.500000E-1	7.181145E-7	7.181145E-7	2.342365E-11	5.519854E+2
5.000000E-1	9.894502E-7	9.894502E-7	3.227415E-11	5.526885E+2
5.000000E-1	9.755231E-7	9.755231E-7	3.181987E-11	5.533916E+2
4.500000E-1	6.946314E-7	6.946314E-7	2.265767E-11	5.540947E+2
4.000000E-1	4.807920E-7	4.807920E-7	1.568260E-11	5.547979E+2
3.500000E-1	3.116490E-7	3.116490E-7	1.016545E-11	5.555010E+2
3.000000E-1	2.122189E-7	2.122189E-7	6.922213E-12	5.562041E+2
2.500000E-1	1.300918E-7	1.300918E-7	4.243370E-12	5.569072E+2
2.000000E-1	7.420714E-8	7.420714E-8	2.420508E-12	5.576104E+2
1.500000E-1	3.219589E-8	3.219589E-8	1.050174E-12	5.583135E+2
1.000000E-1	4.289495E-9	4.289495E-9	1.399159E-13	5.590166E+2
5.000000E-2	1.202948E-8	-1.202948E-8	-3.923806E-13	5.597197E+2
0.000000E+0	2.494859E-8	-2.494859E-8	-8.137796E-13	5.604229E+2
-5.000000E-2	3.694786E-8	-3.694786E-8	-1.205175E-12	5.611260E+2
-1.000000E-1	5.255969E-8	-5.255969E-8	-1.714406E-12	5.618291E+2
-1.500000E-1	7.432373E-8	-7.432373E-8	-2.424311E-12	5.625322E+2
-2.000000E-1	1.056155E-7	-1.056155E-7	-3.444994E-12	5.632354E+2
-2.500000E-1	1.471855E-7	-1.471855E-7	-4.800937E-12	5.639385E+2
-3.000000E-1	2.192033E-7	-2.192033E-7	-7.150031E-12	5.646416E+2
-3.500000E-1	3.182625E-7	-3.182625E-7	-1.038117E-11	5.653447E+2
-4.000000E-1	4.453539E-7	-4.453539E-7	-1.452667E-11	5.660479E+2
-4.500000E-1	6.460424E-7	-6.460424E-7	-2.107278E-11	5.667510E+2
-5.000000E-1	9.354522E-7	-9.354522E-7	-3.051283E-11	5.674541E+2
-5.000000E-1	9.324024E-7	-9.324024E-7	-3.041335E-11	5.681572E+2
-4.500000E-1	6.768435E-7	-6.768435E-7	-2.207746E-11	5.688604E+2
-4.000000E-1	4.556340E-7	-4.556340E-7	-1.486199E-11	5.695635E+2
-3.500000E-1	3.097112E-7	-3.097112E-7	-1.010224E-11	5.702666E+2
-3.000000E-1	1.945921E-7	-1.945921E-7	-6.347256E-12	5.709697E+2
-2.500000E-1	1.201314E-7	-1.201314E-7	-3.918477E-12	5.716729E+2
-2.000000E-1	6.964279E-8	-6.964279E-8	-2.271627E-12	5.723760E+2
-1.500000E-1	3.674064E-8	-3.674064E-8	-1.198416E-12	5.730791E+2
-1.000000E-1	1.387682E-8	-1.387682E-8	-4.526379E-13	5.737822E+2
-5.000000E-2	1.302761E-9	1.302761E-9	4.249379E-14	5.744854E+2
0.000000E+0	1.311142E-8	1.311142E-8	4.276718E-13	5.751885E+2
0.000000E+0	2.588503E-9	2.588503E-9	8.443246E-14	5.758926E+2
5.000000E-2	2.282894E-8	2.282894E-8	7.446405E-13	5.765957E+2
1.000000E-1	3.895517E-8	3.895517E-8	1.270650E-12	5.772988E+2
1.500000E-1	6.253165E-8	6.253165E-8	2.039674E-12	5.780020E+2
2.000000E-1	9.294400E-8	9.294400E-8	3.031672E-12	5.787051E+2
2.500000E-1	1.446826E-7	1.446826E-7	4.719294E-12	5.794082E+2
3.000000E-1	2.177027E-7	2.177027E-7	7.101084E-12	5.801113E+2
3.500000E-1	3.259573E-7	3.259573E-7	1.063216E-11	5.808145E+2
4.000000E-1	4.847021E-7	4.847021E-7	1.581014E-11	5.815176E+2
4.500000E-1	6.958580E-7	6.958580E-7	2.269768E-11	5.822207E+2
5.000000E-1	9.748504E-7	9.748504E-7	3.179793E-11	5.829238E+2
5.000000E-1	9.768959E-7	9.768959E-7	3.186465E-11	5.836270E+2
4.500000E-1	6.906805E-7	6.906805E-7	2.252880E-11	5.843301E+2
4.000000E-1	4.793728E-7	4.793728E-7	1.563631E-11	5.850332E+2
3.500000E-1	3.111235E-7	3.111235E-7	1.014831E-11	5.857363E+2
3.000000E-1	2.085127E-7	2.085127E-7	6.801323E-12	5.864395E+2
2.500000E-1	1.270498E-7	1.270498E-7	4.144143E-12	5.871426E+2
2.000000E-1	6.930157E-8	6.930157E-8	2.260497E-12	5.878457E+2
1.500000E-1	3.187423E-8	3.187423E-8	1.039682E-12	5.885488E+2
1.000000E-1	5.177431E-9	5.177431E-9	1.688788E-13	5.892520E+2
5.000000E-2	1.170953E-8	-1.170953E-8	-3.819445E-13	5.899551E+2
0.000000E+0	2.417765E-8	-2.417765E-8	-7.886330E-13	5.906582E+2
-5.000000E-2	3.609990E-8	-3.609990E-8	-1.177516E-12	5.913613E+2
-1.000000E-1	5.299154E-8	-5.299154E-8	-1.728492E-12	5.920645E+2
-1.500000E-1	7.486235E-8	-7.486235E-8	-2.441880E-12	5.927676E+2
-2.000000E-1	1.090141E-7	-1.090141E-7	-3.555850E-12	5.934707E+2
-2.500000E-1	1.593784E-7	-1.593784E-7	-5.198647E-12	5.941738E+2
-3.000000E-1	2.328321E-7	-2.328321E-7	-7.594578E-12	5.948770E+2
-3.500000E-1	3.314554E-7	-3.314554E-7	-1.081150E-11	5.955801E+2
-4.000000E-1	4.694508E-7	-4.694508E-7	-1.531267E-11	5.962832E+2
-4.500000E-1	6.749286E-7	-6.749286E-7	-2.201500E-11	5.969863E+2
-5.000000E-1	9.352649E-7	-9.352649E-7	-3.050672E-11	5.976895E+2
-5.000000E-1	9.684125E-7	-9.684125E-7	-3.158793E-11	5.983926E+2
-4.500000E-1	6.859583E-7	-6.859583E-7	-2.237477E-11	5.990957E+2
-4.000000E-1	4.701912E-7	-4.701912E-7	-1.533682E-11	5.997988E+2
-3.500000E-1	3.140553E-7	-3.140553E-7	-1.024394E-11	6.005020E+2
-3.000000E-1	2.088442E-7	-2.088442E-7	-6.812134E-12	6.012051E+2
-2.500000E-1	1.328118E-7	-1.328118E-7	-4.332090E-12	6.019082E+2
-2.000000E-1	7.727769E-8	-7.727769E-8	-2.520664E-12	6.026113E+2
-1.500000E-1	4.047278E-8	-4.047278E-8	-1.320152E-12	6.033145E+2
-1.000000E-1	1.631727E-8	-1.631727E-8	-5.322409E-13	6.040176E+2
-5.000000E-2	2.161340E-10	-2.161340E-10	-7.049916E-15	6.047207E+2
0.000000E+0	1.325182E-8	1.325182E-8	4.322515E-13	6.054238E+2
