voltage_spot_2_scan_2_21	absJ_spot_2_scan_2_21	J_spot_2_scan_2_21	current_spot_2_scan_2_21	time_spot_2_scan_2_21	
0.000000E+0	1.123331E-6	-1.123331E-6	-1.089212E-12	0.000000E+0
5.000000E-2	4.101738E-5	4.101738E-5	3.977158E-11	7.021484E-1
1.000000E-1	8.774062E-5	8.774062E-5	8.507571E-11	1.405273E+0
1.500000E-1	1.071142E-4	1.071142E-4	1.038609E-10	2.108398E+0
2.000000E-1	2.008851E-4	2.008851E-4	1.947837E-10	3.223633E+0
2.500000E-1	2.692830E-4	2.692830E-4	2.611042E-10	3.592773E+0
3.000000E-1	3.466606E-4	3.466606E-4	3.361316E-10	3.960938E+0
3.500000E-1	4.337046E-4	4.337046E-4	4.205318E-10	4.329102E+0
4.000000E-1	5.365873E-4	5.365873E-4	5.202897E-10	4.697266E+0
4.500000E-1	6.591443E-4	6.591443E-4	6.391243E-10	5.066406E+0
5.000000E-1	7.959633E-4	7.959633E-4	7.717878E-10	5.434570E+0
5.000000E-1	7.982697E-4	7.982697E-4	7.740241E-10	5.802734E+0
4.500000E-1	6.603037E-4	6.603037E-4	6.402485E-10	6.170898E+0
4.000000E-1	5.385128E-4	5.385128E-4	5.221567E-10	6.540039E+0
3.500000E-1	4.367736E-4	4.367736E-4	4.235076E-10	6.908203E+0
3.000000E-1	3.464808E-4	3.464808E-4	3.359573E-10	7.276367E+0
2.500000E-1	2.712411E-4	2.712411E-4	2.630028E-10	7.645508E+0
2.000000E-1	2.038135E-4	2.038135E-4	1.976231E-10	8.013672E+0
1.500000E-1	1.432593E-4	1.432593E-4	1.389081E-10	8.381836E+0
1.000000E-1	8.878448E-5	8.878448E-5	8.608786E-11	9.556641E+0
5.000000E-2	4.222184E-5	4.222184E-5	4.093945E-11	1.025977E+1
0.000000E+0	8.416034E-7	8.416034E-7	8.160417E-13	1.096289E+1
-5.000000E-2	3.795666E-5	-3.795666E-5	-3.680382E-11	1.166699E+1
-1.000000E-1	7.469040E-5	-7.469040E-5	-7.242185E-11	1.237012E+1
-1.500000E-1	1.107931E-4	-1.107931E-4	-1.074280E-10	1.365234E+1
-2.000000E-1	1.458161E-4	-1.458161E-4	-1.413873E-10	1.402051E+1
-2.500000E-1	1.794161E-4	-1.794161E-4	-1.739668E-10	1.438867E+1
-3.000000E-1	2.127973E-4	-2.127973E-4	-2.063341E-10	1.475781E+1
-3.500000E-1	2.442387E-4	-2.442387E-4	-2.368205E-10	1.512598E+1
-4.000000E-1	2.790346E-4	-2.790346E-4	-2.705596E-10	1.549414E+1
-4.500000E-1	3.131708E-4	-3.131708E-4	-3.036590E-10	1.586328E+1
-5.000000E-1	3.456627E-4	-3.456627E-4	-3.351640E-10	1.623145E+1
-5.000000E-1	3.472846E-4	-3.472846E-4	-3.367367E-10	1.659961E+1
-4.500000E-1	3.113975E-4	-3.113975E-4	-3.019395E-10	1.696875E+1
-4.000000E-1	2.763206E-4	-2.763206E-4	-2.679280E-10	1.733691E+1
-3.500000E-1	2.435569E-4	-2.435569E-4	-2.361594E-10	1.770508E+1
-3.000000E-1	2.132998E-4	-2.132998E-4	-2.068213E-10	1.807324E+1
-2.500000E-1	1.782989E-4	-1.782989E-4	-1.728835E-10	1.844238E+1
-2.000000E-1	1.448924E-4	-1.448924E-4	-1.404916E-10	1.881055E+1
-1.500000E-1	1.112610E-4	-1.112610E-4	-1.078817E-10	1.917871E+1
-1.000000E-1	7.462100E-5	-7.462100E-5	-7.235457E-11	2.035352E+1
-5.000000E-2	3.806589E-5	-3.806589E-5	-3.690973E-11	2.105762E+1
0.000000E+0	5.271864E-7	-5.271864E-7	-5.111744E-13	2.176074E+1
0.000000E+0	2.356696E-7	-2.356696E-7	-2.285117E-13	2.246387E+1
5.000000E-2	4.138668E-5	4.138668E-5	4.012966E-11	2.316699E+1
1.000000E-1	8.809092E-5	8.809092E-5	8.541536E-11	2.387012E+1
1.500000E-1	1.071168E-4	1.071168E-4	1.038634E-10	2.457324E+1
2.000000E-1	2.003112E-4	2.003112E-4	1.942272E-10	2.568848E+1
2.500000E-1	2.673629E-4	2.673629E-4	2.592424E-10	2.605664E+1
3.000000E-1	3.432639E-4	3.432639E-4	3.328381E-10	2.642480E+1
3.500000E-1	4.311162E-4	4.311162E-4	4.180221E-10	2.679395E+1
4.000000E-1	5.300032E-4	5.300032E-4	5.139056E-10	2.716211E+1
4.500000E-1	6.459158E-4	6.459158E-4	6.262976E-10	2.753027E+1
5.000000E-1	7.849747E-4	7.849747E-4	7.611330E-10	2.789941E+1
5.000000E-1	7.882905E-4	7.882905E-4	7.643481E-10	2.826758E+1
4.500000E-1	6.459434E-4	6.459434E-4	6.263244E-10	2.863574E+1
4.000000E-1	5.323117E-4	5.323117E-4	5.161440E-10	2.900391E+1
3.500000E-1	4.325733E-4	4.325733E-4	4.194349E-10	2.937305E+1
3.000000E-1	3.432974E-4	3.432974E-4	3.328705E-10	2.974121E+1
2.500000E-1	2.683719E-4	2.683719E-4	2.602207E-10	3.010937E+1
2.000000E-1	2.019522E-4	2.019522E-4	1.958184E-10	3.047852E+1
1.500000E-1	1.424036E-4	1.424036E-4	1.380784E-10	3.084668E+1
1.000000E-1	8.846440E-5	8.846440E-5	8.577750E-11	3.202148E+1
5.000000E-2	4.192458E-5	4.192458E-5	4.065122E-11	3.272461E+1
0.000000E+0	7.985085E-7	7.985085E-7	7.742557E-13	3.342773E+1
-5.000000E-2	3.851479E-5	-3.851479E-5	-3.734500E-11	3.413086E+1
-1.000000E-1	7.552514E-5	-7.552514E-5	-7.323124E-11	3.483398E+1
-1.500000E-1	1.111931E-4	-1.111931E-4	-1.078159E-10	3.594922E+1
-2.000000E-1	1.464793E-4	-1.464793E-4	-1.420303E-10	3.631836E+1
-2.500000E-1	1.791096E-4	-1.791096E-4	-1.736696E-10	3.668652E+1
-3.000000E-1	2.125773E-4	-2.125773E-4	-2.061208E-10	3.705469E+1
-3.500000E-1	2.446267E-4	-2.446267E-4	-2.371968E-10	3.742383E+1
-4.000000E-1	2.768017E-4	-2.768017E-4	-2.683945E-10	3.779199E+1
-4.500000E-1	3.063287E-4	-3.063287E-4	-2.970247E-10	3.816016E+1
-5.000000E-1	3.415789E-4	-3.415789E-4	-3.312043E-10	3.852832E+1
-5.000000E-1	3.382982E-4	-3.382982E-4	-3.280232E-10	3.889746E+1
-4.500000E-1	3.043139E-4	-3.043139E-4	-2.950711E-10	3.926563E+1
-4.000000E-1	2.727945E-4	-2.727945E-4	-2.645090E-10	3.963379E+1
-3.500000E-1	2.419616E-4	-2.419616E-4	-2.346126E-10	4.000293E+1
-3.000000E-1	2.099234E-4	-2.099234E-4	-2.035475E-10	4.037109E+1
-2.500000E-1	1.773177E-4	-1.773177E-4	-1.719321E-10	4.073926E+1
-2.000000E-1	1.443668E-4	-1.443668E-4	-1.399820E-10	4.110840E+1
-1.500000E-1	1.104207E-4	-1.104207E-4	-1.070669E-10	4.147656E+1
-1.000000E-1	7.460812E-5	-7.460812E-5	-7.234208E-11	4.265137E+1
-5.000000E-2	3.831555E-5	-3.831555E-5	-3.715181E-11	4.335449E+1
0.000000E+0	5.854813E-7	-5.854813E-7	-5.676987E-13	4.405762E+1
0.000000E+0	2.704346E-7	-2.704346E-7	-2.622208E-13	4.476172E+1
5.000000E-2	4.143243E-5	4.143243E-5	4.017402E-11	4.546387E+1
1.000000E-1	8.798252E-5	8.798252E-5	8.531026E-11	4.616699E+1
1.500000E-1	1.400718E-4	1.400718E-4	1.358175E-10	4.744922E+1
2.000000E-1	1.993833E-4	1.993833E-4	1.933275E-10	4.781836E+1
2.500000E-1	2.651266E-4	2.651266E-4	2.570740E-10	4.818652E+1
3.000000E-1	3.399163E-4	3.399163E-4	3.295922E-10	4.855469E+1
3.500000E-1	4.259203E-4	4.259203E-4	4.129840E-10	4.892383E+1
4.000000E-1	5.223710E-4	5.223710E-4	5.065052E-10	4.929199E+1
4.500000E-1	6.361118E-4	6.361118E-4	6.167914E-10	4.966016E+1
5.000000E-1	7.672868E-4	7.672868E-4	7.439823E-10	5.002930E+1
5.000000E-1	7.708873E-4	7.708873E-4	7.474734E-10	5.039746E+1
4.500000E-1	6.347435E-4	6.347435E-4	6.154647E-10	5.076562E+1
4.000000E-1	5.241292E-4	5.241292E-4	5.082100E-10	5.113379E+1
3.500000E-1	4.266280E-4	4.266280E-4	4.136702E-10	5.150293E+1
3.000000E-1	3.414107E-4	3.414107E-4	3.310412E-10	5.187109E+1
2.500000E-1	2.670836E-4	2.670836E-4	2.589716E-10	5.223926E+1
2.000000E-1	2.006782E-4	2.006782E-4	1.945831E-10	5.260742E+1
1.500000E-1	1.450056E-4	1.450056E-4	1.406014E-10	5.297656E+1
1.000000E-1	8.829705E-5	8.829705E-5	8.561524E-11	5.415137E+1
5.000000E-2	4.176702E-5	4.176702E-5	4.049844E-11	5.485449E+1
0.000000E+0	7.905222E-7	7.905222E-7	7.665119E-13	5.555762E+1
-5.000000E-2	3.814717E-5	-3.814717E-5	-3.698854E-11	5.626074E+1
-1.000000E-1	7.469185E-5	-7.469185E-5	-7.242326E-11	5.696387E+1
-1.500000E-1	1.059099E-4	-1.059099E-4	-1.026931E-10	5.766699E+1
-2.000000E-1	1.076975E-4	-1.076975E-4	-1.044264E-10	5.837012E+1
-2.500000E-1	1.794632E-4	-1.794632E-4	-1.740124E-10	5.948535E+1
-3.000000E-1	2.143204E-4	-2.143204E-4	-2.078109E-10	5.985449E+1
-3.500000E-1	2.475661E-4	-2.475661E-4	-2.400469E-10	6.022266E+1
-4.000000E-1	2.827918E-4	-2.827918E-4	-2.742027E-10	6.059082E+1
-4.500000E-1	3.200931E-4	-3.200931E-4	-3.103710E-10	6.095898E+1
-5.000000E-1	3.568260E-4	-3.568260E-4	-3.459883E-10	6.132813E+1
-5.000000E-1	3.549683E-4	-3.549683E-4	-3.441870E-10	6.169629E+1
-4.500000E-1	3.176255E-4	-3.176255E-4	-3.079784E-10	6.206445E+1
-4.000000E-1	2.836630E-4	-2.836630E-4	-2.750474E-10	6.243359E+1
-3.500000E-1	2.454069E-4	-2.454069E-4	-2.379532E-10	6.280176E+1
-3.000000E-1	2.151217E-4	-2.151217E-4	-2.085879E-10	6.316992E+1
-2.500000E-1	1.813086E-4	-1.813086E-4	-1.758018E-10	6.353809E+1
-2.000000E-1	1.457002E-4	-1.457002E-4	-1.412749E-10	6.390723E+1
-1.500000E-1	1.105992E-4	-1.105992E-4	-1.072400E-10	6.427539E+1
-1.000000E-1	7.472070E-5	-7.472070E-5	-7.245124E-11	6.545020E+1
-5.000000E-2	3.841780E-5	-3.841780E-5	-3.725095E-11	6.615332E+1
0.000000E+0	6.068498E-7	-6.068498E-7	-5.884182E-13	6.685645E+1
0.000000E+0	2.812120E-7	-2.812120E-7	-2.726708E-13	6.756055E+1
5.000000E-2	4.090870E-5	4.090870E-5	3.966619E-11	6.826367E+1
1.000000E-1	8.712909E-5	8.712909E-5	8.448275E-11	6.896680E+1
1.500000E-1	1.405763E-4	1.405763E-4	1.363066E-10	7.008203E+1
2.000000E-1	2.001241E-4	2.001241E-4	1.940458E-10	7.045020E+1
2.500000E-1	2.662461E-4	2.662461E-4	2.581595E-10	7.081836E+1
3.000000E-1	3.407611E-4	3.407611E-4	3.304113E-10	7.118750E+1
3.500000E-1	4.267371E-4	4.267371E-4	4.137760E-10	7.155566E+1
4.000000E-1	5.249882E-4	5.249882E-4	5.090429E-10	7.192383E+1
4.500000E-1	6.456582E-4	6.456582E-4	6.260478E-10	7.229199E+1
5.000000E-1	7.748566E-4	7.748566E-4	7.513221E-10	7.266113E+1
5.000000E-1	7.695300E-4	7.695300E-4	7.461573E-10	7.302930E+1
4.500000E-1	6.383271E-4	6.383271E-4	6.189394E-10	7.339746E+1
4.000000E-1	5.239516E-4	5.239516E-4	5.080378E-10	7.376563E+1
3.500000E-1	4.277121E-4	4.277121E-4	4.147214E-10	7.413477E+1
3.000000E-1	3.431382E-4	3.431382E-4	3.327162E-10	7.450293E+1
2.500000E-1	2.686690E-4	2.686690E-4	2.605088E-10	7.487109E+1
2.000000E-1	2.007843E-4	2.007843E-4	1.946859E-10	7.523926E+1
1.500000E-1	1.419956E-4	1.419956E-4	1.376828E-10	7.560840E+1
1.000000E-1	8.859201E-5	8.859201E-5	8.590124E-11	7.678320E+1
5.000000E-2	4.213966E-5	4.213966E-5	4.085977E-11	7.748633E+1
0.000000E+0	8.149535E-7	8.149535E-7	7.902012E-13	7.818945E+1
-5.000000E-2	3.839816E-5	-3.839816E-5	-3.723191E-11	7.889258E+1
-1.000000E-1	7.530339E-5	-7.530339E-5	-7.301623E-11	7.959570E+1
-1.500000E-1	1.058962E-4	-1.058962E-4	-1.026799E-10	8.029883E+1
-2.000000E-1	1.476939E-4	-1.476939E-4	-1.432080E-10	8.141406E+1
-2.500000E-1	1.836695E-4	-1.836695E-4	-1.780910E-10	8.178223E+1
-3.000000E-1	2.166269E-4	-2.166269E-4	-2.100474E-10	8.215137E+1
-3.500000E-1	2.508025E-4	-2.508025E-4	-2.431850E-10	8.251953E+1
-4.000000E-1	2.782676E-4	-2.782676E-4	-2.698159E-10	8.288770E+1
-4.500000E-1	3.125275E-4	-3.125275E-4	-3.030352E-10	8.325684E+1
-5.000000E-1	3.470231E-4	-3.470231E-4	-3.364831E-10	8.362500E+1
-5.000000E-1	3.448512E-4	-3.448512E-4	-3.343772E-10	8.399316E+1
-4.500000E-1	3.084322E-4	-3.084322E-4	-2.990643E-10	8.436133E+1
-4.000000E-1	2.758457E-4	-2.758457E-4	-2.674675E-10	8.473047E+1
-3.500000E-1	2.422398E-4	-2.422398E-4	-2.348823E-10	8.509863E+1
-3.000000E-1	2.098974E-4	-2.098974E-4	-2.035223E-10	8.546680E+1
-2.500000E-1	1.778105E-4	-1.778105E-4	-1.724099E-10	8.583594E+1
-2.000000E-1	1.445969E-4	-1.445969E-4	-1.402051E-10	8.620410E+1
-1.500000E-1	1.108204E-4	-1.108204E-4	-1.074545E-10	8.657227E+1
-1.000000E-1	7.464105E-5	-7.464105E-5	-7.237400E-11	8.774707E+1
-5.000000E-2	3.866050E-5	-3.866050E-5	-3.748628E-11	8.845020E+1
0.000000E+0	5.139618E-7	-5.139618E-7	-4.983514E-13	8.915332E+1
0.000000E+0	2.772617E-7	-2.772617E-7	-2.688405E-13	8.985742E+1
5.000000E-2	4.102012E-5	4.102012E-5	3.977423E-11	9.056055E+1
1.000000E-1	8.731218E-5	8.731218E-5	8.466028E-11	9.126367E+1
1.500000E-1	1.070797E-4	1.070797E-4	1.038274E-10	9.196680E+1
2.000000E-1	1.995669E-4	1.995669E-4	1.935055E-10	9.324902E+1
2.500000E-1	2.670551E-4	2.670551E-4	2.589439E-10	9.361719E+1
3.000000E-1	3.428591E-4	3.428591E-4	3.324456E-10	9.398535E+1
3.500000E-1	4.278200E-4	4.278200E-4	4.148260E-10	9.435352E+1
4.000000E-1	5.280145E-4	5.280145E-4	5.119773E-10	9.472266E+1
4.500000E-1	6.400003E-4	6.400003E-4	6.205618E-10	9.509082E+1
5.000000E-1	7.718916E-4	7.718916E-4	7.484472E-10	9.545898E+1
5.000000E-1	7.706088E-4	7.706088E-4	7.472034E-10	9.582812E+1
4.500000E-1	6.430400E-4	6.430400E-4	6.235092E-10	9.619629E+1
4.000000E-1	5.284192E-4	5.284192E-4	5.123697E-10	9.656445E+1
3.500000E-1	4.312421E-4	4.312421E-4	4.181441E-10	9.693262E+1
3.000000E-1	3.469571E-4	3.469571E-4	3.364191E-10	9.730176E+1
2.500000E-1	2.708961E-4	2.708961E-4	2.626683E-10	9.766992E+1
2.000000E-1	2.027153E-4	2.027153E-4	1.965583E-10	9.803809E+1
1.500000E-1	1.432748E-4	1.432748E-4	1.389232E-10	9.840723E+1
1.000000E-1	8.893336E-5	8.893336E-5	8.623222E-11	9.958203E+1
5.000000E-2	4.225539E-5	4.225539E-5	4.097198E-11	1.002852E+2
0.000000E+0	8.258311E-7	8.258311E-7	8.007484E-13	1.009883E+2
-5.000000E-2	3.819778E-5	-3.819778E-5	-3.703761E-11	1.016914E+2
-1.000000E-1	7.523916E-5	-7.523916E-5	-7.295395E-11	1.023945E+2
-1.500000E-1	1.115432E-4	-1.115432E-4	-1.081553E-10	1.036768E+2
-2.000000E-1	1.460041E-4	-1.460041E-4	-1.415696E-10	1.040459E+2
-2.500000E-1	1.794104E-4	-1.794104E-4	-1.739612E-10	1.044141E+2
-3.000000E-1	2.119249E-4	-2.119249E-4	-2.054882E-10	1.047822E+2
-3.500000E-1	2.448580E-4	-2.448580E-4	-2.374210E-10	1.051504E+2
-4.000000E-1	2.770932E-4	-2.770932E-4	-2.686772E-10	1.055195E+2
-4.500000E-1	3.096469E-4	-3.096469E-4	-3.002421E-10	1.058877E+2
-5.000000E-1	3.417607E-4	-3.417607E-4	-3.313805E-10	1.062559E+2
-5.000000E-1	3.409711E-4	-3.409711E-4	-3.306149E-10	1.066250E+2
-4.500000E-1	3.110387E-4	-3.110387E-4	-3.015916E-10	1.069932E+2
-4.000000E-1	2.731161E-4	-2.731161E-4	-2.648208E-10	1.073613E+2
-3.500000E-1	2.423164E-4	-2.423164E-4	-2.349566E-10	1.077305E+2
-3.000000E-1	2.098264E-4	-2.098264E-4	-2.034534E-10	1.080986E+2
-2.500000E-1	1.785983E-4	-1.785983E-4	-1.731738E-10	1.084668E+2
-2.000000E-1	1.463891E-4	-1.463891E-4	-1.419429E-10	1.088350E+2
-1.500000E-1	1.110974E-4	-1.110974E-4	-1.077231E-10	1.092041E+2
-1.000000E-1	7.504047E-5	-7.504047E-5	-7.276130E-11	1.103789E+2
-5.000000E-2	3.831947E-5	-3.831947E-5	-3.715561E-11	1.110820E+2
0.000000E+0	5.124733E-7	-5.124733E-7	-4.969081E-13	1.117852E+2
0.000000E+0	2.520001E-7	-2.520001E-7	-2.443462E-13	1.124883E+2
5.000000E-2	4.112453E-5	4.112453E-5	3.987547E-11	1.131914E+2
1.000000E-1	8.762385E-5	8.762385E-5	8.496248E-11	1.138945E+2
1.500000E-1	1.070871E-4	1.070871E-4	1.038346E-10	1.145977E+2
2.000000E-1	1.995103E-4	1.995103E-4	1.934506E-10	1.157129E+2
2.500000E-1	2.660688E-4	2.660688E-4	2.579876E-10	1.160811E+2
3.000000E-1	3.426954E-4	3.426954E-4	3.322868E-10	1.164492E+2
3.500000E-1	4.270618E-4	4.270618E-4	4.140908E-10	1.168184E+2
4.000000E-1	5.266294E-4	5.266294E-4	5.106343E-10	1.171865E+2
4.500000E-1	6.400122E-4	6.400122E-4	6.205733E-10	1.175547E+2
5.000000E-1	7.710357E-4	7.710357E-4	7.476173E-10	1.179238E+2
5.000000E-1	7.727463E-4	7.727463E-4	7.492760E-10	1.182920E+2
4.500000E-1	6.447485E-4	6.447485E-4	6.251658E-10	1.186602E+2
4.000000E-1	5.363382E-4	5.363382E-4	5.200482E-10	1.190283E+2
3.500000E-1	4.386049E-4	4.386049E-4	4.252833E-10	1.193975E+2
3.000000E-1	3.467242E-4	3.467242E-4	3.361933E-10	1.197656E+2
2.500000E-1	2.730613E-4	2.730613E-4	2.647677E-10	1.201338E+2
2.000000E-1	2.030307E-4	2.030307E-4	1.968641E-10	1.205020E+2
1.500000E-1	1.440084E-4	1.440084E-4	1.396345E-10	1.208711E+2
1.000000E-1	8.888715E-5	8.888715E-5	8.618741E-11	1.220459E+2
5.000000E-2	4.220290E-5	4.220290E-5	4.092109E-11	1.227490E+2
0.000000E+0	8.205498E-7	8.205498E-7	7.956275E-13	1.234521E+2
-5.000000E-2	3.823291E-5	-3.823291E-5	-3.707168E-11	1.241553E+2
-1.000000E-1	7.486316E-5	-7.486316E-5	-7.258937E-11	1.248584E+2
-1.500000E-1	1.106958E-4	-1.106958E-4	-1.073337E-10	1.259736E+2
-2.000000E-1	1.451769E-4	-1.451769E-4	-1.407675E-10	1.263418E+2
-2.500000E-1	1.782990E-4	-1.782990E-4	-1.728836E-10	1.267109E+2
-3.000000E-1	2.105210E-4	-2.105210E-4	-2.041269E-10	1.270791E+2
-3.500000E-1	2.425123E-4	-2.425123E-4	-2.351465E-10	1.274473E+2
-4.000000E-1	2.765304E-4	-2.765304E-4	-2.681315E-10	1.278164E+2
-4.500000E-1	3.121113E-4	-3.121113E-4	-3.026317E-10	1.281846E+2
-5.000000E-1	3.489623E-4	-3.489623E-4	-3.383634E-10	1.285527E+2
-5.000000E-1	3.478057E-4	-3.478057E-4	-3.372419E-10	1.289209E+2
-4.500000E-1	3.134986E-4	-3.134986E-4	-3.039768E-10	1.292900E+2
-4.000000E-1	2.753957E-4	-2.753957E-4	-2.670312E-10	1.296582E+2
-3.500000E-1	2.422513E-4	-2.422513E-4	-2.348935E-10	1.300264E+2
-3.000000E-1	2.104825E-4	-2.104825E-4	-2.040896E-10	1.303955E+2
-2.500000E-1	1.771546E-4	-1.771546E-4	-1.717739E-10	1.307637E+2
-2.000000E-1	1.445615E-4	-1.445615E-4	-1.401708E-10	1.311318E+2
-1.500000E-1	1.105606E-4	-1.105606E-4	-1.072026E-10	1.315000E+2
-1.000000E-1	7.459173E-5	-7.459173E-5	-7.232619E-11	1.326758E+2
-5.000000E-2	3.809038E-5	-3.809038E-5	-3.693347E-11	1.333789E+2
0.000000E+0	5.314087E-7	-5.314087E-7	-5.152684E-13	1.340820E+2
0.000000E+0	2.712218E-7	-2.712218E-7	-2.629841E-13	1.347852E+2
5.000000E-2	4.097375E-5	4.097375E-5	3.972927E-11	1.354883E+2
1.000000E-1	8.742484E-5	8.742484E-5	8.476952E-11	1.361914E+2
1.500000E-1	1.070736E-4	1.070736E-4	1.038215E-10	1.368945E+2
2.000000E-1	1.985426E-4	1.985426E-4	1.925123E-10	1.380098E+2
2.500000E-1	2.649914E-4	2.649914E-4	2.569429E-10	1.383779E+2
3.000000E-1	3.397333E-4	3.397333E-4	3.294147E-10	1.387471E+2
3.500000E-1	4.257236E-4	4.257236E-4	4.127933E-10	1.391152E+2
4.000000E-1	5.242187E-4	5.242187E-4	5.082968E-10	1.394834E+2
4.500000E-1	6.357418E-4	6.357418E-4	6.164327E-10	1.398525E+2
5.000000E-1	7.661596E-4	7.661596E-4	7.428893E-10	1.402207E+2
5.000000E-1	7.671761E-4	7.671761E-4	7.438749E-10	1.405889E+2
4.500000E-1	6.369416E-4	6.369416E-4	6.175960E-10	1.409570E+2
4.000000E-1	5.250909E-4	5.250909E-4	5.091425E-10	1.413262E+2
3.500000E-1	4.273672E-4	4.273672E-4	4.143869E-10	1.416943E+2
3.000000E-1	3.430702E-4	3.430702E-4	3.326502E-10	1.420625E+2
2.500000E-1	2.678279E-4	2.678279E-4	2.596933E-10	1.424316E+2
2.000000E-1	2.009407E-4	2.009407E-4	1.948376E-10	1.427998E+2
1.500000E-1	1.423368E-4	1.423368E-4	1.380137E-10	1.431680E+2
1.000000E-1	8.851965E-5	8.851965E-5	8.583108E-11	1.443428E+2
5.000000E-2	4.214201E-5	4.214201E-5	4.086205E-11	1.450459E+2
0.000000E+0	8.233693E-7	8.233693E-7	7.983614E-13	1.457490E+2
-5.000000E-2	3.794028E-5	-3.794028E-5	-3.678793E-11	1.464531E+2
-1.000000E-1	7.455912E-5	-7.455912E-5	-7.229456E-11	1.471563E+2
-1.500000E-1	1.106955E-4	-1.106955E-4	-1.073334E-10	1.482715E+2
-2.000000E-1	1.452448E-4	-1.452448E-4	-1.408333E-10	1.486396E+2
-2.500000E-1	1.780863E-4	-1.780863E-4	-1.726773E-10	1.490078E+2
-3.000000E-1	2.103479E-4	-2.103479E-4	-2.039591E-10	1.493760E+2
-3.500000E-1	2.421004E-4	-2.421004E-4	-2.347472E-10	1.497451E+2
-4.000000E-1	2.735810E-4	-2.735810E-4	-2.652716E-10	1.501133E+2
-4.500000E-1	3.056868E-4	-3.056868E-4	-2.964023E-10	1.504814E+2
-5.000000E-1	3.395026E-4	-3.395026E-4	-3.291910E-10	1.508496E+2
-5.000000E-1	3.392044E-4	-3.392044E-4	-3.289019E-10	1.512188E+2
-4.500000E-1	3.061089E-4	-3.061089E-4	-2.968116E-10	1.515869E+2
-4.000000E-1	2.736158E-4	-2.736158E-4	-2.653054E-10	1.519551E+2
-3.500000E-1	2.416328E-4	-2.416328E-4	-2.342938E-10	1.523242E+2
-3.000000E-1	2.097785E-4	-2.097785E-4	-2.034070E-10	1.526924E+2
-2.500000E-1	1.771926E-4	-1.771926E-4	-1.718108E-10	1.530605E+2
-2.000000E-1	1.441773E-4	-1.441773E-4	-1.397983E-10	1.534287E+2
-1.500000E-1	1.104095E-4	-1.104095E-4	-1.070561E-10	1.537979E+2
-1.000000E-1	7.460879E-5	-7.460879E-5	-7.234273E-11	1.549727E+2
-5.000000E-2	3.817777E-5	-3.817777E-5	-3.701821E-11	1.556758E+2
0.000000E+0	4.987905E-7	-4.987905E-7	-4.836409E-13	1.563789E+2
0.000000E+0	2.389471E-7	-2.389471E-7	-2.316897E-13	1.570830E+2
5.000000E-2	4.094408E-5	4.094408E-5	3.970050E-11	1.577861E+2
1.000000E-1	8.706248E-5	8.706248E-5	8.441817E-11	1.584893E+2
1.500000E-1	1.070751E-4	1.070751E-4	1.038229E-10	1.591914E+2
2.000000E-1	1.985633E-4	1.985633E-4	1.925324E-10	1.603066E+2
2.500000E-1	2.652251E-4	2.652251E-4	2.571695E-10	1.606758E+2
3.000000E-1	3.405182E-4	3.405182E-4	3.301758E-10	1.610439E+2
3.500000E-1	4.253559E-4	4.253559E-4	4.124367E-10	1.614121E+2
4.000000E-1	5.252282E-4	5.252282E-4	5.092756E-10	1.617803E+2
4.500000E-1	6.356908E-4	6.356908E-4	6.163832E-10	1.621494E+2
5.000000E-1	7.645319E-4	7.645319E-4	7.413110E-10	1.625176E+2
5.000000E-1	7.670228E-4	7.670228E-4	7.437263E-10	1.628857E+2
4.500000E-1	6.355239E-4	6.355239E-4	6.162214E-10	1.632539E+2
4.000000E-1	5.222409E-4	5.222409E-4	5.063791E-10	1.636230E+2
3.500000E-1	4.259188E-4	4.259188E-4	4.129825E-10	1.639912E+2
3.000000E-1	3.405015E-4	3.405015E-4	3.301596E-10	1.643594E+2
2.500000E-1	2.661031E-4	2.661031E-4	2.580208E-10	1.647275E+2
2.000000E-1	2.003186E-4	2.003186E-4	1.942344E-10	1.650967E+2
1.500000E-1	1.416677E-4	1.416677E-4	1.373649E-10	1.654648E+2
1.000000E-1	8.810085E-5	8.810085E-5	8.542499E-11	1.666396E+2
5.000000E-2	4.196994E-5	4.196994E-5	4.069520E-11	1.673428E+2
0.000000E+0	8.284931E-7	8.284931E-7	8.033296E-13	1.680459E+2
-5.000000E-2	3.789240E-5	-3.789240E-5	-3.674151E-11	1.687490E+2
-1.000000E-1	7.426761E-5	-7.426761E-5	-7.201190E-11	1.694521E+2
-1.500000E-1	1.104402E-4	-1.104402E-4	-1.070858E-10	1.707354E+2
-2.000000E-1	1.449553E-4	-1.449553E-4	-1.405526E-10	1.711035E+2
-2.500000E-1	1.778730E-4	-1.778730E-4	-1.724705E-10	1.714717E+2
-3.000000E-1	2.098235E-4	-2.098235E-4	-2.034506E-10	1.718408E+2
-3.500000E-1	2.407134E-4	-2.407134E-4	-2.334023E-10	1.722090E+2
-4.000000E-1	2.727019E-4	-2.727019E-4	-2.644192E-10	1.725771E+2
-4.500000E-1	3.033939E-4	-3.033939E-4	-2.941790E-10	1.729453E+2
-5.000000E-1	3.216742E-4	-3.216742E-4	-3.119041E-10	1.733145E+2
-5.000000E-1	3.392941E-4	-3.392941E-4	-3.289888E-10	1.736826E+2
-4.500000E-1	3.308250E-4	-3.308250E-4	-3.207770E-10	1.740508E+2
-4.000000E-1	2.804636E-4	-2.804636E-4	-2.719452E-10	1.744189E+2
-3.500000E-1	2.448719E-4	-2.448719E-4	-2.374345E-10	1.747881E+2
-3.000000E-1	2.117799E-4	-2.117799E-4	-2.053476E-10	1.751562E+2
-2.500000E-1	1.782347E-4	-1.782347E-4	-1.728212E-10	1.755244E+2
-2.000000E-1	1.451220E-4	-1.451220E-4	-1.407143E-10	1.758926E+2
-1.500000E-1	1.104174E-4	-1.104174E-4	-1.070637E-10	1.762617E+2
-1.000000E-1	7.443000E-5	-7.443000E-5	-7.216937E-11	1.774365E+2
-5.000000E-2	3.806849E-5	-3.806849E-5	-3.691225E-11	1.781396E+2
0.000000E+0	5.219910E-7	-5.219910E-7	-5.061368E-13	1.788428E+2
0.000000E+0	2.423821E-7	-2.423821E-7	-2.350203E-13	1.795459E+2
5.000000E-2	4.081476E-5	4.081476E-5	3.957511E-11	1.802490E+2
1.000000E-1	8.661664E-5	8.661664E-5	8.398587E-11	1.809521E+2
1.500000E-1	1.070601E-4	1.070601E-4	1.038084E-10	1.816553E+2
2.000000E-1	1.970880E-4	1.970880E-4	1.911019E-10	1.827705E+2
2.500000E-1	2.624735E-4	2.624735E-4	2.545015E-10	1.831387E+2
3.000000E-1	3.367382E-4	3.367382E-4	3.265106E-10	1.835068E+2
3.500000E-1	4.213141E-4	4.213141E-4	4.085177E-10	1.838750E+2
4.000000E-1	5.187828E-4	5.187828E-4	5.030260E-10	1.842441E+2
4.500000E-1	6.302873E-4	6.302873E-4	6.111438E-10	1.846123E+2
5.000000E-1	7.580089E-4	7.580089E-4	7.349861E-10	1.849805E+2
5.000000E-1	7.592599E-4	7.592599E-4	7.361992E-10	1.853486E+2
4.500000E-1	6.318605E-4	6.318605E-4	6.126692E-10	1.857178E+2
4.000000E-1	5.216714E-4	5.216714E-4	5.058268E-10	1.860859E+2
3.500000E-1	4.244481E-4	4.244481E-4	4.115565E-10	1.864541E+2
3.000000E-1	3.398475E-4	3.398475E-4	3.295254E-10	1.868223E+2
2.500000E-1	2.652154E-4	2.652154E-4	2.571601E-10	1.871904E+2
2.000000E-1	1.995539E-4	1.995539E-4	1.934929E-10	1.875596E+2
1.500000E-1	1.412482E-4	1.412482E-4	1.369581E-10	1.879277E+2
1.000000E-1	8.797898E-5	8.797898E-5	8.530683E-11	1.891025E+2
5.000000E-2	4.177547E-5	4.177547E-5	4.050664E-11	1.898057E+2
0.000000E+0	8.292088E-7	8.292088E-7	8.040235E-13	1.905088E+2
-5.000000E-2	3.769147E-5	-3.769147E-5	-3.654668E-11	1.912119E+2
-1.000000E-1	7.413464E-5	-7.413464E-5	-7.188297E-11	1.919150E+2
-1.500000E-1	1.057390E-4	-1.057390E-4	-1.025274E-10	1.926182E+2
-2.000000E-1	1.435728E-4	-1.435728E-4	-1.392121E-10	1.937334E+2
-2.500000E-1	1.771419E-4	-1.771419E-4	-1.717616E-10	1.941016E+2
-3.000000E-1	2.089314E-4	-2.089314E-4	-2.025856E-10	1.944697E+2
-3.500000E-1	2.410904E-4	-2.410904E-4	-2.337679E-10	1.948389E+2
-4.000000E-1	2.724668E-4	-2.724668E-4	-2.641913E-10	1.952070E+2
-4.500000E-1	3.055667E-4	-3.055667E-4	-2.962858E-10	1.955752E+2
-5.000000E-1	3.384043E-4	-3.384043E-4	-3.281261E-10	1.959434E+2
-5.000000E-1	3.380090E-4	-3.380090E-4	-3.277428E-10	1.963125E+2
-4.500000E-1	3.046191E-4	-3.046191E-4	-2.953670E-10	1.966807E+2
-4.000000E-1	2.720351E-4	-2.720351E-4	-2.637727E-10	1.970488E+2
-3.500000E-1	2.398681E-4	-2.398681E-4	-2.325827E-10	1.974170E+2
-3.000000E-1	2.081882E-4	-2.081882E-4	-2.018650E-10	1.977861E+2
-2.500000E-1	1.758167E-4	-1.758167E-4	-1.704767E-10	1.981543E+2
-2.000000E-1	1.433052E-4	-1.433052E-4	-1.389526E-10	1.985225E+2
-1.500000E-1	1.096951E-4	-1.096951E-4	-1.063634E-10	1.988906E+2
-1.000000E-1	7.403015E-5	-7.403015E-5	-7.178166E-11	2.000654E+2
-5.000000E-2	3.799747E-5	-3.799747E-5	-3.684339E-11	2.007686E+2
0.000000E+0	5.099686E-7	-5.099686E-7	-4.944795E-13	2.014717E+2
0.000000E+0	2.629063E-7	-2.629063E-7	-2.549211E-13	2.021758E+2
5.000000E-2	4.066963E-5	4.066963E-5	3.943439E-11	2.028789E+2
1.000000E-1	8.637877E-5	8.637877E-5	8.375522E-11	2.035820E+2
1.500000E-1	1.070534E-4	1.070534E-4	1.038019E-10	2.042852E+2
2.000000E-1	1.082122E-4	1.082122E-4	1.049255E-10	2.049883E+2
2.500000E-1	2.624954E-4	2.624954E-4	2.545227E-10	2.061025E+2
3.000000E-1	3.371032E-4	3.371032E-4	3.268645E-10	2.064717E+2
3.500000E-1	4.221233E-4	4.221233E-4	4.093023E-10	2.068398E+2
4.000000E-1	5.190703E-4	5.190703E-4	5.033048E-10	2.072080E+2
4.500000E-1	6.279279E-4	6.279279E-4	6.088561E-10	2.075762E+2
5.000000E-1	7.561504E-4	7.561504E-4	7.331841E-10	2.079453E+2
5.000000E-1	7.569069E-4	7.569069E-4	7.339176E-10	2.083135E+2
4.500000E-1	6.337908E-4	6.337908E-4	6.145409E-10	2.086816E+2
4.000000E-1	5.220161E-4	5.220161E-4	5.061611E-10	2.090498E+2
3.500000E-1	4.257217E-4	4.257217E-4	4.127914E-10	2.094180E+2
3.000000E-1	3.415128E-4	3.415128E-4	3.311402E-10	2.097871E+2
2.500000E-1	2.667711E-4	2.667711E-4	2.586686E-10	2.101553E+2
2.000000E-1	2.005618E-4	2.005618E-4	1.944702E-10	2.105234E+2
1.500000E-1	1.419252E-4	1.419252E-4	1.376146E-10	2.108916E+2
1.000000E-1	8.846211E-5	8.846211E-5	8.577528E-11	2.120664E+2
5.000000E-2	4.188928E-5	4.188928E-5	4.061699E-11	2.127695E+2
0.000000E+0	8.512071E-7	8.512071E-7	8.253537E-13	2.134727E+2
-5.000000E-2	3.785722E-5	-3.785722E-5	-3.670740E-11	2.141768E+2
-1.000000E-1	7.453645E-5	-7.453645E-5	-7.227258E-11	2.148799E+2
-1.500000E-1	1.057956E-4	-1.057956E-4	-1.025823E-10	2.155830E+2
-2.000000E-1	1.446183E-4	-1.446183E-4	-1.402259E-10	2.166982E+2
-2.500000E-1	1.782561E-4	-1.782561E-4	-1.728420E-10	2.170664E+2
-3.000000E-1	2.097938E-4	-2.097938E-4	-2.034218E-10	2.174346E+2
-3.500000E-1	2.420117E-4	-2.420117E-4	-2.346612E-10	2.178027E+2
-4.000000E-1	2.728483E-4	-2.728483E-4	-2.645612E-10	2.181719E+2
-4.500000E-1	3.055345E-4	-3.055345E-4	-2.962546E-10	2.185400E+2
-5.000000E-1	3.401821E-4	-3.401821E-4	-3.298499E-10	2.189082E+2
-5.000000E-1	3.400790E-4	-3.400790E-4	-3.297499E-10	2.192764E+2
-4.500000E-1	3.062819E-4	-3.062819E-4	-2.969793E-10	2.196455E+2
-4.000000E-1	2.734401E-4	-2.734401E-4	-2.651350E-10	2.200137E+2
-3.500000E-1	2.400548E-4	-2.400548E-4	-2.327637E-10	2.203818E+2
-3.000000E-1	2.083161E-4	-2.083161E-4	-2.019890E-10	2.207500E+2
-2.500000E-1	1.765561E-4	-1.765561E-4	-1.711936E-10	2.211191E+2
-2.000000E-1	1.439995E-4	-1.439995E-4	-1.396259E-10	2.214873E+2
-1.500000E-1	1.102277E-4	-1.102277E-4	-1.068798E-10	2.218555E+2
-1.000000E-1	7.404041E-5	-7.404041E-5	-7.179161E-11	2.230303E+2
-5.000000E-2	3.807912E-5	-3.807912E-5	-3.692256E-11	2.237334E+2
0.000000E+0	5.333409E-7	-5.333409E-7	-5.171419E-13	2.244365E+2
0.000000E+0	2.474201E-7	-2.474201E-7	-2.399053E-13	2.251396E+2
5.000000E-2	4.061756E-5	4.061756E-5	3.938390E-11	2.258428E+2
1.000000E-1	8.625872E-5	8.625872E-5	8.363882E-11	2.265459E+2
1.500000E-1	1.388444E-4	1.388444E-4	1.346273E-10	2.276611E+2
2.000000E-1	1.972376E-4	1.972376E-4	1.912470E-10	2.280293E+2
2.500000E-1	2.642416E-4	2.642416E-4	2.562159E-10	2.283975E+2
3.000000E-1	3.577176E-4	3.577176E-4	3.468528E-10	2.287666E+2
3.500000E-1	4.244837E-4	4.244837E-4	4.115910E-10	2.291348E+2
4.000000E-1	5.341911E-4	5.341911E-4	5.179663E-10	2.295029E+2
4.500000E-1	6.761338E-4	6.761338E-4	6.555978E-10	2.298711E+2
5.000000E-1	7.739403E-4	7.739403E-4	7.504337E-10	2.302402E+2
5.000000E-1	7.629416E-4	7.629416E-4	7.397690E-10	2.306084E+2
4.500000E-1	6.298192E-4	6.298192E-4	6.106899E-10	2.309766E+2
4.000000E-1	5.214112E-4	5.214112E-4	5.055745E-10	2.313447E+2
3.500000E-1	4.244917E-4	4.244917E-4	4.115988E-10	2.317139E+2
3.000000E-1	3.394388E-4	3.394388E-4	3.291291E-10	2.320820E+2
2.500000E-1	2.656571E-4	2.656571E-4	2.575884E-10	2.324502E+2
2.000000E-1	1.992953E-4	1.992953E-4	1.932422E-10	2.328184E+2
1.500000E-1	1.409547E-4	1.409547E-4	1.366735E-10	2.331875E+2
1.000000E-1	8.748502E-5	8.748502E-5	8.482787E-11	2.343623E+2
5.000000E-2	4.149702E-5	4.149702E-5	4.023665E-11	2.350654E+2
0.000000E+0	8.214371E-7	8.214371E-7	7.964879E-13	2.357686E+2
-5.000000E-2	3.759303E-5	-3.759303E-5	-3.645123E-11	2.364717E+2
-1.000000E-1	7.383739E-5	-7.383739E-5	-7.159476E-11	2.371748E+2
-1.500000E-1	1.057134E-4	-1.057134E-4	-1.025026E-10	2.378779E+2
-2.000000E-1	1.076523E-4	-1.076523E-4	-1.043826E-10	2.385811E+2
-2.500000E-1	1.762266E-4	-1.762266E-4	-1.708741E-10	2.396963E+2
-3.000000E-1	2.095408E-4	-2.095408E-4	-2.031765E-10	2.400645E+2
-3.500000E-1	2.418492E-4	-2.418492E-4	-2.345036E-10	2.404326E+2
-4.000000E-1	2.763608E-4	-2.763608E-4	-2.679670E-10	2.408018E+2
-4.500000E-1	3.095759E-4	-3.095759E-4	-3.001733E-10	2.411699E+2
-5.000000E-1	3.471454E-4	-3.471454E-4	-3.366017E-10	2.415381E+2
-5.000000E-1	3.463169E-4	-3.463169E-4	-3.357984E-10	2.419062E+2
-4.500000E-1	3.120329E-4	-3.120329E-4	-3.025556E-10	2.422754E+2
-4.000000E-1	2.764592E-4	-2.764592E-4	-2.680624E-10	2.426436E+2
-3.500000E-1	2.388676E-4	-2.388676E-4	-2.316126E-10	2.430117E+2
-3.000000E-1	2.074784E-4	-2.074784E-4	-2.011767E-10	2.433799E+2
-2.500000E-1	1.757981E-4	-1.757981E-4	-1.704586E-10	2.437480E+2
-2.000000E-1	1.424253E-4	-1.424253E-4	-1.380995E-10	2.441172E+2
-1.500000E-1	1.090161E-4	-1.090161E-4	-1.057050E-10	2.444854E+2
-1.000000E-1	7.342668E-5	-7.342668E-5	-7.119652E-11	2.456602E+2
-5.000000E-2	3.784663E-5	-3.784663E-5	-3.669713E-11	2.463633E+2
0.000000E+0	5.770512E-7	-5.770512E-7	-5.595246E-13	2.470664E+2
0.000000E+0	2.531022E-7	-2.531022E-7	-2.454148E-13	2.477695E+2
5.000000E-2	4.046318E-5	4.046318E-5	3.923421E-11	2.484727E+2
1.000000E-1	8.592453E-5	8.592453E-5	8.331477E-11	2.491758E+2
1.500000E-1	1.382617E-4	1.382617E-4	1.340623E-10	2.502910E+2
2.000000E-1	1.966184E-4	1.966184E-4	1.906466E-10	2.506592E+2
2.500000E-1	2.606820E-4	2.606820E-4	2.527644E-10	2.510273E+2
3.000000E-1	3.344580E-4	3.344580E-4	3.242996E-10	2.513965E+2
3.500000E-1	4.175403E-4	4.175403E-4	4.048585E-10	2.517646E+2
4.000000E-1	5.135656E-4	5.135656E-4	4.979672E-10	2.521328E+2
4.500000E-1	6.223335E-4	6.223335E-4	6.034316E-10	2.525010E+2
5.000000E-1	7.490700E-4	7.490700E-4	7.263187E-10	2.528701E+2
5.000000E-1	7.505559E-4	7.505559E-4	7.277596E-10	2.532383E+2
4.500000E-1	6.245765E-4	6.245765E-4	6.056065E-10	2.536064E+2
4.000000E-1	5.159324E-4	5.159324E-4	5.002622E-10	2.539746E+2
3.500000E-1	4.209481E-4	4.209481E-4	4.081628E-10	2.543428E+2
3.000000E-1	3.369529E-4	3.369529E-4	3.267187E-10	2.547119E+2
2.500000E-1	2.636745E-4	2.636745E-4	2.556660E-10	2.550801E+2
2.000000E-1	1.982848E-4	1.982848E-4	1.922624E-10	2.554482E+2
1.500000E-1	1.405769E-4	1.405769E-4	1.363072E-10	2.558164E+2
1.000000E-1	8.711490E-5	8.711490E-5	8.446899E-11	2.569912E+2
5.000000E-2	4.135843E-5	4.135843E-5	4.010227E-11	2.576943E+2
0.000000E+0	8.014425E-7	8.014425E-7	7.771006E-13	2.583975E+2
-5.000000E-2	3.755400E-5	-3.755400E-5	-3.641339E-11	2.591016E+2
-1.000000E-1	7.370555E-5	-7.370555E-5	-7.146692E-11	2.598047E+2
-1.500000E-1	1.056706E-4	-1.056706E-4	-1.024611E-10	2.605078E+2
-2.000000E-1	1.076448E-4	-1.076448E-4	-1.043753E-10	2.612109E+2
-2.500000E-1	1.753921E-4	-1.753921E-4	-1.700650E-10	2.623262E+2
-3.000000E-1	2.088035E-4	-2.088035E-4	-2.024616E-10	2.626943E+2
-3.500000E-1	2.398450E-4	-2.398450E-4	-2.325603E-10	2.630625E+2
-4.000000E-1	2.698427E-4	-2.698427E-4	-2.616469E-10	2.634307E+2
-4.500000E-1	3.013445E-4	-3.013445E-4	-2.921919E-10	2.637998E+2
-5.000000E-1	3.325631E-4	-3.325631E-4	-3.224623E-10	2.641680E+2
-5.000000E-1	3.316899E-4	-3.316899E-4	-3.216156E-10	2.645361E+2
-4.500000E-1	3.000228E-4	-3.000228E-4	-2.909103E-10	2.649043E+2
-4.000000E-1	2.680219E-4	-2.680219E-4	-2.598814E-10	2.652734E+2
-3.500000E-1	2.375303E-4	-2.375303E-4	-2.303159E-10	2.656416E+2
-3.000000E-1	2.063741E-4	-2.063741E-4	-2.001060E-10	2.660098E+2
-2.500000E-1	1.749622E-4	-1.749622E-4	-1.696481E-10	2.663779E+2
-2.000000E-1	1.426941E-4	-1.426941E-4	-1.383601E-10	2.667471E+2
-1.500000E-1	1.092811E-4	-1.092811E-4	-1.059619E-10	2.671152E+2
-1.000000E-1	7.345429E-5	-7.345429E-5	-7.122329E-11	2.682900E+2
-5.000000E-2	3.850324E-5	-3.850324E-5	-3.733380E-11	2.689932E+2
0.000000E+0	6.061342E-7	-6.061342E-7	-5.877243E-13	2.696963E+2
0.000000E+0	2.459030E-7	-2.459030E-7	-2.384343E-13	2.704004E+2
5.000000E-2	4.026380E-5	4.026380E-5	3.904088E-11	2.711025E+2
1.000000E-1	8.562859E-5	8.562859E-5	8.302783E-11	2.718057E+2
1.500000E-1	1.377230E-4	1.377230E-4	1.335400E-10	2.729209E+2
2.000000E-1	1.958132E-4	1.958132E-4	1.898658E-10	2.732891E+2
2.500000E-1	2.600581E-4	2.600581E-4	2.521595E-10	2.736582E+2
3.000000E-1	3.328109E-4	3.328109E-4	3.227026E-10	2.740264E+2
3.500000E-1	4.166413E-4	4.166413E-4	4.039868E-10	2.743945E+2
4.000000E-1	5.136605E-4	5.136605E-4	4.980593E-10	2.747627E+2
4.500000E-1	6.212931E-4	6.212931E-4	6.024228E-10	2.751318E+2
5.000000E-1	7.469287E-4	7.469287E-4	7.242425E-10	2.755000E+2
5.000000E-1	7.536263E-4	7.536263E-4	7.307367E-10	2.758682E+2
4.500000E-1	6.240213E-4	6.240213E-4	6.050681E-10	2.762363E+2
4.000000E-1	5.136000E-4	5.136000E-4	4.980006E-10	2.766055E+2
3.500000E-1	4.182779E-4	4.182779E-4	4.055737E-10	2.769736E+2
3.000000E-1	3.349388E-4	3.349388E-4	3.247658E-10	2.773418E+2
2.500000E-1	2.617605E-4	2.617605E-4	2.538101E-10	2.777100E+2
2.000000E-1	1.970816E-4	1.970816E-4	1.910957E-10	2.780781E+2
1.500000E-1	1.391617E-4	1.391617E-4	1.349350E-10	2.784473E+2
1.000000E-1	8.658186E-5	8.658186E-5	8.395214E-11	2.796221E+2
5.000000E-2	4.103548E-5	4.103548E-5	3.978912E-11	2.803252E+2
0.000000E+0	8.102733E-7	8.102733E-7	7.856632E-13	2.810283E+2
-5.000000E-2	3.726531E-5	-3.726531E-5	-3.613346E-11	2.817314E+2
-1.000000E-1	7.307417E-5	-7.307417E-5	-7.085471E-11	2.824346E+2
-1.500000E-1	1.055725E-4	-1.055725E-4	-1.023660E-10	2.831377E+2
-2.000000E-1	1.076105E-4	-1.076105E-4	-1.043421E-10	2.838408E+2
-2.500000E-1	1.743684E-4	-1.743684E-4	-1.690724E-10	2.849561E+2
-3.000000E-1	2.064420E-4	-2.064420E-4	-2.001718E-10	2.853242E+2
-3.500000E-1	2.378331E-4	-2.378331E-4	-2.306095E-10	2.856924E+2
-4.000000E-1	2.684018E-4	-2.684018E-4	-2.602497E-10	2.860615E+2
-4.500000E-1	3.013772E-4	-3.013772E-4	-2.922236E-10	2.864297E+2
-5.000000E-1	3.331453E-4	-3.331453E-4	-3.230268E-10	2.867979E+2
-5.000000E-1	3.322649E-4	-3.322649E-4	-3.221731E-10	2.871660E+2
-4.500000E-1	2.994849E-4	-2.994849E-4	-2.903888E-10	2.875352E+2
-4.000000E-1	2.686697E-4	-2.686697E-4	-2.605095E-10	2.879033E+2
-3.500000E-1	2.368458E-4	-2.368458E-4	-2.296522E-10	2.882715E+2
-3.000000E-1	2.054547E-4	-2.054547E-4	-1.992145E-10	2.886396E+2
-2.500000E-1	1.736720E-4	-1.736720E-4	-1.683971E-10	2.890088E+2
-2.000000E-1	1.413476E-4	-1.413476E-4	-1.370545E-10	2.893770E+2
-1.500000E-1	1.081320E-4	-1.081320E-4	-1.048477E-10	2.897451E+2
-1.000000E-1	7.294837E-5	-7.294837E-5	-7.073274E-11	2.909199E+2
-5.000000E-2	3.762652E-5	-3.762652E-5	-3.648370E-11	2.916230E+2
0.000000E+0	5.814881E-7	-5.814881E-7	-5.638268E-13	2.923262E+2
0.000000E+0	2.599436E-7	-2.599436E-7	-2.520484E-13	2.930303E+2
5.000000E-2	4.004285E-5	4.004285E-5	3.882664E-11	2.937334E+2
1.000000E-1	8.514777E-5	8.514777E-5	8.256160E-11	2.944365E+2
1.500000E-1	1.367209E-4	1.367209E-4	1.325683E-10	2.955508E+2
2.000000E-1	1.943234E-4	1.943234E-4	1.884213E-10	2.959199E+2
2.500000E-1	2.584955E-4	2.584955E-4	2.506443E-10	2.962881E+2
3.000000E-1	3.317980E-4	3.317980E-4	3.217204E-10	2.966563E+2
3.500000E-1	4.150766E-4	4.150766E-4	4.024696E-10	2.970244E+2
4.000000E-1	5.075292E-4	5.075292E-4	4.921142E-10	2.973936E+2
4.500000E-1	6.179684E-4	6.179684E-4	5.991991E-10	2.977617E+2
5.000000E-1	7.431550E-4	7.431550E-4	7.205834E-10	2.981299E+2
5.000000E-1	7.425158E-4	7.425158E-4	7.199636E-10	2.984980E+2
4.500000E-1	6.180062E-4	6.180062E-4	5.992357E-10	2.988662E+2
4.000000E-1	5.089213E-4	5.089213E-4	4.934640E-10	2.992354E+2
3.500000E-1	4.152403E-4	4.152403E-4	4.026284E-10	2.996035E+2
3.000000E-1	3.328335E-4	3.328335E-4	3.227245E-10	2.999717E+2
2.500000E-1	2.607061E-4	2.607061E-4	2.527878E-10	3.003398E+2
2.000000E-1	1.959786E-4	1.959786E-4	1.900262E-10	3.007090E+2
1.500000E-1	1.387375E-4	1.387375E-4	1.345237E-10	3.010771E+2
1.000000E-1	8.635922E-5	8.635922E-5	8.373626E-11	3.022520E+2
5.000000E-2	4.088415E-5	4.088415E-5	3.964239E-11	3.029551E+2
0.000000E+0	7.899495E-7	7.899495E-7	7.659567E-13	3.036582E+2
-5.000000E-2	3.712510E-5	-3.712510E-5	-3.599751E-11	3.043613E+2
-1.000000E-1	7.273238E-5	-7.273238E-5	-7.052330E-11	3.050645E+2
-1.500000E-1	1.054725E-4	-1.054725E-4	-1.022690E-10	3.057676E+2
-2.000000E-1	1.411479E-4	-1.411479E-4	-1.368609E-10	3.070498E+2
-2.500000E-1	1.742777E-4	-1.742777E-4	-1.689844E-10	3.074180E+2
-3.000000E-1	2.061231E-4	-2.061231E-4	-1.998626E-10	3.077871E+2
-3.500000E-1	2.367888E-4	-2.367888E-4	-2.295969E-10	3.081553E+2
-4.000000E-1	2.677373E-4	-2.677373E-4	-2.596054E-10	3.085234E+2
-4.500000E-1	2.982313E-4	-2.982313E-4	-2.891732E-10	3.088916E+2
-5.000000E-1	3.297232E-4	-3.297232E-4	-3.197086E-10	3.092607E+2
-5.000000E-1	3.294269E-4	-3.294269E-4	-3.194213E-10	3.096289E+2
-4.500000E-1	2.982243E-4	-2.982243E-4	-2.891664E-10	3.099971E+2
-4.000000E-1	2.665610E-4	-2.665610E-4	-2.584648E-10	3.103652E+2
-3.500000E-1	2.348583E-4	-2.348583E-4	-2.277250E-10	3.107344E+2
-3.000000E-1	2.039241E-4	-2.039241E-4	-1.977304E-10	3.111025E+2
-2.500000E-1	1.728757E-4	-1.728757E-4	-1.676250E-10	3.114707E+2
-2.000000E-1	1.406594E-4	-1.406594E-4	-1.363872E-10	3.118389E+2
-1.500000E-1	1.076575E-4	-1.076575E-4	-1.043877E-10	3.122080E+2
-1.000000E-1	7.264750E-5	-7.264750E-5	-7.044101E-11	3.133828E+2
-5.000000E-2	3.741444E-5	-3.741444E-5	-3.627806E-11	3.140859E+2
0.000000E+0	5.245673E-7	-5.245673E-7	-5.086348E-13	3.147891E+2
0.000000E+0	2.558359E-7	-2.558359E-7	-2.480655E-13	3.154932E+2
5.000000E-2	3.985289E-5	3.985289E-5	3.864245E-11	3.161953E+2
1.000000E-1	8.467693E-5	8.467693E-5	8.210507E-11	3.168984E+2
1.500000E-1	1.360106E-4	1.360106E-4	1.318796E-10	3.180137E+2
2.000000E-1	1.936684E-4	1.936684E-4	1.877862E-10	3.183818E+2
2.500000E-1	2.572583E-4	2.572583E-4	2.494447E-10	3.187510E+2
3.000000E-1	3.297252E-4	3.297252E-4	3.197106E-10	3.191191E+2
3.500000E-1	4.123536E-4	4.123536E-4	3.998293E-10	3.194873E+2
4.000000E-1	5.056501E-4	5.056501E-4	4.902922E-10	3.198555E+2
4.500000E-1	6.158271E-4	6.158271E-4	5.971228E-10	3.202246E+2
5.000000E-1	7.410131E-4	7.410131E-4	7.185066E-10	3.205928E+2
5.000000E-1	7.422672E-4	7.422672E-4	7.197226E-10	3.209609E+2
4.500000E-1	6.171237E-4	6.171237E-4	5.983800E-10	3.213291E+2
4.000000E-1	5.093117E-4	5.093117E-4	4.938425E-10	3.216973E+2
3.500000E-1	4.135213E-4	4.135213E-4	4.009616E-10	3.220664E+2
3.000000E-1	3.367968E-4	3.367968E-4	3.265674E-10	3.224346E+2
2.500000E-1	2.592179E-4	2.592179E-4	2.513448E-10	3.228027E+2
2.000000E-1	1.950742E-4	1.950742E-4	1.891493E-10	3.231709E+2
1.500000E-1	1.379237E-4	1.379237E-4	1.337346E-10	3.235400E+2
1.000000E-1	8.572837E-5	8.572837E-5	8.312458E-11	3.247148E+2
5.000000E-2	4.069860E-5	4.069860E-5	3.946247E-11	3.254180E+2
0.000000E+0	8.074395E-7	8.074395E-7	7.829154E-13	3.261211E+2
-5.000000E-2	3.689047E-5	-3.689047E-5	-3.577001E-11	3.268242E+2
-1.000000E-1	7.237338E-5	-7.237338E-5	-7.017521E-11	3.275273E+2
-1.500000E-1	1.054523E-4	-1.054523E-4	-1.022494E-10	3.282305E+2
-2.000000E-1	1.406750E-4	-1.406750E-4	-1.364023E-10	3.295127E+2
-2.500000E-1	1.736001E-4	-1.736001E-4	-1.683274E-10	3.298809E+2
-3.000000E-1	2.056590E-4	-2.056590E-4	-1.994126E-10	3.302500E+2
-3.500000E-1	2.359080E-4	-2.359080E-4	-2.287429E-10	3.306182E+2
-4.000000E-1	2.664049E-4	-2.664049E-4	-2.583135E-10	3.309863E+2
-4.500000E-1	2.967197E-4	-2.967197E-4	-2.877075E-10	3.313545E+2
-5.000000E-1	3.291296E-4	-3.291296E-4	-3.191331E-10	3.317227E+2
-5.000000E-1	3.281865E-4	-3.281865E-4	-3.182186E-10	3.320918E+2
-4.500000E-1	2.961929E-4	-2.961929E-4	-2.871967E-10	3.324600E+2
-4.000000E-1	2.657389E-4	-2.657389E-4	-2.576677E-10	3.328281E+2
-3.500000E-1	2.348698E-4	-2.348698E-4	-2.277362E-10	3.331963E+2
-3.000000E-1	2.035951E-4	-2.035951E-4	-1.974114E-10	3.335654E+2
-2.500000E-1	1.722854E-4	-1.722854E-4	-1.670526E-10	3.339336E+2
-2.000000E-1	1.402559E-4	-1.402559E-4	-1.359960E-10	3.343018E+2
-1.500000E-1	1.072889E-4	-1.072889E-4	-1.040303E-10	3.346699E+2
-1.000000E-1	7.228858E-5	-7.228858E-5	-7.009299E-11	3.358447E+2
-5.000000E-2	3.721298E-5	-3.721298E-5	-3.608272E-11	3.365479E+2
0.000000E+0	5.623809E-7	-5.623809E-7	-5.452999E-13	3.372510E+2
0.000000E+0	2.526585E-7	-2.526585E-7	-2.449846E-13	3.379551E+2
5.000000E-2	3.969427E-5	3.969427E-5	3.848865E-11	3.386582E+2
1.000000E-1	8.441132E-5	8.441132E-5	8.184752E-11	3.393613E+2
1.500000E-1	1.359581E-4	1.359581E-4	1.318287E-10	3.404766E+2
2.000000E-1	1.935982E-4	1.935982E-4	1.877181E-10	3.408447E+2
2.500000E-1	2.564434E-4	2.564434E-4	2.486545E-10	3.412129E+2
3.000000E-1	3.300276E-4	3.300276E-4	3.200038E-10	3.415811E+2
3.500000E-1	4.117773E-4	4.117773E-4	3.992705E-10	3.419502E+2
4.000000E-1	5.068306E-4	5.068306E-4	4.914368E-10	3.423184E+2
4.500000E-1	6.105917E-4	6.105917E-4	5.920464E-10	3.426865E+2
5.000000E-1	7.345657E-4	7.345657E-4	7.122550E-10	3.430547E+2
5.000000E-1	7.378190E-4	7.378190E-4	7.154095E-10	3.434229E+2
4.500000E-1	6.123862E-4	6.123862E-4	5.937864E-10	3.437920E+2
4.000000E-1	5.053117E-4	5.053117E-4	4.899640E-10	3.441602E+2
3.500000E-1	4.118905E-4	4.118905E-4	3.993803E-10	3.445283E+2
3.000000E-1	3.307390E-4	3.307390E-4	3.206936E-10	3.448965E+2
2.500000E-1	2.583202E-4	2.583202E-4	2.504743E-10	3.452646E+2
2.000000E-1	1.943886E-4	1.943886E-4	1.884845E-10	3.456338E+2
1.500000E-1	1.375020E-4	1.375020E-4	1.333257E-10	3.460020E+2
1.000000E-1	8.558109E-5	8.558109E-5	8.298177E-11	3.471768E+2
5.000000E-2	4.055681E-5	4.055681E-5	3.932499E-11	3.478799E+2
0.000000E+0	8.096293E-7	8.096293E-7	7.850387E-13	3.485830E+2
-5.000000E-2	3.684001E-5	-3.684001E-5	-3.572108E-11	3.492861E+2
-1.000000E-1	7.219707E-5	-7.219707E-5	-7.000425E-11	3.499893E+2
-1.500000E-1	1.053987E-4	-1.053987E-4	-1.021975E-10	3.506924E+2
-2.000000E-1	1.075791E-4	-1.075791E-4	-1.043116E-10	3.513955E+2
-2.500000E-1	1.737394E-4	-1.737394E-4	-1.684625E-10	3.525107E+2
-3.000000E-1	2.079684E-4	-2.079684E-4	-2.016518E-10	3.528789E+2
-3.500000E-1	2.392714E-4	-2.392714E-4	-2.320041E-10	3.532480E+2
-4.000000E-1	2.720865E-4	-2.720865E-4	-2.638225E-10	3.536162E+2
-4.500000E-1	3.054613E-4	-3.054613E-4	-2.961836E-10	3.539844E+2
-5.000000E-1	3.485993E-4	-3.485993E-4	-3.380114E-10	3.543525E+2
-5.000000E-1	3.476681E-4	-3.476681E-4	-3.371085E-10	3.547217E+2
-4.500000E-1	3.174152E-4	-3.174152E-4	-3.077745E-10	3.550898E+2
-4.000000E-1	2.789950E-4	-2.789950E-4	-2.705212E-10	3.554580E+2
-3.500000E-1	2.382585E-4	-2.382585E-4	-2.310220E-10	3.558262E+2
-3.000000E-1	2.062447E-4	-2.062447E-4	-1.999805E-10	3.561943E+2
-2.500000E-1	1.737317E-4	-1.737317E-4	-1.684550E-10	3.565635E+2
-2.000000E-1	1.416767E-4	-1.416767E-4	-1.373736E-10	3.569316E+2
-1.500000E-1	1.071939E-4	-1.071939E-4	-1.039381E-10	3.572998E+2
-1.000000E-1	7.248149E-5	-7.248149E-5	-7.028003E-11	3.584746E+2
-5.000000E-2	3.710140E-5	-3.710140E-5	-3.597453E-11	3.591777E+2
0.000000E+0	5.902043E-7	-5.902043E-7	-5.722783E-13	3.598809E+2
0.000000E+0	2.418812E-7	-2.418812E-7	-2.345346E-13	3.605850E+2
5.000000E-2	3.955333E-5	3.955333E-5	3.835199E-11	3.612881E+2
1.000000E-1	8.405834E-5	8.405834E-5	8.150527E-11	3.619912E+2
1.500000E-1	1.362571E-4	1.362571E-4	1.321186E-10	3.631064E+2
2.000000E-1	1.938136E-4	1.938136E-4	1.879270E-10	3.634746E+2
2.500000E-1	2.577460E-4	2.577460E-4	2.499176E-10	3.638428E+2
3.000000E-1	3.297897E-4	3.297897E-4	3.197731E-10	3.642109E+2
3.500000E-1	4.120612E-4	4.120612E-4	3.995458E-10	3.645791E+2
4.000000E-1	5.057703E-4	5.057703E-4	4.904087E-10	3.649482E+2
4.500000E-1	6.127824E-4	6.127824E-4	5.941706E-10	3.653164E+2
5.000000E-1	7.383895E-4	7.383895E-4	7.159626E-10	3.656846E+2
5.000000E-1	7.380579E-4	7.380579E-4	7.156411E-10	3.660527E+2
4.500000E-1	6.141620E-4	6.141620E-4	5.955083E-10	3.664209E+2
4.000000E-1	5.072594E-4	5.072594E-4	4.918526E-10	3.667900E+2
3.500000E-1	4.137751E-4	4.137751E-4	4.012077E-10	3.671582E+2
3.000000E-1	3.319327E-4	3.319327E-4	3.218510E-10	3.675264E+2
2.500000E-1	2.589967E-4	2.589967E-4	2.511303E-10	3.678945E+2
2.000000E-1	1.950729E-4	1.950729E-4	1.891480E-10	3.682637E+2
1.500000E-1	1.376965E-4	1.376965E-4	1.335143E-10	3.686318E+2
1.000000E-1	8.522256E-5	8.522256E-5	8.263412E-11	3.698066E+2
5.000000E-2	4.043070E-5	4.043070E-5	3.920271E-11	3.705098E+2
0.000000E+0	7.779987E-7	7.779987E-7	7.543688E-13	3.712129E+2
-5.000000E-2	3.662438E-5	-3.662438E-5	-3.551200E-11	3.719160E+2
-1.000000E-1	7.194158E-5	-7.194158E-5	-6.975653E-11	3.726191E+2
-1.500000E-1	1.052145E-4	-1.052145E-4	-1.020189E-10	3.733223E+2
-2.000000E-1	1.075570E-4	-1.075570E-4	-1.042902E-10	3.740254E+2
-2.500000E-1	1.718182E-4	-1.718182E-4	-1.665996E-10	3.751406E+2
-3.000000E-1	2.035962E-4	-2.035962E-4	-1.974124E-10	3.755088E+2
-3.500000E-1	2.342876E-4	-2.342876E-4	-2.271717E-10	3.758779E+2
-4.000000E-1	2.645634E-4	-2.645634E-4	-2.565279E-10	3.762461E+2
-4.500000E-1	2.946056E-4	-2.946056E-4	-2.856577E-10	3.766143E+2
-5.000000E-1	3.257331E-4	-3.257331E-4	-3.158397E-10	3.769824E+2
-5.000000E-1	3.249957E-4	-3.249957E-4	-3.151247E-10	3.773506E+2
-4.500000E-1	2.927552E-4	-2.927552E-4	-2.838634E-10	3.777197E+2
-4.000000E-1	2.620586E-4	-2.620586E-4	-2.540992E-10	3.780879E+2
-3.500000E-1	2.318676E-4	-2.318676E-4	-2.248252E-10	3.784561E+2
-3.000000E-1	2.016475E-4	-2.016475E-4	-1.955229E-10	3.788242E+2
-2.500000E-1	1.708234E-4	-1.708234E-4	-1.656350E-10	3.791934E+2
-2.000000E-1	1.389138E-4	-1.389138E-4	-1.346946E-10	3.795615E+2
-1.500000E-1	1.064573E-4	-1.064573E-4	-1.032239E-10	3.799297E+2
-1.000000E-1	7.171507E-5	-7.171507E-5	-6.953689E-11	3.811045E+2
-5.000000E-2	3.686761E-5	-3.686761E-5	-3.574784E-11	3.818076E+2
0.000000E+0	5.996220E-7	-5.996220E-7	-5.814099E-13	3.825107E+2
0.000000E+0	2.552633E-7	-2.552633E-7	-2.475103E-13	3.832148E+2
5.000000E-2	3.940355E-5	3.940355E-5	3.820676E-11	3.839180E+2
1.000000E-1	8.382933E-5	8.382933E-5	8.128321E-11	3.846211E+2
1.500000E-1	1.346390E-4	1.346390E-4	1.305497E-10	3.857354E+2
2.000000E-1	1.911936E-4	1.911936E-4	1.853865E-10	3.861045E+2
2.500000E-1	2.543318E-4	2.543318E-4	2.466071E-10	3.864727E+2
3.000000E-1	3.255149E-4	3.255149E-4	3.156281E-10	3.868408E+2
3.500000E-1	4.069029E-4	4.069029E-4	3.945442E-10	3.872090E+2
4.000000E-1	4.988228E-4	4.988228E-4	4.836722E-10	3.875781E+2
4.500000E-1	6.034103E-4	6.034103E-4	5.850831E-10	3.879463E+2
5.000000E-1	7.262007E-4	7.262007E-4	7.041440E-10	3.883145E+2
5.000000E-1	7.270471E-4	7.270471E-4	7.049648E-10	3.886826E+2
4.500000E-1	6.049858E-4	6.049858E-4	5.866108E-10	3.890508E+2
4.000000E-1	5.001427E-4	5.001427E-4	4.849520E-10	3.894199E+2
3.500000E-1	4.081526E-4	4.081526E-4	3.957559E-10	3.897881E+2
3.000000E-1	3.271025E-4	3.271025E-4	3.171675E-10	3.901562E+2
2.500000E-1	2.556957E-4	2.556957E-4	2.479296E-10	3.905244E+2
2.000000E-1	1.926019E-4	1.926019E-4	1.867521E-10	3.908936E+2
1.500000E-1	1.363817E-4	1.363817E-4	1.322394E-10	3.912617E+2
1.000000E-1	8.493019E-5	8.493019E-5	8.235064E-11	3.924365E+2
5.000000E-2	4.047359E-5	4.047359E-5	3.924430E-11	3.931396E+2
0.000000E+0	8.064662E-7	8.064662E-7	7.819717E-13	3.938428E+2
-5.000000E-2	3.645760E-5	-3.645760E-5	-3.535028E-11	3.945459E+2
-1.000000E-1	7.162924E-5	-7.162924E-5	-6.945367E-11	3.952490E+2
-1.500000E-1	1.063269E-4	-1.063269E-4	-1.030975E-10	3.965313E+2
-2.000000E-1	1.394924E-4	-1.394924E-4	-1.352557E-10	3.968994E+2
-2.500000E-1	1.712317E-4	-1.712317E-4	-1.660309E-10	3.972686E+2
-3.000000E-1	2.022956E-4	-2.022956E-4	-1.961513E-10	3.976367E+2
-3.500000E-1	2.324012E-4	-2.324012E-4	-2.253426E-10	3.980049E+2
-4.000000E-1	2.620689E-4	-2.620689E-4	-2.541092E-10	3.983730E+2
-4.500000E-1	2.927265E-4	-2.927265E-4	-2.838356E-10	3.987422E+2
-5.000000E-1	3.231488E-4	-3.231488E-4	-3.133339E-10	3.991104E+2
-5.000000E-1	3.234598E-4	-3.234598E-4	-3.136355E-10	3.994785E+2
-4.500000E-1	2.921478E-4	-2.921478E-4	-2.832745E-10	3.998467E+2
-4.000000E-1	2.617930E-4	-2.617930E-4	-2.538417E-10	4.002158E+2
-3.500000E-1	2.317036E-4	-2.317036E-4	-2.246661E-10	4.005840E+2
-3.000000E-1	2.011855E-4	-2.011855E-4	-1.950750E-10	4.009521E+2
-2.500000E-1	1.700585E-4	-1.700585E-4	-1.648934E-10	4.013213E+2
-2.000000E-1	1.385676E-4	-1.385676E-4	-1.343589E-10	4.016895E+2
-1.500000E-1	1.060990E-4	-1.060990E-4	-1.028765E-10	4.020576E+2
-1.000000E-1	7.163379E-5	-7.163379E-5	-6.945808E-11	4.032324E+2
-5.000000E-2	3.670826E-5	-3.670826E-5	-3.559333E-11	4.039355E+2
0.000000E+0	5.006941E-7	-5.006941E-7	-4.854867E-13	4.046387E+2
0.000000E+0	2.397200E-7	-2.397200E-7	-2.324391E-13	4.053428E+2
5.000000E-2	3.931537E-5	3.931537E-5	3.812126E-11	4.060459E+2
1.000000E-1	8.357310E-5	8.357310E-5	8.103477E-11	4.067490E+2
1.500000E-1	1.068891E-4	1.068891E-4	1.036426E-10	4.074521E+2
2.000000E-1	1.905444E-4	1.905444E-4	1.847571E-10	4.085664E+2
2.500000E-1	2.540047E-4	2.540047E-4	2.462899E-10	4.089355E+2
3.000000E-1	3.246694E-4	3.246694E-4	3.148083E-10	4.093037E+2
3.500000E-1	4.060695E-4	4.060695E-4	3.937361E-10	4.096719E+2
4.000000E-1	4.982748E-4	4.982748E-4	4.831409E-10	4.100400E+2
4.500000E-1	6.049901E-4	6.049901E-4	5.866149E-10	4.104082E+2
5.000000E-1	7.285799E-4	7.285799E-4	7.064510E-10	4.107773E+2
5.000000E-1	7.290245E-4	7.290245E-4	7.068821E-10	4.111455E+2
4.500000E-1	6.070937E-4	6.070937E-4	5.886546E-10	4.115137E+2
4.000000E-1	5.003155E-4	5.003155E-4	4.851196E-10	4.118818E+2
3.500000E-1	4.086264E-4	4.086264E-4	3.962153E-10	4.122500E+2
3.000000E-1	3.273565E-4	3.273565E-4	3.174138E-10	4.126191E+2
2.500000E-1	2.558935E-4	2.558935E-4	2.481213E-10	4.129873E+2
2.000000E-1	1.926020E-4	1.926020E-4	1.867522E-10	4.133555E+2
1.500000E-1	1.361925E-4	1.361925E-4	1.320560E-10	4.137236E+2
1.000000E-1	8.469779E-5	8.469779E-5	8.212529E-11	4.148984E+2
5.000000E-2	4.038211E-5	4.038211E-5	3.915560E-11	4.156016E+2
0.000000E+0	8.192902E-7	8.192902E-7	7.944062E-13	4.163047E+2
-5.000000E-2	3.636452E-5	-3.636452E-5	-3.526003E-11	4.170088E+2
-1.000000E-1	7.144164E-5	-7.144164E-5	-6.927177E-11	4.177119E+2
-1.500000E-1	1.046025E-4	-1.046025E-4	-1.014254E-10	4.184150E+2
-2.000000E-1	1.383343E-4	-1.383343E-4	-1.341327E-10	4.195303E+2
-2.500000E-1	1.706345E-4	-1.706345E-4	-1.654519E-10	4.198984E+2
-3.000000E-1	2.012601E-4	-2.012601E-4	-1.951473E-10	4.202666E+2
-3.500000E-1	2.312466E-4	-2.312466E-4	-2.242230E-10	4.206348E+2
-4.000000E-1	2.620218E-4	-2.620218E-4	-2.540635E-10	4.210039E+2
-4.500000E-1	2.915546E-4	-2.915546E-4	-2.826993E-10	4.213721E+2
-5.000000E-1	3.209699E-4	-3.209699E-4	-3.112212E-10	4.217402E+2
-5.000000E-1	3.204231E-4	-3.204231E-4	-3.106910E-10	4.221084E+2
-4.500000E-1	2.901352E-4	-2.901352E-4	-2.813230E-10	4.224775E+2
-4.000000E-1	2.596748E-4	-2.596748E-4	-2.517878E-10	4.228457E+2
-3.500000E-1	2.299776E-4	-2.299776E-4	-2.229926E-10	4.232139E+2
-3.000000E-1	1.996809E-4	-1.996809E-4	-1.936161E-10	4.235820E+2
-2.500000E-1	1.692233E-4	-1.692233E-4	-1.640835E-10	4.239512E+2
-2.000000E-1	1.380402E-4	-1.380402E-4	-1.338476E-10	4.243193E+2
-1.500000E-1	1.056761E-4	-1.056761E-4	-1.024664E-10	4.246875E+2
-1.000000E-1	7.128057E-5	-7.128057E-5	-6.911559E-11	4.258623E+2
-5.000000E-2	3.667333E-5	-3.667333E-5	-3.555946E-11	4.265654E+2
0.000000E+0	5.234795E-7	-5.234795E-7	-5.075801E-13	4.272686E+2
0.000000E+0	2.641944E-7	-2.641944E-7	-2.561701E-13	4.279727E+2
5.000000E-2	3.922062E-5	3.922062E-5	3.802939E-11	4.286758E+2
1.000000E-1	8.321859E-5	8.321859E-5	8.069102E-11	4.293789E+2
1.500000E-1	1.339540E-4	1.339540E-4	1.298855E-10	4.304932E+2
2.000000E-1	1.901790E-4	1.901790E-4	1.844028E-10	4.308623E+2
2.500000E-1	2.530558E-4	2.530558E-4	2.453698E-10	4.312305E+2
3.000000E-1	3.242434E-4	3.242434E-4	3.143953E-10	4.315986E+2
3.500000E-1	4.048078E-4	4.048078E-4	3.925127E-10	4.319668E+2
4.000000E-1	4.977232E-4	4.977232E-4	4.826060E-10	4.323359E+2
4.500000E-1	6.024746E-4	6.024746E-4	5.841758E-10	4.327041E+2
5.000000E-1	7.243547E-4	7.243547E-4	7.023541E-10	4.330723E+2
5.000000E-1	7.267768E-4	7.267768E-4	7.047027E-10	4.334404E+2
4.500000E-1	6.044801E-4	6.044801E-4	5.861205E-10	4.338086E+2
4.000000E-1	4.996170E-4	4.996170E-4	4.844423E-10	4.341777E+2
3.500000E-1	4.076259E-4	4.076259E-4	3.952452E-10	4.345459E+2
3.000000E-1	3.266959E-4	3.266959E-4	3.167733E-10	4.349141E+2
2.500000E-1	2.553228E-4	2.553228E-4	2.475680E-10	4.352822E+2
2.000000E-1	1.918781E-4	1.918781E-4	1.860503E-10	4.356514E+2
1.500000E-1	1.359707E-4	1.359707E-4	1.318409E-10	4.360195E+2
1.000000E-1	8.455774E-5	8.455774E-5	8.198950E-11	4.371943E+2
5.000000E-2	4.015705E-5	4.015705E-5	3.893737E-11	4.378975E+2
0.000000E+0	7.962328E-7	7.962328E-7	7.720491E-13	4.386006E+2
-5.000000E-2	3.630667E-5	-3.630667E-5	-3.520394E-11	4.393037E+2
-1.000000E-1	7.127206E-5	-7.127206E-5	-6.910734E-11	4.400068E+2
-1.500000E-1	1.043440E-4	-1.043440E-4	-1.011748E-10	4.407100E+2
-2.000000E-1	1.075036E-4	-1.075036E-4	-1.042384E-10	4.414131E+2
-2.500000E-1	1.689775E-4	-1.689775E-4	-1.638452E-10	4.425283E+2
-3.000000E-1	2.000016E-4	-2.000016E-4	-1.939270E-10	4.428965E+2
-3.500000E-1	2.302199E-4	-2.302199E-4	-2.232275E-10	4.432646E+2
-4.000000E-1	2.599000E-4	-2.599000E-4	-2.520061E-10	4.436338E+2
-4.500000E-1	2.896323E-4	-2.896323E-4	-2.808354E-10	4.440020E+2
-5.000000E-1	3.194322E-4	-3.194322E-4	-3.097302E-10	4.443701E+2
-5.000000E-1	3.196157E-4	-3.196157E-4	-3.099081E-10	4.447383E+2
-4.500000E-1	2.896297E-4	-2.896297E-4	-2.808329E-10	4.451074E+2
-4.000000E-1	2.599586E-4	-2.599586E-4	-2.520630E-10	4.454756E+2
-3.500000E-1	2.297371E-4	-2.297371E-4	-2.227594E-10	4.458437E+2
-3.000000E-1	1.995315E-4	-1.995315E-4	-1.934712E-10	4.462119E+2
-2.500000E-1	1.688427E-4	-1.688427E-4	-1.637145E-10	4.465801E+2
-2.000000E-1	1.375371E-4	-1.375371E-4	-1.333597E-10	4.469492E+2
-1.500000E-1	1.053378E-4	-1.053378E-4	-1.021384E-10	4.473174E+2
-1.000000E-1	7.109326E-5	-7.109326E-5	-6.893397E-11	4.484922E+2
-5.000000E-2	3.663852E-5	-3.663852E-5	-3.552571E-11	4.491953E+2
0.000000E+0	5.944552E-7	-5.944552E-7	-5.764000E-13	4.498984E+2
