voltage_12_2_21_500mV_500ms	absJ_12_2_21_500mV_500ms	J_12_2_21_500mV_500ms	current_12_2_21_500mV_500ms	time_12_2_21_500mV_500ms	
0.000000E+0	5.450785E-6	-5.450785E-6	-1.035905E-11	0.000000E+0
5.000000E-2	1.299962E-5	1.299962E-5	2.470538E-11	7.031250E-1
1.000000E-1	4.071336E-5	4.071336E-5	7.737451E-11	1.406250E+0
1.500000E-1	5.218017E-5	5.218017E-5	9.916683E-11	2.109375E+0
2.000000E-1	1.637834E-4	1.637834E-4	3.112653E-10	3.224609E+0
2.500000E-1	2.441806E-4	2.441806E-4	4.640578E-10	3.592773E+0
3.000000E-1	3.603155E-4	3.603155E-4	6.847687E-10	3.960938E+0
3.500000E-1	4.762183E-4	4.762183E-4	9.050383E-10	4.330078E+0
4.000000E-1	9.463977E-4	9.463977E-4	1.798600E-9	5.444336E+0
4.500000E-1	1.127445E-3	1.127445E-3	2.142675E-9	5.812500E+0
5.000000E-1	1.320115E-3	1.320115E-3	2.508838E-9	6.180664E+0
5.000000E-1	1.396749E-3	1.396749E-3	2.654479E-9	6.547852E+0
4.500000E-1	1.119727E-3	1.119727E-3	2.128007E-9	6.916016E+0
4.000000E-1	8.838052E-4	8.838052E-4	1.679645E-9	7.284180E+0
3.500000E-1	6.754767E-4	6.754767E-4	1.283723E-9	7.652344E+0
3.000000E-1	4.779876E-4	4.779876E-4	9.084009E-10	8.392578E+0
2.500000E-1	3.031900E-4	3.031900E-4	5.762033E-10	8.761719E+0
2.000000E-1	1.880689E-4	1.880689E-4	3.574192E-10	9.129883E+0
1.500000E-1	9.895406E-5	9.895406E-5	1.880592E-10	9.498047E+0
1.000000E-1	4.527106E-5	4.527106E-5	8.603628E-11	1.067383E+1
5.000000E-2	1.698518E-5	1.698518E-5	3.227982E-11	1.137695E+1
0.000000E+0	5.760413E-6	-5.760413E-6	-1.094749E-11	1.208008E+1
-5.000000E-2	2.745576E-5	-2.745576E-5	-5.217883E-11	1.278320E+1
-1.000000E-1	4.974468E-5	-4.974468E-5	-9.453825E-11	1.348633E+1
-1.500000E-1	5.345084E-5	-5.345084E-5	-1.015817E-10	1.419043E+1
-2.000000E-1	1.530406E-4	-1.530406E-4	-2.908491E-10	1.530566E+1
-2.500000E-1	2.262253E-4	-2.262253E-4	-4.299343E-10	1.567383E+1
-3.000000E-1	3.203486E-4	-3.203486E-4	-6.088127E-10	1.604199E+1
-3.500000E-1	3.962573E-4	-3.962573E-4	-7.530750E-10	1.641113E+1
-4.000000E-1	5.125472E-4	-5.125472E-4	-9.740804E-10	1.789355E+1
-4.500000E-1	6.405511E-4	-6.405511E-4	-1.217348E-9	1.826172E+1
-5.000000E-1	7.726090E-4	-7.726090E-4	-1.468320E-9	1.862891E+1
-5.000000E-1	8.310641E-4	-8.310641E-4	-1.579412E-9	1.899707E+1
-4.500000E-1	6.648857E-4	-6.648857E-4	-1.263595E-9	1.936523E+1
-4.000000E-1	3.723085E-4	-3.723085E-4	-7.075610E-10	2.010645E+1
-3.500000E-1	2.958328E-4	-2.958328E-4	-5.622213E-10	2.047461E+1
-3.000000E-1	2.148850E-4	-2.148850E-4	-4.083825E-10	2.084277E+1
-2.500000E-1	1.536514E-4	-1.536514E-4	-2.920099E-10	2.121191E+1
-2.000000E-1	1.088465E-4	-1.088465E-4	-2.068594E-10	2.158008E+1
-1.500000E-1	6.745785E-5	-6.745785E-5	-1.282016E-10	2.194824E+1
-1.000000E-1	3.680499E-5	-3.680499E-5	-6.994677E-11	2.312402E+1
-5.000000E-2	1.914328E-5	-1.914328E-5	-3.638123E-11	2.382715E+1
0.000000E+0	5.287567E-6	-5.287567E-6	-1.004886E-11	2.453027E+1
0.000000E+0	5.324016E-6	-5.324016E-6	-1.011813E-11	2.523438E+1
5.000000E-2	7.836005E-6	7.836005E-6	1.489209E-11	2.593750E+1
1.000000E-1	2.724785E-5	2.724785E-5	5.178371E-11	2.664063E+1
1.500000E-1	6.676040E-5	6.676040E-5	1.268761E-10	2.775586E+1
2.000000E-1	1.126954E-4	1.126954E-4	2.141741E-10	2.812402E+1
2.500000E-1	1.784105E-4	1.784105E-4	3.390637E-10	2.849219E+1
3.000000E-1	2.744105E-4	2.744105E-4	5.215088E-10	2.886133E+1
3.500000E-1	3.874473E-4	3.874473E-4	7.363318E-10	2.922949E+1
4.000000E-1	4.891601E-4	4.891601E-4	9.296339E-10	2.959766E+1
4.500000E-1	5.265804E-4	5.265804E-4	1.000750E-9	2.996680E+1
5.000000E-1	5.459098E-4	5.459098E-4	1.037485E-9	3.033496E+1
5.000000E-1	1.097862E-3	1.097862E-3	2.086453E-9	3.145020E+1
4.500000E-1	8.587646E-4	8.587646E-4	1.632056E-9	3.181738E+1
4.000000E-1	6.571229E-4	6.571229E-4	1.248842E-9	3.218555E+1
3.500000E-1	4.936552E-4	4.936552E-4	9.381766E-10	3.367285E+1
3.000000E-1	3.387459E-4	3.387459E-4	6.437763E-10	3.441406E+1
2.500000E-1	2.319243E-4	2.319243E-4	4.407651E-10	3.478320E+1
2.000000E-1	1.426090E-4	1.426090E-4	2.710240E-10	3.515137E+1
1.500000E-1	7.888881E-5	7.888881E-5	1.499258E-10	3.551953E+1
1.000000E-1	3.742851E-5	3.742851E-5	7.113175E-11	3.669531E+1
5.000000E-2	1.098247E-5	1.098247E-5	2.087185E-11	3.739844E+1
0.000000E+0	5.864698E-6	-5.864698E-6	-1.114568E-11	3.810156E+1
-5.000000E-2	2.235675E-5	-2.235675E-5	-4.248833E-11	3.880566E+1
-1.000000E-1	4.519829E-5	-4.519829E-5	-8.589797E-11	3.950879E+1
-1.500000E-1	5.256163E-5	-5.256163E-5	-9.989178E-11	4.021191E+1
-2.000000E-1	5.464660E-5	-5.464660E-5	-1.038542E-10	4.091504E+1
-2.500000E-1	1.686453E-4	-1.686453E-4	-3.205052E-10	4.203027E+1
-3.000000E-1	2.352087E-4	-2.352087E-4	-4.470070E-10	4.239844E+1
-3.500000E-1	3.051042E-4	-3.051042E-4	-5.798412E-10	4.276758E+1
-4.000000E-1	3.835528E-4	-3.835528E-4	-7.289304E-10	4.313574E+1
-4.500000E-1	4.531025E-4	-4.531025E-4	-8.611076E-10	4.425098E+1
-5.000000E-1	5.620810E-4	-5.620810E-4	-1.068218E-9	4.461816E+1
-5.000000E-1	5.688025E-4	-5.688025E-4	-1.080992E-9	4.498633E+1
-4.500000E-1	4.556944E-4	-4.556944E-4	-8.660334E-10	4.572754E+1
-4.000000E-1	3.685166E-4	-3.685166E-4	-7.003546E-10	4.609570E+1
-3.500000E-1	2.839753E-4	-2.839753E-4	-5.396865E-10	4.646484E+1
-3.000000E-1	2.108643E-4	-2.108643E-4	-4.007412E-10	4.683301E+1
-2.500000E-1	1.443743E-4	-1.443743E-4	-2.743789E-10	4.720117E+1
-2.000000E-1	9.744065E-5	-9.744065E-5	-1.851830E-10	4.756934E+1
-1.500000E-1	6.166502E-5	-6.166502E-5	-1.171925E-10	4.793848E+1
-1.000000E-1	3.345125E-5	-3.345125E-5	-6.357309E-11	4.911328E+1
-5.000000E-2	1.758505E-5	-1.758505E-5	-3.341985E-11	4.981641E+1
0.000000E+0	5.282442E-6	-5.282442E-6	-1.003912E-11	5.051953E+1
0.000000E+0	5.307120E-6	-5.307120E-6	-1.008602E-11	5.122363E+1
5.000000E-2	6.263441E-6	6.263441E-6	1.190348E-11	5.192676E+1
1.000000E-1	2.243170E-5	2.243170E-5	4.263076E-11	5.262988E+1
1.500000E-1	5.382106E-5	5.382106E-5	1.022853E-10	5.408008E+1
2.000000E-1	9.911498E-5	9.911498E-5	1.883650E-10	5.444824E+1
2.500000E-1	1.602771E-4	1.602771E-4	3.046017E-10	5.481641E+1
3.000000E-1	2.185804E-4	2.185804E-4	4.154054E-10	5.518555E+1
3.500000E-1	3.112593E-4	3.112593E-4	5.915388E-10	5.555371E+1
4.000000E-1	4.186575E-4	4.186575E-4	7.956459E-10	5.592187E+1
4.500000E-1	5.095694E-4	5.095694E-4	9.684211E-10	5.629004E+1
5.000000E-1	5.345289E-4	5.345289E-4	1.015856E-9	5.665918E+1
5.000000E-1	5.349015E-4	5.349015E-4	1.016564E-9	5.702734E+1
4.500000E-1	5.078382E-4	5.078382E-4	9.651311E-10	5.739551E+1
4.000000E-1	4.188184E-4	4.188184E-4	7.959517E-10	5.776465E+1
3.500000E-1	3.174434E-4	3.174434E-4	6.032916E-10	5.813281E+1
3.000000E-1	2.268008E-4	2.268008E-4	4.310280E-10	5.850098E+1
2.500000E-1	1.586192E-4	1.586192E-4	3.014509E-10	5.887012E+1
2.000000E-1	1.025006E-4	1.025006E-4	1.947992E-10	5.923828E+1
1.500000E-1	5.604978E-5	5.604978E-5	1.065209E-10	5.960645E+1
1.000000E-1	2.809160E-5	2.809160E-5	5.338724E-11	6.078125E+1
5.000000E-2	7.907372E-6	7.907372E-6	1.502772E-11	6.148438E+1
0.000000E+0	5.865108E-6	-5.865108E-6	-1.114646E-11	6.218750E+1
-5.000000E-2	1.869546E-5	-1.869546E-5	-3.553016E-11	6.289160E+1
-1.000000E-1	3.699485E-5	-3.699485E-5	-7.030759E-11	6.359473E+1
-1.500000E-1	6.053919E-5	-6.053919E-5	-1.150529E-10	6.471094E+1
-2.000000E-1	9.473290E-5	-9.473290E-5	-1.800370E-10	6.507910E+1
-2.500000E-1	1.323021E-4	-1.323021E-4	-2.514361E-10	6.544727E+1
-3.000000E-1	1.749065E-4	-1.749065E-4	-3.324045E-10	6.581641E+1
-3.500000E-1	2.504919E-4	-2.504919E-4	-4.760522E-10	6.618457E+1
-4.000000E-1	3.304161E-4	-3.304161E-4	-6.279458E-10	6.655273E+1
-4.500000E-1	4.253498E-4	-4.253498E-4	-8.083644E-10	6.692090E+1
-5.000000E-1	4.899483E-4	-4.899483E-4	-9.311319E-10	6.729004E+1
-5.000000E-1	4.965620E-4	-4.965620E-4	-9.437010E-10	6.765820E+1
-4.500000E-1	4.106340E-4	-4.106340E-4	-7.803974E-10	6.802637E+1
-4.000000E-1	3.289724E-4	-3.289724E-4	-6.252020E-10	6.839551E+1
-3.500000E-1	2.597389E-4	-2.597389E-4	-4.936258E-10	6.876367E+1
-3.000000E-1	1.905573E-4	-1.905573E-4	-3.621483E-10	6.913184E+1
-2.500000E-1	1.339965E-4	-1.339965E-4	-2.546563E-10	6.950098E+1
-2.000000E-1	9.337502E-5	-9.337502E-5	-1.774564E-10	6.986914E+1
-1.500000E-1	5.843303E-5	-5.843303E-5	-1.110502E-10	7.023730E+1
-1.000000E-1	3.322785E-5	-3.322785E-5	-6.314853E-11	7.141309E+1
-5.000000E-2	1.762301E-5	-1.762301E-5	-3.349200E-11	7.211621E+1
0.000000E+0	5.466028E-6	-5.466028E-6	-1.038802E-11	7.281934E+1
0.000000E+0	4.949904E-6	-4.949904E-6	-9.407142E-12	7.352344E+1
5.000000E-2	7.653819E-6	7.653819E-6	1.454585E-11	7.422656E+1
1.000000E-1	2.473084E-5	2.473084E-5	4.700022E-11	7.492969E+1
1.500000E-1	4.917032E-5	4.917032E-5	9.344670E-11	7.563281E+1
2.000000E-1	9.042975E-5	9.042975E-5	1.718590E-10	7.708203E+1
2.500000E-1	1.442537E-4	1.442537E-4	2.741497E-10	7.745117E+1
3.000000E-1	2.107610E-4	2.107610E-4	4.005448E-10	7.781934E+1
3.500000E-1	2.909693E-4	2.909693E-4	5.529784E-10	7.818750E+1
4.000000E-1	3.795601E-4	3.795601E-4	7.213425E-10	7.855664E+1
4.500000E-1	5.574117E-4	5.574117E-4	1.059344E-9	7.967188E+1
5.000000E-1	6.718981E-4	6.718981E-4	1.276922E-9	8.003906E+1
5.000000E-1	6.664379E-4	6.664379E-4	1.266545E-9	8.040723E+1
4.500000E-1	5.303042E-4	5.303042E-4	1.007827E-9	8.077539E+1
4.000000E-1	4.211549E-4	4.211549E-4	8.003921E-10	8.151660E+1
3.500000E-1	3.187841E-4	3.187841E-4	6.058395E-10	8.188477E+1
3.000000E-1	2.233519E-4	2.233519E-4	4.244735E-10	8.225293E+1
2.500000E-1	1.475673E-4	1.475673E-4	2.804471E-10	8.262207E+1
2.000000E-1	9.178010E-5	9.178010E-5	1.744253E-10	8.299023E+1
1.500000E-1	5.433773E-5	5.433773E-5	1.032672E-10	8.335840E+1
1.000000E-1	2.656222E-5	2.656222E-5	5.048069E-11	8.453418E+1
5.000000E-2	6.798546E-6	6.798546E-6	1.292043E-11	8.523730E+1
0.000000E+0	6.075504E-6	-6.075504E-6	-1.154631E-11	8.594043E+1
-5.000000E-2	1.770706E-5	-1.770706E-5	-3.365173E-11	8.664355E+1
-1.000000E-1	3.339221E-5	-3.339221E-5	-6.346088E-11	8.734668E+1
-1.500000E-1	5.735398E-5	-5.735398E-5	-1.089995E-10	8.846289E+1
-2.000000E-1	8.759561E-5	-8.759561E-5	-1.664728E-10	8.883105E+1
-2.500000E-1	1.253621E-4	-1.253621E-4	-2.382468E-10	8.919922E+1
-3.000000E-1	1.759791E-4	-1.759791E-4	-3.344430E-10	8.956836E+1
-3.500000E-1	2.399975E-4	-2.399975E-4	-4.561080E-10	8.993652E+1
-4.000000E-1	3.128968E-4	-3.128968E-4	-5.946509E-10	9.030469E+1
-4.500000E-1	4.132597E-4	-4.132597E-4	-7.853874E-10	9.067383E+1
-5.000000E-1	4.870680E-4	-4.870680E-4	-9.256579E-10	9.104199E+1
-5.000000E-1	4.876742E-4	-4.876742E-4	-9.268101E-10	9.141016E+1
-4.500000E-1	4.037517E-4	-4.037517E-4	-7.673179E-10	9.177930E+1
-4.000000E-1	3.224668E-4	-3.224668E-4	-6.128383E-10	9.214746E+1
-3.500000E-1	2.509939E-4	-2.509939E-4	-4.770064E-10	9.251660E+1
-3.000000E-1	1.875573E-4	-1.875573E-4	-3.564469E-10	9.288477E+1
-2.500000E-1	1.356964E-4	-1.356964E-4	-2.578868E-10	9.325293E+1
-2.000000E-1	8.979618E-5	-8.979618E-5	-1.706549E-10	9.362207E+1
-1.500000E-1	5.896280E-5	-5.896280E-5	-1.120570E-10	9.399023E+1
-1.000000E-1	3.352427E-5	-3.352427E-5	-6.371186E-11	9.516504E+1
-5.000000E-2	1.717267E-5	-1.717267E-5	-3.263614E-11	9.586816E+1
0.000000E+0	5.311998E-6	-5.311998E-6	-1.009529E-11	9.657129E+1
0.000000E+0	5.373619E-6	-5.373619E-6	-1.021240E-11	9.727539E+1
5.000000E-2	6.580353E-6	6.580353E-6	1.250576E-11	9.797852E+1
1.000000E-1	2.397257E-5	2.397257E-5	4.555915E-11	9.868164E+1
1.500000E-1	4.746631E-5	4.746631E-5	9.020827E-11	9.938477E+1
2.000000E-1	5.276875E-5	5.276875E-5	1.002854E-10	1.000879E+2
2.500000E-1	1.340598E-4	1.340598E-4	2.547765E-10	1.012031E+2
3.000000E-1	2.048767E-4	2.048767E-4	3.893619E-10	1.015723E+2
3.500000E-1	2.750597E-4	2.750597E-4	5.227425E-10	1.019404E+2
4.000000E-1	3.718129E-4	3.718129E-4	7.066192E-10	1.023086E+2
4.500000E-1	4.907578E-4	4.907578E-4	9.326704E-10	1.026777E+2
5.000000E-1	6.293960E-4	6.293960E-4	1.196148E-9	1.037930E+2
5.000000E-1	6.075814E-4	6.075814E-4	1.154690E-9	1.041602E+2
4.500000E-1	4.898327E-4	4.898327E-4	9.309121E-10	1.049014E+2
4.000000E-1	3.985302E-4	3.985302E-4	7.573946E-10	1.052705E+2
3.500000E-1	2.931019E-4	2.931019E-4	5.570313E-10	1.056387E+2
3.000000E-1	2.107132E-4	2.107132E-4	4.004541E-10	1.060068E+2
2.500000E-1	1.455669E-4	1.455669E-4	2.766455E-10	1.063760E+2
2.000000E-1	8.928624E-5	8.928624E-5	1.696858E-10	1.067441E+2
1.500000E-1	4.926338E-5	4.926338E-5	9.362355E-11	1.084990E+2
1.000000E-1	2.128778E-5	2.128778E-5	4.045678E-11	1.096738E+2
5.000000E-2	5.037283E-6	5.037283E-6	9.573203E-12	1.103770E+2
0.000000E+0	6.049973E-6	-6.049973E-6	-1.149779E-11	1.110801E+2
-5.000000E-2	1.649970E-5	-1.649970E-5	-3.135718E-11	1.117842E+2
-1.000000E-1	3.017342E-5	-3.017342E-5	-5.734367E-11	1.124873E+2
-1.500000E-1	4.864253E-5	-4.864253E-5	-9.244364E-11	1.131904E+2
-2.000000E-1	7.197742E-5	-7.197742E-5	-1.367909E-10	1.143057E+2
-2.500000E-1	1.117449E-4	-1.117449E-4	-2.123678E-10	1.146738E+2
-3.000000E-1	1.531370E-4	-1.531370E-4	-2.910323E-10	1.150430E+2
-3.500000E-1	2.061510E-4	-2.061510E-4	-3.917838E-10	1.154111E+2
-4.000000E-1	2.647334E-4	-2.647334E-4	-5.031178E-10	1.157793E+2
-4.500000E-1	3.254688E-4	-3.254688E-4	-6.185435E-10	1.161484E+2
-5.000000E-1	3.989975E-4	-3.989975E-4	-7.582827E-10	1.165166E+2
-5.000000E-1	4.065027E-4	-4.065027E-4	-7.725461E-10	1.168848E+2
-4.500000E-1	3.298960E-4	-3.298960E-4	-6.269573E-10	1.172539E+2
-4.000000E-1	2.677057E-4	-2.677057E-4	-5.087666E-10	1.176221E+2
-3.500000E-1	2.059309E-4	-2.059309E-4	-3.913654E-10	1.179912E+2
-3.000000E-1	1.541553E-4	-1.541553E-4	-2.929674E-10	1.183594E+2
-2.500000E-1	1.097981E-4	-1.097981E-4	-2.086679E-10	1.187275E+2
-2.000000E-1	7.434162E-5	-7.434162E-5	-1.412840E-10	1.190967E+2
-1.500000E-1	4.531196E-5	-4.531196E-5	-8.611400E-11	1.202715E+2
-1.000000E-1	2.884734E-5	-2.884734E-5	-5.482349E-11	1.209746E+2
-5.000000E-2	1.541070E-5	-1.541070E-5	-2.928756E-11	1.216777E+2
0.000000E+0	5.306488E-6	-5.306488E-6	-1.008482E-11	1.223809E+2
0.000000E+0	5.357270E-6	-5.357270E-6	-1.018133E-11	1.230850E+2
5.000000E-2	4.733537E-6	4.733537E-6	8.995943E-12	1.237881E+2
1.000000E-1	1.954690E-5	1.954690E-5	3.714828E-11	1.244912E+2
1.500000E-1	4.133423E-5	4.133423E-5	7.855444E-11	1.251943E+2
2.000000E-1	5.234288E-5	5.234288E-5	9.947605E-11	1.258975E+2
2.500000E-1	1.226793E-4	1.226793E-4	2.331482E-10	1.273477E+2
3.000000E-1	1.842190E-4	1.842190E-4	3.501027E-10	1.277158E+2
3.500000E-1	2.660940E-4	2.660940E-4	5.057036E-10	1.280840E+2
4.000000E-1	3.543996E-4	3.543996E-4	6.735256E-10	1.284521E+2
4.500000E-1	4.532715E-4	4.532715E-4	8.614287E-10	1.288213E+2
5.000000E-1	6.495689E-4	6.495689E-4	1.234486E-9	1.299365E+2
5.000000E-1	6.635881E-4	6.635881E-4	1.261129E-9	1.303037E+2
4.500000E-1	4.929795E-4	4.929795E-4	9.368926E-10	1.310449E+2
4.000000E-1	3.895747E-4	3.895747E-4	7.403749E-10	1.314131E+2
3.500000E-1	2.954448E-4	2.954448E-4	5.614839E-10	1.317822E+2
3.000000E-1	2.130215E-4	2.130215E-4	4.048409E-10	1.321504E+2
2.500000E-1	1.405446E-4	1.405446E-4	2.671007E-10	1.325195E+2
2.000000E-1	9.166540E-5	9.166540E-5	1.742073E-10	1.328877E+2
1.500000E-1	4.844493E-5	4.844493E-5	9.206812E-11	1.340625E+2
1.000000E-1	2.495822E-5	2.495822E-5	4.743234E-11	1.347656E+2
5.000000E-2	7.067506E-6	7.067506E-6	1.343158E-11	1.354697E+2
0.000000E+0	7.011872E-6	-7.011872E-6	-1.332585E-11	1.361729E+2
-5.000000E-2	1.931390E-5	-1.931390E-5	-3.670549E-11	1.368760E+2
-1.000000E-1	3.657921E-5	-3.657921E-5	-6.951768E-11	1.375791E+2
-1.500000E-1	5.103164E-5	-5.103164E-5	-9.698409E-11	1.382822E+2
-2.000000E-1	9.119551E-5	-9.119551E-5	-1.733143E-10	1.393984E+2
-2.500000E-1	1.350731E-4	-1.350731E-4	-2.567024E-10	1.397666E+2
-3.000000E-1	1.936754E-4	-1.936754E-4	-3.680743E-10	1.401348E+2
-3.500000E-1	2.651707E-4	-2.651707E-4	-5.039488E-10	1.405029E+2
-4.000000E-1	3.316954E-4	-3.316954E-4	-6.303770E-10	1.408721E+2
-4.500000E-1	4.111332E-4	-4.111332E-4	-7.813462E-10	1.412402E+2
-5.000000E-1	4.818504E-4	-4.818504E-4	-9.157420E-10	1.416084E+2
-5.000000E-1	4.723720E-4	-4.723720E-4	-8.977287E-10	1.419775E+2
-4.500000E-1	3.868550E-4	-3.868550E-4	-7.352062E-10	1.423457E+2
-4.000000E-1	3.097698E-4	-3.097698E-4	-5.887081E-10	1.427139E+2
-3.500000E-1	2.457104E-4	-2.457104E-4	-4.669652E-10	1.430830E+2
-3.000000E-1	1.728946E-4	-1.728946E-4	-3.285809E-10	1.434512E+2
-2.500000E-1	1.225481E-4	-1.225481E-4	-2.328989E-10	1.438193E+2
-2.000000E-1	8.424692E-5	-8.424692E-5	-1.601087E-10	1.441875E+2
-1.500000E-1	5.282294E-5	-5.282294E-5	-1.003884E-10	1.445566E+2
-1.000000E-1	3.210050E-5	-3.210050E-5	-6.100603E-11	1.457314E+2
-5.000000E-2	1.721168E-5	-1.721168E-5	-3.271027E-11	1.464346E+2
0.000000E+0	5.530701E-6	-5.530701E-6	-1.051093E-11	1.471377E+2
0.000000E+0	5.548423E-6	-5.548423E-6	-1.054461E-11	1.478418E+2
5.000000E-2	5.761823E-6	5.761823E-6	1.095017E-11	1.485449E+2
1.000000E-1	2.157648E-5	2.157648E-5	4.100544E-11	1.492480E+2
1.500000E-1	4.487786E-5	4.487786E-5	8.528901E-11	1.499512E+2
2.000000E-1	5.284362E-5	5.284362E-5	1.004277E-10	1.506543E+2
2.500000E-1	5.485328E-5	5.485328E-5	1.042470E-10	1.513574E+2
3.000000E-1	2.004715E-4	2.004715E-4	3.809900E-10	1.524727E+2
3.500000E-1	2.832784E-4	2.832784E-4	5.383621E-10	1.528408E+2
4.000000E-1	3.770412E-4	3.770412E-4	7.165553E-10	1.532100E+2
4.500000E-1	4.871221E-4	4.871221E-4	9.257608E-10	1.535781E+2
5.000000E-1	7.199052E-4	7.199052E-4	1.368158E-9	1.546934E+2
5.000000E-1	7.440045E-4	7.440045E-4	1.413958E-9	1.550615E+2
4.500000E-1	6.117856E-4	6.117856E-4	1.162680E-9	1.554287E+2
4.000000E-1	4.502786E-4	4.502786E-4	8.557408E-10	1.561699E+2
3.500000E-1	2.953329E-4	2.953329E-4	5.612712E-10	1.565391E+2
3.000000E-1	2.166028E-4	2.166028E-4	4.116470E-10	1.569072E+2
2.500000E-1	1.523864E-4	1.523864E-4	2.896057E-10	1.572754E+2
2.000000E-1	8.896069E-5	8.896069E-5	1.690671E-10	1.576436E+2
1.500000E-1	5.252575E-5	5.252575E-5	9.982359E-11	1.592314E+2
1.000000E-1	2.668924E-5	2.668924E-5	5.072209E-11	1.604063E+2
5.000000E-2	7.155694E-6	7.155694E-6	1.359918E-11	1.611094E+2
0.000000E+0	6.005400E-6	-6.005400E-6	-1.141308E-11	1.618125E+2
-5.000000E-2	1.804802E-5	-1.804802E-5	-3.429972E-11	1.625166E+2
-1.000000E-1	3.462472E-5	-3.462472E-5	-6.580324E-11	1.632197E+2
-1.500000E-1	5.052251E-5	-5.052251E-5	-9.601650E-11	1.639229E+2
-2.000000E-1	8.902857E-5	-8.902857E-5	-1.691961E-10	1.650381E+2
-2.500000E-1	1.276952E-4	-1.276952E-4	-2.426809E-10	1.654063E+2
-3.000000E-1	1.811251E-4	-1.811251E-4	-3.442227E-10	1.657754E+2
-3.500000E-1	2.412165E-4	-2.412165E-4	-4.584247E-10	1.661436E+2
-4.000000E-1	3.025793E-4	-3.025793E-4	-5.750428E-10	1.665117E+2
-4.500000E-1	3.764594E-4	-3.764594E-4	-7.154496E-10	1.668809E+2
-5.000000E-1	4.477662E-4	-4.477662E-4	-8.509661E-10	1.672490E+2
-5.000000E-1	4.532655E-4	-4.532655E-4	-8.614173E-10	1.676172E+2
-4.500000E-1	3.673003E-4	-3.673003E-4	-6.980431E-10	1.679863E+2
-4.000000E-1	2.999151E-4	-2.999151E-4	-5.699795E-10	1.683545E+2
-3.500000E-1	2.300757E-4	-2.300757E-4	-4.372518E-10	1.687227E+2
-3.000000E-1	1.753893E-4	-1.753893E-4	-3.333220E-10	1.690918E+2
-2.500000E-1	1.225404E-4	-1.225404E-4	-2.328843E-10	1.694600E+2
-2.000000E-1	8.141546E-5	-8.141546E-5	-1.547276E-10	1.698281E+2
-1.500000E-1	4.890283E-5	-4.890283E-5	-9.293835E-11	1.710039E+2
-1.000000E-1	3.074441E-5	-3.074441E-5	-5.842882E-11	1.717070E+2
-5.000000E-2	1.538908E-5	-1.538908E-5	-2.924648E-11	1.724102E+2
0.000000E+0	5.419344E-6	-5.419344E-6	-1.029930E-11	1.731133E+2
0.000000E+0	5.424222E-6	-5.424222E-6	-1.030857E-11	1.738164E+2
5.000000E-2	4.957987E-6	4.957987E-6	9.422504E-12	1.745195E+2
1.000000E-1	1.969554E-5	1.969554E-5	3.743077E-11	1.752227E+2
1.500000E-1	4.080475E-5	4.080475E-5	7.754820E-11	1.759258E+2
2.000000E-1	7.250108E-5	7.250108E-5	1.377861E-10	1.770410E+2
2.500000E-1	1.144469E-4	1.144469E-4	2.175028E-10	1.774092E+2
3.000000E-1	1.660763E-4	1.660763E-4	3.156229E-10	1.777773E+2
3.500000E-1	2.393561E-4	2.393561E-4	4.548890E-10	1.781465E+2
4.000000E-1	3.219414E-4	3.219414E-4	6.118398E-10	1.785146E+2
4.500000E-1	4.127641E-4	4.127641E-4	7.844457E-10	1.788828E+2
5.000000E-1	4.963844E-4	4.963844E-4	9.433635E-10	1.792510E+2
5.000000E-1	4.941909E-4	4.941909E-4	9.391948E-10	1.796191E+2
4.500000E-1	3.992520E-4	3.992520E-4	7.587664E-10	1.799883E+2
4.000000E-1	3.114935E-4	3.114935E-4	5.919839E-10	1.803564E+2
3.500000E-1	2.385607E-4	2.385607E-4	4.533773E-10	1.807246E+2
3.000000E-1	1.690885E-4	1.690885E-4	3.213476E-10	1.810928E+2
2.500000E-1	1.184446E-4	1.184446E-4	2.251003E-10	1.814619E+2
2.000000E-1	7.623521E-5	7.623521E-5	1.448827E-10	1.818301E+2
1.500000E-1	3.982513E-5	3.982513E-5	7.568646E-11	1.830049E+2
1.000000E-1	1.743427E-5	1.743427E-5	3.313329E-11	1.837080E+2
5.000000E-2	3.898220E-6	3.898220E-6	7.408449E-12	1.844111E+2
0.000000E+0	5.954049E-6	-5.954049E-6	-1.131549E-11	1.851143E+2
-5.000000E-2	1.522311E-5	-1.522311E-5	-2.893105E-11	1.858174E+2
-1.000000E-1	2.765797E-5	-2.765797E-5	-5.256313E-11	1.865205E+2
-1.500000E-1	4.829310E-5	-4.829310E-5	-9.177958E-11	1.878027E+2
-2.000000E-1	7.471622E-5	-7.471622E-5	-1.419959E-10	1.881719E+2
-2.500000E-1	1.065251E-4	-1.065251E-4	-2.024477E-10	1.885400E+2
-3.000000E-1	1.511082E-4	-1.511082E-4	-2.871765E-10	1.889082E+2
-3.500000E-1	1.953633E-4	-1.953633E-4	-3.712820E-10	1.892764E+2
-4.000000E-1	2.593837E-4	-2.593837E-4	-4.929508E-10	1.896445E+2
-4.500000E-1	3.180529E-4	-3.180529E-4	-6.044499E-10	1.900137E+2
-5.000000E-1	3.963624E-4	-3.963624E-4	-7.532747E-10	1.903818E+2
-5.000000E-1	3.991855E-4	-3.991855E-4	-7.586399E-10	1.907500E+2
-4.500000E-1	3.180656E-4	-3.180656E-4	-6.044741E-10	1.911182E+2
-4.000000E-1	2.546695E-4	-2.546695E-4	-4.839917E-10	1.914873E+2
-3.500000E-1	1.971829E-4	-1.971829E-4	-3.747401E-10	1.918555E+2
-3.000000E-1	1.457099E-4	-1.457099E-4	-2.769172E-10	1.922236E+2
-2.500000E-1	1.098327E-4	-1.098327E-4	-2.087337E-10	1.925918E+2
-2.000000E-1	7.250213E-5	-7.250213E-5	-1.377881E-10	1.929609E+2
-1.500000E-1	4.683856E-5	-4.683856E-5	-8.901527E-11	1.941357E+2
-1.000000E-1	2.774161E-5	-2.774161E-5	-5.272208E-11	1.948389E+2
-5.000000E-2	1.503737E-5	-1.503737E-5	-2.857807E-11	1.955420E+2
0.000000E+0	5.309824E-6	-5.309824E-6	-1.009116E-11	1.962451E+2
0.000000E+0	5.355434E-6	-5.355434E-6	-1.017784E-11	1.969482E+2
5.000000E-2	4.485281E-6	4.485281E-6	8.524140E-12	1.976514E+2
1.000000E-1	1.899157E-5	1.899157E-5	3.609291E-11	1.983545E+2
1.500000E-1	4.061219E-5	4.061219E-5	7.718224E-11	1.990576E+2
2.000000E-1	5.208996E-5	5.208996E-5	9.899538E-11	1.997607E+2
2.500000E-1	5.446975E-5	5.446975E-5	1.035181E-10	2.004639E+2
3.000000E-1	1.646422E-4	1.646422E-4	3.128975E-10	2.015791E+2
3.500000E-1	2.261843E-4	2.261843E-4	4.298564E-10	2.019473E+2
4.000000E-1	3.068087E-4	3.068087E-4	5.830806E-10	2.023154E+2
4.500000E-1	3.876495E-4	3.876495E-4	7.367160E-10	2.026836E+2
5.000000E-1	4.884856E-4	4.884856E-4	9.283520E-10	2.030527E+2
5.000000E-1	5.566797E-4	5.566797E-4	1.057953E-9	2.041670E+2
4.500000E-1	4.473274E-4	4.473274E-4	8.501322E-10	2.049082E+2
4.000000E-1	3.570933E-4	3.570933E-4	6.786449E-10	2.052764E+2
3.500000E-1	2.645651E-4	2.645651E-4	5.027980E-10	2.056445E+2
3.000000E-1	1.890686E-4	1.890686E-4	3.593192E-10	2.060137E+2
2.500000E-1	1.335879E-4	1.335879E-4	2.538798E-10	2.063818E+2
2.000000E-1	8.204682E-5	8.204682E-5	1.559275E-10	2.067500E+2
1.500000E-1	4.790094E-5	4.790094E-5	9.103429E-11	2.085039E+2
1.000000E-1	2.278096E-5	2.278096E-5	4.329452E-11	2.096787E+2
5.000000E-2	5.769463E-6	5.769463E-6	1.096469E-11	2.103818E+2
0.000000E+0	5.911749E-6	-5.911749E-6	-1.123510E-11	2.110850E+2
-5.000000E-2	1.674765E-5	-1.674765E-5	-3.182840E-11	2.117881E+2
-1.000000E-1	3.291922E-5	-3.291922E-5	-6.256198E-11	2.124912E+2
-1.500000E-1	4.988723E-5	-4.988723E-5	-9.480916E-11	2.131943E+2
-2.000000E-1	8.437888E-5	-8.437888E-5	-1.603595E-10	2.143096E+2
-2.500000E-1	1.213910E-4	-1.213910E-4	-2.306999E-10	2.146777E+2
-3.000000E-1	1.628834E-4	-1.628834E-4	-3.095549E-10	2.150469E+2
-3.500000E-1	2.171840E-4	-2.171840E-4	-4.127516E-10	2.154150E+2
-4.000000E-1	2.831861E-4	-2.831861E-4	-5.381865E-10	2.157832E+2
-4.500000E-1	3.481081E-4	-3.481081E-4	-6.615689E-10	2.161514E+2
-5.000000E-1	4.115068E-4	-4.115068E-4	-7.820561E-10	2.165205E+2
-5.000000E-1	4.012526E-4	-4.012526E-4	-7.625683E-10	2.168887E+2
-4.500000E-1	3.348868E-4	-3.348868E-4	-6.364423E-10	2.172568E+2
-4.000000E-1	2.723062E-4	-2.723062E-4	-5.175096E-10	2.176250E+2
-3.500000E-1	2.079515E-4	-2.079515E-4	-3.952056E-10	2.179941E+2
-3.000000E-1	1.574279E-4	-1.574279E-4	-2.991870E-10	2.183623E+2
-2.500000E-1	1.144105E-4	-1.144105E-4	-2.174336E-10	2.187305E+2
-2.000000E-1	7.871418E-5	-7.871418E-5	-1.495939E-10	2.190986E+2
-1.500000E-1	4.915833E-5	-4.915833E-5	-9.342392E-11	2.202734E+2
-1.000000E-1	3.157466E-5	-3.157466E-5	-6.000669E-11	2.209766E+2
-5.000000E-2	1.637066E-5	-1.637066E-5	-3.111195E-11	2.216797E+2
0.000000E+0	5.335244E-6	-5.335244E-6	-1.013947E-11	2.223828E+2
0.000000E+0	5.353587E-6	-5.353587E-6	-1.017433E-11	2.230869E+2
5.000000E-2	6.686711E-6	6.686711E-6	1.270789E-11	2.237900E+2
1.000000E-1	2.183986E-5	2.183986E-5	4.150599E-11	2.244932E+2
1.500000E-1	4.558908E-5	4.558908E-5	8.664065E-11	2.251963E+2
2.000000E-1	7.705574E-5	7.705574E-5	1.464421E-10	2.263115E+2
2.500000E-1	1.184714E-4	1.184714E-4	2.251512E-10	2.266797E+2
3.000000E-1	1.781092E-4	1.781092E-4	3.384911E-10	2.270479E+2
3.500000E-1	2.567449E-4	2.567449E-4	4.879359E-10	2.274160E+2
4.000000E-1	3.467298E-4	3.467298E-4	6.589495E-10	2.277842E+2
4.500000E-1	4.326578E-4	4.326578E-4	8.222530E-10	2.281533E+2
5.000000E-1	5.077821E-4	5.077821E-4	9.650245E-10	2.285215E+2
5.000000E-1	5.116039E-4	5.116039E-4	9.722877E-10	2.288896E+2
4.500000E-1	4.496814E-4	4.496814E-4	8.546058E-10	2.292578E+2
4.000000E-1	3.546832E-4	3.546832E-4	6.740646E-10	2.296260E+2
3.500000E-1	2.607085E-4	2.607085E-4	4.954686E-10	2.299951E+2
3.000000E-1	1.869666E-4	1.869666E-4	3.553243E-10	2.303633E+2
2.500000E-1	1.308101E-4	1.308101E-4	2.486007E-10	2.307314E+2
2.000000E-1	8.584641E-5	8.584641E-5	1.631485E-10	2.310996E+2
1.500000E-1	4.688854E-5	4.688854E-5	8.911025E-11	2.322744E+2
1.000000E-1	2.167568E-5	2.167568E-5	4.119397E-11	2.329775E+2
5.000000E-2	6.150964E-6	6.150964E-6	1.168972E-11	2.336807E+2
0.000000E+0	5.857994E-6	-5.857994E-6	-1.113294E-11	2.343838E+2
-5.000000E-2	1.687721E-5	-1.687721E-5	-3.207462E-11	2.350879E+2
-1.000000E-1	3.056520E-5	-3.056520E-5	-5.808823E-11	2.357910E+2
-1.500000E-1	5.439940E-5	-5.439940E-5	-1.033844E-10	2.369053E+2
-2.000000E-1	8.557085E-5	-8.557085E-5	-1.626248E-10	2.372744E+2
-2.500000E-1	1.185462E-4	-1.185462E-4	-2.252935E-10	2.376426E+2
-3.000000E-1	1.667516E-4	-1.667516E-4	-3.169064E-10	2.380107E+2
-3.500000E-1	2.170357E-4	-2.170357E-4	-4.124698E-10	2.383789E+2
-4.000000E-1	2.798816E-4	-2.798816E-4	-5.319066E-10	2.387480E+2
-4.500000E-1	3.382110E-4	-3.382110E-4	-6.427597E-10	2.391162E+2
-5.000000E-1	4.185534E-4	-4.185534E-4	-7.954480E-10	2.394844E+2
-5.000000E-1	4.308350E-4	-4.308350E-4	-8.187889E-10	2.398525E+2
-4.500000E-1	3.439469E-4	-3.439469E-4	-6.536606E-10	2.402217E+2
-4.000000E-1	2.771177E-4	-2.771177E-4	-5.266538E-10	2.405898E+2
-3.500000E-1	2.130585E-4	-2.130585E-4	-4.049113E-10	2.409580E+2
-3.000000E-1	1.583785E-4	-1.583785E-4	-3.009936E-10	2.413262E+2
-2.500000E-1	1.133533E-4	-1.133533E-4	-2.154246E-10	2.416953E+2
-2.000000E-1	7.863514E-5	-7.863514E-5	-1.494437E-10	2.420635E+2
-1.500000E-1	4.907289E-5	-4.907289E-5	-9.326154E-11	2.432383E+2
-1.000000E-1	3.110241E-5	-3.110241E-5	-5.910918E-11	2.439414E+2
-5.000000E-2	1.606984E-5	-1.606984E-5	-3.054025E-11	2.446445E+2
0.000000E+0	5.286356E-6	-5.286356E-6	-1.004656E-11	2.453477E+2
0.000000E+0	5.316339E-6	-5.316339E-6	-1.010354E-11	2.460508E+2
5.000000E-2	4.950152E-6	4.950152E-6	9.407614E-12	2.467539E+2
1.000000E-1	1.936149E-5	1.936149E-5	3.679592E-11	2.474570E+2
1.500000E-1	4.066267E-5	4.066267E-5	7.727816E-11	2.481602E+2
2.000000E-1	5.170261E-5	5.170261E-5	9.825925E-11	2.488633E+2
2.500000E-1	5.431652E-5	5.431652E-5	1.032269E-10	2.495664E+2
3.000000E-1	1.611851E-4	1.611851E-4	3.063274E-10	2.506816E+2
3.500000E-1	2.268157E-4	2.268157E-4	4.310564E-10	2.510498E+2
4.000000E-1	3.281230E-4	3.281230E-4	6.235878E-10	2.514180E+2
4.500000E-1	4.258254E-4	4.258254E-4	8.092683E-10	2.517861E+2
5.000000E-1	5.015659E-4	5.015659E-4	9.532108E-10	2.521553E+2
5.000000E-1	6.188113E-4	6.188113E-4	1.176032E-9	2.532695E+2
4.500000E-1	4.922943E-4	4.922943E-4	9.355904E-10	2.540107E+2
4.000000E-1	3.898183E-4	3.898183E-4	7.408379E-10	2.543789E+2
3.500000E-1	2.860323E-4	2.860323E-4	5.435956E-10	2.547471E+2
3.000000E-1	2.007178E-4	2.007178E-4	3.814580E-10	2.551162E+2
2.500000E-1	1.344798E-4	1.344798E-4	2.555748E-10	2.554844E+2
2.000000E-1	8.265394E-5	8.265394E-5	1.570813E-10	2.558525E+2
1.500000E-1	4.357520E-5	4.357520E-5	8.281334E-11	2.570273E+2
1.000000E-1	2.175783E-5	2.175783E-5	4.135009E-11	2.577305E+2
5.000000E-2	6.531996E-6	6.531996E-6	1.241386E-11	2.584336E+2
0.000000E+0	5.871133E-6	-5.871133E-6	-1.115791E-11	2.591367E+2
-5.000000E-2	1.640464E-5	-1.640464E-5	-3.117652E-11	2.598398E+2
-1.000000E-1	3.006556E-5	-3.006556E-5	-5.713868E-11	2.605430E+2
-1.500000E-1	4.961294E-5	-4.961294E-5	-9.428788E-11	2.612461E+2
-2.000000E-1	5.324968E-5	-5.324968E-5	-1.011994E-10	2.619492E+2
-2.500000E-1	1.136709E-4	-1.136709E-4	-2.160280E-10	2.630645E+2
-3.000000E-1	1.545358E-4	-1.545358E-4	-2.936906E-10	2.634336E+2
-3.500000E-1	2.060320E-4	-2.060320E-4	-3.915576E-10	2.638018E+2
-4.000000E-1	2.623094E-4	-2.623094E-4	-4.985111E-10	2.641699E+2
-4.500000E-1	3.289246E-4	-3.289246E-4	-6.251112E-10	2.645381E+2
-5.000000E-1	3.980219E-4	-3.980219E-4	-7.564286E-10	2.649072E+2
-5.000000E-1	3.819502E-4	-3.819502E-4	-7.258848E-10	2.652754E+2
-4.500000E-1	3.146740E-4	-3.146740E-4	-5.980284E-10	2.656436E+2
-4.000000E-1	2.555378E-4	-2.555378E-4	-4.856419E-10	2.660117E+2
-3.500000E-1	2.036095E-4	-2.036095E-4	-3.869536E-10	2.663809E+2
-3.000000E-1	1.551350E-4	-1.551350E-4	-2.948293E-10	2.667490E+2
-2.500000E-1	1.143769E-4	-1.143769E-4	-2.173698E-10	2.671172E+2
-2.000000E-1	7.681817E-5	-7.681817E-5	-1.459906E-10	2.674854E+2
-1.500000E-1	4.694697E-5	-4.694697E-5	-8.922130E-11	2.692402E+2
-1.000000E-1	2.774590E-5	-2.774590E-5	-5.273024E-11	2.704150E+2
-5.000000E-2	1.515838E-5	-1.515838E-5	-2.880805E-11	2.711182E+2
0.000000E+0	5.236423E-6	-5.236423E-6	-9.951664E-12	2.718213E+2
0.000000E+0	5.270223E-6	-5.270223E-6	-1.001590E-11	2.725244E+2
5.000000E-2	4.810788E-6	4.810788E-6	9.142756E-12	2.732275E+2
1.000000E-1	1.886281E-5	1.886281E-5	3.584819E-11	2.739307E+2
1.500000E-1	3.859811E-5	3.859811E-5	7.335454E-11	2.746338E+2
2.000000E-1	6.985195E-5	6.985195E-5	1.327515E-10	2.757490E+2
2.500000E-1	1.071556E-4	1.071556E-4	2.036459E-10	2.761172E+2
3.000000E-1	1.577595E-4	1.577595E-4	2.998171E-10	2.764854E+2
3.500000E-1	2.199510E-4	2.199510E-4	4.180102E-10	2.768535E+2
4.000000E-1	2.916831E-4	2.916831E-4	5.543348E-10	2.772227E+2
4.500000E-1	3.723628E-4	3.723628E-4	7.076642E-10	2.775908E+2
5.000000E-1	4.859497E-4	4.859497E-4	9.235326E-10	2.779590E+2
5.000000E-1	4.889026E-4	4.889026E-4	9.291445E-10	2.783271E+2
4.500000E-1	3.935147E-4	3.935147E-4	7.478627E-10	2.786963E+2
4.000000E-1	3.197145E-4	3.197145E-4	6.076077E-10	2.790645E+2
3.500000E-1	2.392909E-4	2.392909E-4	4.547650E-10	2.794326E+2
3.000000E-1	1.748961E-4	1.748961E-4	3.323847E-10	2.798008E+2
2.500000E-1	1.184572E-4	1.184572E-4	2.251244E-10	2.801689E+2
2.000000E-1	7.524993E-5	7.524993E-5	1.430102E-10	2.805381E+2
1.500000E-1	4.273130E-5	4.273130E-5	8.120953E-11	2.817129E+2
1.000000E-1	2.116332E-5	2.116332E-5	4.022024E-11	2.824160E+2
5.000000E-2	5.125816E-6	5.125816E-6	9.741458E-12	2.831191E+2
0.000000E+0	5.791048E-6	-5.791048E-6	-1.100571E-11	2.838223E+2
-5.000000E-2	1.587169E-5	-1.587169E-5	-3.016366E-11	2.845254E+2
-1.000000E-1	2.916581E-5	-2.916581E-5	-5.542874E-11	2.852285E+2
-1.500000E-1	4.817631E-5	-4.817631E-5	-9.155762E-11	2.859316E+2
-2.000000E-1	7.250919E-5	-7.250919E-5	-1.378015E-10	2.870469E+2
-2.500000E-1	1.048660E-4	-1.048660E-4	-1.992947E-10	2.874150E+2
-3.000000E-1	1.415730E-4	-1.415730E-4	-2.690552E-10	2.877832E+2
-3.500000E-1	1.812384E-4	-1.812384E-4	-3.444381E-10	2.881523E+2
-4.000000E-1	2.319100E-4	-2.319100E-4	-4.407380E-10	2.885205E+2
-4.500000E-1	2.890217E-4	-2.890217E-4	-5.492770E-10	2.888887E+2
-5.000000E-1	3.501613E-4	-3.501613E-4	-6.654709E-10	2.892568E+2
-5.000000E-1	3.298663E-4	-3.298663E-4	-6.269009E-10	2.896260E+2
-4.500000E-1	2.734882E-4	-2.734882E-4	-5.197560E-10	2.899941E+2
-4.000000E-1	2.241776E-4	-2.241776E-4	-4.260428E-10	2.903623E+2
-3.500000E-1	1.899356E-4	-1.899356E-4	-3.609668E-10	2.907305E+2
-3.000000E-1	1.369408E-4	-1.369408E-4	-2.602518E-10	2.910996E+2
-2.500000E-1	9.830475E-5	-9.830475E-5	-1.868252E-10	2.914678E+2
-2.000000E-1	7.128786E-5	-7.128786E-5	-1.354804E-10	2.918359E+2
-1.500000E-1	4.527231E-5	-4.527231E-5	-8.603865E-11	2.930107E+2
-1.000000E-1	2.815746E-5	-2.815746E-5	-5.351240E-11	2.937139E+2
-5.000000E-2	1.465381E-5	-1.465381E-5	-2.784913E-11	2.944170E+2
0.000000E+0	5.219220E-6	-5.219220E-6	-9.918968E-12	2.951201E+2
0.000000E+0	5.269392E-6	-5.269392E-6	-1.001432E-11	2.958242E+2
5.000000E-2	3.971484E-6	3.971484E-6	7.547685E-12	2.965264E+2
1.000000E-1	1.650762E-5	1.650762E-5	3.137223E-11	2.972295E+2
1.500000E-1	3.656453E-5	3.656453E-5	6.948978E-11	2.979326E+2
2.000000E-1	6.508965E-5	6.508965E-5	1.237009E-10	2.990479E+2
2.500000E-1	1.031426E-4	1.031426E-4	1.960194E-10	2.994160E+2
3.000000E-1	1.592632E-4	1.592632E-4	3.026748E-10	2.997842E+2
3.500000E-1	2.224865E-4	2.224865E-4	4.228289E-10	3.001533E+2
4.000000E-1	2.817075E-4	2.817075E-4	5.353766E-10	3.005215E+2
4.500000E-1	3.593800E-4	3.593800E-4	6.829908E-10	3.008896E+2
5.000000E-1	4.619236E-4	4.619236E-4	8.778717E-10	3.012578E+2
5.000000E-1	4.675730E-4	4.675730E-4	8.886083E-10	3.016270E+2
4.500000E-1	3.764769E-4	3.764769E-4	7.154829E-10	3.019951E+2
4.000000E-1	2.976862E-4	2.976862E-4	5.657437E-10	3.023633E+2
3.500000E-1	2.306246E-4	2.306246E-4	4.382950E-10	3.027314E+2
3.000000E-1	1.616733E-4	1.616733E-4	3.072552E-10	3.030996E+2
2.500000E-1	1.115418E-4	1.115418E-4	2.119818E-10	3.034687E+2
2.000000E-1	7.236848E-5	7.236848E-5	1.375341E-10	3.038369E+2
1.500000E-1	4.021341E-5	4.021341E-5	7.642437E-11	3.050117E+2
1.000000E-1	1.857930E-5	1.857930E-5	3.530940E-11	3.057148E+2
5.000000E-2	4.466959E-6	4.466959E-6	8.489320E-12	3.064180E+2
0.000000E+0	5.812874E-6	-5.812874E-6	-1.104719E-11	3.071211E+2
-5.000000E-2	1.523173E-5	-1.523173E-5	-2.894744E-11	3.078242E+2
-1.000000E-1	2.743500E-5	-2.743500E-5	-5.213939E-11	3.085273E+2
-1.500000E-1	4.377922E-5	-4.377922E-5	-8.320108E-11	3.092305E+2
-2.000000E-1	5.200470E-5	-5.200470E-5	-9.883336E-11	3.099336E+2
-2.500000E-1	5.427606E-5	-5.427606E-5	-1.031500E-10	3.106367E+2
-3.000000E-1	1.267717E-4	-1.267717E-4	-2.409257E-10	3.117520E+2
-3.500000E-1	1.693244E-4	-1.693244E-4	-3.217959E-10	3.121201E+2
-4.000000E-1	2.119196E-4	-2.119196E-4	-4.027467E-10	3.124883E+2
-4.500000E-1	2.755770E-4	-2.755770E-4	-5.237258E-10	3.128574E+2
-5.000000E-1	3.238487E-4	-3.238487E-4	-6.154647E-10	3.132256E+2
-5.000000E-1	3.248446E-4	-3.248446E-4	-6.173572E-10	3.135937E+2
-4.500000E-1	2.694367E-4	-2.694367E-4	-5.120563E-10	3.139619E+2
-4.000000E-1	2.197898E-4	-2.197898E-4	-4.177039E-10	3.143311E+2
-3.500000E-1	1.711492E-4	-1.711492E-4	-3.252638E-10	3.146992E+2
-3.000000E-1	1.281486E-4	-1.281486E-4	-2.435426E-10	3.150674E+2
-2.500000E-1	9.247341E-5	-9.247341E-5	-1.757429E-10	3.154355E+2
-2.000000E-1	6.410137E-5	-6.410137E-5	-1.218227E-10	3.158047E+2
-1.500000E-1	4.233736E-5	-4.233736E-5	-8.046086E-11	3.169795E+2
-1.000000E-1	2.556243E-5	-2.556243E-5	-4.858063E-11	3.176826E+2
-5.000000E-2	1.411220E-5	-1.411220E-5	-2.681980E-11	3.183857E+2
0.000000E+0	5.115060E-6	-5.115060E-6	-9.721016E-12	3.190889E+2
0.000000E+0	5.179517E-6	-5.179517E-6	-9.843515E-12	3.197920E+2
5.000000E-2	3.753781E-6	3.753781E-6	7.133946E-12	3.204951E+2
1.000000E-1	1.626881E-5	1.626881E-5	3.091838E-11	3.211982E+2
1.500000E-1	3.514867E-5	3.514867E-5	6.679898E-11	3.219014E+2
2.000000E-1	6.343601E-5	6.343601E-5	1.205582E-10	3.233506E+2
2.500000E-1	9.995540E-5	9.995540E-5	1.899622E-10	3.237197E+2
3.000000E-1	1.484593E-4	1.484593E-4	2.821423E-10	3.240879E+2
3.500000E-1	2.047422E-4	2.047422E-4	3.891063E-10	3.244561E+2
4.000000E-1	2.669153E-4	2.669153E-4	5.072645E-10	3.248242E+2
4.500000E-1	3.410014E-4	3.410014E-4	6.480627E-10	3.251924E+2
5.000000E-1	4.395474E-4	4.395474E-4	8.353465E-10	3.255615E+2
5.000000E-1	4.399547E-4	4.399547E-4	8.361205E-10	3.259297E+2
4.500000E-1	3.528822E-4	3.528822E-4	6.706420E-10	3.262979E+2
4.000000E-1	2.699696E-4	2.699696E-4	5.130690E-10	3.266660E+2
3.500000E-1	2.112076E-4	2.112076E-4	4.013937E-10	3.270352E+2
3.000000E-1	1.503464E-4	1.503464E-4	2.857287E-10	3.274033E+2
2.500000E-1	1.048830E-4	1.048830E-4	1.993270E-10	3.277715E+2
2.000000E-1	6.416104E-5	6.416104E-5	1.219361E-10	3.281396E+2
1.500000E-1	3.487345E-5	3.487345E-5	6.627593E-11	3.293145E+2
1.000000E-1	1.615812E-5	1.615812E-5	3.070802E-11	3.300176E+2
5.000000E-2	3.467399E-6	3.467399E-6	6.589687E-12	3.307207E+2
0.000000E+0	5.780092E-6	-5.780092E-6	-1.098489E-11	3.314238E+2
-5.000000E-2	1.454229E-5	-1.454229E-5	-2.763718E-11	3.321270E+2
-1.000000E-1	2.569990E-5	-2.569990E-5	-4.884187E-11	3.328311E+2
-1.500000E-1	4.235376E-5	-4.235376E-5	-8.049203E-11	3.335342E+2
-2.000000E-1	6.343016E-5	-6.343016E-5	-1.205471E-10	3.346484E+2
-2.500000E-1	9.324601E-5	-9.324601E-5	-1.772112E-10	3.350176E+2
-3.000000E-1	1.273047E-4	-1.273047E-4	-2.419387E-10	3.353857E+2
-3.500000E-1	1.660220E-4	-1.660220E-4	-3.155197E-10	3.357539E+2
-4.000000E-1	2.116537E-4	-2.116537E-4	-4.022415E-10	3.361221E+2
-4.500000E-1	2.637363E-4	-2.637363E-4	-5.012228E-10	3.364902E+2
-5.000000E-1	3.226080E-4	-3.226080E-4	-6.131068E-10	3.368594E+2
-5.000000E-1	3.342391E-4	-3.342391E-4	-6.352113E-10	3.372275E+2
-4.500000E-1	2.686193E-4	-2.686193E-4	-5.105028E-10	3.375957E+2
-4.000000E-1	2.150919E-4	-2.150919E-4	-4.087757E-10	3.379639E+2
-3.500000E-1	1.651411E-4	-1.651411E-4	-3.138457E-10	3.383330E+2
-3.000000E-1	1.258908E-4	-1.258908E-4	-2.392516E-10	3.387012E+2
-2.500000E-1	9.261495E-5	-9.261495E-5	-1.760119E-10	3.390693E+2
-2.000000E-1	6.258679E-5	-6.258679E-5	-1.189443E-10	3.394375E+2
-1.500000E-1	4.122580E-5	-4.122580E-5	-7.834838E-11	3.406133E+2
-1.000000E-1	2.471252E-5	-2.471252E-5	-4.696540E-11	3.413154E+2
-5.000000E-2	1.381122E-5	-1.381122E-5	-2.624780E-11	3.420186E+2
0.000000E+0	5.126429E-6	-5.126429E-6	-9.742623E-12	3.427217E+2
0.000000E+0	5.190368E-6	-5.190368E-6	-9.864137E-12	3.434258E+2
5.000000E-2	3.944517E-6	3.944517E-6	7.496434E-12	3.441289E+2
1.000000E-1	1.591125E-5	1.591125E-5	3.023884E-11	3.448320E+2
1.500000E-1	3.368175E-5	3.368175E-5	6.401114E-11	3.455352E+2
2.000000E-1	5.084668E-5	5.084668E-5	9.663256E-11	3.462383E+2
2.500000E-1	9.732984E-5	9.732984E-5	1.849724E-10	3.473535E+2
3.000000E-1	1.453761E-4	1.453761E-4	2.762828E-10	3.477217E+2
3.500000E-1	1.977210E-4	1.977210E-4	3.757628E-10	3.480898E+2
4.000000E-1	2.585433E-4	2.585433E-4	4.913536E-10	3.484580E+2
4.500000E-1	3.401392E-4	3.401392E-4	6.464242E-10	3.488262E+2
5.000000E-1	4.316008E-4	4.316008E-4	8.202442E-10	3.491953E+2
5.000000E-1	4.294463E-4	4.294463E-4	8.161496E-10	3.495635E+2
4.500000E-1	3.320290E-4	3.320290E-4	6.310110E-10	3.499316E+2
4.000000E-1	2.597200E-4	2.597200E-4	4.935899E-10	3.502998E+2
3.500000E-1	1.992842E-4	1.992842E-4	3.787336E-10	3.506680E+2
3.000000E-1	1.438028E-4	1.438028E-4	2.732928E-10	3.510371E+2
2.500000E-1	1.001228E-4	1.001228E-4	1.902803E-10	3.514053E+2
2.000000E-1	6.238242E-5	6.238242E-5	1.185559E-10	3.517734E+2
1.500000E-1	3.476119E-5	3.476119E-5	6.606259E-11	3.529482E+2
1.000000E-1	1.529139E-5	1.529139E-5	2.906083E-11	3.536514E+2
5.000000E-2	3.091236E-6	3.091236E-6	5.874801E-12	3.543545E+2
0.000000E+0	5.724559E-6	-5.724559E-6	-1.087935E-11	3.550576E+2
-5.000000E-2	1.399285E-5	-1.399285E-5	-2.659298E-11	3.557607E+2
-1.000000E-1	2.505189E-5	-2.505189E-5	-4.761035E-11	3.564639E+2
-1.500000E-1	3.922164E-5	-3.922164E-5	-7.453953E-11	3.571670E+2
-2.000000E-1	5.995623E-5	-5.995623E-5	-1.139450E-10	3.582822E+2
-2.500000E-1	8.684348E-5	-8.684348E-5	-1.650434E-10	3.586504E+2
-3.000000E-1	1.192395E-4	-1.192395E-4	-2.266111E-10	3.590186E+2
-3.500000E-1	1.514700E-4	-1.514700E-4	-2.878642E-10	3.593877E+2
-4.000000E-1	1.903130E-4	-1.903130E-4	-3.616841E-10	3.597559E+2
-4.500000E-1	2.392777E-4	-2.392777E-4	-4.547399E-10	3.601240E+2
-5.000000E-1	2.949287E-4	-2.949287E-4	-5.605031E-10	3.604922E+2
-5.000000E-1	3.099420E-4	-3.099420E-4	-5.890354E-10	3.608613E+2
-4.500000E-1	2.495353E-4	-2.495353E-4	-4.742343E-10	3.612295E+2
-4.000000E-1	1.970019E-4	-1.970019E-4	-3.743961E-10	3.615977E+2
-3.500000E-1	1.510644E-4	-1.510644E-4	-2.870932E-10	3.619658E+2
-3.000000E-1	1.133620E-4	-1.133620E-4	-2.154410E-10	3.623350E+2
-2.500000E-1	8.423850E-5	-8.423850E-5	-1.600927E-10	3.627031E+2
-2.000000E-1	5.936948E-5	-5.936948E-5	-1.128299E-10	3.630713E+2
-1.500000E-1	3.824071E-5	-3.824071E-5	-7.267532E-11	3.642461E+2
-1.000000E-1	2.400762E-5	-2.400762E-5	-4.562575E-11	3.649492E+2
-5.000000E-2	1.326966E-5	-1.326966E-5	-2.521858E-11	3.656523E+2
0.000000E+0	5.139091E-6	-5.139091E-6	-9.766687E-12	3.663555E+2
0.000000E+0	5.188630E-6	-5.188630E-6	-9.860834E-12	3.670596E+2
5.000000E-2	3.082882E-6	3.082882E-6	5.858924E-12	3.677627E+2
1.000000E-1	1.430491E-5	1.430491E-5	2.718605E-11	3.684658E+2
1.500000E-1	3.065529E-5	3.065529E-5	5.825945E-11	3.691689E+2
2.000000E-1	4.972197E-5	4.972197E-5	9.449509E-11	3.698721E+2
2.500000E-1	5.344227E-5	5.344227E-5	1.015654E-10	3.705752E+2
3.000000E-1	1.255527E-4	1.255527E-4	2.386092E-10	3.716904E+2
3.500000E-1	1.776973E-4	1.776973E-4	3.377084E-10	3.720586E+2
4.000000E-1	2.366819E-4	2.366819E-4	4.498067E-10	3.724268E+2
4.500000E-1	3.177291E-4	3.177291E-4	6.038346E-10	3.727949E+2
5.000000E-1	3.955761E-4	3.955761E-4	7.517804E-10	3.731631E+2
5.000000E-1	3.874201E-4	3.874201E-4	7.362801E-10	3.735322E+2
4.500000E-1	3.095550E-4	3.095550E-4	5.882999E-10	3.739004E+2
4.000000E-1	2.359433E-4	2.359433E-4	4.484031E-10	3.742686E+2
3.500000E-1	1.757852E-4	1.757852E-4	3.340744E-10	3.746367E+2
3.000000E-1	1.282337E-4	1.282337E-4	2.437042E-10	3.750059E+2
2.500000E-1	8.817621E-5	8.817621E-5	1.675762E-10	3.753740E+2
2.000000E-1	5.534553E-5	5.534553E-5	1.051825E-10	3.757422E+2
1.500000E-1	3.006729E-5	3.006729E-5	5.714198E-11	3.769170E+2
1.000000E-1	1.352333E-5	1.352333E-5	2.570068E-11	3.776201E+2
5.000000E-2	2.348366E-6	2.348366E-6	4.462999E-12	3.783232E+2
0.000000E+0	5.872827E-6	-5.872827E-6	-1.116113E-11	3.790264E+2
-5.000000E-2	1.396833E-5	-1.396833E-5	-2.654639E-11	3.797295E+2
-1.000000E-1	2.430577E-5	-2.430577E-5	-4.619237E-11	3.804326E+2
-1.500000E-1	3.823149E-5	-3.823149E-5	-7.265778E-11	3.811357E+2
-2.000000E-1	6.047837E-5	-6.047837E-5	-1.149373E-10	3.825859E+2
-2.500000E-1	8.669941E-5	-8.669941E-5	-1.647696E-10	3.829541E+2
-3.000000E-1	1.174746E-4	-1.174746E-4	-2.232570E-10	3.833223E+2
-3.500000E-1	1.492505E-4	-1.492505E-4	-2.836460E-10	3.836904E+2
-4.000000E-1	1.888150E-4	-1.888150E-4	-3.588372E-10	3.840586E+2
-4.500000E-1	2.360821E-4	-2.360821E-4	-4.486668E-10	3.844277E+2
-5.000000E-1	2.897665E-4	-2.897665E-4	-5.506925E-10	3.847959E+2
-5.000000E-1	3.091783E-4	-3.091783E-4	-5.875839E-10	3.851641E+2
-4.500000E-1	2.520873E-4	-2.520873E-4	-4.790842E-10	3.855322E+2
-4.000000E-1	1.901554E-4	-1.901554E-4	-3.613845E-10	3.859014E+2
-3.500000E-1	1.525360E-4	-1.525360E-4	-2.898900E-10	3.862695E+2
-3.000000E-1	1.160369E-4	-1.160369E-4	-2.205247E-10	3.866377E+2
-2.500000E-1	8.513311E-5	-8.513311E-5	-1.617929E-10	3.870059E+2
-2.000000E-1	6.053009E-5	-6.053009E-5	-1.150356E-10	3.873750E+2
-1.500000E-1	3.889005E-5	-3.889005E-5	-7.390935E-11	3.885498E+2
-1.000000E-1	2.423206E-5	-2.423206E-5	-4.605229E-11	3.892529E+2
-5.000000E-2	1.348909E-5	-1.348909E-5	-2.563560E-11	3.899561E+2
0.000000E+0	5.147657E-6	-5.147657E-6	-9.782966E-12	3.906592E+2
0.000000E+0	5.207346E-6	-5.207346E-6	-9.896403E-12	3.913623E+2
5.000000E-2	3.131194E-6	3.131194E-6	5.950740E-12	3.920654E+2
1.000000E-1	1.527096E-5	1.527096E-5	2.902199E-11	3.927686E+2
1.500000E-1	3.239991E-5	3.239991E-5	6.157504E-11	3.934717E+2
2.000000E-1	4.963443E-5	4.963443E-5	9.432873E-11	3.941748E+2
2.500000E-1	5.336891E-5	5.336891E-5	1.014260E-10	3.948779E+2
3.000000E-1	1.273864E-4	1.273864E-4	2.420939E-10	3.959932E+2
3.500000E-1	1.732055E-4	1.732055E-4	3.291718E-10	3.963613E+2
4.000000E-1	2.305344E-4	2.305344E-4	4.381236E-10	3.967295E+2
4.500000E-1	2.884865E-4	2.884865E-4	5.482598E-10	3.970977E+2
5.000000E-1	3.849913E-4	3.849913E-4	7.316643E-10	3.974668E+2
5.000000E-1	3.850694E-4	3.850694E-4	7.318128E-10	3.978350E+2
4.500000E-1	3.043515E-4	3.043515E-4	5.784107E-10	3.982031E+2
4.000000E-1	2.345604E-4	2.345604E-4	4.457749E-10	3.985713E+2
3.500000E-1	1.717633E-4	1.717633E-4	3.264309E-10	3.989395E+2
3.000000E-1	1.272769E-4	1.272769E-4	2.418858E-10	3.993086E+2
2.500000E-1	9.055483E-5	9.055483E-5	1.720967E-10	3.996768E+2
2.000000E-1	5.591260E-5	5.591260E-5	1.062602E-10	4.000449E+2
1.500000E-1	2.982291E-5	2.982291E-5	5.667753E-11	4.012197E+2
1.000000E-1	1.330704E-5	1.330704E-5	2.528962E-11	4.019229E+2
5.000000E-2	2.370054E-6	2.370054E-6	4.504216E-12	4.026260E+2
0.000000E+0	5.894527E-6	-5.894527E-6	-1.120237E-11	4.033291E+2
-5.000000E-2	1.374355E-5	-1.374355E-5	-2.611920E-11	4.040322E+2
-1.000000E-1	2.388661E-5	-2.388661E-5	-4.539578E-11	4.047354E+2
-1.500000E-1	3.762251E-5	-3.762251E-5	-7.150043E-11	4.054385E+2
-2.000000E-1	5.715945E-5	-5.715945E-5	-1.086298E-10	4.068887E+2
-2.500000E-1	8.126944E-5	-8.126944E-5	-1.544501E-10	4.072568E+2
-3.000000E-1	1.099228E-4	-1.099228E-4	-2.089049E-10	4.076250E+2
-3.500000E-1	1.461926E-4	-1.461926E-4	-2.778346E-10	4.079932E+2
-4.000000E-1	1.952165E-4	-1.952165E-4	-3.710031E-10	4.083623E+2
-4.500000E-1	2.487009E-4	-2.487009E-4	-4.726486E-10	4.087305E+2
-5.000000E-1	2.955656E-4	-2.955656E-4	-5.617135E-10	4.090986E+2
-5.000000E-1	2.902424E-4	-2.902424E-4	-5.515969E-10	4.094668E+2
-4.500000E-1	2.417156E-4	-2.417156E-4	-4.593732E-10	4.098359E+2
-4.000000E-1	2.059165E-4	-2.059165E-4	-3.913380E-10	4.102041E+2
-3.500000E-1	1.666978E-4	-1.666978E-4	-3.168042E-10	4.105723E+2
-3.000000E-1	1.286529E-4	-1.286529E-4	-2.445010E-10	4.109404E+2
-2.500000E-1	9.483672E-5	-9.483672E-5	-1.802343E-10	4.113096E+2
-2.000000E-1	6.551086E-5	-6.551086E-5	-1.245014E-10	4.116777E+2
-1.500000E-1	4.245625E-5	-4.245625E-5	-8.068682E-11	4.128525E+2
-1.000000E-1	2.653013E-5	-2.653013E-5	-5.041970E-11	4.135557E+2
-5.000000E-2	1.438063E-5	-1.438063E-5	-2.732996E-11	4.142588E+2
0.000000E+0	5.153170E-6	-5.153170E-6	-9.793444E-12	4.149619E+2
0.000000E+0	5.214860E-6	-5.214860E-6	-9.910683E-12	4.156650E+2
5.000000E-2	4.952116E-6	4.952116E-6	9.411347E-12	4.163682E+2
1.000000E-1	1.953955E-5	1.953955E-5	3.713432E-11	4.170713E+2
1.500000E-1	4.445285E-5	4.445285E-5	8.448129E-11	4.177744E+2
2.000000E-1	5.282384E-5	5.282384E-5	1.003901E-10	4.184775E+2
2.500000E-1	4.113223E-4	4.113223E-4	7.817056E-10	4.197598E+2
3.000000E-1	5.095660E-4	5.095660E-4	9.684147E-10	4.201279E+2
3.500000E-1	1.505883E-3	1.505883E-3	2.861885E-9	4.212432E+2
4.000000E-1	1.892053E-3	1.892053E-3	3.595789E-9	4.216104E+2
4.500000E-1	2.444279E-3	2.444279E-3	4.645278E-9	4.219785E+2
5.000000E-1	3.454710E-3	3.454710E-3	6.565572E-9	4.223467E+2
5.000000E-1	3.364190E-3	3.364190E-3	6.393541E-9	4.227139E+2
4.500000E-1	2.654734E-3	2.654734E-3	5.045241E-9	4.230820E+2
4.000000E-1	1.826958E-3	1.826958E-3	3.472079E-9	4.234492E+2
3.500000E-1	1.322755E-3	1.322755E-3	2.513855E-9	4.238174E+2
3.000000E-1	9.045017E-4	9.045017E-4	1.718978E-9	4.241855E+2
2.500000E-1	5.449653E-4	5.449653E-4	1.035690E-9	4.245527E+2
2.000000E-1	3.176574E-4	3.176574E-4	6.036983E-10	4.252939E+2
1.500000E-1	1.927506E-4	1.927506E-4	3.663166E-10	4.256621E+2
1.000000E-1	8.840605E-5	8.840605E-5	1.680130E-10	4.260303E+2
5.000000E-2	3.026613E-5	3.026613E-5	5.751986E-11	4.272051E+2
0.000000E+0	5.634581E-6	-5.634581E-6	-1.070835E-11	4.279082E+2
-5.000000E-2	3.654586E-5	-3.654586E-5	-6.945430E-11	4.286123E+2
-1.000000E-1	6.885677E-5	-6.885677E-5	-1.308602E-10	4.297275E+2
-1.500000E-1	1.305849E-4	-1.305849E-4	-2.481726E-10	4.300957E+2
-2.000000E-1	2.237990E-4	-2.237990E-4	-4.253232E-10	4.304639E+2
-2.500000E-1	3.491056E-4	-3.491056E-4	-6.634645E-10	4.308320E+2
-3.000000E-1	4.796296E-4	-4.796296E-4	-9.115215E-10	4.323145E+2
-3.500000E-1	6.592086E-4	-6.592086E-4	-1.252806E-9	4.326826E+2
-4.000000E-1	8.362807E-4	-8.362807E-4	-1.589326E-9	4.330508E+2
-4.500000E-1	1.065972E-3	-1.065972E-3	-2.025847E-9	4.334180E+2
-5.000000E-1	1.191050E-3	-1.191050E-3	-2.263554E-9	4.337861E+2
-5.000000E-1	1.213793E-3	-1.213793E-3	-2.306776E-9	4.341533E+2
-4.500000E-1	9.484461E-4	-9.484461E-4	-1.802493E-9	4.345215E+2
-4.000000E-1	7.485545E-4	-7.485545E-4	-1.422605E-9	4.348896E+2
-3.500000E-1	5.823645E-4	-5.823645E-4	-1.106766E-9	4.352568E+2
-3.000000E-1	4.362771E-4	-4.362771E-4	-8.291313E-10	4.359980E+2
-2.500000E-1	2.938778E-4	-2.938778E-4	-5.585058E-10	4.363662E+2
-2.000000E-1	1.755458E-4	-1.755458E-4	-3.336194E-10	4.367344E+2
-1.500000E-1	9.976866E-5	-9.976866E-5	-1.896073E-10	4.371035E+2
-1.000000E-1	4.800626E-5	-4.800626E-5	-9.123444E-11	4.382783E+2
-5.000000E-2	2.627896E-5	-2.627896E-5	-4.994236E-11	4.389814E+2
0.000000E+0	5.191347E-6	-5.191347E-6	-9.865997E-12	4.396846E+2
0.000000E+0	5.094007E-6	-5.094007E-6	-9.681006E-12	4.403877E+2
5.000000E-2	1.808103E-5	1.808103E-5	3.436245E-11	4.410908E+2
1.000000E-1	4.602840E-5	4.602840E-5	8.747558E-11	4.427402E+2
1.500000E-1	9.898538E-5	9.898538E-5	1.881187E-10	4.431094E+2
2.000000E-1	2.158864E-4	2.158864E-4	4.102855E-10	4.434775E+2
2.500000E-1	3.072289E-4	3.072289E-4	5.838791E-10	4.438457E+2
3.000000E-1	5.013677E-4	5.013677E-4	9.528341E-10	4.442139E+2
3.500000E-1	5.344610E-4	5.344610E-4	1.015727E-9	4.445820E+2
4.000000E-1	1.389028E-3	1.389028E-3	2.639805E-9	4.456973E+2
4.500000E-1	1.732371E-3	1.732371E-3	3.292319E-9	4.460654E+2
5.000000E-1	2.419704E-3	2.419704E-3	4.598574E-9	4.464326E+2
5.000000E-1	2.411909E-3	2.411909E-3	4.583760E-9	4.468008E+2
4.500000E-1	1.976289E-3	1.976289E-3	3.755878E-9	4.471680E+2
4.000000E-1	1.515320E-3	1.515320E-3	2.879820E-9	4.475361E+2
3.500000E-1	1.073515E-3	1.073515E-3	2.040182E-9	4.479043E+2
3.000000E-1	7.407275E-4	7.407275E-4	1.407730E-9	4.482715E+2
2.500000E-1	6.023032E-4	6.023032E-4	1.144659E-9	4.497588E+2
2.000000E-1	4.029428E-4	4.029428E-4	7.657806E-10	4.505000E+2
1.500000E-1	2.223926E-4	2.223926E-4	4.226503E-10	4.508682E+2
1.000000E-1	9.746838E-5	9.746838E-5	1.852357E-10	4.512363E+2
5.000000E-2	2.869814E-5	2.869814E-5	5.453994E-11	4.524111E+2
0.000000E+0	5.678212E-6	-5.678212E-6	-1.079127E-11	4.531143E+2
-5.000000E-2	3.529397E-5	-3.529397E-5	-6.707511E-11	4.538184E+2
-1.000000E-1	7.158168E-5	-7.158168E-5	-1.360388E-10	4.549336E+2
-1.500000E-1	1.388982E-4	-1.388982E-4	-2.639718E-10	4.553018E+2
-2.000000E-1	1.851714E-4	-1.851714E-4	-3.519127E-10	4.556699E+2
-2.500000E-1	3.196904E-4	-3.196904E-4	-6.075619E-10	4.560381E+2
-3.000000E-1	4.610158E-4	-4.610158E-4	-8.761466E-10	4.564072E+2
-3.500000E-1	4.982515E-4	-4.982515E-4	-9.469119E-10	4.575215E+2
-4.000000E-1	6.309324E-4	-6.309324E-4	-1.199068E-9	4.578896E+2
-4.500000E-1	8.292240E-4	-8.292240E-4	-1.575915E-9	4.582568E+2
-5.000000E-1	1.005901E-3	-1.005901E-3	-1.911684E-9	4.586250E+2
-5.000000E-1	9.631488E-4	-9.631488E-4	-1.830435E-9	4.589932E+2
-4.500000E-1	7.647731E-4	-7.647731E-4	-1.453428E-9	4.593604E+2
-4.000000E-1	5.835158E-4	-5.835158E-4	-1.108954E-9	4.597285E+2
-3.500000E-1	4.248171E-4	-4.248171E-4	-8.073519E-10	4.604697E+2
-3.000000E-1	3.092901E-4	-3.092901E-4	-5.877964E-10	4.608379E+2
-2.500000E-1	2.219775E-4	-2.219775E-4	-4.218614E-10	4.612061E+2
-2.000000E-1	1.333856E-4	-1.333856E-4	-2.534953E-10	4.615742E+2
-1.500000E-1	7.689426E-5	-7.689426E-5	-1.461352E-10	4.619434E+2
-1.000000E-1	4.428370E-5	-4.428370E-5	-8.415983E-11	4.631182E+2
-5.000000E-2	2.278245E-5	-2.278245E-5	-4.329735E-11	4.638213E+2
0.000000E+0	5.179904E-6	-5.179904E-6	-9.844250E-12	4.645244E+2
0.000000E+0	5.200124E-6	-5.200124E-6	-9.882678E-12	4.652275E+2
5.000000E-2	1.163518E-5	1.163518E-5	2.211231E-11	4.659307E+2
1.000000E-1	3.768035E-5	3.768035E-5	7.161036E-11	4.666338E+2
1.500000E-1	8.373688E-5	8.373688E-5	1.591394E-10	4.677490E+2
2.000000E-1	1.417383E-4	1.417383E-4	2.693693E-10	4.681172E+2
2.500000E-1	2.551405E-4	2.551405E-4	4.848868E-10	4.684854E+2
3.000000E-1	3.915493E-4	3.915493E-4	7.441276E-10	4.688535E+2
3.500000E-1	4.887127E-4	4.887127E-4	9.287837E-10	4.692227E+2
4.000000E-1	5.369878E-4	5.369878E-4	1.020529E-9	4.695908E+2
4.500000E-1	1.365703E-3	1.365703E-3	2.595477E-9	4.707051E+2
5.000000E-1	1.946583E-3	1.946583E-3	3.699422E-9	4.710732E+2
5.000000E-1	1.811182E-3	1.811182E-3	3.442096E-9	4.714414E+2
4.500000E-1	1.442102E-3	1.442102E-3	2.740672E-9	4.718086E+2
4.000000E-1	1.302388E-3	1.302388E-3	2.475148E-9	4.721768E+2
3.500000E-1	9.477768E-4	9.477768E-4	1.801221E-9	4.725439E+2
3.000000E-1	6.370320E-4	6.370320E-4	1.210660E-9	4.729121E+2
2.500000E-1	4.124284E-4	4.124284E-4	7.838077E-10	4.736533E+2
2.000000E-1	2.314396E-4	2.314396E-4	4.398439E-10	4.740215E+2
1.500000E-1	1.164383E-4	1.164383E-4	2.212874E-10	4.743896E+2
1.000000E-1	5.382475E-5	5.382475E-5	1.022923E-10	4.747588E+2
5.000000E-2	1.599105E-5	1.599105E-5	3.039050E-11	4.759336E+2
0.000000E+0	5.776083E-6	-5.776083E-6	-1.097727E-11	4.766367E+2
-5.000000E-2	2.780959E-5	-2.780959E-5	-5.285129E-11	4.773398E+2
-1.000000E-1	7.151475E-5	-7.151475E-5	-1.359116E-10	4.784551E+2
-1.500000E-1	1.157449E-4	-1.157449E-4	-2.199696E-10	4.788232E+2
-2.000000E-1	2.103978E-4	-2.103978E-4	-3.998546E-10	4.791914E+2
-2.500000E-1	3.065972E-4	-3.065972E-4	-5.826787E-10	4.795605E+2
-3.000000E-1	3.880300E-4	-3.880300E-4	-7.374393E-10	4.799287E+2
-3.500000E-1	5.025761E-4	-5.025761E-4	-9.551305E-10	4.802969E+2
-4.000000E-1	5.285489E-4	-5.285489E-4	-1.004491E-9	4.806650E+2
-4.500000E-1	5.470590E-4	-5.470590E-4	-1.039669E-9	4.810342E+2
-5.000000E-1	1.009472E-3	-1.009472E-3	-1.918470E-9	4.821484E+2
-5.000000E-1	1.028084E-3	-1.028084E-3	-1.953842E-9	4.825166E+2
-4.500000E-1	8.257275E-4	-8.257275E-4	-1.569270E-9	4.828848E+2
-4.000000E-1	7.249797E-4	-7.249797E-4	-1.377802E-9	4.832520E+2
-3.500000E-1	5.342732E-4	-5.342732E-4	-1.015370E-9	4.836201E+2
-3.000000E-1	3.908619E-4	-3.908619E-4	-7.428212E-10	4.843613E+2
-2.500000E-1	2.572860E-4	-2.572860E-4	-4.889642E-10	4.847295E+2
-2.000000E-1	1.562829E-4	-1.562829E-4	-2.970110E-10	4.850977E+2
-1.500000E-1	9.318707E-5	-9.318707E-5	-1.770992E-10	4.854658E+2
-1.000000E-1	4.846961E-5	-4.846961E-5	-9.211502E-11	4.866406E+2
-5.000000E-2	2.440265E-5	-2.440265E-5	-4.637650E-11	4.873437E+2
0.000000E+0	5.236891E-6	-5.236891E-6	-9.952553E-12	4.880469E+2
