voltage_8_7_20	absJ_8_7_20	J_8_7_20	current_8_7_20	time_8_7_20	
0.000000E+0	3.726350E-6	-3.726350E-6	-3.461699E-11	0.000000E+0
5.000000E-2	9.182743E-6	9.182743E-6	8.530569E-11	6.142578E-1
1.000000E-1	9.570988E-6	9.570988E-6	8.891241E-11	1.227539E+0
1.500000E-1	4.338678E-5	4.338678E-5	4.030538E-10	1.900391E+0
2.000000E-1	6.841037E-5	6.841037E-5	6.355175E-10	2.172852E+0
2.500000E-1	9.133801E-5	9.133801E-5	8.485103E-10	2.444336E+0
3.000000E-1	1.233276E-4	1.233276E-4	1.145687E-9	3.117188E+0
3.500000E-1	1.571203E-4	1.571203E-4	1.459614E-9	3.235352E+0
4.000000E-1	1.953898E-4	1.953898E-4	1.815129E-9	3.353516E+0
4.500000E-1	2.326765E-4	2.326765E-4	2.161514E-9	3.470703E+0
5.000000E-1	2.877527E-4	2.877527E-4	2.673160E-9	3.588867E+0
5.000000E-1	2.875951E-4	2.875951E-4	2.671696E-9	3.707031E+0
4.500000E-1	2.309940E-4	2.309940E-4	2.145884E-9	3.825195E+0
4.000000E-1	1.899630E-4	1.899630E-4	1.764715E-9	3.943359E+0
3.500000E-1	1.430956E-4	1.430956E-4	1.329327E-9	4.060547E+0
3.000000E-1	1.123011E-4	1.123011E-4	1.043253E-9	4.178711E+0
2.500000E-1	9.007936E-5	9.007936E-5	8.368177E-10	4.419922E+0
2.000000E-1	7.203261E-5	7.203261E-5	6.691674E-10	4.692383E+0
1.500000E-1	4.928543E-5	4.928543E-5	4.578510E-10	4.964844E+0
1.000000E-1	2.934451E-5	2.934451E-5	2.726042E-10	5.236328E+0
5.000000E-2	1.277960E-5	1.277960E-5	1.187197E-10	5.508789E+0
0.000000E+0	1.465463E-7	1.465463E-7	1.361383E-12	6.498047E+0
-5.000000E-2	9.541611E-6	-9.541611E-6	-8.863950E-11	7.113281E+0
-1.000000E-1	2.610651E-5	-2.610651E-5	-2.425238E-10	8.127930E+0
-1.500000E-1	4.417162E-5	-4.417162E-5	-4.103448E-10	8.399414E+0
-2.000000E-1	6.259079E-5	-6.259079E-5	-5.814549E-10	8.671875E+0
-2.500000E-1	8.078402E-5	-8.078402E-5	-7.504661E-10	8.944336E+0
-3.000000E-1	9.593831E-5	-9.593831E-5	-8.912462E-10	9.216797E+0
-3.500000E-1	1.004514E-4	-1.004514E-4	-9.331715E-10	9.488281E+0
-4.000000E-1	1.601038E-4	-1.601038E-4	-1.487330E-9	1.016113E+1
-4.500000E-1	1.853804E-4	-1.853804E-4	-1.722144E-9	1.027930E+1
-5.000000E-1	2.173242E-4	-2.173242E-4	-2.018895E-9	1.039746E+1
-5.000000E-1	2.191712E-4	-2.191712E-4	-2.036053E-9	1.051562E+1
-4.500000E-1	1.883910E-4	-1.883910E-4	-1.750112E-9	1.063379E+1
-4.000000E-1	1.611665E-4	-1.611665E-4	-1.497202E-9	1.075098E+1
-3.500000E-1	1.327415E-4	-1.327415E-4	-1.233140E-9	1.086914E+1
-3.000000E-1	1.083379E-4	-1.083379E-4	-1.006436E-9	1.098730E+1
-2.500000E-1	8.172168E-5	-8.172168E-5	-7.591767E-10	1.122852E+1
-2.000000E-1	5.962876E-5	-5.962876E-5	-5.539383E-10	1.150098E+1
-1.500000E-1	4.235203E-5	-4.235203E-5	-3.934412E-10	1.177344E+1
-1.000000E-1	2.680721E-5	-2.680721E-5	-2.490332E-10	1.204590E+1
-5.000000E-2	1.328332E-5	-1.328332E-5	-1.233992E-10	1.231738E+1
0.000000E+0	6.314615E-8	6.314615E-8	5.866141E-13	1.330762E+1
0.000000E+0	5.436365E-8	5.436365E-8	5.050266E-13	1.392187E+1
5.000000E-2	9.268024E-6	9.268024E-6	8.609794E-11	1.453613E+1
1.000000E-1	9.589643E-6	9.589643E-6	8.908571E-11	1.514941E+1
1.500000E-1	4.873956E-5	4.873956E-5	4.527800E-10	1.582227E+1
2.000000E-1	6.907343E-5	6.907343E-5	6.416772E-10	1.609473E+1
2.500000E-1	9.143599E-5	9.143599E-5	8.494206E-10	1.636621E+1
3.000000E-1	1.229499E-4	1.229499E-4	1.142178E-9	1.703906E+1
3.500000E-1	1.587867E-4	1.587867E-4	1.475094E-9	1.715723E+1
4.000000E-1	1.965642E-4	1.965642E-4	1.826039E-9	1.727441E+1
4.500000E-1	2.417697E-4	2.417697E-4	2.245988E-9	1.739258E+1
5.000000E-1	2.937026E-4	2.937026E-4	2.728434E-9	1.751074E+1
5.000000E-1	2.991736E-4	2.991736E-4	2.779258E-9	1.762891E+1
4.500000E-1	2.506190E-4	2.506190E-4	2.328196E-9	1.774707E+1
4.000000E-1	2.028476E-4	2.028476E-4	1.884410E-9	1.786426E+1
3.500000E-1	1.611371E-4	1.611371E-4	1.496929E-9	1.798242E+1
3.000000E-1	1.240384E-4	1.240384E-4	1.152290E-9	1.810059E+1
2.500000E-1	9.094739E-5	9.094739E-5	8.448816E-10	1.834180E+1
2.000000E-1	6.809187E-5	6.809187E-5	6.325587E-10	1.861426E+1
1.500000E-1	4.667765E-5	4.667765E-5	4.336253E-10	1.888574E+1
1.000000E-1	2.827896E-5	2.827896E-5	2.627054E-10	1.915820E+1
5.000000E-2	1.304329E-5	1.304329E-5	1.211693E-10	1.943066E+1
0.000000E+0	8.219307E-9	8.219307E-9	7.635559E-14	2.041992E+1
-5.000000E-2	9.511720E-6	-9.511720E-6	-8.836182E-11	2.103516E+1
-1.000000E-1	2.542739E-5	-2.542739E-5	-2.362150E-10	2.204980E+1
-1.500000E-1	4.283313E-5	-4.283313E-5	-3.979105E-10	2.232227E+1
-2.000000E-1	6.463090E-5	-6.463090E-5	-6.004071E-10	2.259375E+1
-2.500000E-1	9.216667E-5	-9.216667E-5	-8.562084E-10	2.286621E+1
-3.000000E-1	9.902872E-5	-9.902872E-5	-9.199554E-10	2.313867E+1
-3.500000E-1	1.354001E-4	-1.354001E-4	-1.257838E-9	2.381152E+1
-4.000000E-1	1.621224E-4	-1.621224E-4	-1.506082E-9	2.392871E+1
-4.500000E-1	1.825859E-4	-1.825859E-4	-1.696184E-9	2.404688E+1
-5.000000E-1	2.852387E-4	-2.852387E-4	-2.649806E-9	2.416504E+1
-5.000000E-1	2.673070E-4	-2.673070E-4	-2.483224E-9	2.428320E+1
-4.500000E-1	2.563038E-4	-2.563038E-4	-2.381007E-9	2.440137E+1
-4.000000E-1	2.147728E-4	-2.147728E-4	-1.995193E-9	2.451953E+1
-3.500000E-1	1.666445E-4	-1.666445E-4	-1.548091E-9	2.463672E+1
-3.000000E-1	1.385918E-4	-1.385918E-4	-1.287488E-9	2.475488E+1
-2.500000E-1	9.471568E-5	-9.471568E-5	-8.798882E-10	2.499609E+1
-2.000000E-1	7.673642E-5	-7.673642E-5	-7.128647E-10	2.526855E+1
-1.500000E-1	4.734827E-5	-4.734827E-5	-4.398552E-10	2.554102E+1
-1.000000E-1	2.792785E-5	-2.792785E-5	-2.594437E-10	2.581348E+1
-5.000000E-2	1.271750E-5	-1.271750E-5	-1.181428E-10	2.608594E+1
0.000000E+0	1.328759E-7	1.328759E-7	1.234388E-12	2.707520E+1
0.000000E+0	1.456858E-7	-1.456858E-7	-1.353390E-12	2.768945E+1
5.000000E-2	9.242636E-6	9.242636E-6	8.586209E-11	2.830371E+1
1.000000E-1	2.648197E-5	2.648197E-5	2.460118E-10	2.897656E+1
1.500000E-1	4.498015E-5	4.498015E-5	4.178559E-10	2.924805E+1
2.000000E-1	6.780074E-5	6.780074E-5	6.298542E-10	2.952051E+1
2.500000E-1	9.093569E-5	9.093569E-5	8.447729E-10	2.979297E+1
3.000000E-1	9.621370E-5	9.621370E-5	8.938045E-10	3.006445E+1
3.500000E-1	1.018438E-4	1.018438E-4	9.461072E-10	3.033691E+1
4.000000E-1	1.942249E-4	1.942249E-4	1.804307E-9	3.100879E+1
4.500000E-1	2.282649E-4	2.282649E-4	2.120532E-9	3.112695E+1
5.000000E-1	2.775152E-4	2.775152E-4	2.578056E-9	3.124512E+1
5.000000E-1	2.736535E-4	2.736535E-4	2.542182E-9	3.136328E+1
4.500000E-1	2.511646E-4	2.511646E-4	2.333265E-9	3.148145E+1
4.000000E-1	1.917309E-4	1.917309E-4	1.781139E-9	3.159961E+1
3.500000E-1	1.509207E-4	1.509207E-4	1.402021E-9	3.171680E+1
3.000000E-1	1.182601E-4	1.182601E-4	1.098611E-9	3.183496E+1
2.500000E-1	8.942679E-5	8.942679E-5	8.307555E-10	3.207617E+1
2.000000E-1	6.731137E-5	6.731137E-5	6.253081E-10	3.234863E+1
1.500000E-1	4.396002E-5	4.396002E-5	4.083791E-10	3.262109E+1
1.000000E-1	2.585589E-5	2.585589E-5	2.401956E-10	3.289258E+1
5.000000E-2	1.196386E-5	1.196386E-5	1.111417E-10	3.316504E+1
0.000000E+0	1.261578E-7	1.261578E-7	1.171979E-12	3.415430E+1
-5.000000E-2	1.103073E-5	-1.103073E-5	-1.024731E-10	3.516992E+1
-1.000000E-1	2.704510E-5	-2.704510E-5	-2.512431E-10	3.544238E+1
-1.500000E-1	4.297479E-5	-4.297479E-5	-3.992265E-10	3.571387E+1
-2.000000E-1	5.575962E-5	-5.575962E-5	-5.179948E-10	3.598633E+1
-2.500000E-1	7.662345E-5	-7.662345E-5	-7.118153E-10	3.625879E+1
-3.000000E-1	9.323803E-5	-9.323803E-5	-8.661611E-10	3.653125E+1
-3.500000E-1	1.206072E-4	-1.206072E-4	-1.120415E-9	3.720312E+1
-4.000000E-1	1.515297E-4	-1.515297E-4	-1.407678E-9	3.732129E+1
-4.500000E-1	1.849710E-4	-1.849710E-4	-1.718341E-9	3.743945E+1
-5.000000E-1	2.198397E-4	-2.198397E-4	-2.042263E-9	3.755762E+1
-5.000000E-1	2.105935E-4	-2.105935E-4	-1.956368E-9	3.767578E+1
-4.500000E-1	1.840746E-4	-1.840746E-4	-1.710013E-9	3.779297E+1
-4.000000E-1	1.511580E-4	-1.511580E-4	-1.404225E-9	3.791113E+1
-3.500000E-1	1.237386E-4	-1.237386E-4	-1.149505E-9	3.802930E+1
-3.000000E-1	1.014028E-4	-1.014028E-4	-9.420100E-10	3.878906E+1
-2.500000E-1	7.921059E-5	-7.921059E-5	-7.358492E-10	3.903027E+1
-2.000000E-1	5.471646E-5	-5.471646E-5	-5.083041E-10	3.930273E+1
-1.500000E-1	3.746799E-5	-3.746799E-5	-3.480695E-10	3.957520E+1
-1.000000E-1	2.373474E-5	-2.373474E-5	-2.204906E-10	3.984668E+1
-5.000000E-2	1.123944E-5	-1.123944E-5	-1.044120E-10	4.011914E+1
0.000000E+0	1.375651E-7	1.375651E-7	1.277950E-12	4.110840E+1
0.000000E+0	9.812825E-8	9.812825E-8	9.115902E-13	4.172363E+1
5.000000E-2	9.213079E-6	9.213079E-6	8.558751E-11	4.233691E+1
1.000000E-1	2.637860E-5	2.637860E-5	2.450515E-10	4.318066E+1
1.500000E-1	4.407897E-5	4.407897E-5	4.094841E-10	4.345313E+1
2.000000E-1	6.199624E-5	6.199624E-5	5.759317E-10	4.372461E+1
2.500000E-1	8.499061E-5	8.499061E-5	7.895444E-10	4.399707E+1
3.000000E-1	9.507132E-5	9.507132E-5	8.831920E-10	4.426953E+1
3.500000E-1	1.004295E-4	1.004295E-4	9.329685E-10	4.454102E+1
4.000000E-1	1.912265E-4	1.912265E-4	1.776453E-9	4.521387E+1
4.500000E-1	2.365853E-4	2.365853E-4	2.197826E-9	4.533203E+1
5.000000E-1	2.963234E-4	2.963234E-4	2.752780E-9	4.544922E+1
5.000000E-1	2.809700E-4	2.809700E-4	2.610150E-9	4.556738E+1
4.500000E-1	2.417807E-4	2.417807E-4	2.246090E-9	4.568555E+1
4.000000E-1	1.934546E-4	1.934546E-4	1.797151E-9	4.580371E+1
3.500000E-1	1.520598E-4	1.520598E-4	1.412603E-9	4.592187E+1
3.000000E-1	1.198579E-4	1.198579E-4	1.113454E-9	4.603906E+1
2.500000E-1	9.284300E-5	9.284300E-5	8.624914E-10	4.668164E+1
2.000000E-1	6.915975E-5	6.915975E-5	6.424791E-10	4.692285E+1
1.500000E-1	4.735383E-5	4.735383E-5	4.399068E-10	4.719434E+1
1.000000E-1	2.831905E-5	2.831905E-5	2.630779E-10	4.746680E+1
5.000000E-2	1.334090E-5	1.334090E-5	1.239341E-10	4.773926E+1
0.000000E+0	4.359430E-8	4.359430E-8	4.049816E-13	4.872852E+1
-5.000000E-2	1.102184E-5	-1.102184E-5	-1.023905E-10	4.957324E+1
-1.000000E-1	2.584749E-5	-2.584749E-5	-2.401176E-10	4.984473E+1
-1.500000E-1	4.149499E-5	-4.149499E-5	-3.854795E-10	5.011719E+1
-2.000000E-1	5.951565E-5	-5.951565E-5	-5.528875E-10	5.038965E+1
-2.500000E-1	7.915541E-5	-7.915541E-5	-7.353367E-10	5.066211E+1
-3.000000E-1	9.552923E-5	-9.552923E-5	-8.874459E-10	5.093457E+1
-3.500000E-1	1.324096E-4	-1.324096E-4	-1.230057E-9	5.160645E+1
-4.000000E-1	1.589528E-4	-1.589528E-4	-1.476637E-9	5.172461E+1
-4.500000E-1	1.870415E-4	-1.870415E-4	-1.737575E-9	5.184277E+1
-5.000000E-1	2.055378E-4	-2.055378E-4	-1.909402E-9	5.196094E+1
-5.000000E-1	2.033406E-4	-2.033406E-4	-1.888990E-9	5.207910E+1
-4.500000E-1	1.750139E-4	-1.750139E-4	-1.625841E-9	5.219629E+1
-4.000000E-1	1.498786E-4	-1.498786E-4	-1.392340E-9	5.231445E+1
-3.500000E-1	1.238004E-4	-1.238004E-4	-1.150079E-9	5.243262E+1
-3.000000E-1	1.010909E-4	-1.010909E-4	-9.391128E-10	5.307422E+1
-2.500000E-1	8.054056E-5	-8.054056E-5	-7.482044E-10	5.331543E+1
-2.000000E-1	6.066680E-5	-6.066680E-5	-5.635814E-10	5.358789E+1
-1.500000E-1	4.274287E-5	-4.274287E-5	-3.970720E-10	5.386035E+1
-1.000000E-1	2.604313E-5	-2.604313E-5	-2.419350E-10	5.413281E+1
-5.000000E-2	1.175595E-5	-1.175595E-5	-1.092102E-10	5.440527E+1
0.000000E+0	8.661644E-8	8.661644E-8	8.046480E-13	5.539453E+1
0.000000E+0	9.396483E-10	9.396483E-10	8.729129E-15	5.600879E+1
5.000000E-2	1.151646E-5	1.151646E-5	1.069854E-10	5.668164E+1
1.000000E-1	2.736363E-5	2.736363E-5	2.542022E-10	5.695410E+1
1.500000E-1	4.642598E-5	4.642598E-5	4.312873E-10	5.722656E+1
2.000000E-1	6.919700E-5	6.919700E-5	6.428252E-10	5.749805E+1
2.500000E-1	9.146346E-5	9.146346E-5	8.496757E-10	5.777051E+1
3.000000E-1	9.772530E-5	9.772530E-5	9.078469E-10	5.804297E+1
3.500000E-1	1.733607E-4	1.733607E-4	1.610483E-9	5.871484E+1
4.000000E-1	2.008558E-4	2.008558E-4	1.865907E-9	5.883301E+1
4.500000E-1	2.549987E-4	2.549987E-4	2.368883E-9	5.895117E+1
5.000000E-1	3.062124E-4	3.062124E-4	2.844647E-9	5.906934E+1
5.000000E-1	2.697763E-4	2.697763E-4	2.506163E-9	5.918652E+1
4.500000E-1	2.273350E-4	2.273350E-4	2.111893E-9	5.930469E+1
4.000000E-1	1.840685E-4	1.840685E-4	1.709957E-9	5.942285E+1
3.500000E-1	1.517027E-4	1.517027E-4	1.409285E-9	5.954102E+1
3.000000E-1	1.181587E-4	1.181587E-4	1.097669E-9	5.965918E+1
2.500000E-1	8.691441E-5	8.691441E-5	8.074161E-10	5.990039E+1
2.000000E-1	6.491391E-5	6.491391E-5	6.030362E-10	6.017285E+1
1.500000E-1	4.377973E-5	4.377973E-5	4.067042E-10	6.044434E+1
1.000000E-1	2.760801E-5	2.760801E-5	2.564724E-10	6.071680E+1
5.000000E-2	1.256603E-5	1.256603E-5	1.167357E-10	6.098926E+1
0.000000E+0	1.056917E-7	1.056917E-7	9.818535E-13	6.197852E+1
-5.000000E-2	9.467985E-6	-9.467985E-6	-8.795553E-11	6.259375E+1
-1.000000E-1	2.186437E-5	-2.186437E-5	-2.031153E-10	6.360742E+1
-1.500000E-1	3.519695E-5	-3.519695E-5	-3.269720E-10	6.387988E+1
-2.000000E-1	4.939461E-5	-4.939461E-5	-4.588652E-10	6.415234E+1
-2.500000E-1	6.777720E-5	-6.777720E-5	-6.296355E-10	6.442480E+1
-3.000000E-1	8.753793E-5	-8.753793E-5	-8.132084E-10	6.469629E+1
-3.500000E-1	9.642486E-5	-9.642486E-5	-8.957661E-10	6.496875E+1
-4.000000E-1	9.946769E-5	-9.946769E-5	-9.240333E-10	6.524121E+1
-4.500000E-1	1.027443E-4	-1.027443E-4	-9.544727E-10	6.551367E+1
-5.000000E-1	1.813216E-4	-1.813216E-4	-1.684438E-9	6.618555E+1
-5.000000E-1	1.790617E-4	-1.790617E-4	-1.663444E-9	6.630371E+1
-4.500000E-1	1.451665E-4	-1.451665E-4	-1.348565E-9	6.642187E+1
-4.000000E-1	1.232358E-4	-1.232358E-4	-1.144834E-9	6.654004E+1
-3.500000E-1	9.513511E-5	-9.513511E-5	-8.837846E-10	6.678125E+1
-3.000000E-1	8.672093E-5	-8.672093E-5	-8.056187E-10	6.705371E+1
-2.500000E-1	6.825318E-5	-6.825318E-5	-6.340573E-10	6.732617E+1
-2.000000E-1	5.230653E-5	-5.230653E-5	-4.859163E-10	6.759766E+1
-1.500000E-1	3.575060E-5	-3.575060E-5	-3.321153E-10	6.787012E+1
-1.000000E-1	2.249974E-5	-2.249974E-5	-2.090177E-10	6.814258E+1
-5.000000E-2	1.091498E-5	-1.091498E-5	-1.013978E-10	6.841504E+1
0.000000E+0	7.085157E-8	7.085157E-8	6.581957E-13	6.940430E+1
0.000000E+0	2.254902E-7	2.254902E-7	2.094755E-12	7.001855E+1
5.000000E-2	9.179684E-6	9.179684E-6	8.527728E-11	7.063281E+1
1.000000E-1	2.485472E-5	2.485472E-5	2.308950E-10	7.164648E+1
1.500000E-1	4.245309E-5	4.245309E-5	3.943800E-10	7.191895E+1
2.000000E-1	6.068843E-5	6.068843E-5	5.637824E-10	7.219043E+1
2.500000E-1	8.408322E-5	8.408322E-5	7.811149E-10	7.246289E+1
3.000000E-1	9.555968E-5	9.555968E-5	8.877287E-10	7.273535E+1
3.500000E-1	1.016170E-4	1.016170E-4	9.440001E-10	7.300781E+1
4.000000E-1	2.114805E-4	2.114805E-4	1.964608E-9	7.367969E+1
4.500000E-1	2.401807E-4	2.401807E-4	2.231227E-9	7.379785E+1
5.000000E-1	3.350322E-4	3.350322E-4	3.112377E-9	7.391602E+1
5.000000E-1	3.073998E-4	3.073998E-4	2.855678E-9	7.403418E+1
4.500000E-1	2.747640E-4	2.747640E-4	2.552498E-9	7.415137E+1
4.000000E-1	2.043010E-4	2.043010E-4	1.897912E-9	7.426953E+1
3.500000E-1	1.719115E-4	1.719115E-4	1.597021E-9	7.438770E+1
3.000000E-1	1.307488E-4	1.307488E-4	1.214628E-9	7.450586E+1
2.500000E-1	8.971285E-5	8.971285E-5	8.334130E-10	7.474707E+1
2.000000E-1	7.412835E-5	7.412835E-5	6.886363E-10	7.501953E+1
1.500000E-1	4.578874E-5	4.578874E-5	4.253675E-10	7.529102E+1
1.000000E-1	2.990157E-5	2.990157E-5	2.777791E-10	7.556348E+1
5.000000E-2	1.325146E-5	1.325146E-5	1.231032E-10	7.583594E+1
0.000000E+0	1.233031E-7	1.233031E-7	1.145459E-12	7.682520E+1
-5.000000E-2	1.063718E-5	-1.063718E-5	-9.881707E-11	7.783984E+1
-1.000000E-1	2.592620E-5	-2.592620E-5	-2.408488E-10	7.811230E+1
-1.500000E-1	3.908600E-5	-3.908600E-5	-3.631005E-10	7.838477E+1
-2.000000E-1	5.542940E-5	-5.542940E-5	-5.149271E-10	7.865625E+1
-2.500000E-1	7.666695E-5	-7.666695E-5	-7.122194E-10	7.892871E+1
-3.000000E-1	9.365155E-5	-9.365155E-5	-8.700027E-10	7.920117E+1
-3.500000E-1	1.177996E-4	-1.177996E-4	-1.094333E-9	7.987305E+1
-4.000000E-1	1.389249E-4	-1.389249E-4	-1.290582E-9	7.999121E+1
-4.500000E-1	1.619916E-4	-1.619916E-4	-1.504867E-9	8.010938E+1
-5.000000E-1	1.968956E-4	-1.968956E-4	-1.829118E-9	8.022754E+1
-5.000000E-1	2.012613E-4	-2.012613E-4	-1.869674E-9	8.034570E+1
-4.500000E-1	1.759325E-4	-1.759325E-4	-1.634375E-9	8.046289E+1
-4.000000E-1	1.472989E-4	-1.472989E-4	-1.368375E-9	8.058105E+1
-3.500000E-1	1.275952E-4	-1.275952E-4	-1.185332E-9	8.069922E+1
-3.000000E-1	9.407181E-5	-9.407181E-5	-8.739067E-10	8.094043E+1
-2.500000E-1	7.431286E-5	-7.431286E-5	-6.903504E-10	8.121289E+1
-2.000000E-1	6.514128E-5	-6.514128E-5	-6.051484E-10	8.148535E+1
-1.500000E-1	4.526138E-5	-4.526138E-5	-4.204684E-10	8.175684E+1
-1.000000E-1	2.860592E-5	-2.860592E-5	-2.657428E-10	8.202930E+1
-5.000000E-2	1.385152E-5	-1.385152E-5	-1.286776E-10	8.230176E+1
0.000000E+0	1.211548E-7	1.211548E-7	1.125502E-12	8.329102E+1
0.000000E+0	1.720976E-7	1.720976E-7	1.598749E-12	8.390625E+1
5.000000E-2	9.262189E-6	9.262189E-6	8.604373E-11	8.451953E+1
1.000000E-1	2.899170E-5	2.899170E-5	2.693266E-10	8.536328E+1
1.500000E-1	4.643106E-5	4.643106E-5	4.313345E-10	8.563477E+1
2.000000E-1	8.012539E-5	8.012539E-5	7.443476E-10	8.590723E+1
2.500000E-1	9.724614E-5	9.724614E-5	9.033956E-10	8.657910E+1
3.000000E-1	1.310088E-4	1.310088E-4	1.217043E-9	8.669727E+1
3.500000E-1	1.612617E-4	1.612617E-4	1.498086E-9	8.681543E+1
4.000000E-1	1.992559E-4	1.992559E-4	1.851044E-9	8.693359E+1
4.500000E-1	2.408120E-4	2.408120E-4	2.237091E-9	8.705176E+1
5.000000E-1	3.056591E-4	3.056591E-4	2.839507E-9	8.716895E+1
5.000000E-1	2.945777E-4	2.945777E-4	2.736563E-9	8.728711E+1
4.500000E-1	2.490538E-4	2.490538E-4	2.313656E-9	8.740527E+1
4.000000E-1	2.397844E-4	2.397844E-4	2.227545E-9	8.752344E+1
3.500000E-1	1.693863E-4	1.693863E-4	1.573562E-9	8.764160E+1
3.000000E-1	1.460701E-4	1.460701E-4	1.356960E-9	8.775879E+1
2.500000E-1	1.080645E-4	1.080645E-4	1.003896E-9	8.787695E+1
2.000000E-1	7.699011E-5	7.699011E-5	7.152215E-10	8.811816E+1
1.500000E-1	5.229420E-5	5.229420E-5	4.858018E-10	8.839063E+1
1.000000E-1	3.009314E-5	3.009314E-5	2.795588E-10	8.866309E+1
5.000000E-2	1.500507E-5	1.500507E-5	1.393939E-10	8.893457E+1
0.000000E+0	1.463954E-7	1.463954E-7	1.359982E-12	8.992480E+1
-5.000000E-2	9.502293E-6	-9.502293E-6	-8.827424E-11	9.053906E+1
-1.000000E-1	2.198859E-5	-2.198859E-5	-2.042692E-10	9.155371E+1
-1.500000E-1	3.878674E-5	-3.878674E-5	-3.603204E-10	9.182617E+1
-2.000000E-1	5.670965E-5	-5.670965E-5	-5.268204E-10	9.209863E+1
-2.500000E-1	9.107676E-5	-9.107676E-5	-8.460834E-10	9.237012E+1
-3.000000E-1	9.684136E-5	-9.684136E-5	-8.996353E-10	9.264258E+1
-3.500000E-1	1.916553E-4	-1.916553E-4	-1.780436E-9	9.331543E+1
-4.000000E-1	2.177656E-4	-2.177656E-4	-2.022995E-9	9.343359E+1
-4.500000E-1	2.573452E-4	-2.573452E-4	-2.390681E-9	9.355078E+1
-5.000000E-1	3.112110E-4	-3.112110E-4	-2.891083E-9	9.366895E+1
-5.000000E-1	3.530279E-4	-3.530279E-4	-3.279553E-9	9.378711E+1
-4.500000E-1	3.078247E-4	-3.078247E-4	-2.859625E-9	9.390527E+1
-4.000000E-1	2.474488E-4	-2.474488E-4	-2.298746E-9	9.402344E+1
-3.500000E-1	2.225374E-4	-2.225374E-4	-2.067324E-9	9.414063E+1
-3.000000E-1	1.719016E-4	-1.719016E-4	-1.596929E-9	9.425879E+1
-2.500000E-1	1.385956E-4	-1.385956E-4	-1.287523E-9	9.437695E+1
-2.000000E-1	9.100044E-5	-9.100044E-5	-8.453744E-10	9.461816E+1
-1.500000E-1	5.195263E-5	-5.195263E-5	-4.826287E-10	9.489062E+1
-1.000000E-1	2.850038E-5	-2.850038E-5	-2.647624E-10	9.516309E+1
-5.000000E-2	1.243042E-5	-1.243042E-5	-1.154759E-10	9.543457E+1
0.000000E+0	2.057426E-7	2.057426E-7	1.911304E-12	9.642480E+1
0.000000E+0	6.880047E-8	6.880047E-8	6.391415E-13	9.703906E+1
5.000000E-2	9.299789E-6	9.299789E-6	8.639303E-11	9.765332E+1
1.000000E-1	3.378959E-5	3.378959E-5	3.138980E-10	9.832617E+1
1.500000E-1	5.434202E-5	5.434202E-5	5.048256E-10	9.859766E+1
2.000000E-1	8.396640E-5	8.396640E-5	7.800297E-10	9.887012E+1
2.500000E-1	1.528532E-4	1.528532E-4	1.419973E-9	9.954297E+1
3.000000E-1	2.073735E-4	2.073735E-4	1.926455E-9	9.966016E+1
3.500000E-1	2.559816E-4	2.559816E-4	2.378014E-9	9.977832E+1
4.000000E-1	3.353403E-4	3.353403E-4	3.115239E-9	9.989648E+1
4.500000E-1	3.861468E-4	3.861468E-4	3.587220E-9	1.000146E+2
5.000000E-1	4.704302E-4	4.704302E-4	4.370195E-9	1.001328E+2
5.000000E-1	4.739313E-4	4.739313E-4	4.402719E-9	1.002500E+2
4.500000E-1	3.702425E-4	3.702425E-4	3.439473E-9	1.003682E+2
4.000000E-1	3.059366E-4	3.059366E-4	2.842085E-9	1.004863E+2
3.500000E-1	2.587919E-4	2.587919E-4	2.404121E-9	1.006045E+2
3.000000E-1	1.994183E-4	1.994183E-4	1.852553E-9	1.007227E+2
2.500000E-1	1.310781E-4	1.310781E-4	1.217687E-9	1.008398E+2
2.000000E-1	7.951197E-5	7.951197E-5	7.386490E-10	1.010820E+2
1.500000E-1	5.177080E-5	5.177080E-5	4.809395E-10	1.013535E+2
1.000000E-1	3.748768E-5	3.748768E-5	3.482524E-10	1.016260E+2
5.000000E-2	1.645936E-5	1.645936E-5	1.529039E-10	1.018984E+2
0.000000E+0	2.114268E-7	2.114268E-7	1.964109E-12	1.028877E+2
-5.000000E-2	9.595429E-6	-9.595429E-6	-8.913946E-11	1.035020E+2
-1.000000E-1	2.521368E-5	-2.521368E-5	-2.342296E-10	1.045166E+2
-1.500000E-1	4.078546E-5	-4.078546E-5	-3.788881E-10	1.047891E+2
-2.000000E-1	5.812292E-5	-5.812292E-5	-5.399493E-10	1.050615E+2
-2.500000E-1	8.307102E-5	-8.307102E-5	-7.717118E-10	1.053340E+2
-3.000000E-1	9.543489E-5	-9.543489E-5	-8.865695E-10	1.056055E+2
-3.500000E-1	9.960312E-5	-9.960312E-5	-9.252914E-10	1.058779E+2
-4.000000E-1	1.066366E-4	-1.066366E-4	-9.906307E-10	1.061504E+2
-4.500000E-1	1.107996E-4	-1.107996E-4	-1.029304E-9	1.064229E+2
-5.000000E-1	2.702714E-4	-2.702714E-4	-2.510763E-9	1.070947E+2
-5.000000E-1	2.817184E-4	-2.817184E-4	-2.617103E-9	1.072129E+2
-4.500000E-1	2.308187E-4	-2.308187E-4	-2.144256E-9	1.073311E+2
-4.000000E-1	2.012034E-4	-2.012034E-4	-1.869136E-9	1.074492E+2
-3.500000E-1	1.624083E-4	-1.624083E-4	-1.508738E-9	1.075674E+2
-3.000000E-1	1.172316E-4	-1.172316E-4	-1.089056E-9	1.076846E+2
-2.500000E-1	9.460356E-5	-9.460356E-5	-8.788466E-10	1.079268E+2
-2.000000E-1	7.235680E-5	-7.235680E-5	-6.721790E-10	1.081982E+2
-1.500000E-1	4.640022E-5	-4.640022E-5	-4.310480E-10	1.084707E+2
-1.000000E-1	2.784628E-5	-2.784628E-5	-2.586859E-10	1.087432E+2
-5.000000E-2	1.234452E-5	-1.234452E-5	-1.146779E-10	1.090156E+2
0.000000E+0	1.911102E-7	1.911102E-7	1.775372E-12	1.100049E+2
0.000000E+0	1.820288E-8	-1.820288E-8	-1.691008E-13	1.106191E+2
5.000000E-2	9.254052E-6	9.254052E-6	8.596814E-11	1.112334E+2
1.000000E-1	2.862090E-5	2.862090E-5	2.658820E-10	1.119053E+2
1.500000E-1	4.585660E-5	4.585660E-5	4.259979E-10	1.121777E+2
2.000000E-1	6.486871E-5	6.486871E-5	6.026163E-10	1.124502E+2
2.500000E-1	9.722129E-5	9.722129E-5	9.031647E-10	1.131221E+2
3.000000E-1	1.349077E-4	1.349077E-4	1.253263E-9	1.132402E+2
3.500000E-1	1.609433E-4	1.609433E-4	1.495128E-9	1.133584E+2
4.000000E-1	2.080536E-4	2.080536E-4	1.932773E-9	1.134766E+2
4.500000E-1	2.899990E-4	2.899990E-4	2.694028E-9	1.135938E+2
5.000000E-1	3.650221E-4	3.650221E-4	3.390976E-9	1.137119E+2
5.000000E-1	3.764923E-4	3.764923E-4	3.497532E-9	1.138301E+2
4.500000E-1	3.039815E-4	3.039815E-4	2.823922E-9	1.139482E+2
4.000000E-1	2.026415E-4	2.026415E-4	1.882496E-9	1.140664E+2
3.500000E-1	1.556402E-4	1.556402E-4	1.445864E-9	1.141836E+2
3.000000E-1	1.195243E-4	1.195243E-4	1.110355E-9	1.143018E+2
2.500000E-1	9.293124E-5	9.293124E-5	8.633111E-10	1.145430E+2
2.000000E-1	6.930911E-5	6.930911E-5	6.438666E-10	1.148154E+2
1.500000E-1	4.414343E-5	4.414343E-5	4.100829E-10	1.150879E+2
1.000000E-1	2.783477E-5	2.783477E-5	2.585790E-10	1.153594E+2
5.000000E-2	1.292539E-5	1.292539E-5	1.200741E-10	1.156318E+2
0.000000E+0	1.588050E-7	1.588050E-7	1.475264E-12	1.166211E+2
-5.000000E-2	9.459243E-6	-9.459243E-6	-8.787432E-11	1.172354E+2
-1.000000E-1	2.130619E-5	-2.130619E-5	-1.979299E-10	1.180801E+2
-1.500000E-1	4.067199E-5	-4.067199E-5	-3.778340E-10	1.183516E+2
-2.000000E-1	5.725806E-5	-5.725806E-5	-5.319150E-10	1.186240E+2
-2.500000E-1	8.292911E-5	-8.292911E-5	-7.703935E-10	1.188965E+2
-3.000000E-1	9.383500E-5	-9.383500E-5	-8.717069E-10	1.191680E+2
-3.500000E-1	9.773453E-5	-9.773453E-5	-9.079326E-10	1.194404E+2
-4.000000E-1	1.038731E-4	-1.038731E-4	-9.649583E-10	1.197129E+2
-4.500000E-1	1.066139E-4	-1.066139E-4	-9.904200E-10	1.199854E+2
-5.000000E-1	1.938072E-4	-1.938072E-4	-1.800427E-9	1.206572E+2
-5.000000E-1	1.867150E-4	-1.867150E-4	-1.734542E-9	1.207754E+2
-4.500000E-1	1.865485E-4	-1.865485E-4	-1.732995E-9	1.208936E+2
-4.000000E-1	1.632968E-4	-1.632968E-4	-1.516992E-9	1.210117E+2
-3.500000E-1	1.407587E-4	-1.407587E-4	-1.307618E-9	1.211299E+2
-3.000000E-1	1.105797E-4	-1.105797E-4	-1.027261E-9	1.212471E+2
-2.500000E-1	7.361655E-5	-7.361655E-5	-6.838818E-10	1.214893E+2
-2.000000E-1	5.186001E-5	-5.186001E-5	-4.817683E-10	1.217607E+2
-1.500000E-1	4.255098E-5	-4.255098E-5	-3.952894E-10	1.220332E+2
-1.000000E-1	2.392932E-5	-2.392932E-5	-2.222982E-10	1.223057E+2
-5.000000E-2	1.332260E-5	-1.332260E-5	-1.237641E-10	1.225781E+2
0.000000E+0	1.716853E-7	1.716853E-7	1.594919E-12	1.235674E+2
0.000000E+0	8.514945E-8	-8.514945E-8	-7.910200E-13	1.241816E+2
5.000000E-2	9.225885E-6	9.225885E-6	8.570648E-11	1.247959E+2
1.000000E-1	2.577733E-5	2.577733E-5	2.394658E-10	1.254678E+2
1.500000E-1	4.206069E-5	4.206069E-5	3.907347E-10	1.257402E+2
2.000000E-1	6.971489E-5	6.971489E-5	6.476362E-10	1.260127E+2
2.500000E-1	8.722568E-5	8.722568E-5	8.103077E-10	1.262842E+2
3.000000E-1	9.603070E-5	9.603070E-5	8.921044E-10	1.265566E+2
3.500000E-1	1.023459E-4	1.023459E-4	9.507712E-10	1.268291E+2
4.000000E-1	1.799364E-4	1.799364E-4	1.671570E-9	1.275010E+2
4.500000E-1	2.578677E-4	2.578677E-4	2.395535E-9	1.276191E+2
5.000000E-1	3.185799E-4	3.185799E-4	2.959538E-9	1.277373E+2
5.000000E-1	2.899827E-4	2.899827E-4	2.693877E-9	1.278555E+2
4.500000E-1	3.080358E-4	3.080358E-4	2.861586E-9	1.279727E+2
4.000000E-1	1.994143E-4	1.994143E-4	1.852516E-9	1.280908E+2
3.500000E-1	1.662060E-4	1.662060E-4	1.544018E-9	1.282090E+2
3.000000E-1	1.234680E-4	1.234680E-4	1.146991E-9	1.283271E+2
2.500000E-1	9.043125E-5	9.043125E-5	8.400868E-10	1.285684E+2
2.000000E-1	7.381024E-5	7.381024E-5	6.856812E-10	1.288408E+2
1.500000E-1	4.605544E-5	4.605544E-5	4.278451E-10	1.291123E+2
1.000000E-1	3.138335E-5	3.138335E-5	2.915445E-10	1.293848E+2
5.000000E-2	1.269141E-5	1.269141E-5	1.179005E-10	1.296572E+2
0.000000E+0	1.309457E-7	1.309457E-7	1.216457E-12	1.306465E+2
-5.000000E-2	9.495117E-6	-9.495117E-6	-8.820759E-11	1.312607E+2
-1.000000E-1	2.385698E-5	-2.385698E-5	-2.216262E-10	1.322754E+2
-1.500000E-1	3.819333E-5	-3.819333E-5	-3.548078E-10	1.325479E+2
-2.000000E-1	5.928700E-5	-5.928700E-5	-5.507634E-10	1.328203E+2
-2.500000E-1	7.100805E-5	-7.100805E-5	-6.596494E-10	1.330918E+2
-3.000000E-1	9.357758E-5	-9.357758E-5	-8.693155E-10	1.333643E+2
-3.500000E-1	1.009855E-4	-1.009855E-4	-9.381333E-10	1.336367E+2
-4.000000E-1	1.048737E-4	-1.048737E-4	-9.742538E-10	1.339092E+2
-4.500000E-1	1.070904E-4	-1.070904E-4	-9.948471E-10	1.341807E+2
-5.000000E-1	2.609271E-4	-2.609271E-4	-2.423956E-9	1.348535E+2
-5.000000E-1	2.726532E-4	-2.726532E-4	-2.532889E-9	1.349717E+2
-4.500000E-1	2.017910E-4	-2.017910E-4	-1.874595E-9	1.350898E+2
-4.000000E-1	1.549232E-4	-1.549232E-4	-1.439203E-9	1.352080E+2
-3.500000E-1	1.344363E-4	-1.344363E-4	-1.248884E-9	1.353262E+2
-3.000000E-1	1.174287E-4	-1.174287E-4	-1.090887E-9	1.354434E+2
-2.500000E-1	8.295751E-5	-8.295751E-5	-7.706573E-10	1.356855E+2
-2.000000E-1	5.842150E-5	-5.842150E-5	-5.427231E-10	1.359570E+2
-1.500000E-1	4.287273E-5	-4.287273E-5	-3.982784E-10	1.362295E+2
-1.000000E-1	2.651475E-5	-2.651475E-5	-2.463163E-10	1.365020E+2
-5.000000E-2	1.223431E-5	-1.223431E-5	-1.136541E-10	1.367744E+2
0.000000E+0	1.511026E-7	1.511026E-7	1.403710E-12	1.377637E+2
0.000000E+0	1.127742E-7	-1.127742E-7	-1.047648E-12	1.383779E+2
5.000000E-2	9.223846E-6	9.223846E-6	8.568753E-11	1.389922E+2
1.000000E-1	2.774298E-5	2.774298E-5	2.577263E-10	1.396641E+2
1.500000E-1	4.642200E-5	4.642200E-5	4.312503E-10	1.399365E+2
2.000000E-1	7.776132E-5	7.776132E-5	7.223859E-10	1.402090E+2
2.500000E-1	1.138612E-4	1.138612E-4	1.057746E-9	1.408809E+2
3.000000E-1	1.660105E-4	1.660105E-4	1.542202E-9	1.409990E+2
3.500000E-1	1.941017E-4	1.941017E-4	1.803163E-9	1.411172E+2
4.000000E-1	2.829937E-4	2.829937E-4	2.628950E-9	1.412354E+2
4.500000E-1	2.973387E-4	2.973387E-4	2.762212E-9	1.413525E+2
5.000000E-1	4.094759E-4	4.094759E-4	3.803943E-9	1.414707E+2
5.000000E-1	3.519176E-4	3.519176E-4	3.269238E-9	1.415889E+2
4.500000E-1	3.165809E-4	3.165809E-4	2.940968E-9	1.417070E+2
4.000000E-1	2.091496E-4	2.091496E-4	1.942955E-9	1.418252E+2
3.500000E-1	1.733974E-4	1.733974E-4	1.610824E-9	1.419424E+2
3.000000E-1	1.364090E-4	1.364090E-4	1.267210E-9	1.420605E+2
2.500000E-1	1.333163E-4	1.333163E-4	1.238480E-9	1.421787E+2
2.000000E-1	8.585700E-5	8.585700E-5	7.975930E-10	1.424199E+2
1.500000E-1	6.019690E-5	6.019690E-5	5.592162E-10	1.426924E+2
1.000000E-1	3.531134E-5	3.531134E-5	3.280347E-10	1.429639E+2
5.000000E-2	1.607541E-5	1.607541E-5	1.493371E-10	1.432363E+2
0.000000E+0	2.004901E-7	2.004901E-7	1.862510E-12	1.442256E+2
-5.000000E-2	9.545698E-6	-9.545698E-6	-8.867747E-11	1.448408E+2
-1.000000E-1	2.539913E-5	-2.539913E-5	-2.359524E-10	1.456846E+2
-1.500000E-1	4.501466E-5	-4.501466E-5	-4.181764E-10	1.459570E+2
-2.000000E-1	7.118909E-5	-7.118909E-5	-6.613312E-10	1.462285E+2
-2.500000E-1	7.711834E-5	-7.711834E-5	-7.164127E-10	1.465010E+2
-3.000000E-1	9.462103E-5	-9.462103E-5	-8.790089E-10	1.467734E+2
-3.500000E-1	9.969963E-5	-9.969963E-5	-9.261880E-10	1.470459E+2
-4.000000E-1	1.825699E-4	-1.825699E-4	-1.696035E-9	1.477178E+2
-4.500000E-1	2.233669E-4	-2.233669E-4	-2.075030E-9	1.478359E+2
-5.000000E-1	2.572869E-4	-2.572869E-4	-2.390140E-9	1.479541E+2
-5.000000E-1	2.676772E-4	-2.676772E-4	-2.486663E-9	1.480723E+2
-4.500000E-1	2.248213E-4	-2.248213E-4	-2.088541E-9	1.481895E+2
-4.000000E-1	1.791202E-4	-1.791202E-4	-1.663988E-9	1.483076E+2
-3.500000E-1	1.205866E-4	-1.205866E-4	-1.120223E-9	1.484258E+2
-3.000000E-1	9.423680E-5	-9.423680E-5	-8.754395E-10	1.486670E+2
-2.500000E-1	7.938027E-5	-7.938027E-5	-7.374255E-10	1.489395E+2
-2.000000E-1	6.759798E-5	-6.759798E-5	-6.279706E-10	1.492119E+2
-1.500000E-1	4.710906E-5	-4.710906E-5	-4.376330E-10	1.494834E+2
-1.000000E-1	2.686362E-5	-2.686362E-5	-2.495572E-10	1.497559E+2
-5.000000E-2	1.255392E-5	-1.255392E-5	-1.166232E-10	1.500283E+2
0.000000E+0	1.293264E-7	1.293264E-7	1.201414E-12	1.510176E+2
0.000000E+0	3.287230E-7	3.287230E-7	3.053766E-12	1.516328E+2
5.000000E-2	9.228019E-6	9.228019E-6	8.572630E-11	1.522461E+2
1.000000E-1	3.043460E-5	3.043460E-5	2.827309E-10	1.532598E+2
1.500000E-1	5.150072E-5	5.150072E-5	4.784305E-10	1.535322E+2
2.000000E-1	7.399722E-5	7.399722E-5	6.874181E-10	1.538047E+2
2.500000E-1	1.115102E-4	1.115102E-4	1.035906E-9	1.544775E+2
3.000000E-1	1.466185E-4	1.466185E-4	1.362054E-9	1.545947E+2
3.500000E-1	1.940772E-4	1.940772E-4	1.802935E-9	1.547129E+2
4.000000E-1	2.433172E-4	2.433172E-4	2.260364E-9	1.548311E+2
4.500000E-1	2.984574E-4	2.984574E-4	2.772605E-9	1.549492E+2
5.000000E-1	2.803132E-4	2.803132E-4	2.604049E-9	1.550674E+2
5.000000E-1	2.863470E-4	2.863470E-4	2.660102E-9	1.551846E+2
4.500000E-1	2.522212E-4	2.522212E-4	2.343080E-9	1.553027E+2
4.000000E-1	2.058097E-4	2.058097E-4	1.911928E-9	1.554209E+2
3.500000E-1	1.530006E-4	1.530006E-4	1.421342E-9	1.555391E+2
3.000000E-1	1.225898E-4	1.225898E-4	1.138833E-9	1.556572E+2
2.500000E-1	8.990602E-5	8.990602E-5	8.352075E-10	1.558984E+2
2.000000E-1	6.376888E-5	6.376888E-5	5.923991E-10	1.561699E+2
1.500000E-1	4.364529E-5	4.364529E-5	4.054553E-10	1.564424E+2
1.000000E-1	2.678213E-5	2.678213E-5	2.488002E-10	1.567148E+2
5.000000E-2	1.217888E-5	1.217888E-5	1.131392E-10	1.569863E+2
0.000000E+0	1.903303E-7	1.903303E-7	1.768127E-12	1.579766E+2
-5.000000E-2	9.489193E-6	-9.489193E-6	-8.815255E-11	1.585908E+2
-1.000000E-1	2.420008E-5	-2.420008E-5	-2.248135E-10	1.594346E+2
-1.500000E-1	4.139655E-5	-4.139655E-5	-3.845650E-10	1.597070E+2
-2.000000E-1	5.841909E-5	-5.841909E-5	-5.427007E-10	1.599795E+2
-2.500000E-1	7.943356E-5	-7.943356E-5	-7.379206E-10	1.602510E+2
-3.000000E-1	9.638387E-5	-9.638387E-5	-8.953853E-10	1.605234E+2
-3.500000E-1	9.947209E-5	-9.947209E-5	-9.240742E-10	1.607959E+2
-4.000000E-1	1.023562E-4	-1.023562E-4	-9.508674E-10	1.610684E+2
-4.500000E-1	1.069346E-4	-1.069346E-4	-9.933991E-10	1.613398E+2
-5.000000E-1	2.175434E-4	-2.175434E-4	-2.020931E-9	1.620127E+2
-5.000000E-1	2.116696E-4	-2.116696E-4	-1.966365E-9	1.621309E+2
-4.500000E-1	1.765873E-4	-1.765873E-4	-1.640458E-9	1.622490E+2
-4.000000E-1	1.488100E-4	-1.488100E-4	-1.382413E-9	1.623672E+2
-3.500000E-1	1.218803E-4	-1.218803E-4	-1.132242E-9	1.624854E+2
-3.000000E-1	9.526075E-5	-9.526075E-5	-8.849517E-10	1.627266E+2
-2.500000E-1	8.253997E-5	-8.253997E-5	-7.667784E-10	1.629990E+2
-2.000000E-1	6.307087E-5	-6.307087E-5	-5.859147E-10	1.632705E+2
-1.500000E-1	4.443897E-5	-4.443897E-5	-4.128284E-10	1.635430E+2
-1.000000E-1	2.649703E-5	-2.649703E-5	-2.461517E-10	1.638154E+2
-5.000000E-2	1.285444E-5	-1.285444E-5	-1.194150E-10	1.640879E+2
0.000000E+0	9.137145E-8	9.137145E-8	8.488210E-13	1.650771E+2
0.000000E+0	6.467588E-8	6.467588E-8	6.008249E-13	1.656914E+2
5.000000E-2	9.247652E-6	9.247652E-6	8.590868E-11	1.663057E+2
1.000000E-1	9.577374E-6	9.577374E-6	8.897173E-11	1.669189E+2
1.500000E-1	9.938950E-6	9.938950E-6	9.233070E-11	1.675332E+2
2.000000E-1	7.627162E-5	7.627162E-5	7.085469E-10	1.682061E+2
2.500000E-1	9.381316E-5	9.381316E-5	8.715039E-10	1.684775E+2
3.000000E-1	9.936748E-5	9.936748E-5	9.231024E-10	1.687500E+2
3.500000E-1	1.859341E-4	1.859341E-4	1.727288E-9	1.694219E+2
4.000000E-1	2.294607E-4	2.294607E-4	2.131640E-9	1.695400E+2
4.500000E-1	2.755553E-4	2.755553E-4	2.559849E-9	1.696582E+2
5.000000E-1	3.356707E-4	3.356707E-4	3.118308E-9	1.697764E+2
5.000000E-1	3.352635E-4	3.352635E-4	3.114525E-9	1.698945E+2
4.500000E-1	2.726098E-4	2.726098E-4	2.532486E-9	1.700117E+2
4.000000E-1	2.254975E-4	2.254975E-4	2.094823E-9	1.701299E+2
3.500000E-1	1.728943E-4	1.728943E-4	1.606151E-9	1.702480E+2
3.000000E-1	1.327193E-4	1.327193E-4	1.232934E-9	1.703662E+2
2.500000E-1	9.233309E-5	9.233309E-5	8.577544E-10	1.706074E+2
2.000000E-1	7.078711E-5	7.078711E-5	6.575969E-10	1.708799E+2
1.500000E-1	4.874646E-5	4.874646E-5	4.528441E-10	1.711514E+2
1.000000E-1	2.850542E-5	2.850542E-5	2.648092E-10	1.714238E+2
5.000000E-2	1.323113E-5	1.323113E-5	1.229143E-10	1.716963E+2
0.000000E+0	1.414821E-7	1.414821E-7	1.314338E-12	1.726855E+2
-5.000000E-2	9.503445E-6	-9.503445E-6	-8.828495E-11	1.732998E+2
-1.000000E-1	2.481884E-5	-2.481884E-5	-2.305617E-10	1.743145E+2
-1.500000E-1	4.055158E-5	-4.055158E-5	-3.767154E-10	1.745869E+2
-2.000000E-1	5.748330E-5	-5.748330E-5	-5.340074E-10	1.748594E+2
-2.500000E-1	7.613578E-5	-7.613578E-5	-7.072849E-10	1.751309E+2
-3.000000E-1	9.532982E-5	-9.532982E-5	-8.855934E-10	1.754033E+2
-3.500000E-1	9.845013E-5	-9.845013E-5	-9.145804E-10	1.756758E+2
-4.000000E-1	1.026721E-4	-1.026721E-4	-9.538019E-10	1.759482E+2
-4.500000E-1	1.078282E-4	-1.078282E-4	-1.001701E-9	1.762197E+2
-5.000000E-1	2.307195E-4	-2.307195E-4	-2.143334E-9	1.768926E+2
-5.000000E-1	2.330300E-4	-2.330300E-4	-2.164798E-9	1.770107E+2
-4.500000E-1	1.904434E-4	-1.904434E-4	-1.769178E-9	1.771289E+2
-4.000000E-1	1.600677E-4	-1.600677E-4	-1.486994E-9	1.772471E+2
-3.500000E-1	1.303758E-4	-1.303758E-4	-1.211163E-9	1.773643E+2
-3.000000E-1	9.595810E-5	-9.595810E-5	-8.914300E-10	1.776064E+2
-2.500000E-1	8.332479E-5	-8.332479E-5	-7.740693E-10	1.778779E+2
-2.000000E-1	6.332594E-5	-6.332594E-5	-5.882843E-10	1.781504E+2
-1.500000E-1	4.372385E-5	-4.372385E-5	-4.061851E-10	1.784229E+2
-1.000000E-1	2.722138E-5	-2.722138E-5	-2.528807E-10	1.786953E+2
-5.000000E-2	1.319567E-5	-1.319567E-5	-1.225849E-10	1.789668E+2
0.000000E+0	1.196639E-7	1.196639E-7	1.111652E-12	1.799570E+2
0.000000E+0	1.586168E-7	1.586168E-7	1.473516E-12	1.805713E+2
5.000000E-2	9.256236E-6	9.256236E-6	8.598843E-11	1.811855E+2
1.000000E-1	9.566717E-6	9.566717E-6	8.887273E-11	1.817988E+2
1.500000E-1	9.881986E-6	9.881986E-6	9.180151E-11	1.824131E+2
2.000000E-1	6.833653E-5	6.833653E-5	6.348316E-10	1.830850E+2
2.500000E-1	9.048696E-5	9.048696E-5	8.406043E-10	1.833574E+2
3.000000E-1	9.600070E-5	9.600070E-5	8.918257E-10	1.836299E+2
3.500000E-1	1.369768E-4	1.369768E-4	1.272485E-9	1.843018E+2
4.000000E-1	1.764960E-4	1.764960E-4	1.639610E-9	1.844199E+2
4.500000E-1	2.160767E-4	2.160767E-4	2.007306E-9	1.845381E+2
5.000000E-1	2.928878E-4	2.928878E-4	2.720864E-9	1.846563E+2
5.000000E-1	2.937955E-4	2.937955E-4	2.729297E-9	1.847734E+2
4.500000E-1	2.338077E-4	2.338077E-4	2.172023E-9	1.848916E+2
4.000000E-1	1.799329E-4	1.799329E-4	1.671538E-9	1.850098E+2
3.500000E-1	1.539014E-4	1.539014E-4	1.429711E-9	1.851279E+2
3.000000E-1	1.209528E-4	1.209528E-4	1.123625E-9	1.852461E+2
2.500000E-1	9.094029E-5	9.094029E-5	8.448156E-10	1.854873E+2
2.000000E-1	6.664691E-5	6.664691E-5	6.191354E-10	1.857588E+2
1.500000E-1	4.380319E-5	4.380319E-5	4.069222E-10	1.860313E+2
1.000000E-1	2.673362E-5	2.673362E-5	2.483496E-10	1.863037E+2
5.000000E-2	1.278046E-5	1.278046E-5	1.187277E-10	1.865752E+2
0.000000E+0	2.664418E-7	2.664418E-7	2.475187E-12	1.875654E+2
-5.000000E-2	1.033400E-5	-1.033400E-5	-9.600065E-11	1.884092E+2
-1.000000E-1	2.494486E-5	-2.494486E-5	-2.317324E-10	1.886816E+2
-1.500000E-1	4.019354E-5	-4.019354E-5	-3.733893E-10	1.889541E+2
-2.000000E-1	5.756995E-5	-5.756995E-5	-5.348124E-10	1.892256E+2
-2.500000E-1	7.393977E-5	-7.393977E-5	-6.868845E-10	1.894980E+2
-3.000000E-1	9.237232E-5	-9.237232E-5	-8.581189E-10	1.897705E+2
-3.500000E-1	1.005580E-4	-1.005580E-4	-9.341616E-10	1.900430E+2
-4.000000E-1	1.024661E-4	-1.024661E-4	-9.518877E-10	1.903145E+2
-4.500000E-1	1.865792E-4	-1.865792E-4	-1.733280E-9	1.909873E+2
-5.000000E-1	2.090876E-4	-2.090876E-4	-1.942379E-9	1.911055E+2
-5.000000E-1	2.013564E-4	-2.013564E-4	-1.870557E-9	1.912236E+2
-4.500000E-1	1.842675E-4	-1.842675E-4	-1.711805E-9	1.913418E+2
-4.000000E-1	1.555274E-4	-1.555274E-4	-1.444816E-9	1.914590E+2
-3.500000E-1	1.264451E-4	-1.264451E-4	-1.174648E-9	1.915771E+2
-3.000000E-1	9.499865E-5	-9.499865E-5	-8.825169E-10	1.918184E+2
-2.500000E-1	7.818189E-5	-7.818189E-5	-7.262928E-10	1.920908E+2
-2.000000E-1	6.033155E-5	-6.033155E-5	-5.604670E-10	1.923633E+2
-1.500000E-1	3.966032E-5	-3.966032E-5	-3.684358E-10	1.926357E+2
-1.000000E-1	2.600534E-5	-2.600534E-5	-2.415840E-10	1.929072E+2
-5.000000E-2	1.175162E-5	-1.175162E-5	-1.091700E-10	1.931797E+2
0.000000E+0	1.100539E-7	1.100539E-7	1.022377E-12	1.941699E+2
