voltage_3_2_21_500mV_500ms	absJ_3_2_21_500mV_500ms	J_3_2_21_500mV_500ms	current_3_2_21_500mV_500ms	time_3_2_21_500mV_500ms	
0.000000E+0	1.651796E-7	1.651796E-7	2.562603E-12	0.000000E+0
5.000000E-2	1.307450E-6	1.307450E-6	2.028383E-11	6.035156E-1
1.000000E-1	2.760722E-6	2.760722E-6	4.282995E-11	1.206055E+0
1.500000E-1	4.667937E-6	4.667937E-6	7.241854E-11	1.809570E+0
2.000000E-1	3.708883E-6	3.708883E-6	5.753975E-11	2.625000E+0
2.500000E-1	4.660199E-6	4.660199E-6	7.229851E-11	3.600586E+0
3.000000E-1	6.326522E-6	6.326522E-6	9.814990E-11	4.204102E+0
3.500000E-1	6.471661E-6	6.471661E-6	1.004016E-10	5.019531E+0
4.000000E-1	8.051244E-6	8.051244E-6	1.249073E-10	5.288086E+0
4.500000E-1	1.003966E-5	1.003966E-5	1.557556E-10	5.556641E+0
5.000000E-1	1.202098E-5	1.202098E-5	1.864940E-10	5.825195E+0
5.000000E-1	1.141592E-5	1.141592E-5	1.771070E-10	6.093750E+0
4.500000E-1	9.495768E-6	9.495768E-6	1.473177E-10	6.362305E+0
4.000000E-1	7.896326E-6	7.896326E-6	1.225039E-10	6.630859E+0
3.500000E-1	5.976592E-6	5.976592E-6	9.272107E-11	7.606445E+0
3.000000E-1	4.839661E-6	4.839661E-6	7.508269E-11	8.208984E+0
2.500000E-1	3.622542E-6	3.622542E-6	5.620025E-11	8.812500E+0
2.000000E-1	2.678957E-6	2.678957E-6	4.156144E-11	9.416016E+0
1.500000E-1	1.833372E-6	1.833372E-6	2.844300E-11	1.001953E+1
1.000000E-1	1.136763E-6	1.136763E-6	1.763578E-11	1.062305E+1
5.000000E-2	5.542335E-7	5.542335E-7	8.598400E-12	1.122559E+1
0.000000E+0	2.519625E-8	2.519625E-8	3.908956E-13	1.182910E+1
-5.000000E-2	4.757769E-7	-4.757769E-7	-7.381221E-12	1.243262E+1
-1.000000E-1	9.988916E-7	-9.988916E-7	-1.549684E-11	1.303613E+1
-1.500000E-1	1.528255E-6	-1.528255E-6	-2.370941E-11	1.363965E+1
-2.000000E-1	2.038205E-6	-2.038205E-6	-3.162079E-11	1.424316E+1
-2.500000E-1	2.589973E-6	-2.589973E-6	-4.018094E-11	1.484668E+1
-3.000000E-1	3.018634E-6	-3.018634E-6	-4.683121E-11	1.545020E+1
-3.500000E-1	3.552235E-6	-3.552235E-6	-5.510951E-11	1.605273E+1
-4.000000E-1	4.300159E-6	-4.300159E-6	-6.671282E-11	1.665625E+1
-4.500000E-1	5.008658E-6	-5.008658E-6	-7.770451E-11	1.725977E+1
-5.000000E-1	5.802334E-6	-5.802334E-6	-9.001763E-11	1.786328E+1
-5.000000E-1	5.745978E-6	-5.745978E-6	-8.914332E-11	1.846680E+1
-4.500000E-1	5.054474E-6	-5.054474E-6	-7.841530E-11	1.906934E+1
-4.000000E-1	4.223653E-6	-4.223653E-6	-6.552592E-11	1.967285E+1
-3.500000E-1	3.471286E-6	-3.471286E-6	-5.385366E-11	2.027637E+1
-3.000000E-1	3.053631E-6	-3.053631E-6	-4.737415E-11	2.087988E+1
-2.500000E-1	2.422062E-6	-2.422062E-6	-3.757596E-11	2.148340E+1
-2.000000E-1	1.957352E-6	-1.957352E-6	-3.036643E-11	2.208594E+1
-1.500000E-1	1.447064E-6	-1.447064E-6	-2.244981E-11	2.268945E+1
-1.000000E-1	9.381484E-7	-9.381484E-7	-1.455447E-11	2.329297E+1
-5.000000E-2	4.671482E-7	-4.671482E-7	-7.247355E-12	2.389648E+1
0.000000E+0	5.761674E-9	-5.761674E-9	-8.938683E-14	2.450000E+1
0.000000E+0	2.436702E-9	-2.436702E-9	-3.780309E-14	2.510352E+1
5.000000E-2	4.945862E-7	4.945862E-7	7.673029E-12	2.570703E+1
1.000000E-1	1.049744E-6	1.049744E-6	1.628577E-11	2.631055E+1
1.500000E-1	1.662596E-6	1.662596E-6	2.579357E-11	2.691309E+1
2.000000E-1	2.384102E-6	2.384102E-6	3.698705E-11	2.751660E+1
2.500000E-1	3.201268E-6	3.201268E-6	4.966459E-11	2.812012E+1
3.000000E-1	4.216004E-6	4.216004E-6	6.540724E-11	2.872363E+1
3.500000E-1	5.314076E-6	5.314076E-6	8.244278E-11	2.932617E+1
4.000000E-1	6.509808E-6	6.509808E-6	1.009934E-10	2.992969E+1
4.500000E-1	8.140272E-6	8.140272E-6	1.262885E-10	3.074512E+1
5.000000E-1	9.555971E-6	9.555971E-6	1.482517E-10	3.101367E+1
5.000000E-1	9.736891E-6	9.736891E-6	1.510585E-10	3.128223E+1
4.500000E-1	8.160648E-6	8.160648E-6	1.266046E-10	3.155176E+1
4.000000E-1	6.997443E-6	6.997443E-6	1.085586E-10	3.182031E+1
3.500000E-1	5.452231E-6	5.452231E-6	8.458612E-11	3.279492E+1
3.000000E-1	4.546332E-6	4.546332E-6	7.053196E-11	3.339844E+1
2.500000E-1	3.449127E-6	3.449127E-6	5.350988E-11	3.400195E+1
2.000000E-1	2.630197E-6	2.630197E-6	4.080498E-11	3.460547E+1
1.500000E-1	1.815901E-6	1.815901E-6	2.817195E-11	3.520801E+1
1.000000E-1	1.116058E-6	1.116058E-6	1.731457E-11	3.581152E+1
5.000000E-2	5.422674E-7	5.422674E-7	8.412757E-12	3.641504E+1
0.000000E+0	2.551113E-8	2.551113E-8	3.957806E-13	3.701855E+1
-5.000000E-2	4.494213E-7	-4.494213E-7	-6.972339E-12	3.762207E+1
-1.000000E-1	9.227765E-7	-9.227765E-7	-1.431599E-11	3.822559E+1
-1.500000E-1	1.376799E-6	-1.376799E-6	-2.135971E-11	3.882910E+1
-2.000000E-1	1.850247E-6	-1.850247E-6	-2.870480E-11	3.943262E+1
-2.500000E-1	2.572065E-6	-2.572065E-6	-3.990311E-11	4.003516E+1
-3.000000E-1	3.055542E-6	-3.055542E-6	-4.740380E-11	4.063867E+1
-3.500000E-1	3.936447E-6	-3.936447E-6	-6.107019E-11	4.124219E+1
-4.000000E-1	4.453965E-6	-4.453965E-6	-6.909898E-11	4.184570E+1
-4.500000E-1	4.830309E-6	-4.830309E-6	-7.493760E-11	4.244922E+1
-5.000000E-1	5.337048E-6	-5.337048E-6	-8.279916E-11	4.305176E+1
-5.000000E-1	5.259194E-6	-5.259194E-6	-8.159133E-11	4.365527E+1
-4.500000E-1	4.716715E-6	-4.716715E-6	-7.317530E-11	4.425879E+1
-4.000000E-1	4.146087E-6	-4.146087E-6	-6.432255E-11	4.486230E+1
-3.500000E-1	3.403884E-6	-3.403884E-6	-5.280798E-11	4.546582E+1
-3.000000E-1	2.867127E-6	-2.867127E-6	-4.448072E-11	4.606836E+1
-2.500000E-1	2.389064E-6	-2.389064E-6	-3.706403E-11	4.667187E+1
-2.000000E-1	1.962196E-6	-1.962196E-6	-3.044159E-11	4.727539E+1
-1.500000E-1	1.573734E-6	-1.573734E-6	-2.441497E-11	4.787891E+1
-1.000000E-1	9.641791E-7	-9.641791E-7	-1.495831E-11	4.848242E+1
-5.000000E-2	4.686609E-7	-4.686609E-7	-7.270823E-12	4.908496E+1
0.000000E+0	7.480960E-9	-7.480960E-9	-1.160599E-13	4.968848E+1
0.000000E+0	3.068241E-9	-3.068241E-9	-4.760081E-14	5.029199E+1
5.000000E-2	4.889909E-7	4.889909E-7	7.586223E-12	5.089551E+1
1.000000E-1	1.042903E-6	1.042903E-6	1.617964E-11	5.149902E+1
1.500000E-1	1.703344E-6	1.703344E-6	2.642575E-11	5.210254E+1
2.000000E-1	2.517332E-6	2.517332E-6	3.905398E-11	5.270605E+1
2.500000E-1	3.353318E-6	3.353318E-6	5.202350E-11	5.330859E+1
3.000000E-1	4.554386E-6	4.554386E-6	7.065692E-11	5.391211E+1
3.500000E-1	5.665769E-6	5.665769E-6	8.789895E-11	5.451562E+1
4.000000E-1	6.828996E-6	6.828996E-6	1.059453E-10	5.533105E+1
4.500000E-1	8.687293E-6	8.687293E-6	1.347750E-10	5.559961E+1
5.000000E-1	1.149560E-5	1.149560E-5	1.783431E-10	5.586816E+1
5.000000E-1	1.107942E-5	1.107942E-5	1.718865E-10	5.613672E+1
4.500000E-1	9.515718E-6	9.515718E-6	1.476272E-10	5.640527E+1
4.000000E-1	7.226165E-6	7.226165E-6	1.121070E-10	5.667383E+1
3.500000E-1	5.392908E-6	5.392908E-6	8.366578E-11	5.764941E+1
3.000000E-1	4.405782E-6	4.405782E-6	6.835146E-11	5.825293E+1
2.500000E-1	3.349136E-6	3.349136E-6	5.195862E-11	5.885547E+1
2.000000E-1	2.497158E-6	2.497158E-6	3.874101E-11	5.945898E+1
1.500000E-1	1.754461E-6	1.754461E-6	2.721877E-11	6.006250E+1
1.000000E-1	1.076216E-6	1.076216E-6	1.669645E-11	6.066602E+1
5.000000E-2	5.018730E-7	5.018730E-7	7.786077E-12	6.126953E+1
0.000000E+0	2.183550E-8	2.183550E-8	3.387568E-13	6.187207E+1
-5.000000E-2	4.521451E-7	-4.521451E-7	-7.014597E-12	6.247656E+1
-1.000000E-1	9.081769E-7	-9.081769E-7	-1.408949E-11	6.307910E+1
-1.500000E-1	1.437750E-6	-1.437750E-6	-2.230531E-11	6.368262E+1
-2.000000E-1	1.948756E-6	-1.948756E-6	-3.023308E-11	6.428613E+1
-2.500000E-1	2.577053E-6	-2.577053E-6	-3.998049E-11	6.488965E+1
-3.000000E-1	3.173153E-6	-3.173153E-6	-4.922841E-11	6.549316E+1
-3.500000E-1	3.529850E-6	-3.529850E-6	-5.476222E-11	6.609570E+1
-4.000000E-1	4.212123E-6	-4.212123E-6	-6.534703E-11	6.669922E+1
-4.500000E-1	4.712911E-6	-4.712911E-6	-7.311628E-11	6.730273E+1
-5.000000E-1	5.490760E-6	-5.490760E-6	-8.518385E-11	6.790625E+1
-5.000000E-1	5.352570E-6	-5.352570E-6	-8.303998E-11	6.850977E+1
-4.500000E-1	4.759512E-6	-4.759512E-6	-7.383925E-11	6.911230E+1
-4.000000E-1	4.344251E-6	-4.344251E-6	-6.739687E-11	6.971582E+1
-3.500000E-1	3.416811E-6	-3.416811E-6	-5.300854E-11	7.031934E+1
-3.000000E-1	3.239442E-6	-3.239442E-6	-5.025683E-11	7.092285E+1
-2.500000E-1	2.395126E-6	-2.395126E-6	-3.715808E-11	7.152637E+1
-2.000000E-1	1.959956E-6	-1.959956E-6	-3.040683E-11	7.212988E+1
-1.500000E-1	1.416007E-6	-1.416007E-6	-2.196798E-11	7.273242E+1
-1.000000E-1	1.010458E-6	-1.010458E-6	-1.567628E-11	7.333594E+1
-5.000000E-2	4.901690E-7	-4.901690E-7	-7.604500E-12	7.393945E+1
0.000000E+0	8.793242E-9	-8.793242E-9	-1.364187E-13	7.454297E+1
0.000000E+0	2.881284E-9	-2.881284E-9	-4.470035E-14	7.514648E+1
5.000000E-2	4.803032E-7	4.803032E-7	7.451442E-12	7.575000E+1
1.000000E-1	1.059339E-6	1.059339E-6	1.643462E-11	7.635352E+1
1.500000E-1	1.664885E-6	1.664885E-6	2.582909E-11	7.695703E+1
2.000000E-1	2.441408E-6	2.441408E-6	3.787609E-11	7.755957E+1
2.500000E-1	3.326779E-6	3.326779E-6	5.161178E-11	7.816309E+1
3.000000E-1	4.442565E-6	4.442565E-6	6.892212E-11	7.876660E+1
3.500000E-1	6.122401E-6	6.122401E-6	9.498315E-11	7.937012E+1
4.000000E-1	5.572263E-6	5.572263E-6	8.644829E-11	8.018555E+1
4.500000E-1	7.254636E-6	7.254636E-6	1.125487E-10	8.045410E+1
5.000000E-1	8.574654E-6	8.574654E-6	1.330275E-10	8.072266E+1
5.000000E-1	9.268586E-6	9.268586E-6	1.437932E-10	8.099121E+1
4.500000E-1	7.907149E-6	7.907149E-6	1.226718E-10	8.125977E+1
4.000000E-1	5.887596E-6	5.887596E-6	9.134038E-11	8.223535E+1
3.500000E-1	4.728599E-6	4.728599E-6	7.335966E-11	8.283887E+1
3.000000E-1	3.903251E-6	3.903251E-6	6.055518E-11	8.344141E+1
2.500000E-1	2.847866E-6	2.847866E-6	4.418190E-11	8.404492E+1
2.000000E-1	2.121515E-6	2.121515E-6	3.291326E-11	8.464844E+1
1.500000E-1	1.521406E-6	1.521406E-6	2.360315E-11	8.525195E+1
1.000000E-1	9.517523E-7	9.517523E-7	1.476552E-11	8.585547E+1
5.000000E-2	4.876044E-7	4.876044E-7	7.564713E-12	8.645801E+1
0.000000E+0	2.091414E-8	2.091414E-8	3.244627E-13	8.706152E+1
-5.000000E-2	4.183891E-7	-4.183891E-7	-6.490905E-12	8.766504E+1
-1.000000E-1	8.283794E-7	-8.283794E-7	-1.285151E-11	8.826855E+1
-1.500000E-1	1.261468E-6	-1.261468E-6	-1.957046E-11	8.887207E+1
-2.000000E-1	1.712743E-6	-1.712743E-6	-2.657156E-11	8.947559E+1
-2.500000E-1	2.159924E-6	-2.159924E-6	-3.350915E-11	9.007910E+1
-3.000000E-1	2.687024E-6	-2.687024E-6	-4.168660E-11	9.068164E+1
-3.500000E-1	3.108771E-6	-3.108771E-6	-4.822959E-11	9.128516E+1
-4.000000E-1	3.553053E-6	-3.553053E-6	-5.512220E-11	9.188867E+1
-4.500000E-1	3.988671E-6	-3.988671E-6	-6.188040E-11	9.249219E+1
-5.000000E-1	4.495951E-6	-4.495951E-6	-6.975036E-11	9.309473E+1
-5.000000E-1	4.035913E-6	-4.035913E-6	-6.261330E-11	9.369824E+1
-4.500000E-1	3.625060E-6	-3.625060E-6	-5.623932E-11	9.430176E+1
-4.000000E-1	3.217588E-6	-3.217588E-6	-4.991779E-11	9.490527E+1
-3.500000E-1	2.896645E-6	-2.896645E-6	-4.493866E-11	9.550879E+1
-3.000000E-1	2.472639E-6	-2.472639E-6	-3.836061E-11	9.611133E+1
-2.500000E-1	2.050212E-6	-2.050212E-6	-3.180707E-11	9.671484E+1
-2.000000E-1	1.605268E-6	-1.605268E-6	-2.490419E-11	9.731836E+1
-1.500000E-1	1.217511E-6	-1.217511E-6	-1.888852E-11	9.792188E+1
-1.000000E-1	8.080108E-7	-8.080108E-7	-1.253551E-11	9.852539E+1
-5.000000E-2	4.134442E-7	-4.134442E-7	-6.414189E-12	9.912793E+1
0.000000E+0	1.755070E-9	-1.755070E-9	-2.722822E-14	9.973145E+1
0.000000E+0	2.585195E-10	-2.585195E-10	-4.010681E-15	1.003350E+2
5.000000E-2	4.592084E-7	4.592084E-7	7.124176E-12	1.009385E+2
1.000000E-1	9.987290E-7	9.987290E-7	1.549432E-11	1.015420E+2
1.500000E-1	1.594467E-6	1.594467E-6	2.473662E-11	1.021455E+2
2.000000E-1	2.286873E-6	2.286873E-6	3.547863E-11	1.027480E+2
2.500000E-1	3.009623E-6	3.009623E-6	4.669141E-11	1.033516E+2
3.000000E-1	3.819033E-6	3.819033E-6	5.924863E-11	1.039551E+2
3.500000E-1	4.731616E-6	4.731616E-6	7.340647E-11	1.045586E+2
4.000000E-1	5.794251E-6	5.794251E-6	8.989223E-11	1.051611E+2
4.500000E-1	6.495852E-6	6.495852E-6	1.007769E-10	1.059775E+2
5.000000E-1	7.968403E-6	7.968403E-6	1.236221E-10	1.062461E+2
5.000000E-1	7.914858E-6	7.914858E-6	1.227914E-10	1.065146E+2
4.500000E-1	6.609131E-6	6.609131E-6	1.025343E-10	1.067832E+2
4.000000E-1	5.221559E-6	5.221559E-6	8.100746E-11	1.077578E+2
3.500000E-1	4.371946E-6	4.371946E-6	6.782654E-11	1.083613E+2
3.000000E-1	3.449396E-6	3.449396E-6	5.351406E-11	1.089648E+2
2.500000E-1	2.705971E-6	2.705971E-6	4.198054E-11	1.095674E+2
2.000000E-1	2.033037E-6	2.033037E-6	3.154061E-11	1.101709E+2
1.500000E-1	1.416567E-6	1.416567E-6	2.197668E-11	1.107744E+2
1.000000E-1	8.946974E-7	8.946974E-7	1.388037E-11	1.113779E+2
5.000000E-2	4.355328E-7	4.355328E-7	6.756873E-12	1.119805E+2
0.000000E+0	1.619012E-8	1.619012E-8	2.511741E-13	1.125840E+2
-5.000000E-2	3.986236E-7	-3.986236E-7	-6.184261E-12	1.131885E+2
-1.000000E-1	8.275763E-7	-8.275763E-7	-1.283905E-11	1.137910E+2
-1.500000E-1	1.248614E-6	-1.248614E-6	-1.937105E-11	1.143945E+2
-2.000000E-1	1.674059E-6	-1.674059E-6	-2.597142E-11	1.149980E+2
-2.500000E-1	2.172390E-6	-2.172390E-6	-3.370254E-11	1.156016E+2
-3.000000E-1	2.489376E-6	-2.489376E-6	-3.862027E-11	1.162041E+2
-3.500000E-1	2.976845E-6	-2.976845E-6	-4.618289E-11	1.168076E+2
-4.000000E-1	3.362010E-6	-3.362010E-6	-5.215835E-11	1.174111E+2
-4.500000E-1	3.757289E-6	-3.757289E-6	-5.829072E-11	1.180146E+2
-5.000000E-1	4.144965E-6	-4.144965E-6	-6.430514E-11	1.186182E+2
-5.000000E-1	4.402238E-6	-4.402238E-6	-6.829648E-11	1.192207E+2
-4.500000E-1	3.928129E-6	-3.928129E-6	-6.094114E-11	1.198242E+2
-4.000000E-1	3.456038E-6	-3.456038E-6	-5.361710E-11	1.204277E+2
-3.500000E-1	3.044350E-6	-3.044350E-6	-4.723016E-11	1.210312E+2
-3.000000E-1	2.565818E-6	-2.565818E-6	-3.980620E-11	1.216338E+2
-2.500000E-1	2.189126E-6	-2.189126E-6	-3.396219E-11	1.222373E+2
-2.000000E-1	1.688257E-6	-1.688257E-6	-2.619169E-11	1.228408E+2
-1.500000E-1	1.268610E-6	-1.268610E-6	-1.968126E-11	1.234443E+2
-1.000000E-1	8.292735E-7	-8.292735E-7	-1.286538E-11	1.240479E+2
-5.000000E-2	4.093070E-7	-4.093070E-7	-6.350004E-12	1.246514E+2
0.000000E+0	1.026027E-9	-1.026027E-9	-1.591782E-14	1.252539E+2
0.000000E+0	1.148578E-9	-1.148578E-9	-1.781908E-14	1.258584E+2
5.000000E-2	4.233476E-7	4.233476E-7	6.567830E-12	1.264609E+2
1.000000E-1	8.893965E-7	8.893965E-7	1.379813E-11	1.270645E+2
1.500000E-1	1.386484E-6	1.386484E-6	2.150997E-11	1.276680E+2
2.000000E-1	2.059075E-6	2.059075E-6	3.194457E-11	1.282715E+2
2.500000E-1	2.860717E-6	2.860717E-6	4.438127E-11	1.288740E+2
3.000000E-1	3.657700E-6	3.657700E-6	5.674570E-11	1.294775E+2
3.500000E-1	4.568521E-6	4.568521E-6	7.087621E-11	1.300811E+2
4.000000E-1	5.689110E-6	5.689110E-6	8.826107E-11	1.306846E+2
4.500000E-1	7.131264E-6	7.131264E-6	1.106347E-10	1.315000E+2
5.000000E-1	8.029129E-6	8.029129E-6	1.245642E-10	1.317686E+2
5.000000E-1	7.968912E-6	7.968912E-6	1.236300E-10	1.320371E+2
4.500000E-1	6.579867E-6	6.579867E-6	1.020803E-10	1.323057E+2
4.000000E-1	5.600659E-6	5.600659E-6	8.688883E-11	1.332812E+2
3.500000E-1	4.361915E-6	4.361915E-6	6.767092E-11	1.338838E+2
3.000000E-1	3.548235E-6	3.548235E-6	5.504746E-11	1.344873E+2
2.500000E-1	2.823586E-6	2.823586E-6	4.380522E-11	1.350908E+2
2.000000E-1	2.074662E-6	2.074662E-6	3.218639E-11	1.356943E+2
1.500000E-1	1.410643E-6	1.410643E-6	2.188477E-11	1.362969E+2
1.000000E-1	8.746614E-7	8.746614E-7	1.356953E-11	1.369004E+2
5.000000E-2	4.312042E-7	4.312042E-7	6.689718E-12	1.375039E+2
0.000000E+0	1.700414E-8	1.700414E-8	2.638029E-13	1.381074E+2
-5.000000E-2	3.849140E-7	-3.849140E-7	-5.971570E-12	1.387109E+2
-1.000000E-1	7.929599E-7	-7.929599E-7	-1.230201E-11	1.393145E+2
-1.500000E-1	1.196724E-6	-1.196724E-6	-1.856602E-11	1.399180E+2
-2.000000E-1	1.536753E-6	-1.536753E-6	-2.384125E-11	1.405205E+2
-2.500000E-1	1.872061E-6	-1.872061E-6	-2.904323E-11	1.411240E+2
-3.000000E-1	2.321898E-6	-2.321898E-6	-3.602202E-11	1.417275E+2
-3.500000E-1	2.617137E-6	-2.617137E-6	-4.060237E-11	1.423311E+2
-4.000000E-1	3.061153E-6	-3.061153E-6	-4.749084E-11	1.429336E+2
-4.500000E-1	3.493595E-6	-3.493595E-6	-5.419977E-11	1.435371E+2
-5.000000E-1	3.788300E-6	-3.788300E-6	-5.877183E-11	1.441406E+2
-5.000000E-1	3.821976E-6	-3.821976E-6	-5.929428E-11	1.447441E+2
-4.500000E-1	3.422728E-6	-3.422728E-6	-5.310033E-11	1.453477E+2
-4.000000E-1	2.916398E-6	-2.916398E-6	-4.524511E-11	1.459502E+2
-3.500000E-1	2.644282E-6	-2.644282E-6	-4.102349E-11	1.465537E+2
-3.000000E-1	2.303614E-6	-2.303614E-6	-3.573836E-11	1.471572E+2
-2.500000E-1	1.852039E-6	-1.852039E-6	-2.873260E-11	1.477607E+2
-2.000000E-1	1.521601E-6	-1.521601E-6	-2.360617E-11	1.483633E+2
-1.500000E-1	1.145740E-6	-1.145740E-6	-1.777505E-11	1.489668E+2
-1.000000E-1	7.923901E-7	-7.923901E-7	-1.229317E-11	1.495703E+2
-5.000000E-2	3.886603E-7	-3.886603E-7	-6.029691E-12	1.501738E+2
0.000000E+0	1.679035E-9	1.679035E-9	2.604861E-14	1.507773E+2
0.000000E+0	4.812577E-10	-4.812577E-10	-7.466250E-15	1.513809E+2
5.000000E-2	4.095252E-7	4.095252E-7	6.353390E-12	1.519844E+2
1.000000E-1	8.656412E-7	8.656412E-7	1.342959E-11	1.525879E+2
1.500000E-1	1.349679E-6	1.349679E-6	2.093897E-11	1.531904E+2
2.000000E-1	1.947645E-6	1.947645E-6	3.021584E-11	1.537939E+2
2.500000E-1	2.605199E-6	2.605199E-6	4.041716E-11	1.543975E+2
3.000000E-1	3.398552E-6	3.398552E-6	5.272526E-11	1.550010E+2
3.500000E-1	4.259625E-6	4.259625E-6	6.608398E-11	1.556035E+2
4.000000E-1	5.301801E-6	5.301801E-6	8.225234E-11	1.562070E+2
4.500000E-1	6.654322E-6	6.654322E-6	1.032354E-10	1.568105E+2
5.000000E-1	7.905795E-6	7.905795E-6	1.226508E-10	1.576260E+2
5.000000E-1	8.442593E-6	8.442593E-6	1.309787E-10	1.578945E+2
4.500000E-1	6.876508E-6	6.876508E-6	1.066824E-10	1.581631E+2
4.000000E-1	5.545059E-6	5.545059E-6	8.602626E-11	1.591387E+2
3.500000E-1	4.579146E-6	4.579146E-6	7.104104E-11	1.597412E+2
3.000000E-1	3.539442E-6	3.539442E-6	5.491103E-11	1.603447E+2
2.500000E-1	2.889318E-6	2.889318E-6	4.482499E-11	1.609482E+2
2.000000E-1	2.195036E-6	2.195036E-6	3.405387E-11	1.615518E+2
1.500000E-1	1.514747E-6	1.514747E-6	2.349985E-11	1.621543E+2
1.000000E-1	9.826294E-7	9.826294E-7	1.524455E-11	1.627578E+2
5.000000E-2	4.557519E-7	4.557519E-7	7.070552E-12	1.633613E+2
0.000000E+0	1.907856E-8	1.907856E-8	2.959855E-13	1.639648E+2
-5.000000E-2	4.257663E-7	-4.257663E-7	-6.605355E-12	1.645684E+2
-1.000000E-1	1.106123E-6	-1.106123E-6	-1.716044E-11	1.651719E+2
-1.500000E-1	1.583598E-6	-1.583598E-6	-2.456800E-11	1.657754E+2
-2.000000E-1	2.170461E-6	-2.170461E-6	-3.367261E-11	1.663779E+2
-2.500000E-1	2.511695E-6	-2.511695E-6	-3.896654E-11	1.669814E+2
-3.000000E-1	2.905300E-6	-2.905300E-6	-4.507293E-11	1.675850E+2
-3.500000E-1	3.402585E-6	-3.402585E-6	-5.278783E-11	1.681885E+2
-4.000000E-1	3.992763E-6	-3.992763E-6	-6.194388E-11	1.687920E+2
-4.500000E-1	4.033174E-6	-4.033174E-6	-6.257081E-11	1.693945E+2
-5.000000E-1	4.938963E-6	-4.938963E-6	-7.662326E-11	1.699980E+2
-5.000000E-1	4.770780E-6	-4.770780E-6	-7.401406E-11	1.706016E+2
-4.500000E-1	4.007019E-6	-4.007019E-6	-6.216504E-11	1.712051E+2
-4.000000E-1	3.749752E-6	-3.749752E-6	-5.817379E-11	1.718076E+2
-3.500000E-1	3.146207E-6	-3.146207E-6	-4.881037E-11	1.724111E+2
-3.000000E-1	2.497529E-6	-2.497529E-6	-3.874676E-11	1.730146E+2
-2.500000E-1	2.157408E-6	-2.157408E-6	-3.347010E-11	1.736182E+2
-2.000000E-1	1.833913E-6	-1.833913E-6	-2.845139E-11	1.742217E+2
-1.500000E-1	1.272182E-6	-1.272182E-6	-1.973668E-11	1.748242E+2
-1.000000E-1	8.608365E-7	-8.608365E-7	-1.335505E-11	1.754277E+2
-5.000000E-2	4.113948E-7	-4.113948E-7	-6.382395E-12	1.760313E+2
0.000000E+0	3.451995E-9	-3.451995E-9	-5.355438E-14	1.766348E+2
0.000000E+0	2.242589E-9	-2.242589E-9	-3.479161E-14	1.772383E+2
5.000000E-2	4.412739E-7	4.412739E-7	6.845940E-12	1.778418E+2
1.000000E-1	8.961716E-7	8.961716E-7	1.390324E-11	1.784453E+2
1.500000E-1	1.420052E-6	1.420052E-6	2.203074E-11	1.790479E+2
2.000000E-1	1.981875E-6	1.981875E-6	3.074688E-11	1.796514E+2
2.500000E-1	2.725826E-6	2.725826E-6	4.228857E-11	1.802549E+2
3.000000E-1	3.438574E-6	3.438574E-6	5.334617E-11	1.808584E+2
3.500000E-1	4.634017E-6	4.634017E-6	7.189231E-11	1.814609E+2
4.000000E-1	5.587004E-6	5.587004E-6	8.667700E-11	1.820645E+2
4.500000E-1	6.731026E-6	6.731026E-6	1.044254E-10	1.826680E+2
5.000000E-1	7.809482E-6	7.809482E-6	1.211566E-10	1.834834E+2
5.000000E-1	8.039287E-6	8.039287E-6	1.247218E-10	1.837520E+2
4.500000E-1	6.733502E-6	6.733502E-6	1.044638E-10	1.840205E+2
4.000000E-1	5.192979E-6	5.192979E-6	8.056407E-11	1.849961E+2
3.500000E-1	4.539911E-6	4.539911E-6	7.043235E-11	1.855986E+2
3.000000E-1	3.642039E-6	3.642039E-6	5.650273E-11	1.862021E+2
2.500000E-1	2.803728E-6	2.803728E-6	4.349714E-11	1.868057E+2
2.000000E-1	2.016802E-6	2.016802E-6	3.128874E-11	1.874092E+2
1.500000E-1	1.398647E-6	1.398647E-6	2.169866E-11	1.880117E+2
1.000000E-1	9.022345E-7	9.022345E-7	1.399730E-11	1.886152E+2
5.000000E-2	4.226051E-7	4.226051E-7	6.556311E-12	1.892187E+2
0.000000E+0	1.666422E-8	1.666422E-8	2.585293E-13	1.898223E+2
-5.000000E-2	3.701865E-7	-3.701865E-7	-5.743087E-12	1.904258E+2
-1.000000E-1	7.915779E-7	-7.915779E-7	-1.228057E-11	1.910293E+2
-1.500000E-1	1.182510E-6	-1.182510E-6	-1.834551E-11	1.916328E+2
-2.000000E-1	1.558836E-6	-1.558836E-6	-2.418384E-11	1.922354E+2
-2.500000E-1	1.920338E-6	-1.920338E-6	-2.979220E-11	1.928389E+2
-3.000000E-1	2.349156E-6	-2.349156E-6	-3.644489E-11	1.934424E+2
-3.500000E-1	2.823925E-6	-2.823925E-6	-4.381048E-11	1.940459E+2
-4.000000E-1	2.947030E-6	-2.947030E-6	-4.572033E-11	1.946494E+2
-4.500000E-1	3.874523E-6	-3.874523E-6	-6.010950E-11	1.952520E+2
-5.000000E-1	4.338588E-6	-4.338588E-6	-6.730902E-11	1.958555E+2
-5.000000E-1	4.291585E-6	-4.291585E-6	-6.657981E-11	1.964590E+2
-4.500000E-1	3.864048E-6	-3.864048E-6	-5.994699E-11	1.970625E+2
-4.000000E-1	3.517929E-6	-3.517929E-6	-5.457729E-11	1.976650E+2
-3.500000E-1	3.243738E-6	-3.243738E-6	-5.032348E-11	1.982686E+2
-3.000000E-1	2.625161E-6	-2.625161E-6	-4.072685E-11	1.988721E+2
-2.500000E-1	2.049345E-6	-2.049345E-6	-3.179362E-11	1.994756E+2
-2.000000E-1	1.674244E-6	-1.674244E-6	-2.597428E-11	2.000791E+2
-1.500000E-1	1.311762E-6	-1.311762E-6	-2.035073E-11	2.006816E+2
-1.000000E-1	9.947024E-7	-9.947024E-7	-1.543185E-11	2.012852E+2
-5.000000E-2	4.552501E-7	-4.552501E-7	-7.062767E-12	2.018887E+2
0.000000E+0	1.204039E-9	1.204039E-9	1.867950E-14	2.024922E+2
0.000000E+0	1.602105E-9	1.602105E-9	2.485512E-14	2.030957E+2
5.000000E-2	4.363567E-7	4.363567E-7	6.769654E-12	2.036992E+2
1.000000E-1	1.004281E-6	1.004281E-6	1.558046E-11	2.043027E+2
1.500000E-1	1.458830E-6	1.458830E-6	2.263235E-11	2.049053E+2
2.000000E-1	2.059933E-6	2.059933E-6	3.195788E-11	2.055088E+2
2.500000E-1	4.010139E-6	4.010139E-6	6.221344E-11	2.061123E+2
3.000000E-1	4.260735E-6	4.260735E-6	6.610121E-11	2.067158E+2
3.500000E-1	4.486450E-6	4.486450E-6	6.960296E-11	2.073184E+2
4.000000E-1	5.730204E-6	5.730204E-6	8.889860E-11	2.079219E+2
4.500000E-1	7.858270E-6	7.858270E-6	1.219135E-10	2.087373E+2
5.000000E-1	9.128043E-6	9.128043E-6	1.416128E-10	2.090059E+2
5.000000E-1	9.462720E-6	9.462720E-6	1.468050E-10	2.092744E+2
4.500000E-1	8.088507E-6	8.088507E-6	1.254854E-10	2.095430E+2
4.000000E-1	6.975663E-6	6.975663E-6	1.082207E-10	2.098115E+2
3.500000E-1	5.919075E-6	5.919075E-6	9.182875E-11	2.107871E+2
3.000000E-1	3.986977E-6	3.986977E-6	6.185411E-11	2.113906E+2
2.500000E-1	3.160587E-6	3.160587E-6	4.903346E-11	2.119932E+2
2.000000E-1	2.131622E-6	2.131622E-6	3.307006E-11	2.125967E+2
1.500000E-1	1.405581E-6	1.405581E-6	2.180624E-11	2.132002E+2
1.000000E-1	9.483289E-7	9.483289E-7	1.471241E-11	2.138037E+2
5.000000E-2	5.677928E-7	5.677928E-7	8.808759E-12	2.144072E+2
0.000000E+0	3.309318E-8	3.309318E-8	5.134088E-13	2.150098E+2
-5.000000E-2	3.975645E-7	-3.975645E-7	-6.167830E-12	2.156143E+2
-1.000000E-1	8.496614E-7	-8.496614E-7	-1.318168E-11	2.162168E+2
-1.500000E-1	1.412003E-6	-1.412003E-6	-2.190587E-11	2.168203E+2
-2.000000E-1	1.840182E-6	-1.840182E-6	-2.854865E-11	2.174238E+2
-2.500000E-1	2.674201E-6	-2.674201E-6	-4.148765E-11	2.180273E+2
-3.000000E-1	3.556241E-6	-3.556241E-6	-5.517166E-11	2.186299E+2
-3.500000E-1	3.816908E-6	-3.816908E-6	-5.921565E-11	2.192334E+2
-4.000000E-1	5.591512E-6	-5.591512E-6	-8.674692E-11	2.198369E+2
-4.500000E-1	7.838281E-6	-7.838281E-6	-1.216034E-10	2.209199E+2
-5.000000E-1	8.807540E-6	-8.807540E-6	-1.366405E-10	2.211885E+2
-5.000000E-1	7.872715E-6	-7.872715E-6	-1.221376E-10	2.214570E+2
-4.500000E-1	7.007299E-6	-7.007299E-6	-1.087115E-10	2.217256E+2
-4.000000E-1	5.703923E-6	-5.703923E-6	-8.849088E-11	2.232480E+2
-3.500000E-1	5.297109E-6	-5.297109E-6	-8.217955E-11	2.242227E+2
-3.000000E-1	4.375613E-6	-4.375613E-6	-6.788342E-11	2.248262E+2
-2.500000E-1	3.728060E-6	-3.728060E-6	-5.783726E-11	2.254297E+2
-2.000000E-1	3.397292E-6	-3.397292E-6	-5.270571E-11	2.260332E+2
-1.500000E-1	2.374971E-6	-2.374971E-6	-3.684539E-11	2.266357E+2
-1.000000E-1	1.352320E-6	-1.352320E-6	-2.097994E-11	2.272393E+2
-5.000000E-2	6.891907E-7	-6.891907E-7	-1.069213E-11	2.278428E+2
0.000000E+0	1.888802E-8	-1.888802E-8	-2.930295E-13	2.284463E+2
0.000000E+0	6.957660E-9	-6.957660E-9	-1.079414E-13	2.290498E+2
5.000000E-2	7.155397E-7	7.155397E-7	1.110091E-11	2.296533E+2
1.000000E-1	1.756563E-6	1.756563E-6	2.725139E-11	2.302568E+2
1.500000E-1	2.929300E-6	2.929300E-6	4.544527E-11	2.308594E+2
2.000000E-1	3.087260E-6	3.087260E-6	4.789586E-11	2.314629E+2
2.500000E-1	4.093071E-6	4.093071E-6	6.350005E-11	2.320664E+2
3.000000E-1	5.440680E-6	5.440680E-6	8.440692E-11	2.326699E+2
3.500000E-1	5.190563E-6	5.190563E-6	8.052659E-11	2.334854E+2
4.000000E-1	5.495996E-6	5.495996E-6	8.526509E-11	2.344600E+2
4.500000E-1	6.202609E-6	6.202609E-6	9.622751E-11	2.350635E+2
5.000000E-1	7.185015E-6	7.185015E-6	1.114686E-10	2.358789E+2
5.000000E-1	7.123200E-6	7.123200E-6	1.105096E-10	2.361475E+2
4.500000E-1	5.906432E-6	5.906432E-6	9.163261E-11	2.371230E+2
4.000000E-1	5.120420E-6	5.120420E-6	7.943839E-11	2.377256E+2
3.500000E-1	4.198030E-6	4.198030E-6	6.512839E-11	2.383291E+2
3.000000E-1	3.307214E-6	3.307214E-6	5.130824E-11	2.389326E+2
2.500000E-1	2.573453E-6	2.573453E-6	3.992465E-11	2.395361E+2
2.000000E-1	1.907053E-6	1.907053E-6	2.958609E-11	2.401387E+2
1.500000E-1	1.566624E-6	1.566624E-6	2.430466E-11	2.407422E+2
1.000000E-1	8.757630E-7	8.757630E-7	1.358662E-11	2.413457E+2
5.000000E-2	4.223394E-7	4.223394E-7	6.552189E-12	2.419492E+2
0.000000E+0	1.642091E-8	1.642091E-8	2.547546E-13	2.425527E+2
-5.000000E-2	4.025407E-7	-4.025407E-7	-6.245032E-12	2.431563E+2
-1.000000E-1	7.911145E-7	-7.911145E-7	-1.227338E-11	2.437598E+2
-1.500000E-1	1.183971E-6	-1.183971E-6	-1.836817E-11	2.443623E+2
-2.000000E-1	1.593706E-6	-1.593706E-6	-2.472482E-11	2.449658E+2
-2.500000E-1	1.962546E-6	-1.962546E-6	-3.044701E-11	2.455693E+2
-3.000000E-1	2.647813E-6	-2.647813E-6	-4.107827E-11	2.461729E+2
-3.500000E-1	4.398481E-6	-4.398481E-6	-6.823821E-11	2.467764E+2
-4.000000E-1	6.348830E-6	-6.348830E-6	-9.849599E-11	2.477588E+2
-4.500000E-1	7.827427E-6	-7.827427E-6	-1.214350E-10	2.480273E+2
-5.000000E-1	9.518567E-6	-9.518567E-6	-1.476714E-10	2.482959E+2
-5.000000E-1	8.540639E-6	-8.540639E-6	-1.324998E-10	2.485645E+2
-4.500000E-1	8.415539E-6	-8.415539E-6	-1.305590E-10	2.488330E+2
-4.000000E-1	7.161250E-6	-7.161250E-6	-1.110999E-10	2.491016E+2
-3.500000E-1	5.576217E-6	-5.576217E-6	-8.650965E-11	2.500771E+2
-3.000000E-1	4.756363E-6	-4.756363E-6	-7.379039E-11	2.506807E+2
-2.500000E-1	4.052751E-6	-4.052751E-6	-6.287454E-11	2.512832E+2
-2.000000E-1	3.442785E-6	-3.442785E-6	-5.341150E-11	2.518867E+2
-1.500000E-1	2.428394E-6	-2.428394E-6	-3.767420E-11	2.524902E+2
-1.000000E-1	1.556389E-6	-1.556389E-6	-2.414588E-11	2.530937E+2
-5.000000E-2	7.080677E-7	-7.080677E-7	-1.098499E-11	2.536973E+2
0.000000E+0	2.228366E-8	-2.228366E-8	-3.457096E-13	2.542998E+2
0.000000E+0	8.869278E-9	-8.869278E-9	-1.375983E-13	2.549043E+2
5.000000E-2	5.718397E-7	5.718397E-7	8.871542E-12	2.555068E+2
1.000000E-1	1.261550E-6	1.261550E-6	1.957173E-11	2.561104E+2
1.500000E-1	2.170128E-6	2.170128E-6	3.366744E-11	2.567139E+2
2.000000E-1	2.938058E-6	2.938058E-6	4.558114E-11	2.573174E+2
2.500000E-1	4.195172E-6	4.195172E-6	6.508406E-11	2.579199E+2
3.000000E-1	4.906753E-6	4.906753E-6	7.612355E-11	2.585234E+2
3.500000E-1	5.774851E-6	5.774851E-6	8.959126E-11	2.591270E+2
4.000000E-1	4.033533E-6	4.033533E-6	6.257639E-11	2.599424E+2
4.500000E-1	4.957677E-6	4.957677E-6	7.691359E-11	2.609180E+2
5.000000E-1	6.000856E-6	6.000856E-6	9.309750E-11	2.615205E+2
5.000000E-1	5.950181E-6	5.950181E-6	9.231133E-11	2.621240E+2
4.500000E-1	5.061811E-6	5.061811E-6	7.852913E-11	2.627275E+2
4.000000E-1	4.191347E-6	4.191347E-6	6.502472E-11	2.633311E+2
3.500000E-1	3.406669E-6	3.406669E-6	5.285119E-11	2.639336E+2
3.000000E-1	2.739821E-6	2.739821E-6	4.250568E-11	2.645371E+2
2.500000E-1	2.134947E-6	2.134947E-6	3.312164E-11	2.651406E+2
2.000000E-1	1.608264E-6	1.608264E-6	2.495067E-11	2.657441E+2
1.500000E-1	1.139925E-6	1.139925E-6	1.768484E-11	2.663467E+2
1.000000E-1	7.278789E-7	7.278789E-7	1.129234E-11	2.669502E+2
5.000000E-2	3.490147E-7	3.490147E-7	5.414627E-12	2.675537E+2
0.000000E+0	1.243487E-8	1.243487E-8	1.929151E-13	2.681572E+2
-5.000000E-2	3.188126E-7	-3.188126E-7	-4.946071E-12	2.687607E+2
-1.000000E-1	6.692861E-7	-6.692861E-7	-1.038333E-11	2.693643E+2
-1.500000E-1	9.801298E-7	-9.801298E-7	-1.520577E-11	2.699678E+2
-2.000000E-1	1.344020E-6	-1.344020E-6	-2.085117E-11	2.705703E+2
-2.500000E-1	1.644065E-6	-1.644065E-6	-2.550608E-11	2.711738E+2
-3.000000E-1	1.922973E-6	-1.922973E-6	-2.983307E-11	2.717773E+2
-3.500000E-1	2.189488E-6	-2.189488E-6	-3.396780E-11	2.723809E+2
-4.000000E-1	2.495368E-6	-2.495368E-6	-3.871323E-11	2.729834E+2
-4.500000E-1	2.744432E-6	-2.744432E-6	-4.257722E-11	2.735869E+2
-5.000000E-1	2.989899E-6	-2.989899E-6	-4.638540E-11	2.741904E+2
-5.000000E-1	2.992593E-6	-2.992593E-6	-4.642720E-11	2.747939E+2
-4.500000E-1	2.640248E-6	-2.640248E-6	-4.096090E-11	2.753965E+2
-4.000000E-1	2.470510E-6	-2.470510E-6	-3.832759E-11	2.760000E+2
-3.500000E-1	2.146668E-6	-2.146668E-6	-3.330348E-11	2.766035E+2
-3.000000E-1	1.836540E-6	-1.836540E-6	-2.849215E-11	2.772070E+2
-2.500000E-1	1.560938E-6	-1.560938E-6	-2.421645E-11	2.778105E+2
-2.000000E-1	1.242619E-6	-1.242619E-6	-1.927804E-11	2.784131E+2
-1.500000E-1	9.555044E-7	-9.555044E-7	-1.482373E-11	2.790166E+2
-1.000000E-1	6.439237E-7	-6.439237E-7	-9.989856E-12	2.796201E+2
-5.000000E-2	3.218263E-7	-3.218263E-7	-4.992826E-12	2.802236E+2
0.000000E+0	3.393851E-9	3.393851E-9	5.265233E-14	2.808271E+2
0.000000E+0	1.331062E-9	1.331062E-9	2.065015E-14	2.814307E+2
5.000000E-2	3.348793E-7	3.348793E-7	5.195330E-12	2.820342E+2
1.000000E-1	6.985821E-7	6.985821E-7	1.083783E-11	2.826367E+2
1.500000E-1	1.100379E-6	1.100379E-6	1.707132E-11	2.832402E+2
2.000000E-1	1.542634E-6	1.542634E-6	2.393249E-11	2.838438E+2
2.500000E-1	2.062145E-6	2.062145E-6	3.199219E-11	2.844473E+2
3.000000E-1	2.634776E-6	2.634776E-6	4.087602E-11	2.850498E+2
3.500000E-1	3.283047E-6	3.283047E-6	5.093331E-11	2.856533E+2
4.000000E-1	3.996218E-6	3.996218E-6	6.199748E-11	2.862568E+2
4.500000E-1	4.881558E-6	4.881558E-6	7.573268E-11	2.868604E+2
5.000000E-1	5.858663E-6	5.858663E-6	9.089152E-11	2.874629E+2
5.000000E-1	5.872334E-6	5.872334E-6	9.110362E-11	2.880664E+2
4.500000E-1	4.948025E-6	4.948025E-6	7.676385E-11	2.886699E+2
4.000000E-1	4.108824E-6	4.108824E-6	6.374445E-11	2.892734E+2
3.500000E-1	3.367856E-6	3.367856E-6	5.224905E-11	2.898760E+2
3.000000E-1	2.687275E-6	2.687275E-6	4.169049E-11	2.904795E+2
2.500000E-1	2.080997E-6	2.080997E-6	3.228467E-11	2.910830E+2
2.000000E-1	1.572600E-6	1.572600E-6	2.439737E-11	2.916865E+2
1.500000E-1	1.104827E-6	1.104827E-6	1.714032E-11	2.922900E+2
1.000000E-1	6.965337E-7	6.965337E-7	1.080605E-11	2.928926E+2
5.000000E-2	3.377060E-7	3.377060E-7	5.239184E-12	2.934961E+2
0.000000E+0	1.244024E-8	1.244024E-8	1.929984E-13	2.940996E+2
-5.000000E-2	3.040225E-7	-3.040225E-7	-4.716616E-12	2.947031E+2
-1.000000E-1	6.279035E-7	-6.279035E-7	-9.741319E-12	2.953066E+2
-1.500000E-1	9.261825E-7	-9.261825E-7	-1.436883E-11	2.959102E+2
-2.000000E-1	1.186430E-6	-1.186430E-6	-1.840632E-11	2.965127E+2
-2.500000E-1	1.474460E-6	-1.474460E-6	-2.287483E-11	2.971162E+2
-3.000000E-1	1.743836E-6	-1.743836E-6	-2.705394E-11	2.977197E+2
-3.500000E-1	1.963100E-6	-1.963100E-6	-3.045561E-11	2.983232E+2
-4.000000E-1	2.214540E-6	-2.214540E-6	-3.435645E-11	2.989258E+2
-4.500000E-1	2.417170E-6	-2.417170E-6	-3.750007E-11	2.995293E+2
-5.000000E-1	2.685110E-6	-2.685110E-6	-4.165690E-11	3.001328E+2
-5.000000E-1	2.662377E-6	-2.662377E-6	-4.130421E-11	3.007363E+2
-4.500000E-1	2.377788E-6	-2.377788E-6	-3.688909E-11	3.013398E+2
-4.000000E-1	2.219778E-6	-2.219778E-6	-3.443772E-11	3.019424E+2
-3.500000E-1	1.938275E-6	-1.938275E-6	-3.007047E-11	3.025459E+2
-3.000000E-1	1.689882E-6	-1.689882E-6	-2.621690E-11	3.031494E+2
-2.500000E-1	1.454970E-6	-1.454970E-6	-2.257246E-11	3.037529E+2
-2.000000E-1	1.179501E-6	-1.179501E-6	-1.829882E-11	3.043555E+2
-1.500000E-1	9.129119E-7	-9.129119E-7	-1.416295E-11	3.049590E+2
-1.000000E-1	6.214253E-7	-6.214253E-7	-9.640816E-12	3.055625E+2
-5.000000E-2	3.078681E-7	-3.078681E-7	-4.776277E-12	3.061660E+2
0.000000E+0	4.769639E-9	4.769639E-9	7.399636E-14	3.067695E+2
0.000000E+0	1.864203E-9	1.864203E-9	2.892131E-14	3.073730E+2
5.000000E-2	3.300247E-7	3.300247E-7	5.120016E-12	3.079766E+2
1.000000E-1	6.884036E-7	6.884036E-7	1.067992E-11	3.085791E+2
1.500000E-1	1.074971E-6	1.074971E-6	1.667714E-11	3.091826E+2
2.000000E-1	1.512609E-6	1.512609E-6	2.346668E-11	3.097861E+2
2.500000E-1	2.023976E-6	2.023976E-6	3.140004E-11	3.103896E+2
3.000000E-1	2.591193E-6	2.591193E-6	4.019986E-11	3.109922E+2
3.500000E-1	3.235610E-6	3.235610E-6	5.019737E-11	3.115957E+2
4.000000E-1	3.981474E-6	3.981474E-6	6.176874E-11	3.121992E+2
4.500000E-1	4.796669E-6	4.796669E-6	7.441570E-11	3.128027E+2
5.000000E-1	5.725212E-6	5.725212E-6	8.882116E-11	3.134053E+2
5.000000E-1	5.781303E-6	5.781303E-6	8.969136E-11	3.140088E+2
4.500000E-1	4.850471E-6	4.850471E-6	7.525039E-11	3.146123E+2
4.000000E-1	4.037525E-6	4.037525E-6	6.263832E-11	3.152158E+2
3.500000E-1	3.270361E-6	3.270361E-6	5.073651E-11	3.158184E+2
3.000000E-1	2.621288E-6	2.621288E-6	4.066677E-11	3.164219E+2
2.500000E-1	2.054241E-6	2.054241E-6	3.186958E-11	3.170254E+2
2.000000E-1	1.547039E-6	1.547039E-6	2.400082E-11	3.176289E+2
1.500000E-1	1.085922E-6	1.085922E-6	1.684704E-11	3.182314E+2
1.000000E-1	6.899642E-7	6.899642E-7	1.070413E-11	3.188350E+2
5.000000E-2	3.322234E-7	3.322234E-7	5.154127E-12	3.194385E+2
0.000000E+0	9.988335E-9	9.988335E-9	1.549594E-13	3.200420E+2
-5.000000E-2	3.008683E-7	-3.008683E-7	-4.667683E-12	3.206455E+2
-1.000000E-1	6.117867E-7	-6.117867E-7	-9.491283E-12	3.212490E+2
-1.500000E-1	9.177385E-7	-9.177385E-7	-1.423783E-11	3.218525E+2
-2.000000E-1	1.202234E-6	-1.202234E-6	-1.865150E-11	3.224551E+2
-2.500000E-1	1.466498E-6	-1.466498E-6	-2.275131E-11	3.230586E+2
-3.000000E-1	1.723580E-6	-1.723580E-6	-2.673969E-11	3.236621E+2
-3.500000E-1	1.939282E-6	-1.939282E-6	-3.008609E-11	3.242656E+2
-4.000000E-1	2.189232E-6	-2.189232E-6	-3.396383E-11	3.248682E+2
-4.500000E-1	2.415422E-6	-2.415422E-6	-3.747294E-11	3.254717E+2
-5.000000E-1	2.659237E-6	-2.659237E-6	-4.125550E-11	3.260752E+2
-5.000000E-1	2.633569E-6	-2.633569E-6	-4.085729E-11	3.266787E+2
-4.500000E-1	2.423378E-6	-2.423378E-6	-3.759637E-11	3.272822E+2
-4.000000E-1	2.166148E-6	-2.166148E-6	-3.360570E-11	3.278848E+2
-3.500000E-1	1.922011E-6	-1.922011E-6	-2.981815E-11	3.284883E+2
-3.000000E-1	1.676001E-6	-1.676001E-6	-2.600155E-11	3.290918E+2
-2.500000E-1	1.432913E-6	-1.432913E-6	-2.223027E-11	3.296953E+2
-2.000000E-1	1.161523E-6	-1.161523E-6	-1.801991E-11	3.302988E+2
-1.500000E-1	8.984354E-7	-8.984354E-7	-1.393836E-11	3.309014E+2
-1.000000E-1	6.098072E-7	-6.098072E-7	-9.460571E-12	3.315049E+2
-5.000000E-2	3.012673E-7	-3.012673E-7	-4.673872E-12	3.321084E+2
0.000000E+0	5.463795E-9	5.463795E-9	8.476553E-14	3.327119E+2
0.000000E+0	1.743441E-9	1.743441E-9	2.704781E-14	3.333154E+2
5.000000E-2	3.218988E-7	3.218988E-7	4.993950E-12	3.339189E+2
1.000000E-1	6.708498E-7	6.708498E-7	1.040759E-11	3.345225E+2
1.500000E-1	1.049803E-6	1.049803E-6	1.628668E-11	3.351250E+2
2.000000E-1	1.490758E-6	1.490758E-6	2.312768E-11	3.357285E+2
2.500000E-1	1.988885E-6	1.988885E-6	3.085563E-11	3.363320E+2
3.000000E-1	2.564082E-6	2.564082E-6	3.977927E-11	3.369355E+2
3.500000E-1	3.190528E-6	3.190528E-6	4.949798E-11	3.375381E+2
4.000000E-1	3.922136E-6	3.922136E-6	6.084817E-11	3.381416E+2
4.500000E-1	4.738484E-6	4.738484E-6	7.351302E-11	3.387451E+2
5.000000E-1	5.670032E-6	5.670032E-6	8.796509E-11	3.393486E+2
5.000000E-1	5.680050E-6	5.680050E-6	8.812052E-11	3.399512E+2
4.500000E-1	4.792843E-6	4.792843E-6	7.435635E-11	3.405547E+2
4.000000E-1	3.999242E-6	3.999242E-6	6.204440E-11	3.411582E+2
3.500000E-1	3.272439E-6	3.272439E-6	5.076874E-11	3.417617E+2
3.000000E-1	2.598362E-6	2.598362E-6	4.031109E-11	3.423643E+2
2.500000E-1	2.033517E-6	2.033517E-6	3.154806E-11	3.429678E+2
2.000000E-1	1.530602E-6	1.530602E-6	2.374582E-11	3.435713E+2
1.500000E-1	1.086811E-6	1.086811E-6	1.686083E-11	3.441748E+2
1.000000E-1	6.892835E-7	6.892835E-7	1.069357E-11	3.447783E+2
5.000000E-2	3.326984E-7	3.326984E-7	5.161496E-12	3.453809E+2
0.000000E+0	1.138112E-8	1.138112E-8	1.765671E-13	3.459844E+2
-5.000000E-2	2.964941E-7	-2.964941E-7	-4.599821E-12	3.465879E+2
-1.000000E-1	6.077873E-7	-6.077873E-7	-9.429235E-12	3.471914E+2
-1.500000E-1	8.940980E-7	-8.940980E-7	-1.387107E-11	3.477949E+2
-2.000000E-1	1.185657E-6	-1.185657E-6	-1.839433E-11	3.483984E+2
-2.500000E-1	1.471823E-6	-1.471823E-6	-2.283392E-11	3.490010E+2
-3.000000E-1	1.700309E-6	-1.700309E-6	-2.637866E-11	3.496045E+2
-3.500000E-1	1.922930E-6	-1.922930E-6	-2.983241E-11	3.502080E+2
-4.000000E-1	2.116808E-6	-2.116808E-6	-3.284024E-11	3.508115E+2
-4.500000E-1	2.352580E-6	-2.352580E-6	-3.649801E-11	3.514150E+2
-5.000000E-1	2.588365E-6	-2.588365E-6	-4.015600E-11	3.520176E+2
-5.000000E-1	2.597874E-6	-2.597874E-6	-4.030351E-11	3.526211E+2
-4.500000E-1	2.369122E-6	-2.369122E-6	-3.675465E-11	3.532246E+2
-4.000000E-1	2.129052E-6	-2.129052E-6	-3.303020E-11	3.538281E+2
-3.500000E-1	1.892692E-6	-1.892692E-6	-2.936330E-11	3.544316E+2
-3.000000E-1	1.694819E-6	-1.694819E-6	-2.629348E-11	3.550342E+2
-2.500000E-1	1.422611E-6	-1.422611E-6	-2.207044E-11	3.556377E+2
-2.000000E-1	1.139230E-6	-1.139230E-6	-1.767406E-11	3.562412E+2
-1.500000E-1	8.847690E-7	-8.847690E-7	-1.372634E-11	3.568447E+2
-1.000000E-1	6.019093E-7	-6.019093E-7	-9.338044E-12	3.574482E+2
-5.000000E-2	2.956935E-7	-2.956935E-7	-4.587400E-12	3.580508E+2
0.000000E+0	7.203656E-9	7.203656E-9	1.117578E-13	3.586543E+2
0.000000E+0	1.240714E-9	1.240714E-9	1.924849E-14	3.592578E+2
5.000000E-2	3.193699E-7	3.193699E-7	4.954717E-12	3.598613E+2
1.000000E-1	6.835622E-7	6.835622E-7	1.060481E-11	3.604648E+2
1.500000E-1	1.040357E-6	1.040357E-6	1.614014E-11	3.610684E+2
2.000000E-1	1.478801E-6	1.478801E-6	2.294218E-11	3.616719E+2
2.500000E-1	1.957084E-6	1.957084E-6	3.036228E-11	3.622744E+2
3.000000E-1	2.506770E-6	2.506770E-6	3.889013E-11	3.628779E+2
3.500000E-1	3.146454E-6	3.146454E-6	4.881421E-11	3.634814E+2
4.000000E-1	3.844429E-6	3.844429E-6	5.964261E-11	3.640850E+2
4.500000E-1	4.644830E-6	4.644830E-6	7.206007E-11	3.646875E+2
5.000000E-1	5.569232E-6	5.569232E-6	8.640127E-11	3.652910E+2
5.000000E-1	5.613778E-6	5.613778E-6	8.709237E-11	3.658945E+2
4.500000E-1	4.696229E-6	4.696229E-6	7.285747E-11	3.664971E+2
4.000000E-1	3.955704E-6	3.955704E-6	6.136894E-11	3.671006E+2
3.500000E-1	3.229848E-6	3.229848E-6	5.010799E-11	3.677041E+2
3.000000E-1	2.593723E-6	2.593723E-6	4.023911E-11	3.683076E+2
2.500000E-1	2.047364E-6	2.047364E-6	3.176288E-11	3.689102E+2
2.000000E-1	1.519156E-6	1.519156E-6	2.356824E-11	3.695137E+2
1.500000E-1	1.067972E-6	1.067972E-6	1.656856E-11	3.701172E+2
1.000000E-1	6.757287E-7	6.757287E-7	1.048328E-11	3.707207E+2
5.000000E-2	3.269431E-7	3.269431E-7	5.072207E-12	3.713232E+2
0.000000E+0	9.336222E-9	9.336222E-9	1.448425E-13	3.719268E+2
-5.000000E-2	2.943320E-7	-2.943320E-7	-4.566278E-12	3.725303E+2
-1.000000E-1	6.079215E-7	-6.079215E-7	-9.431317E-12	3.731338E+2
-1.500000E-1	8.973138E-7	-8.973138E-7	-1.392096E-11	3.737373E+2
-2.000000E-1	1.176991E-6	-1.176991E-6	-1.825989E-11	3.743408E+2
-2.500000E-1	1.434123E-6	-1.434123E-6	-2.224904E-11	3.749443E+2
-3.000000E-1	1.661185E-6	-1.661185E-6	-2.577169E-11	3.755469E+2
-3.500000E-1	1.895014E-6	-1.895014E-6	-2.939932E-11	3.761504E+2
-4.000000E-1	2.177068E-6	-2.177068E-6	-3.377511E-11	3.767539E+2
-4.500000E-1	2.434979E-6	-2.434979E-6	-3.777635E-11	3.773574E+2
-5.000000E-1	2.642333E-6	-2.642333E-6	-4.099326E-11	3.779600E+2
-5.000000E-1	2.623213E-6	-2.623213E-6	-4.069663E-11	3.785635E+2
-4.500000E-1	2.360393E-6	-2.360393E-6	-3.661922E-11	3.791670E+2
-4.000000E-1	2.106541E-6	-2.106541E-6	-3.268096E-11	3.797705E+2
-3.500000E-1	1.872895E-6	-1.872895E-6	-2.905616E-11	3.803740E+2
-3.000000E-1	1.641813E-6	-1.641813E-6	-2.547115E-11	3.809766E+2
-2.500000E-1	1.381921E-6	-1.381921E-6	-2.143918E-11	3.815801E+2
-2.000000E-1	1.129012E-6	-1.129012E-6	-1.751554E-11	3.821836E+2
-1.500000E-1	8.797149E-7	-8.797149E-7	-1.364793E-11	3.827871E+2
-1.000000E-1	6.035767E-7	-6.035767E-7	-9.363912E-12	3.833906E+2
-5.000000E-2	3.032898E-7	-3.032898E-7	-4.705250E-12	3.839932E+2
0.000000E+0	4.363522E-9	4.363522E-9	6.769585E-14	3.845967E+2
0.000000E+0	2.588773E-9	2.588773E-9	4.016232E-14	3.852002E+2
5.000000E-2	3.208164E-7	3.208164E-7	4.977158E-12	3.858037E+2
1.000000E-1	6.661296E-7	6.661296E-7	1.033436E-11	3.864072E+2
1.500000E-1	1.048426E-6	1.048426E-6	1.626532E-11	3.870107E+2
2.000000E-1	1.488743E-6	1.488743E-6	2.309641E-11	3.876133E+2
2.500000E-1	1.957296E-6	1.957296E-6	3.036556E-11	3.882168E+2
3.000000E-1	2.533538E-6	2.533538E-6	3.930540E-11	3.888203E+2
3.500000E-1	3.154838E-6	3.154838E-6	4.894428E-11	3.894238E+2
4.000000E-1	3.876083E-6	3.876083E-6	6.013370E-11	3.900264E+2
4.500000E-1	4.664395E-6	4.664395E-6	7.236360E-11	3.906299E+2
5.000000E-1	5.595177E-6	5.595177E-6	8.680379E-11	3.912334E+2
5.000000E-1	5.650069E-6	5.650069E-6	8.765538E-11	3.918369E+2
4.500000E-1	4.758597E-6	4.758597E-6	7.382506E-11	3.924395E+2
4.000000E-1	3.938540E-6	3.938540E-6	6.110266E-11	3.930430E+2
3.500000E-1	3.200419E-6	3.200419E-6	4.965142E-11	3.936465E+2
3.000000E-1	2.570161E-6	2.570161E-6	3.987357E-11	3.942500E+2
2.500000E-1	1.991700E-6	1.991700E-6	3.089931E-11	3.948525E+2
2.000000E-1	1.490261E-6	1.490261E-6	2.311996E-11	3.954561E+2
1.500000E-1	1.051672E-6	1.051672E-6	1.631568E-11	3.960596E+2
1.000000E-1	6.762733E-7	6.762733E-7	1.049173E-11	3.966631E+2
5.000000E-2	3.290747E-7	3.290747E-7	5.105277E-12	3.972656E+2
0.000000E+0	1.201803E-8	1.201803E-8	1.864481E-13	3.978691E+2
-5.000000E-2	3.004578E-7	-3.004578E-7	-4.661313E-12	3.984727E+2
-1.000000E-1	6.165877E-7	-6.165877E-7	-9.565765E-12	3.990762E+2
-1.500000E-1	8.990522E-7	-8.990522E-7	-1.394793E-11	3.996797E+2
-2.000000E-1	1.209264E-6	-1.209264E-6	-1.876056E-11	4.002832E+2
-2.500000E-1	1.474345E-6	-1.474345E-6	-2.287304E-11	4.008867E+2
-3.000000E-1	1.699663E-6	-1.699663E-6	-2.636863E-11	4.014893E+2
-3.500000E-1	1.955741E-6	-1.955741E-6	-3.034144E-11	4.020928E+2
-4.000000E-1	2.191410E-6	-2.191410E-6	-3.399762E-11	4.026963E+2
-4.500000E-1	2.392709E-6	-2.392709E-6	-3.712058E-11	4.032998E+2
-5.000000E-1	2.601979E-6	-2.601979E-6	-4.036720E-11	4.039023E+2
-5.000000E-1	2.594873E-6	-2.594873E-6	-4.025695E-11	4.045059E+2
-4.500000E-1	2.363431E-6	-2.363431E-6	-3.666635E-11	4.051094E+2
-4.000000E-1	2.118071E-6	-2.118071E-6	-3.285984E-11	4.057129E+2
-3.500000E-1	1.803510E-6	-1.803510E-6	-2.797972E-11	4.063164E+2
-3.000000E-1	1.626991E-6	-1.626991E-6	-2.524120E-11	4.069189E+2
-2.500000E-1	1.375958E-6	-1.375958E-6	-2.134666E-11	4.075225E+2
-2.000000E-1	1.117218E-6	-1.117218E-6	-1.733257E-11	4.081260E+2
-1.500000E-1	8.699102E-7	-8.699102E-7	-1.349582E-11	4.087295E+2
-1.000000E-1	5.898493E-7	-5.898493E-7	-9.150944E-12	4.093330E+2
-5.000000E-2	2.993020E-7	-2.993020E-7	-4.643383E-12	4.099355E+2
0.000000E+0	5.107772E-9	5.107772E-9	7.924217E-14	4.105391E+2
0.000000E+0	2.351722E-9	2.351722E-9	3.648470E-14	4.111436E+2
5.000000E-2	3.232182E-7	3.232182E-7	5.014419E-12	4.117461E+2
1.000000E-1	6.642229E-7	6.642229E-7	1.030478E-11	4.123496E+2
1.500000E-1	1.046961E-6	1.046961E-6	1.624260E-11	4.129531E+2
2.000000E-1	1.467013E-6	1.467013E-6	2.275929E-11	4.135566E+2
2.500000E-1	1.950023E-6	1.950023E-6	3.025273E-11	4.141592E+2
3.000000E-1	2.511325E-6	2.511325E-6	3.896079E-11	4.147627E+2
3.500000E-1	3.093685E-6	3.093685E-6	4.799555E-11	4.153662E+2
4.000000E-1	3.828204E-6	3.828204E-6	5.939091E-11	4.159697E+2
4.500000E-1	4.675521E-6	4.675521E-6	7.253621E-11	4.165723E+2
5.000000E-1	5.686354E-6	5.686354E-6	8.821831E-11	4.171758E+2
5.000000E-1	5.645396E-6	5.645396E-6	8.758289E-11	4.177793E+2
4.500000E-1	4.761115E-6	4.761115E-6	7.386412E-11	4.183828E+2
4.000000E-1	3.946837E-6	3.946837E-6	6.123138E-11	4.189854E+2
3.500000E-1	3.184698E-6	3.184698E-6	4.940752E-11	4.195889E+2
3.000000E-1	2.552368E-6	2.552368E-6	3.959753E-11	4.201924E+2
2.500000E-1	2.037268E-6	2.037268E-6	3.160625E-11	4.207959E+2
2.000000E-1	1.534058E-6	1.534058E-6	2.379943E-11	4.213994E+2
1.500000E-1	1.087681E-6	1.087681E-6	1.687432E-11	4.220020E+2
1.000000E-1	6.821145E-7	6.821145E-7	1.058235E-11	4.226055E+2
5.000000E-2	3.320294E-7	3.320294E-7	5.151116E-12	4.232090E+2
0.000000E+0	1.155734E-8	1.155734E-8	1.793010E-13	4.238125E+2
-5.000000E-2	2.961238E-7	-2.961238E-7	-4.594075E-12	4.244160E+2
-1.000000E-1	6.059607E-7	-6.059607E-7	-9.400897E-12	4.250195E+2
-1.500000E-1	9.094293E-7	-9.094293E-7	-1.410892E-11	4.256221E+2
-2.000000E-1	1.188310E-6	-1.188310E-6	-1.843549E-11	4.262256E+2
-2.500000E-1	1.463183E-6	-1.463183E-6	-2.269987E-11	4.268291E+2
-3.000000E-1	1.731545E-6	-1.731545E-6	-2.686325E-11	4.274326E+2
-3.500000E-1	1.951119E-6	-1.951119E-6	-3.026973E-11	4.280352E+2
-4.000000E-1	2.162523E-6	-2.162523E-6	-3.354947E-11	4.286387E+2
-4.500000E-1	2.417023E-6	-2.417023E-6	-3.749778E-11	4.292422E+2
-5.000000E-1	2.624455E-6	-2.624455E-6	-4.071590E-11	4.298457E+2
-5.000000E-1	2.609401E-6	-2.609401E-6	-4.048235E-11	4.304492E+2
-4.500000E-1	2.322025E-6	-2.322025E-6	-3.602398E-11	4.310518E+2
-4.000000E-1	2.105042E-6	-2.105042E-6	-3.265770E-11	4.316553E+2
-3.500000E-1	1.935009E-6	-1.935009E-6	-3.001981E-11	4.322588E+2
-3.000000E-1	1.719364E-6	-1.719364E-6	-2.667427E-11	4.328623E+2
-2.500000E-1	1.394025E-6	-1.394025E-6	-2.162695E-11	4.334658E+2
-2.000000E-1	1.143189E-6	-1.143189E-6	-1.773548E-11	4.340684E+2
-1.500000E-1	8.854980E-7	-8.854980E-7	-1.373765E-11	4.346719E+2
-1.000000E-1	6.135221E-7	-6.135221E-7	-9.518206E-12	4.352754E+2
-5.000000E-2	3.063411E-7	-3.063411E-7	-4.752587E-12	4.358789E+2
0.000000E+0	5.337667E-9	5.337667E-9	8.280876E-14	4.364824E+2
0.000000E+0	2.442070E-9	2.442070E-9	3.788636E-14	4.370859E+2
5.000000E-2	3.343632E-7	3.343632E-7	5.187323E-12	4.376895E+2
1.000000E-1	6.933044E-7	6.933044E-7	1.075595E-11	4.382920E+2
1.500000E-1	1.082553E-6	1.082553E-6	1.679477E-11	4.388955E+2
2.000000E-1	1.490879E-6	1.490879E-6	2.312955E-11	4.394990E+2
2.500000E-1	1.993084E-6	1.993084E-6	3.092078E-11	4.401025E+2
3.000000E-1	2.572610E-6	2.572610E-6	3.991157E-11	4.407061E+2
3.500000E-1	3.390704E-6	3.390704E-6	5.260351E-11	4.413086E+2
4.000000E-1	4.000637E-6	4.000637E-6	6.206603E-11	4.419121E+2
4.500000E-1	4.931780E-6	4.931780E-6	7.651182E-11	4.425156E+2
5.000000E-1	6.073022E-6	6.073022E-6	9.421709E-11	4.431191E+2
5.000000E-1	6.090235E-6	6.090235E-6	9.448414E-11	4.437217E+2
4.500000E-1	5.403942E-6	5.403942E-6	8.383696E-11	4.443252E+2
4.000000E-1	4.101924E-6	4.101924E-6	6.363741E-11	4.449287E+2
3.500000E-1	3.345989E-6	3.345989E-6	5.190980E-11	4.455322E+2
3.000000E-1	2.736669E-6	2.736669E-6	4.245678E-11	4.461348E+2
2.500000E-1	2.184264E-6	2.184264E-6	3.388676E-11	4.467383E+2
2.000000E-1	1.581574E-6	1.581574E-6	2.453660E-11	4.473418E+2
1.500000E-1	1.155779E-6	1.155779E-6	1.793080E-11	4.479453E+2
1.000000E-1	7.311237E-7	7.311237E-7	1.134268E-11	4.485479E+2
5.000000E-2	3.638532E-7	3.638532E-7	5.644832E-12	4.491514E+2
0.000000E+0	1.238389E-8	1.238389E-8	1.921241E-13	4.497549E+2
-5.000000E-2	3.348337E-7	-3.348337E-7	-5.194623E-12	4.503584E+2
-1.000000E-1	6.660884E-7	-6.660884E-7	-1.033372E-11	4.509619E+2
-1.500000E-1	9.601182E-7	-9.601182E-7	-1.489531E-11	4.515654E+2
-2.000000E-1	1.329579E-6	-1.329579E-6	-2.062714E-11	4.521680E+2
-2.500000E-1	1.526846E-6	-1.526846E-6	-2.368755E-11	4.527715E+2
-3.000000E-1	1.951489E-6	-1.951489E-6	-3.027548E-11	4.533750E+2
-3.500000E-1	2.066091E-6	-2.066091E-6	-3.205342E-11	4.539785E+2
-4.000000E-1	2.338031E-6	-2.338031E-6	-3.627230E-11	4.545820E+2
-4.500000E-1	2.754873E-6	-2.754873E-6	-4.273920E-11	4.551846E+2
-5.000000E-1	3.014271E-6	-3.014271E-6	-4.676351E-11	4.557881E+2
-5.000000E-1	2.957673E-6	-2.957673E-6	-4.588545E-11	4.563916E+2
-4.500000E-1	2.656962E-6	-2.656962E-6	-4.122021E-11	4.569951E+2
-4.000000E-1	2.434374E-6	-2.434374E-6	-3.776697E-11	4.575986E+2
-3.500000E-1	2.172438E-6	-2.172438E-6	-3.370328E-11	4.582012E+2
-3.000000E-1	1.920410E-6	-1.920410E-6	-2.979332E-11	4.588047E+2
-2.500000E-1	1.582991E-6	-1.582991E-6	-2.455859E-11	4.594082E+2
-2.000000E-1	1.315497E-6	-1.315497E-6	-2.040867E-11	4.600117E+2
-1.500000E-1	9.734790E-7	-9.734790E-7	-1.510259E-11	4.606152E+2
-1.000000E-1	6.487898E-7	-6.487898E-7	-1.006535E-11	4.612178E+2
-5.000000E-2	3.383411E-7	-3.383411E-7	-5.249037E-12	4.618213E+2
0.000000E+0	1.417116E-8	1.417116E-8	2.198519E-13	4.624248E+2
0.000000E+0	8.422900E-9	8.422900E-9	1.306732E-13	4.630283E+2
5.000000E-2	3.538147E-7	3.538147E-7	5.489095E-12	4.636318E+2
1.000000E-1	7.321969E-7	7.321969E-7	1.135933E-11	4.642354E+2
1.500000E-1	1.142073E-6	1.142073E-6	1.771816E-11	4.648379E+2
2.000000E-1	1.586038E-6	1.586038E-6	2.460585E-11	4.654414E+2
2.500000E-1	2.104221E-6	2.104221E-6	3.264496E-11	4.660449E+2
3.000000E-1	2.678166E-6	2.678166E-6	4.154917E-11	4.666484E+2
3.500000E-1	3.435856E-6	3.435856E-6	5.330400E-11	4.672520E+2
4.000000E-1	4.157160E-6	4.157160E-6	6.449434E-11	4.678545E+2
4.500000E-1	5.824214E-6	5.824214E-6	9.035708E-11	4.684580E+2
5.000000E-1	6.721339E-6	6.721339E-6	1.042751E-10	4.690615E+2
5.000000E-1	5.790197E-6	5.790197E-6	8.982934E-11	4.696641E+2
4.500000E-1	4.816268E-6	4.816268E-6	7.471976E-11	4.702676E+2
4.000000E-1	3.981014E-6	3.981014E-6	6.176160E-11	4.708711E+2
3.500000E-1	3.249103E-6	3.249103E-6	5.040671E-11	4.714746E+2
3.000000E-1	2.611450E-6	2.611450E-6	4.051413E-11	4.720771E+2
2.500000E-1	2.048010E-6	2.048010E-6	3.177291E-11	4.726807E+2
2.000000E-1	1.556767E-6	1.556767E-6	2.415174E-11	4.732842E+2
1.500000E-1	1.117650E-6	1.117650E-6	1.733926E-11	4.738877E+2
1.000000E-1	7.106300E-7	7.106300E-7	1.102474E-11	4.744902E+2
5.000000E-2	3.434417E-7	3.434417E-7	5.328168E-12	4.750938E+2
0.000000E+0	1.267014E-8	1.267014E-8	1.965650E-13	4.756973E+2
-5.000000E-2	3.107261E-7	-3.107261E-7	-4.820616E-12	4.763008E+2
-1.000000E-1	6.147423E-7	-6.147423E-7	-9.537135E-12	4.769043E+2
-1.500000E-1	8.965293E-7	-8.965293E-7	-1.390879E-11	4.775078E+2
-2.000000E-1	1.183660E-6	-1.183660E-6	-1.836334E-11	4.781113E+2
-2.500000E-1	1.486666E-6	-1.486666E-6	-2.306419E-11	4.787139E+2
-3.000000E-1	1.740357E-6	-1.740357E-6	-2.699996E-11	4.793174E+2
-3.500000E-1	2.086465E-6	-2.086465E-6	-3.236950E-11	4.799209E+2
-4.000000E-1	2.268671E-6	-2.268671E-6	-3.519625E-11	4.805244E+2
-4.500000E-1	2.445177E-6	-2.445177E-6	-3.793457E-11	4.811279E+2
-5.000000E-1	2.708766E-6	-2.708766E-6	-4.202390E-11	4.817305E+2
-5.000000E-1	2.737267E-6	-2.737267E-6	-4.246607E-11	4.823340E+2
-4.500000E-1	2.482801E-6	-2.482801E-6	-3.851827E-11	4.829375E+2
-4.000000E-1	2.276295E-6	-2.276295E-6	-3.531453E-11	4.835410E+2
-3.500000E-1	2.116135E-6	-2.116135E-6	-3.282979E-11	4.841436E+2
-3.000000E-1	1.808936E-6	-1.808936E-6	-2.806390E-11	4.847471E+2
-2.500000E-1	1.531204E-6	-1.531204E-6	-2.375516E-11	4.853506E+2
-2.000000E-1	1.246423E-6	-1.246423E-6	-1.933705E-11	4.859541E+2
-1.500000E-1	9.499777E-7	-9.499777E-7	-1.473799E-11	4.865576E+2
-1.000000E-1	6.603813E-7	-6.603813E-7	-1.024518E-11	4.871602E+2
-5.000000E-2	3.236592E-7	-3.236592E-7	-5.021261E-12	4.877637E+2
0.000000E+0	4.698077E-9	4.698077E-9	7.288614E-14	4.883672E+2
0.000000E+0	1.586898E-9	1.586898E-9	2.461920E-14	4.889707E+2
5.000000E-2	3.525919E-7	3.525919E-7	5.470124E-12	4.895742E+2
1.000000E-1	6.898990E-7	6.898990E-7	1.070312E-11	4.901777E+2
1.500000E-1	1.132539E-6	1.132539E-6	1.757026E-11	4.907813E+2
2.000000E-1	1.581843E-6	1.581843E-6	2.454077E-11	4.913838E+2
2.500000E-1	2.201191E-6	2.201191E-6	3.414936E-11	4.919873E+2
3.000000E-1	2.927770E-6	2.927770E-6	4.542153E-11	4.925908E+2
3.500000E-1	3.592401E-6	3.592401E-6	5.573265E-11	4.931943E+2
4.000000E-1	4.429713E-6	4.429713E-6	6.872273E-11	4.937969E+2
4.500000E-1	5.153590E-6	5.153590E-6	7.995299E-11	4.944004E+2
5.000000E-1	6.257037E-6	6.257037E-6	9.707191E-11	4.950039E+2
5.000000E-1	6.342154E-6	6.342154E-6	9.839242E-11	4.956074E+2
4.500000E-1	5.298859E-6	5.298859E-6	8.220669E-11	4.962100E+2
4.000000E-1	4.347300E-6	4.347300E-6	6.744418E-11	4.968135E+2
3.500000E-1	3.510675E-6	3.510675E-6	5.446475E-11	4.974170E+2
3.000000E-1	2.795459E-6	2.795459E-6	4.336885E-11	4.980205E+2
2.500000E-1	2.185738E-6	2.185738E-6	3.390963E-11	4.986230E+2
2.000000E-1	1.666036E-6	1.666036E-6	2.584695E-11	4.992266E+2
1.500000E-1	1.134705E-6	1.134705E-6	1.760386E-11	4.998301E+2
1.000000E-1	7.300556E-7	7.300556E-7	1.132611E-11	5.004336E+2
5.000000E-2	3.497545E-7	3.497545E-7	5.426104E-12	5.010361E+2
0.000000E+0	1.093028E-8	1.093028E-8	1.695727E-13	5.016396E+2
-5.000000E-2	2.988056E-7	-2.988056E-7	-4.635681E-12	5.022432E+2
-1.000000E-1	5.855976E-7	-5.855976E-7	-9.084983E-12	5.028467E+2
-1.500000E-1	8.210113E-7	-8.210113E-7	-1.273720E-11	5.034502E+2
-2.000000E-1	1.095322E-6	-1.095322E-6	-1.699287E-11	5.040537E+2
-2.500000E-1	1.380409E-6	-1.380409E-6	-2.141572E-11	5.046572E+2
-3.000000E-1	1.677913E-6	-1.677913E-6	-2.603120E-11	5.052598E+2
-3.500000E-1	1.822189E-6	-1.822189E-6	-2.826951E-11	5.058633E+2
-4.000000E-1	1.973649E-6	-1.973649E-6	-3.061926E-11	5.064668E+2
-4.500000E-1	2.498829E-6	-2.498829E-6	-3.876693E-11	5.070703E+2
-5.000000E-1	2.698165E-6	-2.698165E-6	-4.185943E-11	5.076738E+2
-5.000000E-1	2.769366E-6	-2.769366E-6	-4.296405E-11	5.082764E+2
-4.500000E-1	2.503170E-6	-2.503170E-6	-3.883428E-11	5.088799E+2
-4.000000E-1	2.235509E-6	-2.235509E-6	-3.468177E-11	5.094834E+2
-3.500000E-1	1.965746E-6	-1.965746E-6	-3.049666E-11	5.100869E+2
-3.000000E-1	1.680249E-6	-1.680249E-6	-2.606745E-11	5.106895E+2
-2.500000E-1	1.368159E-6	-1.368159E-6	-2.122567E-11	5.112930E+2
-2.000000E-1	1.111489E-6	-1.111489E-6	-1.724368E-11	5.118965E+2
-1.500000E-1	8.458133E-7	-8.458133E-7	-1.312198E-11	5.125000E+2
-1.000000E-1	5.459269E-7	-5.459269E-7	-8.469531E-12	5.131035E+2
-5.000000E-2	2.750119E-7	-2.750119E-7	-4.266545E-12	5.137061E+2
0.000000E+0	6.022878E-9	6.022878E-9	9.343915E-14	5.143096E+2
