voltage_1_2_21_500mv_500ms	absJ_1_2_21_500mv_500ms	J_1_2_21_500mv_500ms	current_1_2_21_500mv_500ms	time_1_2_21_500mv_500ms	
0.000000E+0	2.156003E-9	2.156003E-9	1.638967E-14	0.000000E+0
5.000000E-2	7.439632E-7	7.439632E-7	5.655518E-12	1.002930E+0
1.000000E-1	1.859997E-6	1.859997E-6	1.413947E-11	2.004883E+0
1.500000E-1	3.677674E-6	3.677674E-6	2.795723E-11	3.007813E+0
2.000000E-1	5.180355E-6	5.180355E-6	3.938043E-11	4.010742E+0
2.500000E-1	7.901712E-6	7.901712E-6	6.006785E-11	5.012695E+0
3.000000E-1	1.172366E-5	1.172366E-5	8.912185E-11	6.015625E+0
3.500000E-1	1.402419E-5	1.402419E-5	1.066102E-10	9.030273E+0
4.000000E-1	1.332764E-5	1.332764E-5	1.013151E-10	9.698242E+0
4.500000E-1	1.971686E-5	1.971686E-5	1.498852E-10	1.036621E+1
5.000000E-1	2.298513E-5	2.298513E-5	1.747302E-10	1.103418E+1
5.000000E-1	1.631385E-5	1.631385E-5	1.240159E-10	1.170215E+1
4.500000E-1	2.647717E-5	2.647717E-5	2.012762E-10	1.237012E+1
4.000000E-1	1.482148E-5	1.482148E-5	1.126711E-10	1.303711E+1
3.500000E-1	9.769877E-6	9.769877E-6	7.426942E-11	1.481152E+1
3.000000E-1	8.108983E-6	8.108983E-6	6.164350E-11	1.581348E+1
2.500000E-1	8.010752E-6	8.010752E-6	6.089676E-11	1.681641E+1
2.000000E-1	4.149126E-6	4.149126E-6	3.154115E-11	1.781934E+1
1.500000E-1	2.909281E-6	2.909281E-6	2.211600E-11	1.882129E+1
1.000000E-1	1.572081E-6	1.572081E-6	1.195077E-11	1.982422E+1
5.000000E-2	6.558938E-7	6.558938E-7	4.986025E-12	2.082715E+1
0.000000E+0	5.047710E-9	-5.047710E-9	-3.837208E-14	2.182910E+1
-5.000000E-2	7.660307E-7	-7.660307E-7	-5.823272E-12	2.283301E+1
-1.000000E-1	1.540388E-6	-1.540388E-6	-1.170984E-11	2.383496E+1
-1.500000E-1	3.584206E-6	-3.584206E-6	-2.724670E-11	2.483789E+1
-2.000000E-1	4.554090E-6	-4.554090E-6	-3.461964E-11	2.584082E+1
-2.500000E-1	7.738488E-6	-7.738488E-6	-5.882705E-11	2.684277E+1
-3.000000E-1	1.006613E-5	-1.006613E-5	-7.652146E-11	2.885645E+1
-3.500000E-1	3.320008E-5	-3.320008E-5	-2.523830E-10	2.952441E+1
-4.000000E-1	1.856736E-5	-1.856736E-5	-1.411468E-10	3.019238E+1
-4.500000E-1	4.621835E-5	-4.621835E-5	-3.513463E-10	3.086035E+1
-5.000000E-1	2.303200E-5	-2.303200E-5	-1.750865E-10	3.152832E+1
-5.000000E-1	4.205270E-5	-4.205270E-5	-3.196795E-10	3.219629E+1
-4.500000E-1	3.455225E-5	-3.455225E-5	-2.626620E-10	3.286426E+1
-4.000000E-1	2.667575E-5	-2.667575E-5	-2.027858E-10	3.353223E+1
-3.500000E-1	2.584468E-5	-2.584468E-5	-1.964681E-10	3.420020E+1
-3.000000E-1	1.908919E-5	-1.908919E-5	-1.451137E-10	3.486816E+1
-2.500000E-1	1.345912E-5	-1.345912E-5	-1.023146E-10	3.848633E+1
-2.000000E-1	6.545353E-6	-6.545353E-6	-4.975698E-11	4.026074E+1
-1.500000E-1	4.306679E-6	-4.306679E-6	-3.273885E-11	4.126270E+1
-1.000000E-1	2.446773E-6	-2.446773E-6	-1.860007E-11	4.226563E+1
-5.000000E-2	1.153441E-6	-1.153441E-6	-8.768319E-12	4.326855E+1
0.000000E+0	2.133000E-8	-2.133000E-8	-1.621481E-13	4.427051E+1
0.000000E+0	1.058650E-8	-1.058650E-8	-8.047729E-14	4.527441E+1
5.000000E-2	9.820234E-7	9.820234E-7	7.465223E-12	4.627637E+1
1.000000E-1	3.206219E-6	3.206219E-6	2.437329E-11	4.727930E+1
1.500000E-1	6.205549E-6	6.205549E-6	4.717383E-11	4.828125E+1
2.000000E-1	9.162082E-6	9.162082E-6	6.964904E-11	4.928418E+1
2.500000E-1	1.238048E-5	1.238048E-5	9.411487E-11	5.028711E+1
3.000000E-1	1.317439E-5	1.317439E-5	1.001501E-10	5.229980E+1
3.500000E-1	2.119679E-5	2.119679E-5	1.611354E-10	5.296777E+1
4.000000E-1	4.514616E-5	4.514616E-5	3.431956E-10	5.363574E+1
4.500000E-1	2.919845E-5	2.919845E-5	2.219631E-10	5.430371E+1
5.000000E-1	1.999135E-5	1.999135E-5	1.519718E-10	5.497168E+1
5.000000E-1	2.389921E-5	2.389921E-5	1.816789E-10	5.563965E+1
4.500000E-1	1.708649E-5	1.708649E-5	1.298894E-10	5.630762E+1
4.000000E-1	1.412497E-5	1.412497E-5	1.073763E-10	5.697559E+1
3.500000E-1	1.133228E-5	1.133228E-5	8.614662E-11	5.874902E+1
3.000000E-1	8.738117E-6	8.738117E-6	6.642611E-11	5.975195E+1
2.500000E-1	5.100976E-6	5.100976E-6	3.877700E-11	6.075488E+1
2.000000E-1	3.585089E-6	3.585089E-6	2.725341E-11	6.175684E+1
1.500000E-1	2.111849E-6	2.111849E-6	1.605402E-11	6.275977E+1
1.000000E-1	9.624569E-7	9.624569E-7	7.316481E-12	6.376270E+1
5.000000E-2	4.623155E-7	4.623155E-7	3.514466E-12	6.476465E+1
0.000000E+0	1.669669E-8	1.669669E-8	1.269262E-13	6.576758E+1
-5.000000E-2	3.898421E-7	-3.898421E-7	-2.963532E-12	6.677051E+1
-1.000000E-1	6.129673E-7	-6.129673E-7	-4.659703E-12	6.777344E+1
-1.500000E-1	1.860632E-6	-1.860632E-6	-1.414430E-11	6.877539E+1
-2.000000E-1	2.804561E-6	-2.804561E-6	-2.131993E-11	6.977832E+1
-2.500000E-1	4.399389E-6	-4.399389E-6	-3.344362E-11	7.078125E+1
-3.000000E-1	6.375662E-6	-6.375662E-6	-4.846701E-11	7.178320E+1
-3.500000E-1	9.668226E-6	-9.668226E-6	-7.349668E-11	7.278613E+1
-4.000000E-1	9.985773E-6	-9.985773E-6	-7.591063E-11	7.378906E+1
-4.500000E-1	1.179297E-5	-1.179297E-5	-8.964873E-11	7.596973E+1
-5.000000E-1	1.584881E-5	-1.584881E-5	-1.204807E-10	7.663770E+1
-5.000000E-1	2.100886E-5	-2.100886E-5	-1.597068E-10	7.942188E+1
-4.500000E-1	1.346463E-5	-1.346463E-5	-1.023565E-10	8.008984E+1
-4.000000E-1	1.027696E-5	-1.027696E-5	-7.812417E-11	8.186328E+1
-3.500000E-1	7.902694E-6	-7.902694E-6	-6.007532E-11	8.286621E+1
-3.000000E-1	6.648997E-6	-6.648997E-6	-5.054487E-11	8.386914E+1
-2.500000E-1	5.691008E-6	-5.691008E-6	-4.326235E-11	8.487109E+1
-2.000000E-1	2.842378E-6	-2.842378E-6	-2.160741E-11	8.587402E+1
-1.500000E-1	2.135271E-6	-2.135271E-6	-1.623207E-11	8.687695E+1
-1.000000E-1	1.187787E-6	-1.187787E-6	-9.029416E-12	8.787891E+1
-5.000000E-2	4.551008E-7	-4.551008E-7	-3.459621E-12	8.888184E+1
0.000000E+0	1.228063E-8	-1.228063E-8	-9.335588E-14	8.988477E+1
0.000000E+0	4.370422E-9	-4.370422E-9	-3.322342E-14	9.088770E+1
5.000000E-2	4.604972E-7	4.604972E-7	3.500644E-12	9.189063E+1
1.000000E-1	2.812467E-6	2.812467E-6	2.138003E-11	9.289258E+1
1.500000E-1	2.744522E-6	2.744522E-6	2.086352E-11	9.389551E+1
2.000000E-1	4.000284E-6	4.000284E-6	3.040967E-11	9.489844E+1
2.500000E-1	9.246859E-6	9.246859E-6	7.029350E-11	9.590039E+1
3.000000E-1	8.483052E-6	8.483052E-6	6.448713E-11	9.690332E+1
3.500000E-1	1.002552E-5	1.002552E-5	7.621281E-11	9.891699E+1
4.000000E-1	1.426662E-5	1.426662E-5	1.084531E-10	9.958496E+1
4.500000E-1	1.289137E-5	1.289137E-5	9.799863E-11	1.013584E+2
5.000000E-1	2.272275E-5	2.272275E-5	1.727356E-10	1.033721E+2
5.000000E-1	1.846630E-5	1.846630E-5	1.403786E-10	1.040400E+2
4.500000E-1	1.925773E-5	1.925773E-5	1.463949E-10	1.068242E+2
4.000000E-1	2.228481E-5	2.228481E-5	1.694064E-10	1.074922E+2
3.500000E-1	1.073629E-5	1.073629E-5	8.161597E-11	1.092656E+2
3.000000E-1	1.029134E-5	1.029134E-5	7.823350E-11	1.102686E+2
2.500000E-1	6.416344E-6	6.416344E-6	4.877627E-11	1.112715E+2
2.000000E-1	4.991916E-6	4.991916E-6	3.794794E-11	1.122734E+2
1.500000E-1	3.213595E-6	3.213595E-6	2.442936E-11	1.132764E+2
1.000000E-1	1.421441E-6	1.421441E-6	1.080562E-11	1.142783E+2
5.000000E-2	8.312785E-7	8.312785E-7	6.319278E-12	1.152813E+2
0.000000E+0	2.153081E-8	2.153081E-8	1.636746E-13	1.162842E+2
-5.000000E-2	5.197699E-7	-5.197699E-7	-3.951228E-12	1.172871E+2
-1.000000E-1	1.729258E-6	-1.729258E-6	-1.314561E-11	1.182900E+2
-1.500000E-1	3.041163E-6	-3.041163E-6	-2.311855E-11	1.192920E+2
-2.000000E-1	5.718199E-6	-5.718199E-6	-4.346905E-11	1.202949E+2
-2.500000E-1	7.528397E-6	-7.528397E-6	-5.722996E-11	1.212979E+2
-3.000000E-1	1.031895E-5	-1.031895E-5	-7.844338E-11	1.222998E+2
-3.500000E-1	1.190796E-5	-1.190796E-5	-9.052285E-11	1.233027E+2
-4.000000E-1	1.295239E-5	-1.295239E-5	-9.846246E-11	1.253164E+2
-4.500000E-1	2.390685E-5	-2.390685E-5	-1.817370E-10	1.259844E+2
-5.000000E-1	1.825836E-5	-1.825836E-5	-1.387978E-10	1.266523E+2
-5.000000E-1	2.111037E-5	-2.111037E-5	-1.604785E-10	1.273203E+2
-4.500000E-1	2.039537E-5	-2.039537E-5	-1.550431E-10	1.279883E+2
-4.000000E-1	1.736793E-5	-1.736793E-5	-1.320289E-10	1.286553E+2
-3.500000E-1	2.005504E-5	-2.005504E-5	-1.524560E-10	1.293232E+2
-3.000000E-1	1.416272E-5	-1.416272E-5	-1.076633E-10	1.299912E+2
-2.500000E-1	1.182956E-5	-1.182956E-5	-8.992690E-11	1.317646E+2
-2.000000E-1	5.140904E-6	-5.140904E-6	-3.908053E-11	1.327676E+2
-1.500000E-1	4.363509E-6	-4.363509E-6	-3.317087E-11	1.337705E+2
-1.000000E-1	3.163270E-6	-3.163270E-6	-2.404679E-11	1.347734E+2
-5.000000E-2	1.214492E-6	-1.214492E-6	-9.232420E-12	1.357754E+2
0.000000E+0	2.600894E-8	-2.600894E-8	-1.977168E-13	1.367783E+2
0.000000E+0	1.384697E-8	-1.384697E-8	-1.052630E-13	1.377813E+2
5.000000E-2	1.169461E-6	1.169461E-6	8.890097E-12	1.387842E+2
1.000000E-1	2.923284E-6	2.923284E-6	2.222245E-11	1.397861E+2
1.500000E-1	6.124860E-6	6.124860E-6	4.656044E-11	1.407891E+2
2.000000E-1	7.288777E-6	7.288777E-6	5.540840E-11	1.417920E+2
2.500000E-1	1.029966E-5	1.029966E-5	7.829678E-11	1.427939E+2
3.000000E-1	1.322363E-5	1.322363E-5	1.005244E-10	1.437969E+2
3.500000E-1	1.552728E-5	1.552728E-5	1.180365E-10	1.458105E+2
4.000000E-1	3.713257E-5	3.713257E-5	2.822773E-10	1.464785E+2
4.500000E-1	3.058456E-5	3.058456E-5	2.325001E-10	1.471465E+2
5.000000E-1	3.785376E-5	3.785376E-5	2.877597E-10	1.478135E+2
5.000000E-1	3.085853E-5	3.085853E-5	2.345828E-10	1.484814E+2
4.500000E-1	3.013703E-5	3.013703E-5	2.290980E-10	1.491494E+2
4.000000E-1	3.398346E-5	3.398346E-5	2.583381E-10	1.498174E+2
3.500000E-1	1.368309E-5	1.368309E-5	1.040172E-10	1.504854E+2
3.000000E-1	1.332402E-5	1.332402E-5	1.012876E-10	1.511533E+2
2.500000E-1	1.369042E-5	1.369042E-5	1.040729E-10	1.518213E+2
2.000000E-1	1.050519E-5	1.050519E-5	7.985918E-11	1.535947E+2
1.500000E-1	7.086900E-6	7.086900E-6	5.387375E-11	1.545977E+2
1.000000E-1	3.123800E-6	3.123800E-6	2.374675E-11	1.555996E+2
5.000000E-2	1.442366E-6	1.442366E-6	1.096469E-11	1.566025E+2
0.000000E+0	2.708786E-8	2.708786E-8	2.059186E-13	1.576055E+2
-5.000000E-2	1.690943E-6	-1.690943E-6	-1.285434E-11	1.586084E+2
-1.000000E-1	4.391026E-6	-4.391026E-6	-3.338005E-11	1.596113E+2
-1.500000E-1	6.983646E-6	-6.983646E-6	-5.308883E-11	1.606133E+2
-2.000000E-1	7.784822E-6	-7.784822E-6	-5.917927E-11	1.616162E+2
-2.500000E-1	1.510196E-5	-1.510196E-5	-1.148033E-10	1.646309E+2
-3.000000E-1	1.381197E-5	-1.381197E-5	-1.049969E-10	1.652988E+2
-3.500000E-1	1.647353E-5	-1.647353E-5	-1.252298E-10	1.659668E+2
-4.000000E-1	3.941430E-5	-3.941430E-5	-2.996227E-10	1.666348E+2
-4.500000E-1	2.491360E-5	-2.491360E-5	-1.893902E-10	1.673027E+2
-5.000000E-1	3.836083E-5	-3.836083E-5	-2.916144E-10	1.679707E+2
-5.000000E-1	6.690646E-5	-6.690646E-5	-5.086148E-10	1.686387E+2
-4.500000E-1	2.738226E-5	-2.738226E-5	-2.081566E-10	1.693066E+2
-4.000000E-1	1.936256E-5	-1.936256E-5	-1.471918E-10	1.699746E+2
-3.500000E-1	1.424854E-5	-1.424854E-5	-1.083157E-10	1.706426E+2
-3.000000E-1	1.535307E-6	-1.535307E-6	-1.167122E-11	1.734268E+2
-2.500000E-1	9.818336E-7	-9.818336E-7	-7.463780E-12	1.752002E+2
-2.000000E-1	6.741770E-7	-6.741770E-7	-5.125012E-12	1.762031E+2
-1.500000E-1	3.105173E-7	-3.105173E-7	-2.360515E-12	1.772061E+2
-1.000000E-1	2.008769E-7	-2.008769E-7	-1.527042E-12	1.782080E+2
-5.000000E-2	7.711770E-8	-7.711770E-8	-5.862394E-13	1.792109E+2
0.000000E+0	3.351753E-9	3.351753E-9	2.547962E-14	1.802129E+2
0.000000E+0	3.161893E-9	3.161893E-9	2.403633E-14	1.812168E+2
5.000000E-2	8.909530E-8	8.909530E-8	6.772916E-13	1.822188E+2
1.000000E-1	1.975033E-7	1.975033E-7	1.501396E-12	1.832217E+2
1.500000E-1	2.836612E-7	2.836612E-7	2.156358E-12	1.842236E+2
2.000000E-1	5.346593E-7	5.346593E-7	4.064415E-12	1.852266E+2
2.500000E-1	9.056414E-7	9.056414E-7	6.884576E-12	1.862295E+2
3.000000E-1	1.344102E-6	1.344102E-6	1.021770E-11	1.872314E+2
3.500000E-1	2.053949E-6	2.053949E-6	1.561387E-11	1.882344E+2
4.000000E-1	2.585945E-6	2.585945E-6	1.965804E-11	1.892373E+2
4.500000E-1	3.046760E-6	3.046760E-6	2.316110E-11	1.902393E+2
5.000000E-1	4.866626E-6	4.866626E-6	3.699550E-11	1.912422E+2
5.000000E-1	3.913548E-6	3.913548E-6	2.975032E-11	1.922451E+2
4.500000E-1	3.608617E-6	3.608617E-6	2.743227E-11	1.932471E+2
4.000000E-1	2.569819E-6	2.569819E-6	1.953545E-11	1.942500E+2
3.500000E-1	1.766736E-6	1.766736E-6	1.343051E-11	1.952529E+2
3.000000E-1	1.403882E-6	1.403882E-6	1.067214E-11	1.962549E+2
2.500000E-1	9.097197E-7	9.097197E-7	6.915579E-12	1.972578E+2
2.000000E-1	6.294194E-7	6.294194E-7	4.784770E-12	1.982607E+2
1.500000E-1	3.433776E-7	3.433776E-7	2.610315E-12	1.992627E+2
1.000000E-1	1.913147E-7	1.913147E-7	1.454351E-12	2.002656E+2
5.000000E-2	7.549111E-8	7.549111E-8	5.738743E-13	2.012686E+2
0.000000E+0	4.678945E-9	4.678945E-9	3.556877E-14	2.022705E+2
-5.000000E-2	8.549526E-8	-8.549526E-8	-6.499246E-13	2.032744E+2
-1.000000E-1	2.053971E-7	-2.053971E-7	-1.561404E-12	2.042764E+2
-1.500000E-1	4.083443E-7	-4.083443E-7	-3.104184E-12	2.052793E+2
-2.000000E-1	5.524733E-7	-5.524733E-7	-4.199835E-12	2.062822E+2
-2.500000E-1	9.882340E-7	-9.882340E-7	-7.512435E-12	2.072842E+2
-3.000000E-1	1.758084E-6	-1.758084E-6	-1.336474E-11	2.082871E+2
-3.500000E-1	2.322026E-6	-2.322026E-6	-1.765176E-11	2.092900E+2
-4.000000E-1	3.377300E-6	-3.377300E-6	-2.567382E-11	2.102930E+2
-4.500000E-1	4.694112E-6	-4.694112E-6	-3.568407E-11	2.112949E+2
-5.000000E-1	5.396362E-6	-5.396362E-6	-4.102249E-11	2.122979E+2
-5.000000E-1	5.543401E-6	-5.543401E-6	-4.214026E-11	2.133008E+2
-4.500000E-1	5.259555E-6	-5.259555E-6	-3.998250E-11	2.143027E+2
-4.000000E-1	3.229903E-6	-3.229903E-6	-2.455333E-11	2.153057E+2
-3.500000E-1	2.710758E-6	-2.710758E-6	-2.060685E-11	2.163086E+2
-3.000000E-1	1.520444E-6	-1.520444E-6	-1.155823E-11	2.173105E+2
-2.500000E-1	1.369952E-6	-1.369952E-6	-1.041421E-11	2.183135E+2
-2.000000E-1	1.437396E-6	-1.437396E-6	-1.092691E-11	2.193164E+2
-1.500000E-1	4.653076E-7	-4.653076E-7	-3.537212E-12	2.203184E+2
-1.000000E-1	2.184006E-7	-2.184006E-7	-1.660255E-12	2.213213E+2
-5.000000E-2	9.450081E-8	-9.450081E-8	-7.183837E-13	2.223242E+2
0.000000E+0	1.763504E-9	1.763504E-9	1.340594E-14	2.233271E+2
0.000000E+0	2.594140E-9	2.594140E-9	1.972034E-14	2.243301E+2
5.000000E-2	1.313774E-7	1.313774E-7	9.987150E-13	2.253320E+2
1.000000E-1	2.314826E-7	2.314826E-7	1.759703E-12	2.263350E+2
1.500000E-1	4.043481E-7	4.043481E-7	3.073805E-12	2.273379E+2
2.000000E-1	7.856557E-7	7.856557E-7	5.972459E-12	2.283398E+2
2.500000E-1	1.224890E-6	1.224890E-6	9.311468E-12	2.293428E+2
3.000000E-1	1.875661E-6	1.875661E-6	1.425855E-11	2.303457E+2
3.500000E-1	2.257179E-6	2.257179E-6	1.715880E-11	2.313477E+2
4.000000E-1	4.017833E-6	4.017833E-6	3.054308E-11	2.323506E+2
4.500000E-1	5.448130E-6	5.448130E-6	4.141602E-11	2.333525E+2
5.000000E-1	5.247957E-6	5.247957E-6	3.989433E-11	2.343555E+2
5.000000E-1	5.285361E-6	5.285361E-6	4.017867E-11	2.353584E+2
4.500000E-1	4.037244E-6	4.037244E-6	3.069064E-11	2.363604E+2
4.000000E-1	2.529789E-6	2.529789E-6	1.923115E-11	2.373633E+2
3.500000E-1	1.951908E-6	1.951908E-6	1.483817E-11	2.383662E+2
3.000000E-1	1.415951E-6	1.415951E-6	1.076389E-11	2.393682E+2
2.500000E-1	8.950294E-7	8.950294E-7	6.803905E-12	2.403711E+2
2.000000E-1	5.821498E-7	5.821498E-7	4.425432E-12	2.413740E+2
1.500000E-1	3.836716E-7	3.836716E-7	2.916625E-12	2.423760E+2
1.000000E-1	2.634759E-7	2.634759E-7	2.002912E-12	2.433789E+2
5.000000E-2	1.127620E-7	1.127620E-7	8.572032E-13	2.443818E+2
0.000000E+0	4.410586E-9	4.410586E-9	3.352874E-14	2.453838E+2
-5.000000E-2	1.073674E-7	-1.073674E-7	-8.161943E-13	2.463877E+2
-1.000000E-1	2.438948E-7	-2.438948E-7	-1.854059E-12	2.473896E+2
-1.500000E-1	5.280362E-7	-5.280362E-7	-4.014067E-12	2.483926E+2
-2.000000E-1	7.714088E-7	-7.714088E-7	-5.864156E-12	2.493945E+2
-2.500000E-1	1.659198E-6	-1.659198E-6	-1.261302E-11	2.503975E+2
-3.000000E-1	2.294055E-6	-2.294055E-6	-1.743913E-11	2.514004E+2
-3.500000E-1	3.554227E-6	-3.554227E-6	-2.701880E-11	2.524023E+2
-4.000000E-1	5.052952E-6	-5.052952E-6	-3.841193E-11	2.534053E+2
-4.500000E-1	7.389486E-6	-7.389486E-6	-5.617398E-11	2.544082E+2
-5.000000E-1	1.000455E-5	-1.000455E-5	-7.605334E-11	2.554102E+2
-5.000000E-1	8.124618E-6	-8.124618E-6	-6.176236E-11	2.564131E+2
-4.500000E-1	5.765950E-6	-5.765950E-6	-4.383205E-11	2.574160E+2
-4.000000E-1	5.913930E-6	-5.913930E-6	-4.495698E-11	2.584180E+2
-3.500000E-1	4.698606E-6	-4.698606E-6	-3.571823E-11	2.594209E+2
-3.000000E-1	3.405569E-6	-3.405569E-6	-2.588872E-11	2.604238E+2
-2.500000E-1	2.286182E-6	-2.286182E-6	-1.737928E-11	2.614268E+2
-2.000000E-1	1.324112E-6	-1.324112E-6	-1.006574E-11	2.624287E+2
-1.500000E-1	7.703226E-7	-7.703226E-7	-5.855899E-12	2.634316E+2
-1.000000E-1	4.503689E-7	-4.503689E-7	-3.423650E-12	2.644346E+2
-5.000000E-2	1.531364E-7	-1.531364E-7	-1.164124E-12	2.654375E+2
0.000000E+0	1.113600E-10	-1.113600E-10	-8.465451E-16	2.664395E+2
0.000000E+0	1.560866E-9	1.560866E-9	1.186551E-14	2.674434E+2
5.000000E-2	1.648675E-7	1.648675E-7	1.253303E-12	2.684453E+2
1.000000E-1	4.001346E-7	4.001346E-7	3.041775E-12	2.694482E+2
1.500000E-1	6.607445E-7	6.607445E-7	5.022899E-12	2.704512E+2
2.000000E-1	1.406281E-6	1.406281E-6	1.069038E-11	2.714531E+2
2.500000E-1	1.984628E-6	1.984628E-6	1.508690E-11	2.724561E+2
3.000000E-1	2.756692E-6	2.756692E-6	2.095604E-11	2.734590E+2
3.500000E-1	4.313496E-6	4.313496E-6	3.279067E-11	2.744609E+2
4.000000E-1	5.551139E-6	5.551139E-6	4.219908E-11	2.754639E+2
4.500000E-1	7.473603E-6	7.473603E-6	5.681342E-11	2.764668E+2
5.000000E-1	8.358010E-6	8.358010E-6	6.353658E-11	2.774688E+2
5.000000E-1	8.124507E-6	8.124507E-6	6.176151E-11	2.784717E+2
4.500000E-1	6.352709E-6	6.352709E-6	4.829252E-11	2.794746E+2
4.000000E-1	5.889093E-6	5.889093E-6	4.476817E-11	2.804766E+2
3.500000E-1	4.762098E-6	4.762098E-6	3.620089E-11	2.814795E+2
3.000000E-1	3.049754E-6	3.049754E-6	2.318386E-11	2.824824E+2
2.500000E-1	2.365352E-6	2.365352E-6	1.798112E-11	2.834844E+2
2.000000E-1	1.322363E-6	1.322363E-6	1.005244E-11	2.844873E+2
1.500000E-1	9.148588E-7	9.148588E-7	6.954645E-12	2.854902E+2
1.000000E-1	5.094025E-7	5.094025E-7	3.872416E-12	2.864922E+2
5.000000E-2	1.956814E-7	1.956814E-7	1.487546E-12	2.874951E+2
0.000000E+0	8.735368E-9	8.735368E-9	6.640521E-14	2.884980E+2
-5.000000E-2	2.375126E-7	-2.375126E-7	-1.805542E-12	2.895010E+2
-1.000000E-1	5.065292E-7	-5.065292E-7	-3.850573E-12	2.905029E+2
-1.500000E-1	9.707177E-7	-9.707177E-7	-7.379278E-12	2.915059E+2
-2.000000E-1	1.473204E-6	-1.473204E-6	-1.119912E-11	2.925088E+2
-2.500000E-1	2.742287E-6	-2.742287E-6	-2.084653E-11	2.935107E+2
-3.000000E-1	3.984562E-6	-3.984562E-6	-3.029016E-11	2.945137E+2
-3.500000E-1	5.589355E-6	-5.589355E-6	-4.248960E-11	2.955166E+2
-4.000000E-1	7.594727E-6	-7.594727E-6	-5.773419E-11	2.965186E+2
-4.500000E-1	1.150772E-5	-1.150772E-5	-8.748025E-11	2.975215E+2
-5.000000E-1	1.223838E-5	-1.223838E-5	-9.303464E-11	2.985244E+2
-5.000000E-1	1.327734E-5	-1.327734E-5	-1.009327E-10	3.013721E+2
-4.500000E-1	1.158292E-5	-1.158292E-5	-8.805191E-11	3.031455E+2
-4.000000E-1	8.122564E-6	-8.122564E-6	-6.174675E-11	3.041484E+2
-3.500000E-1	5.787981E-6	-5.787981E-6	-4.399953E-11	3.051514E+2
-3.000000E-1	4.793490E-6	-4.793490E-6	-3.643953E-11	3.061533E+2
-2.500000E-1	2.666588E-6	-2.666588E-6	-2.027108E-11	3.071563E+2
-2.000000E-1	1.949421E-6	-1.949421E-6	-1.481926E-11	3.081592E+2
-1.500000E-1	1.003987E-6	-1.003987E-6	-7.632187E-12	3.091611E+2
-1.000000E-1	4.649097E-7	-4.649097E-7	-3.534187E-12	3.101641E+2
-5.000000E-2	2.645384E-7	-2.645384E-7	-2.010989E-12	3.111670E+2
0.000000E+0	4.359470E-9	-4.359470E-9	-3.314016E-14	3.121689E+2
0.000000E+0	4.454399E-10	-4.454399E-10	-3.386180E-15	3.131729E+2
5.000000E-2	2.322093E-7	2.322093E-7	1.765227E-12	3.141748E+2
1.000000E-1	4.633323E-7	4.633323E-7	3.522196E-12	3.151777E+2
1.500000E-1	1.086147E-6	1.086147E-6	8.256756E-12	3.161807E+2
2.000000E-1	1.936334E-6	1.936334E-6	1.471978E-11	3.171826E+2
2.500000E-1	2.366209E-6	2.366209E-6	1.798763E-11	3.181855E+2
3.000000E-1	3.763051E-6	3.763051E-6	2.860626E-11	3.191885E+2
3.500000E-1	5.427344E-6	5.427344E-6	4.125801E-11	3.201904E+2
4.000000E-1	6.610987E-6	6.610987E-6	5.025592E-11	3.211934E+2
4.500000E-1	8.258252E-6	8.258252E-6	6.277823E-11	3.221963E+2
5.000000E-1	1.118198E-5	1.118198E-5	8.500403E-11	3.231982E+2
5.000000E-1	1.238778E-5	1.238778E-5	9.417041E-11	3.242012E+2
4.500000E-1	8.759185E-6	8.759185E-6	6.658626E-11	3.252031E+2
4.000000E-1	7.681894E-6	7.681894E-6	5.839682E-11	3.262061E+2
3.500000E-1	4.637650E-6	4.637650E-6	3.525485E-11	3.272090E+2
3.000000E-1	4.058664E-6	4.058664E-6	3.085347E-11	3.282109E+2
2.500000E-1	2.622783E-6	2.622783E-6	1.993808E-11	3.292139E+2
2.000000E-1	1.537987E-6	1.537987E-6	1.169159E-11	3.302168E+2
1.500000E-1	8.945201E-7	8.945201E-7	6.800033E-12	3.312197E+2
1.000000E-1	5.710120E-7	5.710120E-7	4.340764E-12	3.322217E+2
5.000000E-2	2.145980E-7	2.145980E-7	1.631348E-12	3.332246E+2
0.000000E+0	9.633552E-9	9.633552E-9	7.323309E-14	3.342275E+2
-5.000000E-2	1.820536E-7	-1.820536E-7	-1.383949E-12	3.352305E+2
-1.000000E-1	5.207302E-7	-5.207302E-7	-3.958528E-12	3.362334E+2
-1.500000E-1	9.300475E-7	-9.300475E-7	-7.070108E-12	3.372354E+2
-2.000000E-1	1.489392E-6	-1.489392E-6	-1.132218E-11	3.382383E+2
-2.500000E-1	2.866387E-6	-2.866387E-6	-2.178993E-11	3.392402E+2
-3.000000E-1	3.675370E-6	-3.675370E-6	-2.793972E-11	3.402432E+2
-3.500000E-1	4.749617E-6	-4.749617E-6	-3.610601E-11	3.412461E+2
-4.000000E-1	7.261509E-6	-7.261509E-6	-5.520111E-11	3.422490E+2
-4.500000E-1	9.967065E-6	-9.967065E-6	-7.576842E-11	3.432510E+2
-5.000000E-1	1.181968E-5	-1.181968E-5	-8.985179E-11	3.455996E+2
-5.000000E-1	1.612701E-5	-1.612701E-5	-1.225956E-10	3.462666E+2
-4.500000E-1	1.071747E-5	-1.071747E-5	-8.147293E-11	3.480410E+2
-4.000000E-1	6.977588E-6	-6.977588E-6	-5.304278E-11	3.490430E+2
-3.500000E-1	5.124908E-6	-5.124908E-6	-3.895893E-11	3.500459E+2
-3.000000E-1	3.878199E-6	-3.878199E-6	-2.948160E-11	3.510488E+2
-2.500000E-1	2.559967E-6	-2.559967E-6	-1.946056E-11	3.520508E+2
-2.000000E-1	1.924881E-6	-1.924881E-6	-1.463271E-11	3.530537E+2
-1.500000E-1	1.134862E-6	-1.134862E-6	-8.627085E-12	3.540566E+2
-1.000000E-1	5.834752E-7	-5.834752E-7	-4.435508E-12	3.550586E+2
-5.000000E-2	2.795026E-7	-2.795026E-7	-2.124745E-12	3.560615E+2
0.000000E+0	3.464938E-9	-3.464938E-9	-2.634004E-14	3.570645E+2
0.000000E+0	7.430085E-10	-7.430085E-10	-5.648260E-15	3.580674E+2
5.000000E-2	3.136737E-7	3.136737E-7	2.384509E-12	3.590703E+2
1.000000E-1	5.665759E-7	5.665759E-7	4.307041E-12	3.600723E+2
1.500000E-1	1.070235E-6	1.070235E-6	8.135798E-12	3.610752E+2
2.000000E-1	1.997902E-6	1.997902E-6	1.518781E-11	3.620771E+2
2.500000E-1	3.199651E-6	3.199651E-6	2.432336E-11	3.630801E+2
3.000000E-1	3.881346E-6	3.881346E-6	2.950552E-11	3.640830E+2
3.500000E-1	5.351971E-6	5.351971E-6	4.068503E-11	3.650850E+2
4.000000E-1	7.376095E-6	7.376095E-6	5.607218E-11	3.660879E+2
4.500000E-1	8.711333E-6	8.711333E-6	6.622249E-11	3.670908E+2
5.000000E-1	1.140462E-5	1.140462E-5	8.669655E-11	3.680928E+2
5.000000E-1	1.028417E-5	1.028417E-5	7.817899E-11	3.690957E+2
4.500000E-1	1.007339E-5	1.007339E-5	7.657668E-11	3.700977E+2
4.000000E-1	7.105319E-6	7.105319E-6	5.401377E-11	3.711006E+2
3.500000E-1	4.126037E-6	4.126037E-6	3.136563E-11	3.721035E+2
3.000000E-1	3.290827E-6	3.290827E-6	2.501647E-11	3.731055E+2
2.500000E-1	2.581144E-6	2.581144E-6	1.962154E-11	3.741084E+2
2.000000E-1	1.426580E-6	1.426580E-6	1.084469E-11	3.751113E+2
1.500000E-1	9.941141E-7	9.941141E-7	7.557135E-12	3.761133E+2
1.000000E-1	5.505656E-7	5.505656E-7	4.185333E-12	3.771162E+2
5.000000E-2	2.860965E-7	2.860965E-7	2.174871E-12	3.781191E+2
0.000000E+0	8.470662E-9	8.470662E-9	6.439294E-14	3.791211E+2
-5.000000E-2	2.278353E-7	-2.278353E-7	-1.731976E-12	3.801240E+2
-1.000000E-1	5.572983E-7	-5.572983E-7	-4.236514E-12	3.811270E+2
-1.500000E-1	1.259617E-6	-1.259617E-6	-9.575452E-12	3.821299E+2
-2.000000E-1	1.647000E-6	-1.647000E-6	-1.252029E-11	3.831318E+2
-2.500000E-1	2.458688E-6	-2.458688E-6	-1.869065E-11	3.841348E+2
-3.000000E-1	5.069676E-6	-5.069676E-6	-3.853906E-11	3.851377E+2
-3.500000E-1	5.327432E-6	-5.327432E-6	-4.049849E-11	3.861396E+2
-4.000000E-1	7.892929E-6	-7.892929E-6	-6.000109E-11	3.871426E+2
-4.500000E-1	1.021473E-5	-1.021473E-5	-7.765115E-11	3.881455E+2
-5.000000E-1	1.108337E-5	-1.108337E-5	-8.425441E-11	3.891475E+2
-5.000000E-1	1.202601E-5	-1.202601E-5	-9.142029E-11	3.901504E+2
-4.500000E-1	1.036908E-5	-1.036908E-5	-7.882452E-11	3.911533E+2
-4.000000E-1	7.513580E-6	-7.513580E-6	-5.711732E-11	3.921553E+2
-3.500000E-1	6.158395E-6	-6.158395E-6	-4.681537E-11	3.931582E+2
-3.000000E-1	2.890351E-6	-2.890351E-6	-2.197210E-11	3.941611E+2
-2.500000E-1	1.522163E-6	-1.522163E-6	-1.157130E-11	3.951631E+2
-2.000000E-1	1.340407E-6	-1.340407E-6	-1.018961E-11	3.961660E+2
-1.500000E-1	5.515587E-7	-5.515587E-7	-4.192882E-12	3.971689E+2
-1.000000E-1	3.212899E-7	-3.212899E-7	-2.442407E-12	3.981709E+2
-5.000000E-2	1.699189E-7	-1.699189E-7	-1.291703E-12	3.991738E+2
0.000000E+0	4.089284E-10	4.089284E-10	3.108624E-15	4.001768E+2
0.000000E+0	8.215081E-10	8.215081E-10	6.245005E-15	4.011797E+2
5.000000E-2	1.754285E-7	1.754285E-7	1.333586E-12	4.021826E+2
1.000000E-1	3.709073E-7	3.709073E-7	2.819592E-12	4.031846E+2
1.500000E-1	8.168857E-7	8.168857E-7	6.209866E-12	4.041875E+2
2.000000E-1	1.364236E-6	1.364236E-6	1.037076E-11	4.051904E+2
2.500000E-1	1.953903E-6	1.953903E-6	1.485333E-11	4.061924E+2
3.000000E-1	2.998025E-6	2.998025E-6	2.279062E-11	4.071953E+2
3.500000E-1	4.415019E-6	4.415019E-6	3.356244E-11	4.081982E+2
4.000000E-1	5.802473E-6	5.802473E-6	4.410970E-11	4.092002E+2
4.500000E-1	8.832362E-6	8.832362E-6	6.714254E-11	4.102031E+2
5.000000E-1	9.812729E-6	9.812729E-6	7.459517E-11	4.112061E+2
5.000000E-1	1.043846E-5	1.043846E-5	7.935188E-11	4.122080E+2
4.500000E-1	7.084803E-6	7.084803E-6	5.385781E-11	4.142217E+2
4.000000E-1	6.759387E-6	6.759387E-6	5.138404E-11	4.159961E+2
3.500000E-1	5.412341E-6	5.412341E-6	4.114396E-11	4.169980E+2
3.000000E-1	4.220659E-6	4.220659E-6	3.208494E-11	4.180010E+2
2.500000E-1	2.741636E-6	2.741636E-6	2.084158E-11	4.190029E+2
2.000000E-1	1.978957E-6	1.978957E-6	1.504379E-11	4.200059E+2
1.500000E-1	1.183012E-6	1.183012E-6	8.993112E-12	4.210088E+2
1.000000E-1	7.316972E-7	7.316972E-7	5.562273E-12	4.220107E+2
5.000000E-2	3.111289E-7	3.111289E-7	2.365164E-12	4.230137E+2
0.000000E+0	1.059745E-8	1.059745E-8	8.056056E-14	4.240166E+2
-5.000000E-2	2.333047E-7	-2.333047E-7	-1.773554E-12	4.250195E+2
-1.000000E-1	5.342595E-7	-5.342595E-7	-4.061376E-12	4.260215E+2
-1.500000E-1	2.639071E-6	-2.639071E-6	-2.006190E-11	4.270244E+2
-2.000000E-1	2.771757E-6	-2.771757E-6	-2.107056E-11	4.280273E+2
-2.500000E-1	2.905202E-6	-2.905202E-6	-2.208499E-11	4.290303E+2
-3.000000E-1	5.488576E-6	-5.488576E-6	-4.172349E-11	4.300322E+2
-3.500000E-1	6.069322E-6	-6.069322E-6	-4.613825E-11	4.310352E+2
-4.000000E-1	1.974384E-5	-1.974384E-5	-1.500903E-10	4.330488E+2
-4.500000E-1	1.920220E-5	-1.920220E-5	-1.459728E-10	4.337158E+2
-5.000000E-1	1.545048E-5	-1.545048E-5	-1.174527E-10	4.343838E+2
-5.000000E-1	1.893932E-5	-1.893932E-5	-1.439744E-10	4.350518E+2
-4.500000E-1	1.542795E-5	-1.542795E-5	-1.172814E-10	4.357197E+2
-4.000000E-1	1.059737E-5	-1.059737E-5	-8.055992E-11	4.374932E+2
-3.500000E-1	9.542629E-6	-9.542629E-6	-7.254190E-11	4.384961E+2
-3.000000E-1	7.964920E-6	-7.964920E-6	-6.054836E-11	4.394980E+2
-2.500000E-1	5.569635E-6	-5.569635E-6	-4.233969E-11	4.405010E+2
-2.000000E-1	3.604793E-6	-3.604793E-6	-2.740320E-11	4.415029E+2
-1.500000E-1	1.637943E-6	-1.637943E-6	-1.245144E-11	4.425059E+2
-1.000000E-1	1.343114E-6	-1.343114E-6	-1.021019E-11	4.435078E+2
-5.000000E-2	8.184557E-7	-8.184557E-7	-6.221801E-12	4.445107E+2
0.000000E+0	1.313500E-8	-1.313500E-8	-9.985068E-14	4.455127E+2
0.000000E+0	5.635545E-9	-5.635545E-9	-4.284073E-14	4.465166E+2
5.000000E-2	4.126362E-7	4.126362E-7	3.136810E-12	4.475186E+2
1.000000E-1	9.317891E-7	9.317891E-7	7.083348E-12	4.485215E+2
1.500000E-1	1.845115E-6	1.845115E-6	1.402634E-11	4.495234E+2
2.000000E-1	2.420869E-6	2.420869E-6	1.840315E-11	4.505264E+2
2.500000E-1	5.090005E-6	5.090005E-6	3.869360E-11	4.515283E+2
3.000000E-1	7.171392E-6	7.171392E-6	5.451605E-11	4.525313E+2
3.500000E-1	6.748666E-6	6.748666E-6	5.130254E-11	4.535342E+2
4.000000E-1	8.287330E-6	8.287330E-6	6.299928E-11	4.545361E+2
4.500000E-1	1.215575E-5	1.215575E-5	9.240653E-11	4.555391E+2
5.000000E-1	1.271713E-5	1.271713E-5	9.667409E-11	4.565410E+2
5.000000E-1	1.449928E-5	1.449928E-5	1.102218E-10	4.585547E+2
4.500000E-1	1.416318E-5	1.416318E-5	1.076668E-10	4.592227E+2
4.000000E-1	1.063908E-5	1.063908E-5	8.087703E-11	4.609961E+2
3.500000E-1	1.086754E-5	1.086754E-5	8.261370E-11	4.619980E+2
3.000000E-1	5.820308E-6	5.820308E-6	4.424527E-11	4.630010E+2
2.500000E-1	5.547241E-6	5.547241E-6	4.216945E-11	4.640029E+2
2.000000E-1	2.930659E-6	2.930659E-6	2.227851E-11	4.650059E+2
1.500000E-1	2.219267E-6	2.219267E-6	1.687060E-11	4.660078E+2
1.000000E-1	2.168742E-6	2.168742E-6	1.648651E-11	4.670107E+2
5.000000E-2	4.908547E-7	4.908547E-7	3.731418E-12	4.680137E+2
0.000000E+0	1.880888E-8	1.880888E-8	1.429828E-13	4.690156E+2
-5.000000E-2	5.457935E-7	-5.457935E-7	-4.149056E-12	4.700186E+2
-1.000000E-1	1.789213E-6	-1.789213E-6	-1.360138E-11	4.710215E+2
-1.500000E-1	4.944361E-6	-4.944361E-6	-3.758643E-11	4.720234E+2
-2.000000E-1	5.676118E-6	-5.676118E-6	-4.314916E-11	4.730264E+2
-2.500000E-1	8.574295E-6	-8.574295E-6	-6.518075E-11	4.740283E+2
-3.000000E-1	1.185941E-5	-1.185941E-5	-9.015377E-11	4.750312E+2
-3.500000E-1	9.959379E-6	-9.959379E-6	-7.570999E-11	4.760342E+2
-4.000000E-1	3.942535E-5	-3.942535E-5	-2.997067E-10	4.782148E+2
-4.500000E-1	1.688623E-5	-1.688623E-5	-1.283671E-10	4.788818E+2
-5.000000E-1	4.221996E-5	-4.221996E-5	-3.209510E-10	4.795498E+2
-5.000000E-1	6.880547E-5	-6.880547E-5	-5.230508E-10	4.802178E+2
-4.500000E-1	2.696899E-5	-2.696899E-5	-2.050150E-10	4.808857E+2
-4.000000E-1	1.869219E-5	-1.869219E-5	-1.420958E-10	4.815537E+2
-3.500000E-1	1.453984E-5	-1.453984E-5	-1.105301E-10	4.822207E+2
-3.000000E-1	1.265128E-5	-1.265128E-5	-9.617347E-11	4.839951E+2
-2.500000E-1	8.175621E-6	-8.175621E-6	-6.215008E-11	4.849971E+2
-2.000000E-1	4.483275E-6	-4.483275E-6	-3.408131E-11	4.860000E+2
-1.500000E-1	2.288715E-6	-2.288715E-6	-1.739853E-11	4.870020E+2
-1.000000E-1	1.229526E-6	-1.229526E-6	-9.346704E-12	4.880049E+2
-5.000000E-2	5.741173E-7	-5.741173E-7	-4.364370E-12	4.890068E+2
0.000000E+0	1.444029E-8	-1.444029E-8	-1.097733E-13	4.900098E+2
0.000000E+0	6.163136E-9	-6.163136E-9	-4.685141E-14	4.910127E+2
5.000000E-2	5.654075E-7	5.654075E-7	4.298159E-12	4.920156E+2
1.000000E-1	1.428346E-6	1.428346E-6	1.085811E-11	4.930176E+2
1.500000E-1	2.635034E-6	2.635034E-6	2.003121E-11	4.940205E+2
2.000000E-1	3.437792E-6	3.437792E-6	2.613368E-11	4.950225E+2
2.500000E-1	6.153170E-6	6.153170E-6	4.677565E-11	4.960254E+2
3.000000E-1	1.108473E-5	1.108473E-5	8.426476E-11	4.970273E+2
3.500000E-1	1.396893E-5	1.396893E-5	1.061901E-10	4.993750E+2
4.000000E-1	2.240946E-5	2.240946E-5	1.703540E-10	5.021592E+2
4.500000E-1	2.350144E-5	2.350144E-5	1.786551E-10	5.028271E+2
5.000000E-1	9.057470E-5	9.057470E-5	6.885379E-10	5.034951E+2
5.000000E-1	2.384458E-5	2.384458E-5	1.812636E-10	5.041631E+2
4.500000E-1	3.236283E-5	3.236283E-5	2.460183E-10	5.048311E+2
4.000000E-1	3.608284E-5	3.608284E-5	2.742974E-10	5.054980E+2
3.500000E-1	1.246626E-5	1.246626E-5	9.476699E-11	5.072725E+2
3.000000E-1	9.009831E-6	9.009831E-6	6.849164E-11	5.082744E+2
2.500000E-1	8.446121E-6	8.446121E-6	6.420638E-11	5.092773E+2
2.000000E-1	4.067499E-6	4.067499E-6	3.092063E-11	5.102793E+2
1.500000E-1	3.672711E-6	3.672711E-6	2.791950E-11	5.112822E+2
1.000000E-1	2.854316E-6	2.854316E-6	2.169816E-11	5.122842E+2
5.000000E-2	2.515220E-7	2.515220E-7	1.912040E-12	5.132871E+2
0.000000E+0	2.257870E-8	2.257870E-8	1.716405E-13	5.142891E+2
-5.000000E-2	2.050120E-7	-2.050120E-7	-1.558476E-12	5.152920E+2
-1.000000E-1	5.188627E-7	-5.188627E-7	-3.944331E-12	5.162949E+2
-1.500000E-1	1.264621E-6	-1.264621E-6	-9.613491E-12	5.172979E+2
-2.000000E-1	1.918919E-6	-1.918919E-6	-1.458739E-11	5.182998E+2
-2.500000E-1	2.700759E-6	-2.700759E-6	-2.053084E-11	5.193027E+2
-3.000000E-1	4.430935E-6	-4.430935E-6	-3.368343E-11	5.203047E+2
-3.500000E-1	4.533114E-6	-4.533114E-6	-3.446018E-11	5.213076E+2
-4.000000E-1	7.332343E-6	-7.332343E-6	-5.573958E-11	5.223096E+2
-4.500000E-1	9.588113E-6	-9.588113E-6	-7.288767E-11	5.233125E+2
-5.000000E-1	1.040885E-5	-1.040885E-5	-7.912679E-11	5.243154E+2
-5.000000E-1	1.149282E-5	-1.149282E-5	-8.736699E-11	5.253174E+2
-4.500000E-1	8.780902E-6	-8.780902E-6	-6.675135E-11	5.263203E+2
-4.000000E-1	6.405136E-6	-6.405136E-6	-4.869107E-11	5.273223E+2
-3.500000E-1	5.247220E-6	-5.247220E-6	-3.988873E-11	5.283252E+2
-3.000000E-1	3.872221E-6	-3.872221E-6	-2.943615E-11	5.293281E+2
-2.500000E-1	2.397177E-6	-2.397177E-6	-1.822305E-11	5.303301E+2
-2.000000E-1	1.842992E-6	-1.842992E-6	-1.401020E-11	5.313330E+2
-1.500000E-1	9.921444E-7	-9.921444E-7	-7.542161E-12	5.323350E+2
-1.000000E-1	5.371896E-7	-5.371896E-7	-4.083650E-12	5.333379E+2
-5.000000E-2	2.514599E-7	-2.514599E-7	-1.911568E-12	5.343398E+2
0.000000E+0	2.272839E-9	-2.272839E-9	-1.727785E-14	5.353428E+2
0.000000E+0	7.466595E-10	7.466595E-10	5.676015E-15	5.363457E+2
5.000000E-2	2.610916E-7	2.610916E-7	1.984787E-12	5.373486E+2
1.000000E-1	5.088220E-7	5.088220E-7	3.868003E-12	5.383506E+2
1.500000E-1	1.232386E-6	1.232386E-6	9.368450E-12	5.393535E+2
2.000000E-1	1.797079E-6	1.797079E-6	1.366118E-11	5.403555E+2
2.500000E-1	2.075742E-6	2.075742E-6	1.577954E-11	5.413584E+2
3.000000E-1	3.049930E-6	3.049930E-6	2.318520E-11	5.423604E+2
3.500000E-1	4.400125E-6	4.400125E-6	3.344922E-11	5.433633E+2
4.000000E-1	5.408424E-6	5.408424E-6	4.111418E-11	5.443662E+2
4.500000E-1	7.987009E-6	7.987009E-6	6.071627E-11	5.453682E+2
5.000000E-1	1.235860E-5	1.235860E-5	9.394861E-11	5.463711E+2
5.000000E-1	1.071244E-5	1.071244E-5	8.143469E-11	5.473730E+2
4.500000E-1	7.675329E-6	7.675329E-6	5.834692E-11	5.483760E+2
4.000000E-1	5.799595E-6	5.799595E-6	4.408782E-11	5.493779E+2
3.500000E-1	4.821236E-6	4.821236E-6	3.665045E-11	5.503809E+2
3.000000E-1	3.613116E-6	3.613116E-6	2.746647E-11	5.513828E+2
2.500000E-1	2.270451E-6	2.270451E-6	1.725969E-11	5.523857E+2
2.000000E-1	1.274935E-6	1.274935E-6	9.691900E-12	5.533877E+2
1.500000E-1	7.307862E-7	7.307862E-7	5.555348E-12	5.543906E+2
1.000000E-1	3.870362E-7	3.870362E-7	2.942202E-12	5.553936E+2
5.000000E-2	2.575775E-7	2.575775E-7	1.958073E-12	5.563955E+2
0.000000E+0	9.573307E-9	9.573307E-9	7.277512E-14	5.573984E+2
-5.000000E-2	1.790686E-7	-1.790686E-7	-1.361258E-12	5.584014E+2
-1.000000E-1	6.060849E-7	-6.060849E-7	-4.607384E-12	5.594033E+2
-1.500000E-1	9.602334E-7	-9.602334E-7	-7.299578E-12	5.604063E+2
-2.000000E-1	1.571585E-6	-1.571585E-6	-1.194700E-11	5.614082E+2
-2.500000E-1	2.574803E-6	-2.574803E-6	-1.957334E-11	5.624111E+2
-3.000000E-1	4.001441E-6	-4.001441E-6	-3.041847E-11	5.634141E+2
-3.500000E-1	4.773123E-6	-4.773123E-6	-3.628470E-11	5.644160E+2
-4.000000E-1	6.959972E-6	-6.959972E-6	-5.290886E-11	5.654189E+2
-4.500000E-1	7.368771E-6	-7.368771E-6	-5.601650E-11	5.664209E+2
-5.000000E-1	1.054687E-5	-1.054687E-5	-8.017603E-11	5.674238E+2
-5.000000E-1	1.215691E-5	-1.215691E-5	-9.241539E-11	5.684268E+2
-4.500000E-1	8.840013E-6	-8.840013E-6	-6.720070E-11	5.694287E+2
-4.000000E-1	7.661053E-6	-7.661053E-6	-5.823839E-11	5.704316E+2
-3.500000E-1	5.207740E-6	-5.207740E-6	-3.958861E-11	5.714336E+2
-3.000000E-1	3.864839E-6	-3.864839E-6	-2.938004E-11	5.724365E+2
-2.500000E-1	2.913564E-6	-2.913564E-6	-2.214856E-11	5.734385E+2
-2.000000E-1	1.745073E-6	-1.745073E-6	-1.326583E-11	5.744414E+2
-1.500000E-1	1.055766E-6	-1.055766E-6	-8.025802E-12	5.754443E+2
-1.000000E-1	8.210005E-7	-8.210005E-7	-6.241146E-12	5.764463E+2
-5.000000E-2	2.710776E-7	-2.710776E-7	-2.060699E-12	5.774492E+2
0.000000E+0	4.996595E-9	-4.996595E-9	-3.798351E-14	5.784512E+2
0.000000E+0	9.419960E-10	-9.419960E-10	-7.160939E-15	5.794541E+2
5.000000E-2	2.055906E-7	2.055906E-7	1.562875E-12	5.804570E+2
1.000000E-1	5.426225E-7	5.426225E-7	4.124950E-12	5.814600E+2
1.500000E-1	9.509740E-7	9.509740E-7	7.229189E-12	5.824619E+2
2.000000E-1	1.597872E-6	1.597872E-6	1.214683E-11	5.834648E+2
2.500000E-1	3.107581E-6	3.107581E-6	2.362345E-11	5.844668E+2
3.000000E-1	4.108613E-6	4.108613E-6	3.123318E-11	5.854697E+2
3.500000E-1	5.107651E-6	5.107651E-6	3.882774E-11	5.864717E+2
4.000000E-1	8.050837E-6	8.050837E-6	6.120149E-11	5.874746E+2
4.500000E-1	8.040784E-6	8.040784E-6	6.112506E-11	5.884766E+2
5.000000E-1	1.064061E-5	1.064061E-5	8.088864E-11	5.894795E+2
5.000000E-1	1.175468E-5	1.175468E-5	8.935768E-11	5.904824E+2
4.500000E-1	1.021386E-5	1.021386E-5	7.764456E-11	5.914844E+2
4.000000E-1	8.525467E-6	8.525467E-6	6.480957E-11	5.924873E+2
3.500000E-1	5.978888E-6	5.978888E-6	4.545078E-11	5.934893E+2
3.000000E-1	3.829945E-6	3.829945E-6	2.911478E-11	5.944922E+2
2.500000E-1	2.935963E-6	2.935963E-6	2.231883E-11	5.954941E+2
2.000000E-1	1.835594E-6	1.835594E-6	1.395396E-11	5.964971E+2
1.500000E-1	9.956240E-7	9.956240E-7	7.568612E-12	5.974990E+2
1.000000E-1	7.585569E-7	7.585569E-7	5.766457E-12	5.985020E+2
5.000000E-2	2.601862E-7	2.601862E-7	1.977904E-12	5.995039E+2
0.000000E+0	1.043498E-8	1.043498E-8	7.932544E-14	6.005068E+2
-5.000000E-2	3.225313E-7	-3.225313E-7	-2.451844E-12	6.015098E+2
-1.000000E-1	6.783319E-7	-6.783319E-7	-5.156597E-12	6.025127E+2
-1.500000E-1	1.031906E-6	-1.031906E-6	-7.844420E-12	6.035146E+2
-2.000000E-1	2.019550E-6	-2.019550E-6	-1.535237E-11	6.045176E+2
-2.500000E-1	2.863016E-6	-2.863016E-6	-2.176430E-11	6.055195E+2
-3.000000E-1	3.946730E-6	-3.946730E-6	-3.000256E-11	6.065225E+2
-3.500000E-1	5.747568E-6	-5.747568E-6	-4.369231E-11	6.075244E+2
-4.000000E-1	7.324947E-6	-7.324947E-6	-5.568336E-11	6.085273E+2
-4.500000E-1	8.913771E-6	-8.913771E-6	-6.776141E-11	6.095303E+2
-5.000000E-1	1.074278E-5	-1.074278E-5	-8.166527E-11	6.105322E+2
-5.000000E-1	1.033488E-5	-1.033488E-5	-7.856449E-11	6.115352E+2
-4.500000E-1	1.068650E-5	-1.068650E-5	-8.123748E-11	6.125371E+2
-4.000000E-1	7.325450E-6	-7.325450E-6	-5.568718E-11	6.135400E+2
-3.500000E-1	5.657637E-6	-5.657637E-6	-4.300867E-11	6.145430E+2
-3.000000E-1	3.951468E-6	-3.951468E-6	-3.003858E-11	6.155449E+2
-2.500000E-1	2.617764E-6	-2.617764E-6	-1.989992E-11	6.165479E+2
-2.000000E-1	1.604319E-6	-1.604319E-6	-1.219584E-11	6.175498E+2
-1.500000E-1	1.058279E-6	-1.058279E-6	-8.044912E-12	6.185527E+2
-1.000000E-1	5.973021E-7	-5.973021E-7	-4.540618E-12	6.195547E+2
-5.000000E-2	2.481867E-7	-2.481867E-7	-1.886685E-12	6.205576E+2
0.000000E+0	3.795367E-9	-3.795367E-9	-2.885192E-14	6.215596E+2
0.000000E+0	8.123803E-10	8.123803E-10	6.175616E-15	6.225635E+2
5.000000E-2	2.003914E-7	2.003914E-7	1.523351E-12	6.235654E+2
1.000000E-1	5.360486E-7	5.360486E-7	4.074976E-12	6.245684E+2
1.500000E-1	9.273913E-7	9.273913E-7	7.049916E-12	6.255703E+2
2.000000E-1	1.382527E-6	1.382527E-6	1.050980E-11	6.265732E+2
2.500000E-1	2.250135E-6	2.250135E-6	1.710525E-11	6.275752E+2
3.000000E-1	3.447560E-6	3.447560E-6	2.620793E-11	6.285781E+2
3.500000E-1	4.943807E-6	4.943807E-6	3.758222E-11	6.295801E+2
4.000000E-1	6.284339E-6	6.284339E-6	4.777278E-11	6.305830E+2
4.500000E-1	7.778877E-6	7.778877E-6	5.913408E-11	6.315859E+2
5.000000E-1	1.038342E-5	1.038342E-5	7.893348E-11	6.325879E+2
5.000000E-1	9.304342E-6	9.304342E-6	7.073048E-11	6.335908E+2
4.500000E-1	7.369481E-6	7.369481E-6	5.602190E-11	6.345928E+2
4.000000E-1	6.105533E-6	6.105533E-6	4.641352E-11	6.355957E+2
3.500000E-1	4.037472E-6	4.037472E-6	3.069237E-11	6.365977E+2
3.000000E-1	3.184755E-6	3.184755E-6	2.421012E-11	6.376006E+2
2.500000E-1	2.363766E-6	2.363766E-6	1.796906E-11	6.386025E+2
2.000000E-1	1.602875E-6	1.602875E-6	1.218486E-11	6.396055E+2
1.500000E-1	9.508500E-7	9.508500E-7	7.228246E-12	6.406074E+2
1.000000E-1	5.742999E-7	5.742999E-7	4.365758E-12	6.416104E+2
5.000000E-2	2.069287E-7	2.069287E-7	1.573047E-12	6.426133E+2
0.000000E+0	9.478377E-9	9.478377E-9	7.205347E-14	6.436152E+2
-5.000000E-2	1.812740E-7	-1.812740E-7	-1.378023E-12	6.446182E+2
-1.000000E-1	4.255467E-7	-4.255467E-7	-3.234954E-12	6.456211E+2
-1.500000E-1	8.524844E-7	-8.524844E-7	-6.480483E-12	6.466230E+2
-2.000000E-1	1.468324E-6	-1.468324E-6	-1.116202E-11	6.476260E+2
-2.500000E-1	2.099744E-6	-2.099744E-6	-1.596200E-11	6.486279E+2
-3.000000E-1	3.379131E-6	-3.379131E-6	-2.568774E-11	6.496309E+2
-3.500000E-1	4.566792E-6	-4.566792E-6	-3.471620E-11	6.506338E+2
-4.000000E-1	7.157737E-6	-7.157737E-6	-5.441225E-11	6.516357E+2
-4.500000E-1	7.737596E-6	-7.737596E-6	-5.882027E-11	6.526387E+2
-5.000000E-1	9.451315E-6	-9.451315E-6	-7.184775E-11	6.536406E+2
-5.000000E-1	9.358101E-6	-9.358101E-6	-7.113915E-11	6.546436E+2
-4.500000E-1	7.814396E-6	-7.814396E-6	-5.940409E-11	6.556455E+2
-4.000000E-1	5.415660E-6	-5.415660E-6	-4.116919E-11	6.566484E+2
-3.500000E-1	5.020748E-6	-5.020748E-6	-3.816712E-11	6.576514E+2
-3.000000E-1	3.814645E-6	-3.814645E-6	-2.899847E-11	6.586533E+2
-2.500000E-1	2.480700E-6	-2.480700E-6	-1.885798E-11	6.596563E+2
-2.000000E-1	1.637043E-6	-1.637043E-6	-1.244460E-11	6.606582E+2
-1.500000E-1	9.046155E-7	-9.046155E-7	-6.876777E-12	6.616611E+2
-1.000000E-1	5.585416E-7	-5.585416E-7	-4.245965E-12	6.626631E+2
-5.000000E-2	2.302943E-7	-2.302943E-7	-1.750669E-12	6.636660E+2
0.000000E+0	2.030038E-9	-2.030038E-9	-1.543210E-14	6.646689E+2
0.000000E+0	1.825574E-11	-1.825574E-11	-1.387779E-16	6.656719E+2
5.000000E-2	2.379909E-7	2.379909E-7	1.809178E-12	6.666738E+2
1.000000E-1	5.490431E-7	5.490431E-7	4.173759E-12	6.676768E+2
1.500000E-1	1.156952E-6	1.156952E-6	8.795006E-12	6.686787E+2
2.000000E-1	1.940401E-6	1.940401E-6	1.475069E-11	6.696816E+2
2.500000E-1	2.623378E-6	2.623378E-6	1.994260E-11	6.706836E+2
3.000000E-1	3.665526E-6	3.665526E-6	2.786488E-11	6.716865E+2
3.500000E-1	4.833330E-6	4.833330E-6	3.674239E-11	6.726895E+2
4.000000E-1	5.882868E-6	5.882868E-6	4.472085E-11	6.736914E+2
4.500000E-1	8.379044E-6	8.379044E-6	6.369647E-11	6.746943E+2
5.000000E-1	1.028138E-5	1.028138E-5	7.815780E-11	6.756963E+2
5.000000E-1	1.065453E-5	1.065453E-5	8.099442E-11	6.766992E+2
4.500000E-1	9.370623E-6	9.370623E-6	7.123434E-11	6.777012E+2
4.000000E-1	6.064956E-6	6.064956E-6	4.610506E-11	6.787041E+2
3.500000E-1	5.919816E-6	5.919816E-6	4.500172E-11	6.797061E+2
3.000000E-1	4.044348E-6	4.044348E-6	3.074464E-11	6.807090E+2
2.500000E-1	2.805559E-6	2.805559E-6	2.132752E-11	6.817109E+2
2.000000E-1	1.648521E-6	1.648521E-6	1.253186E-11	6.827139E+2
1.500000E-1	1.033665E-6	1.033665E-6	7.857798E-12	6.837158E+2
1.000000E-1	5.629539E-7	5.629539E-7	4.279507E-12	6.847187E+2
5.000000E-2	2.638465E-7	2.638465E-7	2.005729E-12	6.857217E+2
0.000000E+0	9.907386E-9	9.907386E-9	7.531475E-14	6.867236E+2
-5.000000E-2	2.059137E-7	-2.059137E-7	-1.565331E-12	6.877266E+2
-1.000000E-1	5.814597E-7	-5.814597E-7	-4.420186E-12	6.887295E+2
-1.500000E-1	9.210329E-7	-9.210329E-7	-7.001580E-12	6.897314E+2
-2.000000E-1	1.426384E-6	-1.426384E-6	-1.084320E-11	6.907344E+2
-2.500000E-1	2.426353E-6	-2.426353E-6	-1.844484E-11	6.917373E+2
-3.000000E-1	3.388878E-6	-3.388878E-6	-2.576184E-11	6.927393E+2
-3.500000E-1	4.626937E-6	-4.626937E-6	-3.517341E-11	6.937422E+2
-4.000000E-1	6.929918E-6	-6.929918E-6	-5.268039E-11	6.947441E+2
-4.500000E-1	7.651303E-6	-7.651303E-6	-5.816428E-11	6.957471E+2
-5.000000E-1	1.021226E-5	-1.021226E-5	-7.763239E-11	6.967490E+2
-5.000000E-1	1.061910E-5	-1.061910E-5	-8.072509E-11	6.977520E+2
-4.500000E-1	8.125754E-6	-8.125754E-6	-6.177100E-11	6.987539E+2
-4.000000E-1	6.640494E-6	-6.640494E-6	-5.048023E-11	6.997568E+2
-3.500000E-1	4.905084E-6	-4.905084E-6	-3.728785E-11	7.007598E+2
-3.000000E-1	3.547984E-6	-3.547984E-6	-2.697134E-11	7.017617E+2
-2.500000E-1	2.645330E-6	-2.645330E-6	-2.010948E-11	7.027646E+2
-2.000000E-1	1.826985E-6	-1.826985E-6	-1.388852E-11	7.037666E+2
-1.500000E-1	1.041172E-6	-1.041172E-6	-7.914863E-12	7.047695E+2
-1.000000E-1	5.314135E-7	-5.314135E-7	-4.039741E-12	7.057715E+2
-5.000000E-2	2.142036E-7	-2.142036E-7	-1.628350E-12	7.067744E+2
0.000000E+0	2.148700E-9	-2.148700E-9	-1.633416E-14	7.077764E+2
0.000000E+0	2.592315E-10	-2.592315E-10	-1.970646E-15	7.087803E+2
5.000000E-2	2.052583E-7	2.052583E-7	1.560349E-12	7.097822E+2
1.000000E-1	5.357693E-7	5.357693E-7	4.072853E-12	7.107852E+2
1.500000E-1	1.116539E-6	1.116539E-6	8.487794E-12	7.117871E+2
2.000000E-1	1.407401E-6	1.407401E-6	1.069889E-11	7.127900E+2
2.500000E-1	2.318809E-6	2.318809E-6	1.762730E-11	7.137920E+2
3.000000E-1	3.194902E-6	3.194902E-6	2.428726E-11	7.147949E+2
3.500000E-1	4.557025E-6	4.557025E-6	3.464195E-11	7.157969E+2
4.000000E-1	6.732965E-6	6.732965E-6	5.118318E-11	7.167998E+2
4.500000E-1	7.995481E-6	7.995481E-6	6.078067E-11	7.178027E+2
5.000000E-1	9.206523E-6	9.206523E-6	6.998687E-11	7.188047E+2
5.000000E-1	1.086527E-5	1.086527E-5	8.259643E-11	7.198076E+2
4.500000E-1	7.435854E-6	7.435854E-6	5.652646E-11	7.208096E+2
4.000000E-1	6.174487E-6	6.174487E-6	4.693770E-11	7.218125E+2
3.500000E-1	4.417938E-6	4.417938E-6	3.358463E-11	7.228145E+2
3.000000E-1	3.206456E-6	3.206456E-6	2.437509E-11	7.238174E+2
2.500000E-1	2.325362E-6	2.325362E-6	1.767712E-11	7.248193E+2
2.000000E-1	1.512526E-6	1.512526E-6	1.149804E-11	7.258223E+2
1.500000E-1	8.935964E-7	8.935964E-7	6.793011E-12	7.268252E+2
1.000000E-1	5.746723E-7	5.746723E-7	4.368589E-12	7.278271E+2
5.000000E-2	2.084623E-7	2.084623E-7	1.584705E-12	7.288301E+2
0.000000E+0	9.018333E-9	9.018333E-9	6.855627E-14	7.298320E+2
-5.000000E-2	2.218857E-7	-2.218857E-7	-1.686748E-12	7.308350E+2
-1.000000E-1	6.162789E-7	-6.162789E-7	-4.684877E-12	7.318379E+2
-1.500000E-1	9.396098E-7	-9.396098E-7	-7.142800E-12	7.328408E+2
-2.000000E-1	1.726090E-6	-1.726090E-6	-1.312153E-11	7.338428E+2
-2.500000E-1	2.225796E-6	-2.225796E-6	-1.692023E-11	7.348457E+2
-3.000000E-1	3.644750E-6	-3.644750E-6	-2.770695E-11	7.358477E+2
-3.500000E-1	5.099875E-6	-5.099875E-6	-3.876863E-11	7.368506E+2
-4.000000E-1	6.150143E-6	-6.150143E-6	-4.675264E-11	7.378535E+2
-4.500000E-1	8.576084E-6	-8.576084E-6	-6.519435E-11	7.388555E+2
-5.000000E-1	9.608640E-6	-9.608640E-6	-7.304372E-11	7.398584E+2
-5.000000E-1	1.012194E-5	-1.012194E-5	-7.694574E-11	7.408604E+2
-4.500000E-1	8.638593E-6	-8.638593E-6	-6.566953E-11	7.418633E+2
-4.000000E-1	6.638233E-6	-6.638233E-6	-5.046304E-11	7.428652E+2
-3.500000E-1	5.180735E-6	-5.180735E-6	-3.938332E-11	7.438682E+2
-3.000000E-1	3.537889E-6	-3.537889E-6	-2.689460E-11	7.448701E+2
-2.500000E-1	2.470663E-6	-2.470663E-6	-1.878168E-11	7.458730E+2
-2.000000E-1	1.805471E-6	-1.805471E-6	-1.372497E-11	7.468750E+2
-1.500000E-1	1.083053E-6	-1.083053E-6	-8.233234E-12	7.478779E+2
-1.000000E-1	5.741245E-7	-5.741245E-7	-4.364425E-12	7.488809E+2
-5.000000E-2	2.446068E-7	-2.446068E-7	-1.859471E-12	7.498828E+2
0.000000E+0	3.665752E-9	-3.665752E-9	-2.786660E-14	7.508857E+2
0.000000E+0	3.468590E-10	-3.468590E-10	-2.636780E-15	7.518887E+2
5.000000E-2	2.316909E-7	2.316909E-7	1.761286E-12	7.528906E+2
1.000000E-1	5.184118E-7	5.184118E-7	3.940903E-12	7.538936E+2
1.500000E-1	9.244503E-7	9.244503E-7	7.027559E-12	7.548955E+2
2.000000E-1	1.704481E-6	1.704481E-6	1.295726E-11	7.558984E+2
2.500000E-1	2.530284E-6	2.530284E-6	1.923491E-11	7.569004E+2
3.000000E-1	3.652107E-6	3.652107E-6	2.776287E-11	7.579033E+2
3.500000E-1	5.032887E-6	5.032887E-6	3.825940E-11	7.589062E+2
4.000000E-1	6.253311E-6	6.253311E-6	4.753691E-11	7.599082E+2
4.500000E-1	8.386228E-6	8.386228E-6	6.375109E-11	7.609111E+2
5.000000E-1	1.147903E-5	1.147903E-5	8.726218E-11	7.619131E+2
5.000000E-1	1.034950E-5	1.034950E-5	7.867561E-11	7.629160E+2
4.500000E-1	8.899603E-6	8.899603E-6	6.765370E-11	7.639180E+2
4.000000E-1	7.211193E-6	7.211193E-6	5.481861E-11	7.649209E+2
3.500000E-1	5.037822E-6	5.037822E-6	3.829691E-11	7.659229E+2
3.000000E-1	3.852031E-6	3.852031E-6	2.928267E-11	7.669258E+2
2.500000E-1	2.632022E-6	2.632022E-6	2.000831E-11	7.679277E+2
2.000000E-1	1.644129E-6	1.644129E-6	1.249847E-11	7.689307E+2
1.500000E-1	1.352001E-6	1.352001E-6	1.027775E-11	7.699336E+2
1.000000E-1	5.924206E-7	5.924206E-7	4.503509E-12	7.709355E+2
5.000000E-2	2.649966E-7	2.649966E-7	2.014472E-12	7.719385E+2
0.000000E+0	9.726655E-9	9.726655E-9	7.394085E-14	7.729404E+2
-5.000000E-2	2.364830E-7	-2.364830E-7	-1.797715E-12	7.739434E+2
-1.000000E-1	5.841434E-7	-5.841434E-7	-4.440587E-12	7.749463E+2
-1.500000E-1	1.089188E-6	-1.089188E-6	-8.279877E-12	7.759482E+2
-2.000000E-1	1.719881E-6	-1.719881E-6	-1.307433E-11	7.769512E+2
-2.500000E-1	2.470657E-6	-2.470657E-6	-1.878163E-11	7.779531E+2
-3.000000E-1	3.807604E-6	-3.807604E-6	-2.894494E-11	7.789561E+2
-3.500000E-1	4.565584E-6	-4.565584E-6	-3.470702E-11	7.799590E+2
-4.000000E-1	6.694966E-6	-6.694966E-6	-5.089432E-11	7.809609E+2
-4.500000E-1	8.556391E-6	-8.556391E-6	-6.504464E-11	7.819639E+2
-5.000000E-1	9.772696E-6	-9.772696E-6	-7.429085E-11	7.829658E+2
-5.000000E-1	1.026030E-5	-1.026030E-5	-7.799753E-11	7.839688E+2
-4.500000E-1	7.361104E-6	-7.361104E-6	-5.595822E-11	7.849707E+2
-4.000000E-1	6.129461E-6	-6.129461E-6	-4.659542E-11	7.859736E+2
-3.500000E-1	5.229156E-6	-5.229156E-6	-3.975141E-11	7.869766E+2
-3.000000E-1	3.777455E-6	-3.777455E-6	-2.871575E-11	7.879785E+2
-2.500000E-1	2.589877E-6	-2.589877E-6	-1.968793E-11	7.889814E+2
-2.000000E-1	1.801931E-6	-1.801931E-6	-1.369806E-11	7.899834E+2
-1.500000E-1	1.024722E-6	-1.024722E-6	-7.789810E-12	7.909863E+2
-1.000000E-1	5.584978E-7	-5.584978E-7	-4.245632E-12	7.919883E+2
-5.000000E-2	2.864270E-7	-2.864270E-7	-2.177383E-12	7.929912E+2
0.000000E+0	4.268191E-9	-4.268191E-9	-3.244627E-14	7.939941E+2
0.000000E+0	3.286033E-10	-3.286033E-10	-2.498002E-15	7.949971E+2
5.000000E-2	2.498261E-7	2.498261E-7	1.899148E-12	7.959990E+2
1.000000E-1	5.445467E-7	5.445467E-7	4.139578E-12	7.970020E+2
1.500000E-1	9.155889E-7	9.155889E-7	6.960196E-12	7.980039E+2
2.000000E-1	1.526477E-6	1.526477E-6	1.160409E-11	7.990068E+2
2.500000E-1	2.545109E-6	2.545109E-6	1.934761E-11	8.000088E+2
3.000000E-1	3.664218E-6	3.664218E-6	2.785494E-11	8.010117E+2
3.500000E-1	4.514088E-6	4.514088E-6	3.431555E-11	8.020137E+2
4.000000E-1	5.989351E-6	5.989351E-6	4.553032E-11	8.030166E+2
4.500000E-1	7.941233E-6	7.941233E-6	6.036829E-11	8.040195E+2
5.000000E-1	9.709200E-6	9.709200E-6	7.380816E-11	8.050215E+2
5.000000E-1	9.885279E-6	9.885279E-6	7.514669E-11	8.060244E+2
4.500000E-1	8.485849E-6	8.485849E-6	6.450839E-11	8.070264E+2
4.000000E-1	6.144197E-6	6.144197E-6	4.670744E-11	8.080293E+2
3.500000E-1	4.809937E-6	4.809937E-6	3.656456E-11	8.090312E+2
3.000000E-1	3.340061E-6	3.340061E-6	2.539074E-11	8.100342E+2
2.500000E-1	2.334731E-6	2.334731E-6	1.774834E-11	8.110361E+2
2.000000E-1	1.561661E-6	1.561661E-6	1.187156E-11	8.120391E+2
1.500000E-1	9.226156E-7	9.226156E-7	7.013612E-12	8.130410E+2
1.000000E-1	5.427339E-7	5.427339E-7	4.125797E-12	8.140439E+2
5.000000E-2	2.635288E-7	2.635288E-7	2.003314E-12	8.150469E+2
0.000000E+0	9.401703E-9	9.401703E-9	7.147061E-14	8.160488E+2
-5.000000E-2	2.097985E-7	-2.097985E-7	-1.594863E-12	8.170518E+2
-1.000000E-1	6.114247E-7	-6.114247E-7	-4.647976E-12	8.180547E+2
-1.500000E-1	1.031297E-6	-1.031297E-6	-7.839798E-12	8.190566E+2
-2.000000E-1	1.594693E-6	-1.594693E-6	-1.212266E-11	8.200596E+2
-2.500000E-1	2.497049E-6	-2.497049E-6	-1.898226E-11	8.210625E+2
-3.000000E-1	3.142767E-6	-3.142767E-6	-2.389093E-11	8.220645E+2
-3.500000E-1	4.613031E-6	-4.613031E-6	-3.506770E-11	8.230674E+2
-4.000000E-1	5.535755E-6	-5.535755E-6	-4.208214E-11	8.240693E+2
-4.500000E-1	7.123314E-6	-7.123314E-6	-5.415057E-11	8.250723E+2
-5.000000E-1	9.296612E-6	-9.296612E-6	-7.067172E-11	8.260742E+2
-5.000000E-1	9.585165E-6	-9.585165E-6	-7.286526E-11	8.270771E+2
-4.500000E-1	7.189612E-6	-7.189612E-6	-5.465456E-11	8.280801E+2
-4.000000E-1	6.077130E-6	-6.077130E-6	-4.619760E-11	8.290820E+2
-3.500000E-1	4.415394E-6	-4.415394E-6	-3.356529E-11	8.300850E+2
-3.000000E-1	3.051718E-6	-3.051718E-6	-2.319879E-11	8.310869E+2
-2.500000E-1	2.334903E-6	-2.334903E-6	-1.774965E-11	8.320898E+2
-2.000000E-1	1.486110E-6	-1.486110E-6	-1.129723E-11	8.330918E+2
-1.500000E-1	8.403681E-7	-8.403681E-7	-6.388376E-12	8.340947E+2
-1.000000E-1	4.861739E-7	-4.861739E-7	-3.695835E-12	8.350967E+2
-5.000000E-2	1.959406E-7	-1.959406E-7	-1.489517E-12	8.360996E+2
0.000000E+0	1.274250E-9	-1.274250E-9	-9.686696E-15	8.371025E+2
0.000000E+0	1.100821E-9	1.100821E-9	8.368306E-15	8.381055E+2
5.000000E-2	1.943725E-7	1.943725E-7	1.477596E-12	8.391074E+2
1.000000E-1	5.355247E-7	5.355247E-7	4.070994E-12	8.401104E+2
1.500000E-1	9.034452E-7	9.034452E-7	6.867881E-12	8.411123E+2
2.000000E-1	1.348885E-6	1.348885E-6	1.025406E-11	8.421152E+2
2.500000E-1	2.280893E-6	2.280893E-6	1.733907E-11	8.431172E+2
3.000000E-1	3.191785E-6	3.191785E-6	2.426356E-11	8.441201E+2
3.500000E-1	4.661958E-6	4.661958E-6	3.543964E-11	8.451221E+2
4.000000E-1	6.243692E-6	6.243692E-6	4.746379E-11	8.461250E+2
4.500000E-1	7.573970E-6	7.573970E-6	5.757640E-11	8.471270E+2
5.000000E-1	9.233544E-6	9.233544E-6	7.019228E-11	8.481299E+2
5.000000E-1	9.584243E-6	9.584243E-6	7.285825E-11	8.491318E+2
4.500000E-1	7.513910E-6	7.513910E-6	5.711983E-11	8.501348E+2
4.000000E-1	6.424560E-6	6.424560E-6	4.883872E-11	8.511377E+2
3.500000E-1	4.821824E-6	4.821824E-6	3.665492E-11	8.521396E+2
3.000000E-1	3.201336E-6	3.201336E-6	2.433617E-11	8.531426E+2
2.500000E-1	2.603413E-6	2.603413E-6	1.979083E-11	8.541445E+2
2.000000E-1	1.700130E-6	1.700130E-6	1.292418E-11	8.551475E+2
1.500000E-1	9.674773E-7	9.674773E-7	7.354645E-12	8.561494E+2
1.000000E-1	5.530684E-7	5.530684E-7	4.204359E-12	8.571523E+2
5.000000E-2	2.239704E-7	2.239704E-7	1.702596E-12	8.581543E+2
0.000000E+0	9.436390E-9	9.436390E-9	7.173429E-14	8.591572E+2
-5.000000E-2	2.336461E-7	-2.336461E-7	-1.776149E-12	8.601602E+2
-1.000000E-1	5.120076E-7	-5.120076E-7	-3.892220E-12	8.611631E+2
-1.500000E-1	9.028501E-7	-9.028501E-7	-6.863357E-12	8.621650E+2
-2.000000E-1	1.617002E-6	-1.617002E-6	-1.229225E-11	8.631680E+2
-2.500000E-1	2.412594E-6	-2.412594E-6	-1.834025E-11	8.641699E+2
-3.000000E-1	3.515081E-6	-3.515081E-6	-2.672122E-11	8.651729E+2
-3.500000E-1	4.989518E-6	-4.989518E-6	-3.792971E-11	8.661748E+2
-4.000000E-1	6.417991E-6	-6.417991E-6	-4.878879E-11	8.671777E+2
-4.500000E-1	8.270116E-6	-8.270116E-6	-6.286842E-11	8.681807E+2
-5.000000E-1	1.044790E-5	-1.044790E-5	-7.942368E-11	8.691826E+2
-5.000000E-1	9.717818E-6	-9.717818E-6	-7.387367E-11	8.701855E+2
-4.500000E-1	8.547189E-6	-8.547189E-6	-6.497469E-11	8.711875E+2
-4.000000E-1	6.756539E-6	-6.756539E-6	-5.136239E-11	8.721904E+2
-3.500000E-1	4.782390E-6	-4.782390E-6	-3.635515E-11	8.731924E+2
-3.000000E-1	3.755164E-6	-3.755164E-6	-2.854630E-11	8.741953E+2
-2.500000E-1	2.367829E-6	-2.367829E-6	-1.799995E-11	8.751982E+2
-2.000000E-1	1.543376E-6	-1.543376E-6	-1.173256E-11	8.762002E+2
-1.500000E-1	9.770397E-7	-9.770397E-7	-7.427337E-12	8.772031E+2
-1.000000E-1	5.011984E-7	-5.011984E-7	-3.810049E-12	8.782051E+2
-5.000000E-2	2.316780E-7	-2.316780E-7	-1.761188E-12	8.792080E+2
0.000000E+0	9.858097E-10	-9.858097E-10	-7.494005E-15	8.802100E+2
