voltage_5_2_21_500mv_500ms	absJ_5_2_21_500mv_500ms	J_5_2_21_500mv_500ms	current_5_2_21_500mv_500ms	time_5_2_21_500mv_500ms	
0.000000E+0	2.438691E-8	-2.438691E-8	-2.128159E-13	0.000000E+0
5.000000E-2	1.176247E-5	1.176247E-5	1.026469E-10	2.013672E+0
1.000000E-1	2.814548E-5	2.814548E-5	2.456156E-10	2.681641E+0
1.500000E-1	4.922119E-5	4.922119E-5	4.295359E-10	3.349609E+0
2.000000E-1	8.454937E-5	8.454937E-5	7.378324E-10	4.017578E+0
2.500000E-1	1.202645E-4	1.202645E-4	1.049506E-9	4.685547E+0
3.000000E-1	1.833370E-4	1.833370E-4	1.599917E-9	6.698242E+0
3.500000E-1	2.482375E-4	2.482375E-4	2.166281E-9	7.365234E+0
4.000000E-1	3.536900E-4	3.536900E-4	3.086528E-9	8.033203E+0
4.500000E-1	4.621279E-4	4.621279E-4	4.032827E-9	8.700195E+0
5.000000E-1	5.792420E-4	5.792420E-4	5.054840E-9	9.367188E+0
5.000000E-1	5.816963E-4	5.816963E-4	5.076258E-9	1.003516E+1
4.500000E-1	4.632225E-4	4.632225E-4	4.042379E-9	1.070215E+1
4.000000E-1	3.498271E-4	3.498271E-4	3.052817E-9	1.136914E+1
3.500000E-1	2.630342E-4	2.630342E-4	2.295406E-9	1.203613E+1
3.000000E-1	1.907553E-4	1.907553E-4	1.664654E-9	1.270410E+1
2.500000E-1	1.303096E-4	1.303096E-4	1.137166E-9	1.337109E+1
2.000000E-1	8.605694E-5	8.605694E-5	7.509885E-10	1.471094E+1
1.500000E-1	5.175822E-5	5.175822E-5	4.516757E-10	1.537891E+1
1.000000E-1	2.810271E-5	2.810271E-5	2.452424E-10	1.604688E+1
5.000000E-2	1.165719E-5	1.165719E-5	1.017282E-10	1.671484E+1
0.000000E+0	1.137048E-8	-1.137048E-8	-9.922618E-14	1.848828E+1
-5.000000E-2	1.084158E-5	-1.084158E-5	-9.461067E-11	1.949121E+1
-1.000000E-1	2.502466E-5	-2.502466E-5	-2.183814E-10	2.150488E+1
-1.500000E-1	4.586013E-5	-4.586013E-5	-4.002051E-10	2.217285E+1
-2.000000E-1	7.759104E-5	-7.759104E-5	-6.771096E-10	2.284082E+1
-2.500000E-1	1.134220E-4	-1.134220E-4	-9.897932E-10	2.350879E+1
-3.000000E-1	1.622905E-4	-1.622905E-4	-1.416252E-9	2.552148E+1
-3.500000E-1	2.220025E-4	-2.220025E-4	-1.937337E-9	2.618945E+1
-4.000000E-1	3.020014E-4	-3.020014E-4	-2.635459E-9	2.685645E+1
-4.500000E-1	3.772880E-4	-3.772880E-4	-3.292459E-9	2.752344E+1
-5.000000E-1	4.843887E-4	-4.843887E-4	-4.227089E-9	2.819141E+1
-5.000000E-1	5.025837E-4	-5.025837E-4	-4.385870E-9	2.885840E+1
-4.500000E-1	3.969313E-4	-3.969313E-4	-3.463879E-9	2.952539E+1
-4.000000E-1	3.038053E-4	-3.038053E-4	-2.651201E-9	3.019336E+1
-3.500000E-1	2.263605E-4	-2.263605E-4	-1.975368E-9	3.086035E+1
-3.000000E-1	1.605766E-4	-1.605766E-4	-1.401295E-9	3.152734E+1
-2.500000E-1	1.143473E-4	-1.143473E-4	-9.978683E-10	3.286719E+1
-2.000000E-1	7.456323E-5	-7.456323E-5	-6.506869E-10	3.353516E+1
-1.500000E-1	4.402756E-5	-4.402756E-5	-3.842129E-10	3.420313E+1
-1.000000E-1	2.505443E-5	-2.505443E-5	-2.186411E-10	3.487109E+1
-5.000000E-2	1.086446E-5	-1.086446E-5	-9.481028E-11	3.664453E+1
0.000000E+0	7.153544E-8	-7.153544E-8	-6.242645E-13	3.764746E+1
0.000000E+0	5.670612E-8	-5.670612E-8	-4.948542E-13	3.865039E+1
5.000000E-2	1.168998E-5	1.168998E-5	1.020143E-10	4.066406E+1
1.000000E-1	2.666157E-5	2.666157E-5	2.326661E-10	4.133203E+1
1.500000E-1	4.983555E-5	4.983555E-5	4.348972E-10	4.200000E+1
2.000000E-1	8.161717E-5	8.161717E-5	7.122442E-10	4.266797E+1
2.500000E-1	1.356743E-4	1.356743E-4	1.183982E-9	4.468066E+1
3.000000E-1	1.952945E-4	1.952945E-4	1.704266E-9	4.534766E+1
3.500000E-1	2.663991E-4	2.663991E-4	2.324771E-9	4.601465E+1
4.000000E-1	3.599448E-4	3.599448E-4	3.141111E-9	4.668262E+1
4.500000E-1	4.867398E-4	4.867398E-4	4.247606E-9	4.734961E+1
5.000000E-1	6.282417E-4	6.282417E-4	5.482443E-9	4.801660E+1
5.000000E-1	6.167797E-4	6.167797E-4	5.382418E-9	4.868457E+1
4.500000E-1	4.872924E-4	4.872924E-4	4.252428E-9	4.935156E+1
4.000000E-1	3.796465E-4	3.796465E-4	3.313041E-9	5.001855E+1
3.500000E-1	2.837267E-4	2.837267E-4	2.475983E-9	5.068652E+1
3.000000E-1	1.984616E-4	1.984616E-4	1.731904E-9	5.135352E+1
2.500000E-1	1.328176E-4	1.328176E-4	1.159052E-9	5.202051E+1
2.000000E-1	8.557278E-5	8.557278E-5	7.467634E-10	5.336035E+1
1.500000E-1	5.114189E-5	5.114189E-5	4.462972E-10	5.402832E+1
1.000000E-1	2.640406E-5	2.640406E-5	2.304189E-10	5.469629E+1
5.000000E-2	1.162277E-5	1.162277E-5	1.014278E-10	5.647070E+1
0.000000E+0	2.596287E-8	2.596287E-8	2.265688E-13	5.747266E+1
-5.000000E-2	1.155122E-5	-1.155122E-5	-1.008034E-10	5.847559E+1
-1.000000E-1	2.744584E-5	-2.744584E-5	-2.395101E-10	6.048926E+1
-1.500000E-1	5.103628E-5	-5.103628E-5	-4.453756E-10	6.115723E+1
-2.000000E-1	8.525028E-5	-8.525028E-5	-7.439490E-10	6.182520E+1
-2.500000E-1	1.276017E-4	-1.276017E-4	-1.113535E-9	6.383887E+1
-3.000000E-1	1.845795E-4	-1.845795E-4	-1.610760E-9	6.450586E+1
-3.500000E-1	2.640539E-4	-2.640539E-4	-2.304305E-9	6.517285E+1
-4.000000E-1	3.584878E-4	-3.584878E-4	-3.128396E-9	6.583984E+1
-4.500000E-1	4.485682E-4	-4.485682E-4	-3.914496E-9	6.650781E+1
-5.000000E-1	5.513434E-4	-5.513434E-4	-4.811379E-9	6.717480E+1
-5.000000E-1	5.447867E-4	-5.447867E-4	-4.754161E-9	6.784180E+1
-4.500000E-1	4.358505E-4	-4.358505E-4	-3.803513E-9	6.850977E+1
-4.000000E-1	3.420779E-4	-3.420779E-4	-2.985193E-9	6.917676E+1
-3.500000E-1	2.633405E-4	-2.633405E-4	-2.298079E-9	6.984375E+1
-3.000000E-1	1.888329E-4	-1.888329E-4	-1.647878E-9	7.051172E+1
-2.500000E-1	1.292902E-4	-1.292902E-4	-1.128270E-9	7.117871E+1
-2.000000E-1	8.057148E-5	-8.057148E-5	-7.031188E-10	7.251855E+1
-1.500000E-1	4.864203E-5	-4.864203E-5	-4.244818E-10	7.318652E+1
-1.000000E-1	2.690351E-5	-2.690351E-5	-2.347774E-10	7.385449E+1
-5.000000E-2	1.171433E-5	-1.171433E-5	-1.022268E-10	7.452246E+1
0.000000E+0	4.317444E-8	-4.317444E-8	-3.767681E-13	7.629590E+1
0.000000E+0	3.074483E-8	-3.074483E-8	-2.682993E-13	7.729883E+1
5.000000E-2	1.181461E-5	1.181461E-5	1.031019E-10	7.830176E+1
1.000000E-1	2.764400E-5	2.764400E-5	2.412394E-10	8.031543E+1
1.500000E-1	5.469027E-5	5.469027E-5	4.772626E-10	8.098340E+1
2.000000E-1	9.176540E-5	9.176540E-5	8.008042E-10	8.165137E+1
2.500000E-1	1.412980E-4	1.412980E-4	1.233058E-9	8.366406E+1
3.000000E-1	2.102101E-4	2.102101E-4	1.834429E-9	8.433105E+1
3.500000E-1	2.801260E-4	2.801260E-4	2.444560E-9	8.499902E+1
4.000000E-1	3.888273E-4	3.888273E-4	3.393158E-9	8.566602E+1
4.500000E-1	5.029312E-4	5.029312E-4	4.388903E-9	8.633301E+1
5.000000E-1	6.621300E-4	6.621300E-4	5.778174E-9	8.700000E+1
5.000000E-1	6.569479E-4	6.569479E-4	5.732952E-9	8.766797E+1
4.500000E-1	5.214123E-4	5.214123E-4	4.550181E-9	8.833496E+1
4.000000E-1	3.948690E-4	3.948690E-4	3.445882E-9	8.900293E+1
3.500000E-1	2.914067E-4	2.914067E-4	2.543003E-9	8.966992E+1
3.000000E-1	2.078532E-4	2.078532E-4	1.813861E-9	9.033691E+1
2.500000E-1	1.416304E-4	1.416304E-4	1.235958E-9	9.100488E+1
2.000000E-1	8.646466E-5	8.646466E-5	7.545465E-10	9.234473E+1
1.500000E-1	5.270254E-5	5.270254E-5	4.599164E-10	9.301270E+1
1.000000E-1	2.821790E-5	2.821790E-5	2.462476E-10	9.368066E+1
5.000000E-2	1.162524E-5	1.162524E-5	1.014494E-10	9.434766E+1
0.000000E+0	9.772255E-9	-9.772255E-9	-8.527901E-14	9.612207E+1
-5.000000E-2	1.163739E-5	-1.163739E-5	-1.015554E-10	9.712500E+1
-1.000000E-1	2.661983E-5	-2.661983E-5	-2.323018E-10	9.913867E+1
-1.500000E-1	5.059409E-5	-5.059409E-5	-4.415167E-10	9.980664E+1
-2.000000E-1	7.968929E-5	-7.968929E-5	-6.954203E-10	1.004736E+2
-2.500000E-1	1.276706E-4	-1.276706E-4	-1.114136E-9	1.024873E+2
-3.000000E-1	1.854085E-4	-1.854085E-4	-1.617994E-9	1.031543E+2
-3.500000E-1	2.654629E-4	-2.654629E-4	-2.316601E-9	1.038213E+2
-4.000000E-1	3.480587E-4	-3.480587E-4	-3.037385E-9	1.044893E+2
-4.500000E-1	4.483241E-4	-4.483241E-4	-3.912366E-9	1.051562E+2
-5.000000E-1	5.709827E-4	-5.709827E-4	-4.982764E-9	1.058232E+2
-5.000000E-1	5.678432E-4	-5.678432E-4	-4.955367E-9	1.064902E+2
-4.500000E-1	4.490778E-4	-4.490778E-4	-3.918943E-9	1.071582E+2
-4.000000E-1	3.573902E-4	-3.573902E-4	-3.118818E-9	1.078252E+2
-3.500000E-1	2.598517E-4	-2.598517E-4	-2.267634E-9	1.084922E+2
-3.000000E-1	1.868725E-4	-1.868725E-4	-1.630770E-9	1.091602E+2
-2.500000E-1	1.266745E-4	-1.266745E-4	-1.105444E-9	1.098271E+2
-2.000000E-1	8.139791E-5	-8.139791E-5	-7.103308E-10	1.111670E+2
-1.500000E-1	4.969700E-5	-4.969700E-5	-4.336881E-10	1.118350E+2
-1.000000E-1	2.700502E-5	-2.700502E-5	-2.356633E-10	1.125029E+2
-5.000000E-2	1.130024E-5	-1.130024E-5	-9.861316E-11	1.142764E+2
0.000000E+0	7.506904E-8	-7.506904E-8	-6.551010E-13	1.152793E+2
0.000000E+0	5.403285E-8	-5.403285E-8	-4.715256E-13	1.162822E+2
5.000000E-2	1.120527E-5	1.120527E-5	9.778445E-11	1.172852E+2
1.000000E-1	2.722275E-5	2.722275E-5	2.375633E-10	1.192979E+2
1.500000E-1	5.399220E-5	5.399220E-5	4.711708E-10	1.199658E+2
2.000000E-1	8.961991E-5	8.961991E-5	7.820813E-10	1.206338E+2
2.500000E-1	1.496600E-4	1.496600E-4	1.306030E-9	1.226475E+2
3.000000E-1	2.129329E-4	2.129329E-4	1.858190E-9	1.233145E+2
3.500000E-1	2.975911E-4	2.975911E-4	2.596972E-9	1.239814E+2
4.000000E-1	4.069849E-4	4.069849E-4	3.551613E-9	1.246494E+2
4.500000E-1	5.398286E-4	5.398286E-4	4.710893E-9	1.253164E+2
5.000000E-1	6.881134E-4	6.881134E-4	6.004922E-9	1.259834E+2
5.000000E-1	6.869673E-4	6.869673E-4	5.994921E-9	1.266504E+2
4.500000E-1	5.424505E-4	5.424505E-4	4.733774E-9	1.273184E+2
4.000000E-1	4.113177E-4	4.113177E-4	3.589424E-9	1.279854E+2
3.500000E-1	3.104655E-4	3.104655E-4	2.709323E-9	1.286523E+2
3.000000E-1	2.206305E-4	2.206305E-4	1.925364E-9	1.293193E+2
2.500000E-1	1.493194E-4	1.493194E-4	1.303058E-9	1.299873E+2
2.000000E-1	9.910063E-5	9.910063E-5	8.648161E-10	1.313271E+2
1.500000E-1	5.933535E-5	5.933535E-5	5.177986E-10	1.319951E+2
1.000000E-1	3.012299E-5	3.012299E-5	2.628727E-10	1.326631E+2
5.000000E-2	1.273773E-5	1.273773E-5	1.111577E-10	1.333301E+2
0.000000E+0	1.209247E-8	-1.209247E-8	-1.055267E-13	1.351045E+2
-5.000000E-2	1.289819E-5	-1.289819E-5	-1.125579E-10	1.371182E+2
-1.000000E-1	2.907281E-5	-2.907281E-5	-2.537081E-10	1.377861E+2
-1.500000E-1	5.508114E-5	-5.508114E-5	-4.806736E-10	1.384541E+2
-2.000000E-1	8.826267E-5	-8.826267E-5	-7.702371E-10	1.391221E+2
-2.500000E-1	1.366822E-4	-1.366822E-4	-1.192777E-9	1.411348E+2
-3.000000E-1	2.055248E-4	-2.055248E-4	-1.793542E-9	1.418018E+2
-3.500000E-1	2.884627E-4	-2.884627E-4	-2.517312E-9	1.424697E+2
-4.000000E-1	3.865647E-4	-3.865647E-4	-3.373413E-9	1.431367E+2
-4.500000E-1	5.072451E-4	-5.072451E-4	-4.426549E-9	1.438047E+2
-5.000000E-1	6.267332E-4	-6.267332E-4	-5.469279E-9	1.444717E+2
-5.000000E-1	6.664851E-4	-6.664851E-4	-5.816180E-9	1.451387E+2
-4.500000E-1	5.175279E-4	-5.175279E-4	-4.516283E-9	1.458057E+2
-4.000000E-1	3.952949E-4	-3.952949E-4	-3.449599E-9	1.464736E+2
-3.500000E-1	3.010776E-4	-3.010776E-4	-2.627398E-9	1.471406E+2
-3.000000E-1	2.144916E-4	-2.144916E-4	-1.871792E-9	1.478076E+2
-2.500000E-1	1.462396E-4	-1.462396E-4	-1.276181E-9	1.484756E+2
-2.000000E-1	9.189656E-5	-9.189656E-5	-8.019488E-10	1.498154E+2
-1.500000E-1	5.890350E-5	-5.890350E-5	-5.140300E-10	1.504834E+2
-1.000000E-1	3.024337E-5	-3.024337E-5	-2.639232E-10	1.511514E+2
-5.000000E-2	1.333495E-5	-1.333495E-5	-1.163694E-10	1.518193E+2
0.000000E+0	4.988223E-8	-4.988223E-8	-4.353046E-13	1.535928E+2
0.000000E+0	3.754645E-8	-3.754645E-8	-3.276546E-13	1.545957E+2
5.000000E-2	1.327529E-5	1.327529E-5	1.158488E-10	1.566094E+2
1.000000E-1	3.233098E-5	3.233098E-5	2.821410E-10	1.572773E+2
1.500000E-1	5.975275E-5	5.975275E-5	5.214411E-10	1.579453E+2
2.000000E-1	9.925353E-5	9.925353E-5	8.661505E-10	1.586123E+2
2.500000E-1	1.694166E-4	1.694166E-4	1.478439E-9	1.606260E+2
3.000000E-1	2.419380E-4	2.419380E-4	2.111307E-9	1.612930E+2
3.500000E-1	3.542880E-4	3.542880E-4	3.091746E-9	1.619600E+2
4.000000E-1	4.716677E-4	4.716677E-4	4.116077E-9	1.626279E+2
4.500000E-1	6.307171E-4	6.307171E-4	5.504045E-9	1.632949E+2
5.000000E-1	7.750464E-4	7.750464E-4	6.763556E-9	1.639619E+2
5.000000E-1	7.813684E-4	7.813684E-4	6.818726E-9	1.646299E+2
4.500000E-1	5.883134E-4	5.883134E-4	5.134003E-9	1.652969E+2
4.000000E-1	4.519556E-4	4.519556E-4	3.944057E-9	1.659639E+2
3.500000E-1	3.441426E-4	3.441426E-4	3.003211E-9	1.666309E+2
3.000000E-1	2.345745E-4	2.345745E-4	2.047049E-9	1.672988E+2
2.500000E-1	1.666581E-4	1.666581E-4	1.454366E-9	1.679658E+2
2.000000E-1	1.075455E-4	1.075455E-4	9.385118E-10	1.693057E+2
1.500000E-1	6.313368E-5	6.313368E-5	5.509453E-10	1.699736E+2
1.000000E-1	3.401570E-5	3.401570E-5	2.968430E-10	1.706416E+2
5.000000E-2	1.454863E-5	1.454863E-5	1.269607E-10	1.713096E+2
0.000000E+0	9.163178E-9	-9.163178E-9	-7.996381E-14	1.730830E+2
-5.000000E-2	1.335973E-5	-1.335973E-5	-1.165856E-10	1.750977E+2
-1.000000E-1	3.108856E-5	-3.108856E-5	-2.712989E-10	1.757656E+2
-1.500000E-1	5.994345E-5	-5.994345E-5	-5.231053E-10	1.764336E+2
-2.000000E-1	9.937601E-5	-9.937601E-5	-8.672193E-10	1.771006E+2
-2.500000E-1	1.518023E-4	-1.518023E-4	-1.324725E-9	1.791143E+2
-3.000000E-1	2.375799E-4	-2.375799E-4	-2.073276E-9	1.797813E+2
-3.500000E-1	3.204126E-4	-3.204126E-4	-2.796127E-9	1.804482E+2
-4.000000E-1	4.241008E-4	-4.241008E-4	-3.700978E-9	1.811162E+2
-4.500000E-1	5.140750E-4	-5.140750E-4	-4.486151E-9	1.817832E+2
-5.000000E-1	6.846112E-4	-6.846112E-4	-5.974360E-9	1.824502E+2
-5.000000E-1	7.011357E-4	-7.011357E-4	-6.118563E-9	1.831172E+2
-4.500000E-1	5.593133E-4	-5.593133E-4	-4.880929E-9	1.837852E+2
-4.000000E-1	4.242597E-4	-4.242597E-4	-3.702364E-9	1.844521E+2
-3.500000E-1	3.049879E-4	-3.049879E-4	-2.661522E-9	1.851191E+2
-3.000000E-1	2.165178E-4	-2.165178E-4	-1.889474E-9	1.857871E+2
-2.500000E-1	1.512284E-4	-1.512284E-4	-1.319717E-9	1.864541E+2
-2.000000E-1	9.524310E-5	-9.524310E-5	-8.311528E-10	1.877939E+2
-1.500000E-1	5.886043E-5	-5.886043E-5	-5.136541E-10	1.884619E+2
-1.000000E-1	3.143963E-5	-3.143963E-5	-2.743625E-10	1.891299E+2
-5.000000E-2	1.393354E-5	-1.393354E-5	-1.215931E-10	1.897979E+2
0.000000E+0	5.362256E-8	-5.362256E-8	-4.679451E-13	1.915713E+2
0.000000E+0	3.815870E-8	-3.815870E-8	-3.329975E-13	1.925752E+2
5.000000E-2	1.405339E-5	1.405339E-5	1.226390E-10	1.945879E+2
1.000000E-1	3.281828E-5	3.281828E-5	2.863935E-10	1.952559E+2
1.500000E-1	6.020147E-5	6.020147E-5	5.253569E-10	1.959238E+2
2.000000E-1	1.048442E-4	1.048442E-4	9.149382E-10	1.965918E+2
2.500000E-1	1.651598E-4	1.651598E-4	1.441291E-9	1.986045E+2
3.000000E-1	2.488206E-4	2.488206E-4	2.171369E-9	1.992725E+2
3.500000E-1	3.493839E-4	3.493839E-4	3.048950E-9	1.999395E+2
4.000000E-1	4.769174E-4	4.769174E-4	4.161889E-9	2.006064E+2
4.500000E-1	6.270816E-4	6.270816E-4	5.472319E-9	2.012744E+2
5.000000E-1	8.354779E-4	8.354779E-4	7.290920E-9	2.019414E+2
5.000000E-1	8.278071E-4	8.278071E-4	7.223980E-9	2.026084E+2
4.500000E-1	6.731527E-4	6.731527E-4	5.874366E-9	2.032754E+2
4.000000E-1	5.096866E-4	5.096866E-4	4.447855E-9	2.039434E+2
3.500000E-1	3.862690E-4	3.862690E-4	3.370833E-9	2.046104E+2
3.000000E-1	2.739114E-4	2.739114E-4	2.390328E-9	2.052773E+2
2.500000E-1	1.878727E-4	1.878727E-4	1.639499E-9	2.059453E+2
2.000000E-1	1.163612E-4	1.163612E-4	1.015443E-9	2.066123E+2
1.500000E-1	7.153969E-5	7.153969E-5	6.243016E-10	2.079521E+2
1.000000E-1	3.689450E-5	3.689450E-5	3.219653E-10	2.086201E+2
5.000000E-2	1.512605E-5	1.512605E-5	1.319997E-10	2.092881E+2
0.000000E+0	1.576760E-8	-1.576760E-8	-1.375983E-13	2.110615E+2
-5.000000E-2	1.558381E-5	-1.558381E-5	-1.359944E-10	2.130752E+2
-1.000000E-1	3.715367E-5	-3.715367E-5	-3.242269E-10	2.137432E+2
-1.500000E-1	6.528907E-5	-6.528907E-5	-5.697546E-10	2.144111E+2
-2.000000E-1	1.074570E-4	-1.074570E-4	-9.377396E-10	2.150791E+2
-2.500000E-1	1.597436E-4	-1.597436E-4	-1.394026E-9	2.170928E+2
-3.000000E-1	2.408238E-4	-2.408238E-4	-2.101584E-9	2.177598E+2
-3.500000E-1	3.252148E-4	-3.252148E-4	-2.838035E-9	2.184268E+2
-4.000000E-1	4.312099E-4	-4.312099E-4	-3.763016E-9	2.190937E+2
-4.500000E-1	5.691004E-4	-5.691004E-4	-4.966338E-9	2.197617E+2
-5.000000E-1	7.242368E-4	-7.242368E-4	-6.320158E-9	2.204287E+2
-5.000000E-1	7.501418E-4	-7.501418E-4	-6.546222E-9	2.210957E+2
-4.500000E-1	5.824723E-4	-5.824723E-4	-5.083030E-9	2.217637E+2
-4.000000E-1	4.419329E-4	-4.419329E-4	-3.856592E-9	2.224307E+2
-3.500000E-1	3.240057E-4	-3.240057E-4	-2.827483E-9	2.230977E+2
-3.000000E-1	2.265122E-4	-2.265122E-4	-1.976692E-9	2.237646E+2
-2.500000E-1	1.529919E-4	-1.529919E-4	-1.335106E-9	2.244326E+2
-2.000000E-1	1.015305E-4	-1.015305E-4	-8.860207E-10	2.257725E+2
-1.500000E-1	6.373546E-5	-6.373546E-5	-5.561968E-10	2.264404E+2
-1.000000E-1	3.294085E-5	-3.294085E-5	-2.874631E-10	2.271084E+2
-5.000000E-2	1.431618E-5	-1.431618E-5	-1.249322E-10	2.277764E+2
0.000000E+0	5.546092E-8	-5.546092E-8	-4.839878E-13	2.295498E+2
0.000000E+0	4.428922E-8	-4.428922E-8	-3.864964E-13	2.305527E+2
5.000000E-2	1.469626E-5	1.469626E-5	1.282491E-10	2.325664E+2
1.000000E-1	3.651899E-5	3.651899E-5	3.186883E-10	2.332344E+2
1.500000E-1	6.862079E-5	6.862079E-5	5.988293E-10	2.339023E+2
2.000000E-1	1.147050E-4	1.147050E-4	1.000990E-9	2.345703E+2
2.500000E-1	1.652021E-4	1.652021E-4	1.441660E-9	2.365830E+2
3.000000E-1	2.491277E-4	2.491277E-4	2.174049E-9	2.372500E+2
3.500000E-1	3.546845E-4	3.546845E-4	3.095206E-9	2.379180E+2
4.000000E-1	4.815794E-4	4.815794E-4	4.202573E-9	2.385850E+2
4.500000E-1	6.309424E-4	6.309424E-4	5.506011E-9	2.392520E+2
5.000000E-1	7.982023E-4	7.982023E-4	6.965629E-9	2.399199E+2
5.000000E-1	7.826873E-4	7.826873E-4	6.830235E-9	2.405869E+2
4.500000E-1	6.437843E-4	6.437843E-4	5.618078E-9	2.412539E+2
4.000000E-1	4.628078E-4	4.628078E-4	4.038760E-9	2.419209E+2
3.500000E-1	3.596179E-4	3.596179E-4	3.138258E-9	2.425889E+2
3.000000E-1	2.654618E-4	2.654618E-4	2.316591E-9	2.432559E+2
2.500000E-1	1.845457E-4	1.845457E-4	1.610465E-9	2.439229E+2
2.000000E-1	1.170682E-4	1.170682E-4	1.021613E-9	2.445908E+2
1.500000E-1	7.154000E-5	7.154000E-5	6.243043E-10	2.459307E+2
1.000000E-1	3.996525E-5	3.996525E-5	3.487626E-10	2.465977E+2
5.000000E-2	1.610816E-5	1.610816E-5	1.405702E-10	2.472656E+2
0.000000E+0	1.822140E-8	-1.822140E-8	-1.590117E-13	2.490400E+2
-5.000000E-2	1.619451E-5	-1.619451E-5	-1.413238E-10	2.510537E+2
-1.000000E-1	3.765523E-5	-3.765523E-5	-3.286039E-10	2.517217E+2
-1.500000E-1	6.780478E-5	-6.780478E-5	-5.917083E-10	2.523896E+2
-2.000000E-1	1.171680E-4	-1.171680E-4	-1.022484E-9	2.530576E+2
-2.500000E-1	1.584408E-4	-1.584408E-4	-1.382657E-9	2.550703E+2
-3.000000E-1	2.344774E-4	-2.344774E-4	-2.046201E-9	2.557373E+2
-3.500000E-1	3.292464E-4	-3.292464E-4	-2.873217E-9	2.564053E+2
-4.000000E-1	4.477729E-4	-4.477729E-4	-3.907556E-9	2.570723E+2
-4.500000E-1	5.810479E-4	-5.810479E-4	-5.070599E-9	2.577393E+2
-5.000000E-1	7.358225E-4	-7.358225E-4	-6.421263E-9	2.584062E+2
-5.000000E-1	7.735364E-4	-7.735364E-4	-6.750379E-9	2.590742E+2
-4.500000E-1	5.941667E-4	-5.941667E-4	-5.185083E-9	2.597412E+2
-4.000000E-1	4.583338E-4	-4.583338E-4	-3.999717E-9	2.604082E+2
-3.500000E-1	3.349430E-4	-3.349430E-4	-2.922929E-9	2.610752E+2
-3.000000E-1	2.406023E-4	-2.406023E-4	-2.099651E-9	2.617432E+2
-2.500000E-1	1.735859E-4	-1.735859E-4	-1.514823E-9	2.624102E+2
-2.000000E-1	1.090338E-4	-1.090338E-4	-9.514994E-10	2.637500E+2
-1.500000E-1	6.681800E-5	-6.681800E-5	-5.830970E-10	2.644180E+2
-1.000000E-1	3.655003E-5	-3.655003E-5	-3.189592E-10	2.650859E+2
-5.000000E-2	1.565928E-5	-1.565928E-5	-1.366530E-10	2.657539E+2
0.000000E+0	6.682504E-8	-6.682504E-8	-5.831585E-13	2.675283E+2
0.000000E+0	5.238851E-8	-5.238851E-8	-4.571760E-13	2.685313E+2
5.000000E-2	1.568395E-5	1.568395E-5	1.368683E-10	2.705439E+2
1.000000E-1	3.721815E-5	3.721815E-5	3.247896E-10	2.712119E+2
1.500000E-1	7.161233E-5	7.161233E-5	6.249355E-10	2.718799E+2
2.000000E-1	1.161632E-4	1.161632E-4	1.013715E-9	2.725479E+2
2.500000E-1	1.748988E-4	1.748988E-4	1.526280E-9	2.745615E+2
3.000000E-1	2.671246E-4	2.671246E-4	2.331102E-9	2.752285E+2
3.500000E-1	3.737312E-4	3.737312E-4	3.261420E-9	2.758955E+2
4.000000E-1	4.962771E-4	4.962771E-4	4.330835E-9	2.765635E+2
4.500000E-1	7.100926E-4	7.100926E-4	6.196727E-9	2.772305E+2
5.000000E-1	8.468294E-4	8.468294E-4	7.389980E-9	2.778975E+2
5.000000E-1	8.330797E-4	8.330797E-4	7.269992E-9	2.785645E+2
4.500000E-1	6.656496E-4	6.656496E-4	5.808889E-9	2.792324E+2
4.000000E-1	4.982956E-4	4.982956E-4	4.348449E-9	2.798994E+2
3.500000E-1	3.479568E-4	3.479568E-4	3.036496E-9	2.805664E+2
3.000000E-1	2.543192E-4	2.543192E-4	2.219354E-9	2.812344E+2
2.500000E-1	1.778805E-4	1.778805E-4	1.552300E-9	2.819014E+2
2.000000E-1	1.090603E-4	1.090603E-4	9.517306E-10	2.832412E+2
1.500000E-1	6.439847E-5	6.439847E-5	5.619827E-10	2.839092E+2
1.000000E-1	3.587496E-5	3.587496E-5	3.130681E-10	2.845771E+2
5.000000E-2	1.505187E-5	1.505187E-5	1.313523E-10	2.852451E+2
0.000000E+0	1.148498E-8	-1.148498E-8	-1.002254E-13	2.870186E+2
-5.000000E-2	1.439676E-5	-1.439676E-5	-1.256354E-10	2.890322E+2
-1.000000E-1	3.573206E-5	-3.573206E-5	-3.118210E-10	2.897002E+2
-1.500000E-1	6.572343E-5	-6.572343E-5	-5.735451E-10	2.903682E+2
-2.000000E-1	1.088450E-4	-1.088450E-4	-9.498514E-10	2.910361E+2
-2.500000E-1	1.711493E-4	-1.711493E-4	-1.493559E-9	2.930498E+2
-3.000000E-1	2.499689E-4	-2.499689E-4	-2.181390E-9	2.937168E+2
-3.500000E-1	3.513426E-4	-3.513426E-4	-3.066043E-9	2.943838E+2
-4.000000E-1	4.613474E-4	-4.613474E-4	-4.026016E-9	2.950508E+2
-4.500000E-1	5.902739E-4	-5.902739E-4	-5.151111E-9	2.957187E+2
-5.000000E-1	7.531834E-4	-7.531834E-4	-6.572765E-9	2.963857E+2
-5.000000E-1	7.553099E-4	-7.553099E-4	-6.591322E-9	2.970527E+2
-4.500000E-1	6.003569E-4	-6.003569E-4	-5.239102E-9	2.977207E+2
-4.000000E-1	4.609574E-4	-4.609574E-4	-4.022612E-9	2.983877E+2
-3.500000E-1	3.345550E-4	-3.345550E-4	-2.919543E-9	2.990547E+2
-3.000000E-1	2.330858E-4	-2.330858E-4	-2.034057E-9	2.997217E+2
-2.500000E-1	1.570319E-4	-1.570319E-4	-1.370362E-9	3.003896E+2
-2.000000E-1	1.034979E-4	-1.034979E-4	-9.031892E-10	3.017295E+2
-1.500000E-1	6.509414E-5	-6.509414E-5	-5.680535E-10	3.023975E+2
-1.000000E-1	3.391414E-5	-3.391414E-5	-2.959567E-10	3.030654E+2
-5.000000E-2	1.574644E-5	-1.574644E-5	-1.374136E-10	3.037334E+2
0.000000E+0	5.465306E-8	-5.465306E-8	-4.769379E-13	3.055068E+2
0.000000E+0	4.651879E-8	-4.651879E-8	-4.059530E-13	3.065098E+2
5.000000E-2	1.694561E-5	1.694561E-5	1.478783E-10	3.085234E+2
1.000000E-1	3.746663E-5	3.746663E-5	3.269580E-10	3.091914E+2
1.500000E-1	7.071067E-5	7.071067E-5	6.170670E-10	3.098594E+2
2.000000E-1	1.200941E-4	1.200941E-4	1.048019E-9	3.105264E+2
2.500000E-1	1.887094E-4	1.887094E-4	1.646800E-9	3.125400E+2
3.000000E-1	2.678363E-4	2.678363E-4	2.337313E-9	3.132070E+2
3.500000E-1	3.820475E-4	3.820475E-4	3.333993E-9	3.138740E+2
4.000000E-1	5.167210E-4	5.167210E-4	4.509241E-9	3.145420E+2
4.500000E-1	6.812775E-4	6.812775E-4	5.945268E-9	3.152090E+2
5.000000E-1	8.597850E-4	8.597850E-4	7.503040E-9	3.158760E+2
5.000000E-1	8.611749E-4	8.611749E-4	7.515169E-9	3.165439E+2
4.500000E-1	6.748478E-4	6.748478E-4	5.889158E-9	3.172109E+2
4.000000E-1	5.165922E-4	5.165922E-4	4.508117E-9	3.178779E+2
3.500000E-1	3.903157E-4	3.903157E-4	3.406147E-9	3.185459E+2
3.000000E-1	2.679438E-4	2.679438E-4	2.338251E-9	3.192129E+2
2.500000E-1	1.892171E-4	1.892171E-4	1.651231E-9	3.198799E+2
2.000000E-1	1.135815E-4	1.135815E-4	9.911858E-10	3.212197E+2
1.500000E-1	6.813838E-5	6.813838E-5	5.946196E-10	3.218877E+2
1.000000E-1	3.835098E-5	3.835098E-5	3.346754E-10	3.225557E+2
5.000000E-2	1.556173E-5	1.556173E-5	1.358017E-10	3.232236E+2
0.000000E+0	9.379456E-9	-9.379456E-9	-8.185119E-14	3.249971E+2
-5.000000E-2	1.606001E-5	-1.606001E-5	-1.401500E-10	3.270107E+2
-1.000000E-1	3.747540E-5	-3.747540E-5	-3.270346E-10	3.276787E+2
-1.500000E-1	7.170956E-5	-7.170956E-5	-6.257840E-10	3.283467E+2
-2.000000E-1	1.105724E-4	-1.105724E-4	-9.649260E-10	3.290146E+2
-2.500000E-1	1.695182E-4	-1.695182E-4	-1.479325E-9	3.310273E+2
-3.000000E-1	2.504448E-4	-2.504448E-4	-2.185543E-9	3.316953E+2
-3.500000E-1	3.578112E-4	-3.578112E-4	-3.122492E-9	3.323623E+2
-4.000000E-1	4.908536E-4	-4.908536E-4	-4.283506E-9	3.330293E+2
-4.500000E-1	6.278137E-4	-6.278137E-4	-5.478708E-9	3.336973E+2
-5.000000E-1	8.141537E-4	-8.141537E-4	-7.104831E-9	3.343643E+2
-5.000000E-1	8.167902E-4	-8.167902E-4	-7.127839E-9	3.350312E+2
-4.500000E-1	6.345190E-4	-6.345190E-4	-5.537223E-9	3.356992E+2
-4.000000E-1	4.778347E-4	-4.778347E-4	-4.169894E-9	3.363662E+2
-3.500000E-1	3.521599E-4	-3.521599E-4	-3.073175E-9	3.370332E+2
-3.000000E-1	2.521521E-4	-2.521521E-4	-2.200442E-9	3.377012E+2
-2.500000E-1	1.700266E-4	-1.700266E-4	-1.483762E-9	3.383682E+2
-2.000000E-1	1.120454E-4	-1.120454E-4	-9.777809E-10	3.397080E+2
-1.500000E-1	6.547727E-5	-6.547727E-5	-5.713970E-10	3.403760E+2
-1.000000E-1	3.507799E-5	-3.507799E-5	-3.061132E-10	3.410439E+2
-5.000000E-2	1.522749E-5	-1.522749E-5	-1.328849E-10	3.417119E+2
0.000000E+0	6.118592E-8	-6.118592E-8	-5.339479E-13	3.434854E+2
0.000000E+0	4.844144E-8	-4.844144E-8	-4.227313E-13	3.444883E+2
5.000000E-2	1.650709E-5	1.650709E-5	1.440515E-10	3.465020E+2
1.000000E-1	3.837825E-5	3.837825E-5	3.349134E-10	3.471699E+2
1.500000E-1	7.359302E-5	7.359302E-5	6.422203E-10	3.478379E+2
2.000000E-1	1.199248E-4	1.199248E-4	1.046541E-9	3.485059E+2
2.500000E-1	1.844609E-4	1.844609E-4	1.609725E-9	3.505186E+2
3.000000E-1	2.740848E-4	2.740848E-4	2.391841E-9	3.511865E+2
3.500000E-1	3.817322E-4	3.817322E-4	3.331242E-9	3.518535E+2
4.000000E-1	5.317361E-4	5.317361E-4	4.640273E-9	3.525205E+2
4.500000E-1	6.639435E-4	6.639435E-4	5.794000E-9	3.531875E+2
5.000000E-1	8.598414E-4	8.598414E-4	7.503532E-9	3.538555E+2
5.000000E-1	8.475800E-4	8.475800E-4	7.396531E-9	3.545225E+2
4.500000E-1	6.786620E-4	6.786620E-4	5.922443E-9	3.551895E+2
4.000000E-1	5.231146E-4	5.231146E-4	4.565036E-9	3.558574E+2
3.500000E-1	3.782288E-4	3.782288E-4	3.300669E-9	3.565244E+2
3.000000E-1	2.657492E-4	2.657492E-4	2.319099E-9	3.571914E+2
2.500000E-1	1.899229E-4	1.899229E-4	1.657390E-9	3.578594E+2
2.000000E-1	1.192356E-4	1.192356E-4	1.040527E-9	3.585264E+2
1.500000E-1	7.083452E-5	7.083452E-5	6.181478E-10	3.598662E+2
1.000000E-1	3.748967E-5	3.748967E-5	3.271591E-10	3.605342E+2
5.000000E-2	1.570143E-5	1.570143E-5	1.370208E-10	3.612021E+2
0.000000E+0	1.485001E-8	-1.485001E-8	-1.295908E-13	3.629756E+2
-5.000000E-2	1.533987E-5	-1.533987E-5	-1.338656E-10	3.649893E+2
-1.000000E-1	3.692668E-5	-3.692668E-5	-3.222461E-10	3.656572E+2
-1.500000E-1	6.600699E-5	-6.600699E-5	-5.760196E-10	3.663252E+2
-2.000000E-1	1.105493E-4	-1.105493E-4	-9.647246E-10	3.669932E+2
-2.500000E-1	1.654169E-4	-1.654169E-4	-1.443535E-9	3.690068E+2
-3.000000E-1	2.446251E-4	-2.446251E-4	-2.134757E-9	3.696738E+2
-3.500000E-1	3.402202E-4	-3.402202E-4	-2.968981E-9	3.703408E+2
-4.000000E-1	4.685001E-4	-4.685001E-4	-4.088435E-9	3.710078E+2
-4.500000E-1	6.298527E-4	-6.298527E-4	-5.496502E-9	3.716758E+2
-5.000000E-1	8.075852E-4	-8.075852E-4	-7.047510E-9	3.723428E+2
-5.000000E-1	7.973347E-4	-7.973347E-4	-6.958058E-9	3.730098E+2
-4.500000E-1	6.209460E-4	-6.209460E-4	-5.418776E-9	3.736777E+2
-4.000000E-1	4.748845E-4	-4.748845E-4	-4.144149E-9	3.743447E+2
-3.500000E-1	3.462787E-4	-3.462787E-4	-3.021852E-9	3.750117E+2
-3.000000E-1	2.516865E-4	-2.516865E-4	-2.196379E-9	3.756797E+2
-2.500000E-1	1.698894E-4	-1.698894E-4	-1.482565E-9	3.763467E+2
-2.000000E-1	1.115212E-4	-1.115212E-4	-9.732063E-10	3.776865E+2
-1.500000E-1	6.789415E-5	-6.789415E-5	-5.924882E-10	3.783545E+2
-1.000000E-1	3.871445E-5	-3.871445E-5	-3.378473E-10	3.790225E+2
-5.000000E-2	1.694895E-5	-1.694895E-5	-1.479075E-10	3.796904E+2
0.000000E+0	6.098078E-8	-6.098078E-8	-5.321577E-13	3.814639E+2
0.000000E+0	4.651879E-8	-4.651879E-8	-4.059530E-13	3.824668E+2
5.000000E-2	1.601341E-5	1.601341E-5	1.397434E-10	3.844805E+2
1.000000E-1	4.016470E-5	4.016470E-5	3.505031E-10	3.851484E+2
1.500000E-1	7.103562E-5	7.103562E-5	6.199027E-10	3.858164E+2
2.000000E-1	1.197351E-4	1.197351E-4	1.044886E-9	3.864844E+2
2.500000E-1	1.954192E-4	1.954192E-4	1.705354E-9	3.884971E+2
3.000000E-1	2.839233E-4	2.839233E-4	2.477698E-9	3.891650E+2
3.500000E-1	4.107777E-4	4.107777E-4	3.584712E-9	3.898320E+2
4.000000E-1	5.562895E-4	5.562895E-4	4.854542E-9	3.904990E+2
4.500000E-1	6.958319E-4	6.958319E-4	6.072279E-9	3.911660E+2
5.000000E-1	9.212935E-4	9.212935E-4	8.039803E-9	3.918340E+2
5.000000E-1	9.067987E-4	9.067987E-4	7.913312E-9	3.925010E+2
4.500000E-1	7.449789E-4	7.449789E-4	6.501167E-9	3.931680E+2
4.000000E-1	5.578339E-4	5.578339E-4	4.868019E-9	3.938359E+2
3.500000E-1	4.077973E-4	4.077973E-4	3.558703E-9	3.945029E+2
3.000000E-1	3.003933E-4	3.003933E-4	2.621426E-9	3.951699E+2
2.500000E-1	2.089442E-4	2.089442E-4	1.823382E-9	3.958369E+2
2.000000E-1	1.322107E-4	1.322107E-4	1.153756E-9	3.965049E+2
1.500000E-1	7.828007E-5	7.828007E-5	6.831225E-10	3.978447E+2
1.000000E-1	4.366307E-5	4.366307E-5	3.810322E-10	3.985127E+2
5.000000E-2	1.753099E-5	1.753099E-5	1.529867E-10	3.991807E+2
0.000000E+0	1.303869E-8	-1.303869E-8	-1.137840E-13	4.009541E+2
-5.000000E-2	1.785310E-5	-1.785310E-5	-1.557977E-10	4.029678E+2
-1.000000E-1	4.071017E-5	-4.071017E-5	-3.552633E-10	4.036357E+2
-1.500000E-1	7.111589E-5	-7.111589E-5	-6.206032E-10	4.043037E+2
-2.000000E-1	1.166779E-4	-1.166779E-4	-1.018207E-9	4.049717E+2
-2.500000E-1	1.825473E-4	-1.825473E-4	-1.593026E-9	4.069844E+2
-3.000000E-1	2.710817E-4	-2.710817E-4	-2.365634E-9	4.076514E+2
-3.500000E-1	3.763316E-4	-3.763316E-4	-3.284113E-9	4.083193E+2
-4.000000E-1	5.188621E-4	-5.188621E-4	-4.527926E-9	4.089863E+2
-4.500000E-1	6.753118E-4	-6.753118E-4	-5.893207E-9	4.096533E+2
-5.000000E-1	8.406184E-4	-8.406184E-4	-7.335779E-9	4.103213E+2
-5.000000E-1	8.213004E-4	-8.213004E-4	-7.167198E-9	4.109883E+2
-4.500000E-1	6.378445E-4	-6.378445E-4	-5.566243E-9	4.116553E+2
-4.000000E-1	4.939648E-4	-4.939648E-4	-4.310656E-9	4.123232E+2
-3.500000E-1	3.626243E-4	-3.626243E-4	-3.164494E-9	4.129902E+2
-3.000000E-1	2.680575E-4	-2.680575E-4	-2.339243E-9	4.136572E+2
-2.500000E-1	1.830804E-4	-1.830804E-4	-1.597678E-9	4.143252E+2
-2.000000E-1	1.215062E-4	-1.215062E-4	-1.060342E-9	4.149922E+2
-1.500000E-1	7.527468E-5	-7.527468E-5	-6.568955E-10	4.163320E+2
-1.000000E-1	3.849795E-5	-3.849795E-5	-3.359580E-10	4.170000E+2
-5.000000E-2	1.648890E-5	-1.648890E-5	-1.438928E-10	4.176680E+2
0.000000E+0	5.066306E-8	-5.066306E-8	-4.421186E-13	4.194414E+2
0.000000E+0	4.125656E-8	-4.125656E-8	-3.600314E-13	4.204443E+2
5.000000E-2	1.777458E-5	1.777458E-5	1.551125E-10	4.224580E+2
1.000000E-1	3.979021E-5	3.979021E-5	3.472351E-10	4.231260E+2
1.500000E-1	7.485093E-5	7.485093E-5	6.531976E-10	4.237939E+2
2.000000E-1	1.307821E-4	1.307821E-4	1.141289E-9	4.258066E+2
2.500000E-1	2.037687E-4	2.037687E-4	1.778217E-9	4.264736E+2
3.000000E-1	2.992210E-4	2.992210E-4	2.611196E-9	4.271416E+2
3.500000E-1	4.345769E-4	4.345769E-4	3.792399E-9	4.278086E+2
4.000000E-1	5.969881E-4	5.969881E-4	5.209704E-9	4.284756E+2
4.500000E-1	7.602113E-4	7.602113E-4	6.634095E-9	4.291436E+2
5.000000E-1	9.819402E-4	9.819402E-4	8.569045E-9	4.298105E+2
5.000000E-1	9.607374E-4	9.607374E-4	8.384015E-9	4.304775E+2
4.500000E-1	7.941895E-4	7.941895E-4	6.930611E-9	4.311445E+2
4.000000E-1	5.936778E-4	5.936778E-4	5.180816E-9	4.318115E+2
3.500000E-1	4.250455E-4	4.250455E-4	3.709222E-9	4.324795E+2
3.000000E-1	3.136214E-4	3.136214E-4	2.736863E-9	4.331465E+2
2.500000E-1	2.094417E-4	2.094417E-4	1.827724E-9	4.338135E+2
2.000000E-1	1.370294E-4	1.370294E-4	1.195807E-9	4.344805E+2
1.500000E-1	8.252524E-5	8.252524E-5	7.201686E-10	4.358203E+2
1.000000E-1	4.376325E-5	4.376325E-5	3.819064E-10	4.364883E+2
5.000000E-2	1.891906E-5	1.891906E-5	1.650999E-10	4.371562E+2
0.000000E+0	2.270121E-8	-2.270121E-8	-1.981054E-13	4.389297E+2
-5.000000E-2	1.856447E-5	-1.856447E-5	-1.620056E-10	4.409434E+2
-1.000000E-1	4.243720E-5	-4.243720E-5	-3.703344E-10	4.416113E+2
-1.500000E-1	7.555114E-5	-7.555114E-5	-6.593081E-10	4.422783E+2
-2.000000E-1	1.304777E-4	-1.304777E-4	-1.138633E-9	4.442920E+2
-2.500000E-1	1.953218E-4	-1.953218E-4	-1.704504E-9	4.449590E+2
-3.000000E-1	2.854790E-4	-2.854790E-4	-2.491274E-9	4.456260E+2
-3.500000E-1	4.101510E-4	-4.101510E-4	-3.579243E-9	4.462930E+2
-4.000000E-1	5.312409E-4	-5.312409E-4	-4.635951E-9	4.469609E+2
-4.500000E-1	6.949155E-4	-6.949155E-4	-6.064282E-9	4.476279E+2
-5.000000E-1	8.664601E-4	-8.664601E-4	-7.561291E-9	4.482949E+2
-5.000000E-1	8.729067E-4	-8.729067E-4	-7.617548E-9	4.489619E+2
-4.500000E-1	6.979310E-4	-6.979310E-4	-6.090597E-9	4.496289E+2
-4.000000E-1	5.370862E-4	-5.370862E-4	-4.686961E-9	4.502969E+2
-3.500000E-1	3.935922E-4	-3.935922E-4	-3.434740E-9	4.509639E+2
-3.000000E-1	2.705207E-4	-2.705207E-4	-2.360738E-9	4.516309E+2
-2.500000E-1	1.854668E-4	-1.854668E-4	-1.618503E-9	4.522979E+2
-2.000000E-1	1.237026E-4	-1.237026E-4	-1.079509E-9	4.529648E+2
-1.500000E-1	7.502820E-5	-7.502820E-5	-6.547446E-10	4.543047E+2
-1.000000E-1	4.413603E-5	-4.413603E-5	-3.851595E-10	4.549727E+2
-5.000000E-2	1.801580E-5	-1.801580E-5	-1.572175E-10	4.556406E+2
0.000000E+0	6.390053E-8	-6.390053E-8	-5.576373E-13	4.574141E+2
0.000000E+0	5.707664E-8	-5.707664E-8	-4.980877E-13	4.584170E+2
5.000000E-2	1.842457E-5	1.842457E-5	1.607847E-10	4.604307E+2
1.000000E-1	4.338848E-5	4.338848E-5	3.786359E-10	4.610986E+2
1.500000E-1	8.287184E-5	8.287184E-5	7.231932E-10	4.617656E+2
2.000000E-1	1.344882E-4	1.344882E-4	1.173631E-9	4.637793E+2
2.500000E-1	2.057548E-4	2.057548E-4	1.795549E-9	4.644463E+2
3.000000E-1	3.141265E-4	3.141265E-4	2.741271E-9	4.651133E+2
3.500000E-1	4.436340E-4	4.436340E-4	3.871437E-9	4.657803E+2
4.000000E-1	5.949203E-4	5.949203E-4	5.191659E-9	4.664482E+2
4.500000E-1	7.731968E-4	7.731968E-4	6.747415E-9	4.671152E+2
5.000000E-1	9.866055E-4	9.866055E-4	8.609757E-9	4.677822E+2
5.000000E-1	9.758208E-4	9.758208E-4	8.515643E-9	4.684492E+2
4.500000E-1	7.352243E-4	7.352243E-4	6.416043E-9	4.691162E+2
4.000000E-1	5.748086E-4	5.748086E-4	5.016151E-9	4.697842E+2
3.500000E-1	4.190248E-4	4.190248E-4	3.656681E-9	4.704512E+2
3.000000E-1	2.938005E-4	2.938005E-4	2.563893E-9	4.711182E+2
2.500000E-1	1.973246E-4	1.973246E-4	1.721982E-9	4.717852E+2
2.000000E-1	1.221468E-4	1.221468E-4	1.065932E-9	4.724521E+2
1.500000E-1	7.575528E-5	7.575528E-5	6.610895E-10	4.737920E+2
1.000000E-1	4.062765E-5	4.062765E-5	3.545431E-10	4.744600E+2
5.000000E-2	1.762643E-5	1.762643E-5	1.538196E-10	4.751279E+2
0.000000E+0	1.836770E-8	-1.836770E-8	-1.602884E-13	4.769014E+2
-5.000000E-2	1.758796E-5	-1.758796E-5	-1.534839E-10	4.789150E+2
-1.000000E-1	4.108042E-5	-4.108042E-5	-3.584943E-10	4.795830E+2
-1.500000E-1	7.654881E-5	-7.654881E-5	-6.680144E-10	4.802510E+2
-2.000000E-1	1.228523E-4	-1.228523E-4	-1.072089E-9	4.822637E+2
-2.500000E-1	1.928103E-4	-1.928103E-4	-1.682587E-9	4.829307E+2
-3.000000E-1	2.857132E-4	-2.857132E-4	-2.493318E-9	4.835977E+2
-3.500000E-1	4.077232E-4	-4.077232E-4	-3.558056E-9	4.842656E+2
-4.000000E-1	5.421134E-4	-5.421134E-4	-4.730832E-9	4.849326E+2
-4.500000E-1	7.114997E-4	-7.114997E-4	-6.209006E-9	4.855996E+2
-5.000000E-1	8.787087E-4	-8.787087E-4	-7.668180E-9	4.862666E+2
-5.000000E-1	9.023494E-4	-9.023494E-4	-7.874484E-9	4.869336E+2
-4.500000E-1	7.240057E-4	-7.240057E-4	-6.318142E-9	4.876016E+2
-4.000000E-1	5.423662E-4	-5.423662E-4	-4.733038E-9	4.882686E+2
-3.500000E-1	4.073870E-4	-4.073870E-4	-3.555122E-9	4.889355E+2
-3.000000E-1	2.847954E-4	-2.847954E-4	-2.485309E-9	4.896025E+2
-2.500000E-1	1.968323E-4	-1.968323E-4	-1.717686E-9	4.902695E+2
-2.000000E-1	1.274032E-4	-1.274032E-4	-1.111803E-9	4.909375E+2
-1.500000E-1	7.552857E-5	-7.552857E-5	-6.591111E-10	4.922773E+2
-1.000000E-1	3.940028E-5	-3.940028E-5	-3.438323E-10	4.929443E+2
-5.000000E-2	1.746574E-5	-1.746574E-5	-1.524173E-10	4.936123E+2
0.000000E+0	5.600957E-8	-5.600957E-8	-4.887757E-13	4.953857E+2
0.000000E+0	4.767492E-8	-4.767492E-8	-4.160422E-13	4.963896E+2
5.000000E-2	1.853030E-5	1.853030E-5	1.617074E-10	4.984023E+2
1.000000E-1	4.441381E-5	4.441381E-5	3.875836E-10	4.990703E+2
1.500000E-1	8.335368E-5	8.335368E-5	7.273981E-10	4.997383E+2
2.000000E-1	1.421208E-4	1.421208E-4	1.240238E-9	5.017510E+2
2.500000E-1	2.262284E-4	2.262284E-4	1.974215E-9	5.024180E+2
3.000000E-1	3.290634E-4	3.290634E-4	2.871620E-9	5.030850E+2
3.500000E-1	4.571457E-4	4.571457E-4	3.989349E-9	5.037520E+2
4.000000E-1	6.184267E-4	6.184267E-4	5.396791E-9	5.044199E+2
4.500000E-1	8.020445E-4	8.020445E-4	6.999159E-9	5.050869E+2
5.000000E-1	1.024537E-3	1.024537E-3	8.940776E-9	5.057539E+2
5.000000E-1	9.942835E-4	9.942835E-4	8.676761E-9	5.064209E+2
4.500000E-1	7.920421E-4	7.920421E-4	6.911871E-9	5.070879E+2
4.000000E-1	6.149739E-4	6.149739E-4	5.366660E-9	5.077549E+2
3.500000E-1	4.429251E-4	4.429251E-4	3.865251E-9	5.084229E+2
3.000000E-1	3.065153E-4	3.065153E-4	2.674851E-9	5.090898E+2
2.500000E-1	2.143924E-4	2.143924E-4	1.870927E-9	5.097568E+2
2.000000E-1	1.401058E-4	1.401058E-4	1.222654E-9	5.104238E+2
1.500000E-1	8.358596E-5	8.358596E-5	7.294251E-10	5.117637E+2
1.000000E-1	4.466547E-5	4.466547E-5	3.897798E-10	5.124316E+2
5.000000E-2	1.985350E-5	1.985350E-5	1.732545E-10	5.130996E+2
0.000000E+0	2.677391E-8	-2.677391E-8	-2.336464E-13	5.148730E+2
-5.000000E-2	1.844093E-5	-1.844093E-5	-1.609275E-10	5.168867E+2
-1.000000E-1	4.392783E-5	-4.392783E-5	-3.833426E-10	5.175547E+2
-1.500000E-1	7.907731E-5	-7.907731E-5	-6.900797E-10	5.182227E+2
-2.000000E-1	1.297239E-4	-1.297239E-4	-1.132055E-9	5.202354E+2
-2.500000E-1	1.938679E-4	-1.938679E-4	-1.691817E-9	5.209023E+2
-3.000000E-1	2.835679E-4	-2.835679E-4	-2.474597E-9	5.215693E+2
-3.500000E-1	3.993762E-4	-3.993762E-4	-3.485215E-9	5.222373E+2
-4.000000E-1	5.298872E-4	-5.298872E-4	-4.624138E-9	5.229043E+2
-4.500000E-1	7.000731E-4	-7.000731E-4	-6.109290E-9	5.235713E+2
-5.000000E-1	8.942306E-4	-8.942306E-4	-7.803634E-9	5.242383E+2
-5.000000E-1	8.785436E-4	-8.785436E-4	-7.666739E-9	5.249053E+2
-4.500000E-1	6.904878E-4	-6.904878E-4	-6.025643E-9	5.255732E+2
-4.000000E-1	5.277788E-4	-5.277788E-4	-4.605739E-9	5.262402E+2
-3.500000E-1	3.855509E-4	-3.855509E-4	-3.364566E-9	5.269072E+2
-3.000000E-1	2.802789E-4	-2.802789E-4	-2.445895E-9	5.275742E+2
-2.500000E-1	1.941136E-4	-1.941136E-4	-1.693961E-9	5.282412E+2
-2.000000E-1	1.280698E-4	-1.280698E-4	-1.117620E-9	5.289092E+2
-1.500000E-1	7.532886E-5	-7.532886E-5	-6.573683E-10	5.302490E+2
-1.000000E-1	4.132173E-5	-4.132173E-5	-3.606001E-10	5.309160E+2
-5.000000E-2	1.743642E-5	-1.743642E-5	-1.521615E-10	5.315840E+2
0.000000E+0	5.558019E-8	-5.558019E-8	-4.850287E-13	5.333574E+2
0.000000E+0	4.378352E-8	-4.378352E-8	-3.820833E-13	5.343604E+2
5.000000E-2	1.831569E-5	1.831569E-5	1.598345E-10	5.363740E+2
1.000000E-1	4.310665E-5	4.310665E-5	3.761765E-10	5.370420E+2
1.500000E-1	8.064320E-5	8.064320E-5	7.037447E-10	5.377100E+2
2.000000E-1	1.383230E-4	1.383230E-4	1.207096E-9	5.397227E+2
2.500000E-1	2.161724E-4	2.161724E-4	1.886460E-9	5.403896E+2
3.000000E-1	3.236058E-4	3.236058E-4	2.823993E-9	5.410566E+2
3.500000E-1	4.504845E-4	4.504845E-4	3.931219E-9	5.417236E+2
4.000000E-1	5.912663E-4	5.912663E-4	5.159772E-9	5.423916E+2
4.500000E-1	7.783371E-4	7.783371E-4	6.792273E-9	5.430586E+2
5.000000E-1	9.946937E-4	9.946937E-4	8.680340E-9	5.437256E+2
5.000000E-1	1.012208E-3	1.012208E-3	8.833181E-9	5.443926E+2
4.500000E-1	7.925287E-4	7.925287E-4	6.916118E-9	5.450596E+2
4.000000E-1	6.156025E-4	6.156025E-4	5.372145E-9	5.457275E+2
3.500000E-1	4.636789E-4	4.636789E-4	4.046362E-9	5.463945E+2
3.000000E-1	3.123396E-4	3.123396E-4	2.725677E-9	5.470615E+2
2.500000E-1	2.196359E-4	2.196359E-4	1.916685E-9	5.477285E+2
2.000000E-1	1.401413E-4	1.401413E-4	1.222964E-9	5.483955E+2
1.500000E-1	8.290051E-5	8.290051E-5	7.234434E-10	5.497354E+2
1.000000E-1	4.241655E-5	4.241655E-5	3.701542E-10	5.504033E+2
5.000000E-2	1.834668E-5	1.834668E-5	1.601050E-10	5.510713E+2
0.000000E+0	2.290953E-8	-2.290953E-8	-1.999234E-13	5.528447E+2
-5.000000E-2	1.824881E-5	-1.824881E-5	-1.592509E-10	5.548584E+2
-1.000000E-1	4.449338E-5	-4.449338E-5	-3.882780E-10	5.555264E+2
-1.500000E-1	8.168685E-5	-8.168685E-5	-7.128523E-10	5.561943E+2
-2.000000E-1	1.340368E-4	-1.340368E-4	-1.169692E-9	5.582070E+2
-2.500000E-1	2.046296E-4	-2.046296E-4	-1.785730E-9	5.588740E+2
-3.000000E-1	2.921584E-4	-2.921584E-4	-2.549563E-9	5.595410E+2
-3.500000E-1	4.229968E-4	-4.229968E-4	-3.691343E-9	5.602090E+2
-4.000000E-1	5.606414E-4	-5.606414E-4	-4.892519E-9	5.608760E+2
-4.500000E-1	7.252855E-4	-7.252855E-4	-6.329310E-9	5.615430E+2
-5.000000E-1	8.864798E-4	-8.864798E-4	-7.735996E-9	5.622100E+2
-5.000000E-1	8.842898E-4	-8.842898E-4	-7.716884E-9	5.628770E+2
-4.500000E-1	7.359406E-4	-7.359406E-4	-6.422293E-9	5.635449E+2
-4.000000E-1	5.503814E-4	-5.503814E-4	-4.802984E-9	5.642119E+2
-3.500000E-1	4.114875E-4	-4.114875E-4	-3.590906E-9	5.648789E+2
-3.000000E-1	3.034891E-4	-3.034891E-4	-2.648442E-9	5.655459E+2
-2.500000E-1	2.077214E-4	-2.077214E-4	-1.812711E-9	5.662129E+2
-2.000000E-1	1.364845E-4	-1.364845E-4	-1.191052E-9	5.668809E+2
-1.500000E-1	8.156333E-5	-8.156333E-5	-7.117743E-10	5.682207E+2
-1.000000E-1	4.376364E-5	-4.376364E-5	-3.819098E-10	5.688877E+2
-5.000000E-2	1.756359E-5	-1.756359E-5	-1.532712E-10	5.695557E+2
0.000000E+0	6.542718E-8	-6.542718E-8	-5.709599E-13	5.713291E+2
0.000000E+0	5.594278E-8	-5.594278E-8	-4.881928E-13	5.723330E+2
5.000000E-2	1.904947E-5	1.904947E-5	1.662380E-10	5.743457E+2
1.000000E-1	4.506101E-5	4.506101E-5	3.932315E-10	5.750137E+2
1.500000E-1	8.101319E-5	8.101319E-5	7.069735E-10	5.756816E+2
2.000000E-1	1.419445E-4	1.419445E-4	1.238699E-9	5.776943E+2
2.500000E-1	2.192108E-4	2.192108E-4	1.912975E-9	5.783613E+2
3.000000E-1	3.206905E-4	3.206905E-4	2.798553E-9	5.790283E+2
3.500000E-1	4.615218E-4	4.615218E-4	4.027538E-9	5.796953E+2
4.000000E-1	6.214092E-4	6.214092E-4	5.422818E-9	5.803633E+2
4.500000E-1	7.905928E-4	7.905928E-4	6.899224E-9	5.810303E+2
5.000000E-1	1.028048E-3	1.028048E-3	8.971408E-9	5.816973E+2
5.000000E-1	1.035216E-3	1.035216E-3	9.033966E-9	5.823643E+2
4.500000E-1	7.784778E-4	7.784778E-4	6.793500E-9	5.830312E+2
4.000000E-1	6.165586E-4	6.165586E-4	5.380489E-9	5.836992E+2
3.500000E-1	4.513053E-4	4.513053E-4	3.938382E-9	5.843662E+2
3.000000E-1	3.277597E-4	3.277597E-4	2.860243E-9	5.850332E+2
2.500000E-1	2.299672E-4	2.299672E-4	2.006842E-9	5.857002E+2
2.000000E-1	1.468259E-4	1.468259E-4	1.281298E-9	5.863672E+2
1.500000E-1	8.815299E-5	8.815299E-5	7.692800E-10	5.877070E+2
1.000000E-1	4.895145E-5	4.895145E-5	4.271820E-10	5.883750E+2
5.000000E-2	2.041994E-5	2.041994E-5	1.781976E-10	5.890430E+2
0.000000E+0	3.030273E-8	-3.030273E-8	-2.644412E-13	5.908164E+2
-5.000000E-2	2.050420E-5	-2.050420E-5	-1.789329E-10	5.928301E+2
-1.000000E-1	4.761907E-5	-4.761907E-5	-4.155548E-10	5.934980E+2
-1.500000E-1	8.521006E-5	-8.521006E-5	-7.435980E-10	5.941660E+2
-2.000000E-1	1.352964E-4	-1.352964E-4	-1.180684E-9	5.961787E+2
-2.500000E-1	2.081139E-4	-2.081139E-4	-1.816136E-9	5.968457E+2
-3.000000E-1	3.019930E-4	-3.019930E-4	-2.635386E-9	5.975127E+2
-3.500000E-1	4.327923E-4	-4.327923E-4	-3.776825E-9	5.981807E+2
-4.000000E-1	5.783727E-4	-5.783727E-4	-5.047254E-9	5.988477E+2
-4.500000E-1	7.315775E-4	-7.315775E-4	-6.384218E-9	5.995146E+2
-5.000000E-1	9.361003E-4	-9.361003E-4	-8.169017E-9	6.001816E+2
-5.000000E-1	9.309868E-4	-9.309868E-4	-8.124393E-9	6.008486E+2
-4.500000E-1	7.519465E-4	-7.519465E-4	-6.561971E-9	6.015166E+2
-4.000000E-1	5.763902E-4	-5.763902E-4	-5.029954E-9	6.021836E+2
-3.500000E-1	4.278250E-4	-4.278250E-4	-3.733477E-9	6.028506E+2
-3.000000E-1	3.044595E-4	-3.044595E-4	-2.656910E-9	6.035176E+2
-2.500000E-1	2.103289E-4	-2.103289E-4	-1.835466E-9	6.041846E+2
-2.000000E-1	1.358075E-4	-1.358075E-4	-1.185144E-9	6.048525E+2
-1.500000E-1	8.742225E-5	-8.742225E-5	-7.629030E-10	6.061924E+2
-1.000000E-1	4.931062E-5	-4.931062E-5	-4.303163E-10	6.068594E+2
-5.000000E-2	2.169400E-5	-2.169400E-5	-1.893159E-10	6.075273E+2
0.000000E+0	7.417849E-8	-7.417849E-8	-6.473294E-13	6.093008E+2
0.000000E+0	7.542526E-8	-7.542526E-8	-6.582096E-13	6.103047E+2
5.000000E-2	1.862381E-5	1.862381E-5	1.625234E-10	6.123174E+2
1.000000E-1	4.504541E-5	4.504541E-5	3.930954E-10	6.129854E+2
1.500000E-1	8.547196E-5	8.547196E-5	7.458835E-10	6.136533E+2
2.000000E-1	1.441289E-4	1.441289E-4	1.257762E-9	6.156660E+2
2.500000E-1	2.284355E-4	2.284355E-4	1.993476E-9	6.163330E+2
3.000000E-1	3.299700E-4	3.299700E-4	2.879531E-9	6.170000E+2
3.500000E-1	4.585263E-4	4.585263E-4	4.001397E-9	6.176670E+2
4.000000E-1	6.187189E-4	6.187189E-4	5.399341E-9	6.183350E+2
4.500000E-1	7.984163E-4	7.984163E-4	6.967497E-9	6.190020E+2
5.000000E-1	1.026541E-3	1.026541E-3	8.958263E-9	6.196689E+2
5.000000E-1	1.037182E-3	1.037182E-3	9.051124E-9	6.203359E+2
4.500000E-1	8.228043E-4	8.228043E-4	7.180322E-9	6.210029E+2
4.000000E-1	6.169181E-4	6.169181E-4	5.383626E-9	6.216709E+2
3.500000E-1	4.543138E-4	4.543138E-4	3.964636E-9	6.223379E+2
3.000000E-1	3.345804E-4	3.345804E-4	2.919765E-9	6.230049E+2
2.500000E-1	2.307788E-4	2.307788E-4	2.013925E-9	6.236719E+2
2.000000E-1	1.481317E-4	1.481317E-4	1.292693E-9	6.243389E+2
1.500000E-1	8.938160E-5	8.938160E-5	7.800016E-10	6.256787E+2
1.000000E-1	4.697804E-5	4.697804E-5	4.099607E-10	6.263467E+2
5.000000E-2	2.080917E-5	2.080917E-5	1.815943E-10	6.270146E+2
0.000000E+0	3.144932E-8	-3.144932E-8	-2.744471E-13	6.287881E+2
-5.000000E-2	1.998628E-5	-1.998628E-5	-1.744132E-10	6.308018E+2
-1.000000E-1	4.741062E-5	-4.741062E-5	-4.137357E-10	6.314697E+2
-1.500000E-1	8.935761E-5	-8.935761E-5	-7.797923E-10	6.321377E+2
-2.000000E-1	1.440596E-4	-1.440596E-4	-1.257157E-9	6.341504E+2
-2.500000E-1	2.255485E-4	-2.255485E-4	-1.968282E-9	6.348174E+2
-3.000000E-1	3.201635E-4	-3.201635E-4	-2.793954E-9	6.354844E+2
-3.500000E-1	4.394461E-4	-4.394461E-4	-3.834891E-9	6.361523E+2
-4.000000E-1	5.834252E-4	-5.834252E-4	-5.091345E-9	6.368193E+2
-4.500000E-1	7.648878E-4	-7.648878E-4	-6.674905E-9	6.374863E+2
-5.000000E-1	9.723901E-4	-9.723901E-4	-8.485705E-9	6.381533E+2
-5.000000E-1	9.646930E-4	-9.646930E-4	-8.418534E-9	6.388203E+2
-4.500000E-1	7.591933E-4	-7.591933E-4	-6.625211E-9	6.394883E+2
-4.000000E-1	5.906016E-4	-5.906016E-4	-5.153971E-9	6.401553E+2
-3.500000E-1	4.447108E-4	-4.447108E-4	-3.880834E-9	6.408223E+2
-3.000000E-1	3.142912E-4	-3.142912E-4	-2.742708E-9	6.414893E+2
-2.500000E-1	2.150405E-4	-2.150405E-4	-1.876582E-9	6.421563E+2
-2.000000E-1	1.405210E-4	-1.405210E-4	-1.226277E-9	6.428242E+2
-1.500000E-1	8.510509E-5	-8.510509E-5	-7.426820E-10	6.441641E+2
-1.000000E-1	4.680241E-5	-4.680241E-5	-4.084281E-10	6.448311E+2
-5.000000E-2	1.824297E-5	-1.824297E-5	-1.591999E-10	6.454990E+2
0.000000E+0	6.659763E-8	-6.659763E-8	-5.811740E-13	6.472725E+2
0.000000E+0	6.443326E-8	-6.443326E-8	-5.622863E-13	6.482754E+2
5.000000E-2	2.046016E-5	2.046016E-5	1.785486E-10	6.502891E+2
1.000000E-1	4.694008E-5	4.694008E-5	4.096295E-10	6.509570E+2
1.500000E-1	8.631991E-5	8.631991E-5	7.532833E-10	6.516250E+2
2.000000E-1	1.456663E-4	1.456663E-4	1.271178E-9	6.536377E+2
2.500000E-1	2.302551E-4	2.302551E-4	2.009355E-9	6.543047E+2
3.000000E-1	3.432835E-4	3.432835E-4	2.995714E-9	6.549717E+2
3.500000E-1	4.709809E-4	4.709809E-4	4.110084E-9	6.556387E+2
4.000000E-1	6.268230E-4	6.268230E-4	5.470062E-9	6.563066E+2
4.500000E-1	8.079217E-4	8.079217E-4	7.050447E-9	6.569736E+2
5.000000E-1	1.035065E-3	1.035065E-3	9.032642E-9	6.576406E+2
5.000000E-1	1.054371E-3	1.054371E-3	9.201119E-9	6.583076E+2
4.500000E-1	8.281058E-4	8.281058E-4	7.226586E-9	6.589746E+2
4.000000E-1	6.383496E-4	6.383496E-4	5.570651E-9	6.596426E+2
3.500000E-1	4.705739E-4	4.705739E-4	4.106532E-9	6.603096E+2
3.000000E-1	3.338125E-4	3.338125E-4	2.913064E-9	6.609766E+2
2.500000E-1	2.341045E-4	2.341045E-4	2.042947E-9	6.616436E+2
2.000000E-1	1.527635E-4	1.527635E-4	1.333113E-9	6.623105E+2
1.500000E-1	9.064977E-5	9.064977E-5	7.910685E-10	6.636504E+2
1.000000E-1	4.781611E-5	4.781611E-5	4.172743E-10	6.643184E+2
5.000000E-2	1.922734E-5	1.922734E-5	1.677902E-10	6.649863E+2
0.000000E+0	2.607101E-8	-2.607101E-8	-2.275125E-13	6.667598E+2
-5.000000E-2	1.876310E-5	-1.876310E-5	-1.637389E-10	6.687734E+2
-1.000000E-1	4.417183E-5	-4.417183E-5	-3.854719E-10	6.694414E+2
-1.500000E-1	8.105052E-5	-8.105052E-5	-7.072992E-10	6.701094E+2
-2.000000E-1	1.283076E-4	-1.283076E-4	-1.119695E-9	6.721221E+2
-2.500000E-1	2.041356E-4	-2.041356E-4	-1.781419E-9	6.727891E+2
-3.000000E-1	3.009938E-4	-3.009938E-4	-2.626666E-9	6.734561E+2
-3.500000E-1	4.175973E-4	-4.175973E-4	-3.644224E-9	6.741240E+2
-4.000000E-1	5.601401E-4	-5.601401E-4	-4.888144E-9	6.747910E+2
-4.500000E-1	7.357470E-4	-7.357470E-4	-6.420604E-9	6.754580E+2
-5.000000E-1	9.285488E-4	-9.285488E-4	-8.103117E-9	6.761250E+2
-5.000000E-1	9.447148E-4	-9.447148E-4	-8.244192E-9	6.767920E+2
-4.500000E-1	7.241285E-4	-7.241285E-4	-6.319213E-9	6.774600E+2
-4.000000E-1	5.529362E-4	-5.529362E-4	-4.825279E-9	6.781270E+2
-3.500000E-1	4.091062E-4	-4.091062E-4	-3.570125E-9	6.787939E+2
-3.000000E-1	2.943676E-4	-2.943676E-4	-2.568842E-9	6.794609E+2
-2.500000E-1	1.984615E-4	-1.984615E-4	-1.731903E-9	6.801279E+2
-2.000000E-1	1.307066E-4	-1.307066E-4	-1.140630E-9	6.807959E+2
-1.500000E-1	7.784999E-5	-7.784999E-5	-6.793693E-10	6.821357E+2
-1.000000E-1	4.241085E-5	-4.241085E-5	-3.701045E-10	6.828027E+2
-5.000000E-2	1.807348E-5	-1.807348E-5	-1.577209E-10	6.834707E+2
0.000000E+0	6.234683E-8	-6.234683E-8	-5.440787E-13	6.852441E+2
0.000000E+0	4.790869E-8	-4.790869E-8	-4.180822E-13	6.862471E+2
5.000000E-2	1.851352E-5	1.851352E-5	1.615609E-10	6.882607E+2
1.000000E-1	4.540444E-5	4.540444E-5	3.962285E-10	6.889287E+2
1.500000E-1	8.712043E-5	8.712043E-5	7.602692E-10	6.895967E+2
2.000000E-1	1.460983E-4	1.460983E-4	1.274948E-9	6.916094E+2
2.500000E-1	2.250506E-4	2.250506E-4	1.963937E-9	6.922764E+2
3.000000E-1	3.306860E-4	3.306860E-4	2.885780E-9	6.929434E+2
3.500000E-1	4.590796E-4	4.590796E-4	4.006225E-9	6.936104E+2
4.000000E-1	6.286635E-4	6.286635E-4	5.486124E-9	6.942783E+2
4.500000E-1	8.173053E-4	8.173053E-4	7.132334E-9	6.949453E+2
5.000000E-1	1.037224E-3	1.037224E-3	9.051483E-9	6.956123E+2
5.000000E-1	1.061775E-3	1.061775E-3	9.265738E-9	6.962793E+2
4.500000E-1	8.312262E-4	8.312262E-4	7.253817E-9	6.969463E+2
4.000000E-1	6.371026E-4	6.371026E-4	5.559769E-9	6.976143E+2
3.500000E-1	4.585918E-4	4.585918E-4	4.001968E-9	6.982812E+2
3.000000E-1	3.257706E-4	3.257706E-4	2.842885E-9	6.989482E+2
2.500000E-1	2.160505E-4	2.160505E-4	1.885396E-9	6.996152E+2
2.000000E-1	1.413805E-4	1.413805E-4	1.233778E-9	7.002822E+2
1.500000E-1	8.951325E-5	8.951325E-5	7.811505E-10	7.016221E+2
1.000000E-1	4.816347E-5	4.816347E-5	4.203056E-10	7.022900E+2
5.000000E-2	2.053606E-5	2.053606E-5	1.792109E-10	7.029580E+2
0.000000E+0	2.606147E-8	-2.606147E-8	-2.274292E-13	7.047314E+2
-5.000000E-2	1.909125E-5	-1.909125E-5	-1.666026E-10	7.067451E+2
-1.000000E-1	4.491594E-5	-4.491594E-5	-3.919655E-10	7.074131E+2
-1.500000E-1	7.597005E-5	-7.597005E-5	-6.629638E-10	7.080811E+2
-2.000000E-1	1.289339E-4	-1.289339E-4	-1.125161E-9	7.100938E+2
-2.500000E-1	1.982476E-4	-1.982476E-4	-1.730037E-9	7.107607E+2
-3.000000E-1	2.986270E-4	-2.986270E-4	-2.606012E-9	7.114277E+2
-3.500000E-1	4.296532E-4	-4.296532E-4	-3.749432E-9	7.120957E+2
-4.000000E-1	5.772735E-4	-5.772735E-4	-5.037662E-9	7.127627E+2
-4.500000E-1	7.463703E-4	-7.463703E-4	-6.513310E-9	7.134297E+2
-5.000000E-1	9.285853E-4	-9.285853E-4	-8.103435E-9	7.140967E+2
-5.000000E-1	9.538378E-4	-9.538378E-4	-8.323805E-9	7.147637E+2
-4.500000E-1	7.374597E-4	-7.374597E-4	-6.435550E-9	7.154316E+2
-4.000000E-1	5.625700E-4	-5.625700E-4	-4.909350E-9	7.160986E+2
-3.500000E-1	4.187018E-4	-4.187018E-4	-3.653862E-9	7.167656E+2
-3.000000E-1	2.962446E-4	-2.962446E-4	-2.585222E-9	7.174326E+2
-2.500000E-1	2.081700E-4	-2.081700E-4	-1.816626E-9	7.180996E+2
-2.000000E-1	1.347602E-4	-1.347602E-4	-1.176005E-9	7.187676E+2
-1.500000E-1	8.090510E-5	-8.090510E-5	-7.060302E-10	7.201074E+2
-1.000000E-1	4.302846E-5	-4.302846E-5	-3.754941E-10	7.207744E+2
-5.000000E-2	1.868087E-5	-1.868087E-5	-1.630213E-10	7.214424E+2
0.000000E+0	5.996936E-8	-5.996936E-8	-5.233314E-13	7.232158E+2
0.000000E+0	5.338243E-8	-5.338243E-8	-4.658496E-13	7.242197E+2
5.000000E-2	1.935750E-5	1.935750E-5	1.689261E-10	7.262324E+2
1.000000E-1	4.583364E-5	4.583364E-5	3.999740E-10	7.269004E+2
1.500000E-1	8.618863E-5	8.618863E-5	7.521377E-10	7.275684E+2
2.000000E-1	1.491635E-4	1.491635E-4	1.301697E-9	7.295811E+2
2.500000E-1	2.327538E-4	2.327538E-4	2.031160E-9	7.302480E+2
3.000000E-1	3.242094E-4	3.242094E-4	2.829261E-9	7.309150E+2
3.500000E-1	4.526901E-4	4.526901E-4	3.950466E-9	7.315820E+2
4.000000E-1	6.147005E-4	6.147005E-4	5.364274E-9	7.322500E+2
4.500000E-1	8.072372E-4	8.072372E-4	7.044474E-9	7.329170E+2
5.000000E-1	1.031100E-3	1.031100E-3	8.998041E-9	7.335840E+2
5.000000E-1	1.028948E-3	1.028948E-3	8.979269E-9	7.342510E+2
4.500000E-1	8.060169E-4	8.060169E-4	7.033824E-9	7.349180E+2
4.000000E-1	6.155961E-4	6.155961E-4	5.372089E-9	7.355850E+2
3.500000E-1	4.610927E-4	4.610927E-4	4.023793E-9	7.362529E+2
3.000000E-1	3.296232E-4	3.296232E-4	2.876505E-9	7.369199E+2
2.500000E-1	2.209242E-4	2.209242E-4	1.927927E-9	7.375869E+2
2.000000E-1	1.423564E-4	1.423564E-4	1.242294E-9	7.382539E+2
1.500000E-1	8.528432E-5	8.528432E-5	7.442461E-10	7.395937E+2
1.000000E-1	4.614472E-5	4.614472E-5	4.026887E-10	7.402617E+2
5.000000E-2	1.941754E-5	1.941754E-5	1.694500E-10	7.409297E+2
0.000000E+0	4.230296E-8	-4.230296E-8	-3.691630E-13	7.427031E+2
-5.000000E-2	1.903134E-5	-1.903134E-5	-1.660798E-10	7.447168E+2
-1.000000E-1	4.535871E-5	-4.535871E-5	-3.958294E-10	7.453848E+2
-1.500000E-1	8.537084E-5	-8.537084E-5	-7.450011E-10	7.460527E+2
-2.000000E-1	1.380306E-4	-1.380306E-4	-1.204544E-9	7.480654E+2
-2.500000E-1	2.068331E-4	-2.068331E-4	-1.804959E-9	7.487324E+2
-3.000000E-1	3.086454E-4	-3.086454E-4	-2.693439E-9	7.493994E+2
-3.500000E-1	4.292526E-4	-4.292526E-4	-3.745936E-9	7.500674E+2
-4.000000E-1	5.746768E-4	-5.746768E-4	-5.015001E-9	7.507344E+2
-4.500000E-1	7.499797E-4	-7.499797E-4	-6.544808E-9	7.514014E+2
-5.000000E-1	9.226459E-4	-9.226459E-4	-8.051605E-9	7.520684E+2
-5.000000E-1	9.258277E-4	-9.258277E-4	-8.079371E-9	7.527354E+2
-4.500000E-1	7.264423E-4	-7.264423E-4	-6.339405E-9	7.534033E+2
-4.000000E-1	5.576104E-4	-5.576104E-4	-4.866069E-9	7.540703E+2
-3.500000E-1	4.207306E-4	-4.207306E-4	-3.671567E-9	7.547373E+2
-3.000000E-1	3.029784E-4	-3.029784E-4	-2.643985E-9	7.554043E+2
-2.500000E-1	2.107034E-4	-2.107034E-4	-1.838734E-9	7.560713E+2
-2.000000E-1	1.366685E-4	-1.366685E-4	-1.192658E-9	7.567393E+2
-1.500000E-1	7.980601E-5	-7.980601E-5	-6.964388E-10	7.580791E+2
-1.000000E-1	4.300162E-5	-4.300162E-5	-3.752599E-10	7.587461E+2
-5.000000E-2	1.920385E-5	-1.920385E-5	-1.675852E-10	7.594141E+2
0.000000E+0	6.238341E-8	-6.238341E-8	-5.443979E-13	7.611875E+2
