voltage_16_4_20	absJ_16_4_20	J_16_4_20	current_16_4_20	time_16_4_20	
0.000000E+0	4.448142E-7	4.448142E-7	1.487602E-12	0.000000E+0
5.000000E-2	1.519949E-4	1.519949E-4	5.083199E-10	6.728516E-1
1.000000E-1	2.677762E-4	2.677762E-4	8.955300E-10	9.443359E-1
1.500000E-1	5.262666E-4	5.262666E-4	1.760005E-9	1.617188E+0
2.000000E-1	7.242350E-4	7.242350E-4	2.422075E-9	1.735352E+0
2.500000E-1	9.731278E-4	9.731278E-4	3.254453E-9	1.853516E+0
3.000000E-1	1.220935E-3	1.220935E-3	4.083200E-9	1.970703E+0
3.500000E-1	1.443601E-3	1.443601E-3	4.827867E-9	2.088867E+0
4.000000E-1	1.781201E-3	1.781201E-3	5.956910E-9	2.207031E+0
4.500000E-1	2.076347E-3	2.076347E-3	6.943974E-9	2.325195E+0
5.000000E-1	2.353553E-3	2.353553E-3	7.871038E-9	2.443359E+0
5.000000E-1	2.360091E-3	2.360091E-3	7.892905E-9	2.560547E+0
4.500000E-1	1.953061E-3	1.953061E-3	6.531665E-9	2.678711E+0
4.000000E-1	1.659156E-3	1.659156E-3	5.548753E-9	2.796875E+0
3.500000E-1	1.382633E-3	1.382633E-3	4.623969E-9	2.915039E+0
3.000000E-1	1.152290E-3	1.152290E-3	3.853630E-9	3.033203E+0
2.500000E-1	9.296476E-4	9.296476E-4	3.109041E-9	3.150391E+0
2.000000E-1	7.072214E-4	7.072214E-4	2.365176E-9	3.268555E+0
1.500000E-1	5.109280E-4	5.109280E-4	1.708708E-9	3.386719E+0
1.000000E-1	3.320864E-4	3.320864E-4	1.110604E-9	3.504883E+0
5.000000E-2	1.529395E-4	1.529395E-4	5.114791E-10	3.746094E+0
0.000000E+0	4.534868E-7	4.534868E-7	1.516606E-12	4.736328E+0
-5.000000E-2	1.437393E-4	-1.437393E-4	-4.807105E-10	5.580078E+0
-1.000000E-1	2.567774E-4	-2.567774E-4	-8.587462E-10	5.852539E+0
-1.500000E-1	2.779440E-4	-2.779440E-4	-9.295342E-10	6.125000E+0
-2.000000E-1	5.418052E-4	-5.418052E-4	-1.811971E-9	6.797852E+0
-2.500000E-1	6.241459E-4	-6.241459E-4	-2.087345E-9	6.916016E+0
-3.000000E-1	7.275953E-4	-7.275953E-4	-2.433313E-9	7.033203E+0
-3.500000E-1	8.147250E-4	-8.147250E-4	-2.724703E-9	7.151367E+0
-4.000000E-1	9.168620E-4	-9.168620E-4	-3.066282E-9	7.269531E+0
-4.500000E-1	1.000316E-3	-1.000316E-3	-3.345380E-9	7.387695E+0
-5.000000E-1	1.089670E-3	-1.089670E-3	-3.644209E-9	7.505859E+0
-5.000000E-1	1.084991E-3	-1.084991E-3	-3.628558E-9	7.623047E+0
-4.500000E-1	9.850116E-4	-9.850116E-4	-3.294196E-9	7.741211E+0
-4.000000E-1	9.180661E-4	-9.180661E-4	-3.070309E-9	7.859375E+0
-3.500000E-1	8.368207E-4	-8.368207E-4	-2.798598E-9	7.977539E+0
-3.000000E-1	7.422458E-4	-7.422458E-4	-2.482309E-9	8.095703E+0
-2.500000E-1	6.518624E-4	-6.518624E-4	-2.180038E-9	8.212891E+0
-2.000000E-1	5.451831E-4	-5.451831E-4	-1.823268E-9	8.331055E+0
-1.500000E-1	4.301897E-4	-4.301897E-4	-1.438693E-9	8.449219E+0
-1.000000E-1	2.580135E-4	-2.580135E-4	-8.628804E-10	8.690430E+0
-5.000000E-2	1.445283E-4	-1.445283E-4	-4.833492E-10	8.962891E+0
0.000000E+0	6.735556E-7	6.735556E-7	2.252587E-12	9.952148E+0
0.000000E+0	5.570415E-7	5.570415E-7	1.862926E-12	1.056738E+1
5.000000E-2	1.528111E-4	1.528111E-4	5.110496E-10	1.123926E+1
1.000000E-1	2.684230E-4	2.684230E-4	8.976928E-10	1.151172E+1
1.500000E-1	2.937030E-4	2.937030E-4	9.822375E-10	1.178418E+1
2.000000E-1	6.948072E-4	6.948072E-4	2.323659E-9	1.245703E+1
2.500000E-1	9.078219E-4	9.078219E-4	3.036049E-9	1.257422E+1
3.000000E-1	1.177210E-3	1.177210E-3	3.936970E-9	1.269238E+1
3.500000E-1	1.407359E-3	1.407359E-3	4.706663E-9	1.281055E+1
4.000000E-1	1.705100E-3	1.705100E-3	5.702402E-9	1.292871E+1
4.500000E-1	1.871305E-3	1.871305E-3	6.258247E-9	1.304688E+1
5.000000E-1	2.234910E-3	2.234910E-3	7.474258E-9	1.316406E+1
5.000000E-1	2.155277E-3	2.155277E-3	7.207941E-9	1.328223E+1
4.500000E-1	1.837051E-3	1.837051E-3	6.143689E-9	1.340039E+1
4.000000E-1	1.571876E-3	1.571876E-3	5.256859E-9	1.351855E+1
3.500000E-1	1.324855E-3	1.324855E-3	4.430743E-9	1.363672E+1
3.000000E-1	1.097552E-3	1.097552E-3	3.670566E-9	1.375391E+1
2.500000E-1	9.520976E-4	9.520976E-4	3.184121E-9	1.387207E+1
2.000000E-1	7.115911E-4	7.115911E-4	2.379790E-9	1.399023E+1
1.500000E-1	5.215792E-4	5.215792E-4	1.744329E-9	1.410840E+1
1.000000E-1	3.353424E-4	3.353424E-4	1.121493E-9	1.422656E+1
5.000000E-2	1.513613E-4	1.513613E-4	5.062010E-10	1.446777E+1
0.000000E+0	3.662237E-7	3.662237E-7	1.224770E-12	1.545703E+1
-5.000000E-2	1.374924E-4	-1.374924E-4	-4.598187E-10	1.630176E+1
-1.000000E-1	2.541102E-4	-2.541102E-4	-8.498264E-10	1.657422E+1
-1.500000E-1	2.745819E-4	-2.745819E-4	-9.182903E-10	1.684570E+1
-2.000000E-1	5.205476E-4	-5.205476E-4	-1.740879E-9	1.751855E+1
-2.500000E-1	6.019839E-4	-6.019839E-4	-2.013228E-9	1.763672E+1
-3.000000E-1	6.905962E-4	-6.905962E-4	-2.309576E-9	1.775488E+1
-3.500000E-1	7.713776E-4	-7.713776E-4	-2.579735E-9	1.787207E+1
-4.000000E-1	8.615501E-4	-8.615501E-4	-2.881301E-9	1.799023E+1
-4.500000E-1	9.516715E-4	-9.516715E-4	-3.182696E-9	1.810840E+1
-5.000000E-1	1.024182E-3	-1.024182E-3	-3.425195E-9	1.822656E+1
-5.000000E-1	1.039847E-3	-1.039847E-3	-3.477582E-9	1.834473E+1
-4.500000E-1	9.701605E-4	-9.701605E-4	-3.244529E-9	1.846191E+1
-4.000000E-1	8.913358E-4	-8.913358E-4	-2.980914E-9	1.858008E+1
-3.500000E-1	7.894042E-4	-7.894042E-4	-2.640022E-9	1.869824E+1
-3.000000E-1	7.039561E-4	-7.039561E-4	-2.354256E-9	1.881641E+1
-2.500000E-1	6.163617E-4	-6.163617E-4	-2.061312E-9	1.893457E+1
-2.000000E-1	5.176971E-4	-5.176971E-4	-1.731346E-9	1.905176E+1
-1.500000E-1	4.044972E-4	-4.044972E-4	-1.352769E-9	1.916992E+1
-1.000000E-1	2.561629E-4	-2.561629E-4	-8.566914E-10	1.941113E+1
-5.000000E-2	1.399363E-4	-1.399363E-4	-4.679921E-10	1.968359E+1
0.000000E+0	6.278845E-7	6.278845E-7	2.099848E-12	2.067383E+1
0.000000E+0	4.868212E-7	4.868212E-7	1.628087E-12	2.128809E+1
5.000000E-2	1.391533E-4	1.391533E-4	4.653735E-10	2.196094E+1
1.000000E-1	2.638145E-4	2.638145E-4	8.822806E-10	2.223340E+1
1.500000E-1	2.897077E-4	2.897077E-4	9.688759E-10	2.250586E+1
2.000000E-1	6.816296E-4	6.816296E-4	2.279589E-9	2.317773E+1
2.500000E-1	8.794006E-4	8.794006E-4	2.940999E-9	2.329590E+1
3.000000E-1	1.098611E-3	1.098611E-3	3.674110E-9	2.341406E+1
3.500000E-1	1.348611E-3	1.348611E-3	4.510191E-9	2.353223E+1
4.000000E-1	1.674727E-3	1.674727E-3	5.600825E-9	2.364941E+1
4.500000E-1	1.878361E-3	1.878361E-3	6.281843E-9	2.376758E+1
5.000000E-1	2.260773E-3	2.260773E-3	7.560755E-9	2.388574E+1
5.000000E-1	2.241588E-3	2.241588E-3	7.496592E-9	2.400391E+1
4.500000E-1	1.917555E-3	1.917555E-3	6.412922E-9	2.412207E+1
4.000000E-1	1.632302E-3	1.632302E-3	5.458944E-9	2.423926E+1
3.500000E-1	1.276522E-3	1.276522E-3	4.269102E-9	2.435742E+1
3.000000E-1	1.064838E-3	1.064838E-3	3.561162E-9	2.447559E+1
2.500000E-1	8.420445E-4	8.420445E-4	2.816068E-9	2.459375E+1
2.000000E-1	6.587769E-4	6.587769E-4	2.203162E-9	2.471191E+1
1.500000E-1	4.875517E-4	4.875517E-4	1.630530E-9	2.482910E+1
1.000000E-1	3.120187E-4	3.120187E-4	1.043491E-9	2.494727E+1
5.000000E-2	1.448317E-4	1.448317E-4	4.843638E-10	2.518848E+1
0.000000E+0	3.312878E-7	3.312878E-7	1.107933E-12	2.617871E+1
-5.000000E-2	1.371470E-4	-1.371470E-4	-4.586638E-10	2.702246E+1
-1.000000E-1	2.548731E-4	-2.548731E-4	-8.523777E-10	2.729492E+1
-1.500000E-1	2.743807E-4	-2.743807E-4	-9.176173E-10	2.756738E+1
-2.000000E-1	5.302584E-4	-5.302584E-4	-1.773355E-9	2.824023E+1
-2.500000E-1	6.155475E-4	-6.155475E-4	-2.058589E-9	2.835742E+1
-3.000000E-1	7.028778E-4	-7.028778E-4	-2.350650E-9	2.847559E+1
-3.500000E-1	8.076213E-4	-8.076213E-4	-2.700946E-9	2.859375E+1
-4.000000E-1	8.921342E-4	-8.921342E-4	-2.983584E-9	2.871191E+1
-4.500000E-1	9.982878E-4	-9.982878E-4	-3.338596E-9	2.883008E+1
-5.000000E-1	1.063413E-3	-1.063413E-3	-3.556397E-9	2.894727E+1
-5.000000E-1	1.063025E-3	-1.063025E-3	-3.555098E-9	2.906543E+1
-4.500000E-1	1.015805E-3	-1.015805E-3	-3.397180E-9	2.918359E+1
-4.000000E-1	9.462734E-4	-9.462734E-4	-3.164643E-9	2.930176E+1
-3.500000E-1	8.233358E-4	-8.233358E-4	-2.753500E-9	2.941992E+1
-3.000000E-1	7.175033E-4	-7.175033E-4	-2.399562E-9	2.953711E+1
-2.500000E-1	6.211633E-4	-6.211633E-4	-2.077370E-9	2.965527E+1
-2.000000E-1	5.118242E-4	-5.118242E-4	-1.711705E-9	2.977344E+1
-1.500000E-1	4.037539E-4	-4.037539E-4	-1.350283E-9	2.989160E+1
-1.000000E-1	2.568630E-4	-2.568630E-4	-8.590326E-10	3.013281E+1
-5.000000E-2	1.390699E-4	-1.390699E-4	-4.650946E-10	3.040527E+1
0.000000E+0	6.264032E-7	6.264032E-7	2.094894E-12	3.139453E+1
0.000000E+0	4.622094E-7	4.622094E-7	1.545777E-12	3.200879E+1
5.000000E-2	1.458386E-4	1.458386E-4	4.877312E-10	3.268164E+1
1.000000E-1	2.667454E-4	2.667454E-4	8.920826E-10	3.295410E+1
1.500000E-1	2.915902E-4	2.915902E-4	9.751717E-10	3.322559E+1
2.000000E-1	6.940381E-4	6.940381E-4	2.321087E-9	3.389844E+1
2.500000E-1	9.127120E-4	9.127120E-4	3.052403E-9	3.401660E+1
3.000000E-1	1.163319E-3	1.163319E-3	3.890515E-9	3.413379E+1
3.500000E-1	1.409296E-3	1.409296E-3	4.713139E-9	3.425195E+1
4.000000E-1	1.625646E-3	1.625646E-3	5.436682E-9	3.437012E+1
4.500000E-1	1.955183E-3	1.955183E-3	6.538761E-9	3.448828E+1
5.000000E-1	2.117933E-3	2.117933E-3	7.083049E-9	3.460645E+1
5.000000E-1	2.250419E-3	2.250419E-3	7.526126E-9	3.472363E+1
4.500000E-1	1.864068E-3	1.864068E-3	6.234042E-9	3.484180E+1
4.000000E-1	1.564079E-3	1.564079E-3	5.230785E-9	3.495996E+1
3.500000E-1	1.310395E-3	1.310395E-3	4.382382E-9	3.507813E+1
3.000000E-1	1.052855E-3	1.052855E-3	3.521087E-9	3.519629E+1
2.500000E-1	8.815751E-4	8.815751E-4	2.948271E-9	3.531348E+1
2.000000E-1	6.656120E-4	6.656120E-4	2.226021E-9	3.543164E+1
1.500000E-1	4.617172E-4	4.617172E-4	1.544131E-9	3.554980E+1
1.000000E-1	3.059227E-4	3.059227E-4	1.023104E-9	3.566797E+1
5.000000E-2	1.392934E-4	1.392934E-4	4.658421E-10	3.590918E+1
0.000000E+0	3.302547E-7	3.302547E-7	1.104478E-12	3.689844E+1
-5.000000E-2	1.265593E-4	-1.265593E-4	-4.232550E-10	3.774316E+1
-1.000000E-1	2.354746E-4	-2.354746E-4	-7.875030E-10	3.801563E+1
-1.500000E-1	2.706583E-4	-2.706583E-4	-9.051684E-10	3.828809E+1
-2.000000E-1	4.920462E-4	-4.920462E-4	-1.645561E-9	3.895996E+1
-2.500000E-1	5.840679E-4	-5.840679E-4	-1.953311E-9	3.907812E+1
-3.000000E-1	6.700906E-4	-6.700906E-4	-2.240999E-9	3.919629E+1
-3.500000E-1	7.615495E-4	-7.615495E-4	-2.546867E-9	3.931445E+1
-4.000000E-1	8.515098E-4	-8.515098E-4	-2.847723E-9	3.943262E+1
-4.500000E-1	9.276313E-4	-9.276313E-4	-3.102298E-9	3.955078E+1
-5.000000E-1	9.964707E-4	-9.964707E-4	-3.332519E-9	3.966797E+1
-5.000000E-1	9.850319E-4	-9.850319E-4	-3.294264E-9	3.978613E+1
-4.500000E-1	9.092778E-4	-9.092778E-4	-3.040918E-9	3.990430E+1
-4.000000E-1	8.426958E-4	-8.426958E-4	-2.818246E-9	4.002246E+1
-3.500000E-1	7.815991E-4	-7.815991E-4	-2.613919E-9	4.014062E+1
-3.000000E-1	6.826187E-4	-6.826187E-4	-2.282897E-9	4.025781E+1
-2.500000E-1	5.905654E-4	-5.905654E-4	-1.975041E-9	4.037598E+1
-2.000000E-1	4.828117E-4	-4.828117E-4	-1.614678E-9	4.049414E+1
-1.500000E-1	3.991996E-4	-3.991996E-4	-1.335052E-9	4.061230E+1
-1.000000E-1	2.542444E-4	-2.542444E-4	-8.502750E-10	4.085352E+1
-5.000000E-2	1.324912E-4	-1.324912E-4	-4.430933E-10	4.112598E+1
0.000000E+0	6.314738E-7	6.314738E-7	2.111852E-12	4.211523E+1
0.000000E+0	4.815012E-7	4.815012E-7	1.610295E-12	4.273047E+1
5.000000E-2	1.485671E-4	1.485671E-4	4.968562E-10	4.340234E+1
1.000000E-1	2.657357E-4	2.657357E-4	8.887059E-10	4.367480E+1
1.500000E-1	2.907296E-4	2.907296E-4	9.722935E-10	4.394727E+1
2.000000E-1	6.696493E-4	6.696493E-4	2.239523E-9	4.461914E+1
2.500000E-1	8.615001E-4	8.615001E-4	2.881134E-9	4.473730E+1
3.000000E-1	1.049385E-3	1.049385E-3	3.509483E-9	4.485547E+1
3.500000E-1	1.243432E-3	1.243432E-3	4.158437E-9	4.497363E+1
4.000000E-1	1.508214E-3	1.508214E-3	5.043952E-9	4.509180E+1
4.500000E-1	1.780423E-3	1.780423E-3	5.954307E-9	4.520898E+1
5.000000E-1	2.041339E-3	2.041339E-3	6.826895E-9	4.532715E+1
5.000000E-1	2.058688E-3	2.058688E-3	6.884916E-9	4.544531E+1
4.500000E-1	1.680535E-3	1.680535E-3	5.620251E-9	4.556348E+1
4.000000E-1	1.432334E-3	1.432334E-3	4.790185E-9	4.568164E+1
3.500000E-1	1.206075E-3	1.206075E-3	4.033503E-9	4.579883E+1
3.000000E-1	9.835841E-4	9.835841E-4	3.289422E-9	4.591699E+1
2.500000E-1	7.803079E-4	7.803079E-4	2.609601E-9	4.603516E+1
2.000000E-1	6.017010E-4	6.017010E-4	2.012282E-9	4.615332E+1
1.500000E-1	4.444034E-4	4.444034E-4	1.486228E-9	4.627148E+1
1.000000E-1	2.573176E-4	2.573176E-4	8.605530E-10	4.651270E+1
5.000000E-2	1.295825E-4	1.295825E-4	4.333658E-10	4.678418E+1
0.000000E+0	2.736283E-7	2.736283E-7	9.151013E-13	4.777441E+1
-5.000000E-2	1.206643E-4	-1.206643E-4	-4.035402E-10	4.844824E+1
-1.000000E-1	2.287416E-4	-2.287416E-4	-7.649856E-10	4.871973E+1
-1.500000E-1	2.677544E-4	-2.677544E-4	-8.954570E-10	4.899219E+1
-2.000000E-1	4.444093E-4	-4.444093E-4	-1.486248E-9	4.966504E+1
-2.500000E-1	5.301299E-4	-5.301299E-4	-1.772925E-9	4.978320E+1
-3.000000E-1	5.928218E-4	-5.928218E-4	-1.982587E-9	4.990137E+1
-3.500000E-1	6.599562E-4	-6.599562E-4	-2.207106E-9	5.001953E+1
-4.000000E-1	7.340728E-4	-7.340728E-4	-2.454976E-9	5.013672E+1
-4.500000E-1	8.239790E-4	-8.239790E-4	-2.755651E-9	5.025488E+1
-5.000000E-1	8.792930E-4	-8.792930E-4	-2.940639E-9	5.037305E+1
-5.000000E-1	8.935694E-4	-8.935694E-4	-2.988384E-9	5.049121E+1
-4.500000E-1	8.237484E-4	-8.237484E-4	-2.754880E-9	5.060937E+1
-4.000000E-1	7.582251E-4	-7.582251E-4	-2.535749E-9	5.072656E+1
-3.500000E-1	6.879840E-4	-6.879840E-4	-2.300840E-9	5.084473E+1
-3.000000E-1	6.171983E-4	-6.171983E-4	-2.064110E-9	5.096289E+1
-2.500000E-1	5.278852E-4	-5.278852E-4	-1.765418E-9	5.108105E+1
-2.000000E-1	4.449180E-4	-4.449180E-4	-1.487949E-9	5.119922E+1
-1.500000E-1	3.407444E-4	-3.407444E-4	-1.139559E-9	5.131641E+1
-1.000000E-1	2.226728E-4	-2.226728E-4	-7.446896E-10	5.155859E+1
-5.000000E-2	1.160802E-4	-1.160802E-4	-3.882097E-10	5.183008E+1
0.000000E+0	5.934422E-7	5.934422E-7	1.984662E-12	5.282031E+1
0.000000E+0	4.449428E-7	4.449428E-7	1.488032E-12	5.343457E+1
5.000000E-2	1.258097E-4	1.258097E-4	4.207481E-10	5.410742E+1
1.000000E-1	2.576070E-4	2.576070E-4	8.615207E-10	5.437988E+1
1.500000E-1	2.830473E-4	2.830473E-4	9.466015E-10	5.465137E+1
2.000000E-1	6.159233E-4	6.159233E-4	2.059846E-9	5.532422E+1
2.500000E-1	7.925681E-4	7.925681E-4	2.650603E-9	5.544238E+1
3.000000E-1	1.012298E-3	1.012298E-3	3.385451E-9	5.556055E+1
3.500000E-1	1.235738E-3	1.235738E-3	4.132705E-9	5.567773E+1
4.000000E-1	1.461886E-3	1.461886E-3	4.889017E-9	5.579590E+1
4.500000E-1	1.731559E-3	1.731559E-3	5.790892E-9	5.591406E+1
5.000000E-1	2.020233E-3	2.020233E-3	6.756309E-9	5.603223E+1
5.000000E-1	1.997093E-3	1.997093E-3	6.678922E-9	5.615039E+1
4.500000E-1	1.659505E-3	1.659505E-3	5.549920E-9	5.626758E+1
4.000000E-1	1.367280E-3	1.367280E-3	4.572625E-9	5.638574E+1
3.500000E-1	1.144355E-3	1.144355E-3	3.827091E-9	5.650391E+1
3.000000E-1	9.381803E-4	9.381803E-4	3.137577E-9	5.662207E+1
2.500000E-1	7.686861E-4	7.686861E-4	2.570734E-9	5.674023E+1
2.000000E-1	5.824385E-4	5.824385E-4	1.947862E-9	5.685742E+1
1.500000E-1	4.376406E-4	4.376406E-4	1.463611E-9	5.697559E+1
1.000000E-1	2.560889E-4	2.560889E-4	8.564437E-10	5.721680E+1
5.000000E-2	1.231288E-4	1.231288E-4	4.117823E-10	5.748926E+1
0.000000E+0	3.013065E-7	3.013065E-7	1.007666E-12	5.847949E+1
-5.000000E-2	1.114894E-4	-1.114894E-4	-3.728566E-10	5.915234E+1
-1.000000E-1	2.100240E-4	-2.100240E-4	-7.023879E-10	5.942480E+1
-1.500000E-1	2.625504E-4	-2.625504E-4	-8.780532E-10	5.969727E+1
-2.000000E-1	4.147782E-4	-4.147782E-4	-1.387152E-9	6.037012E+1
-2.500000E-1	4.964501E-4	-4.964501E-4	-1.660289E-9	6.048828E+1
-3.000000E-1	5.675425E-4	-5.675425E-4	-1.898045E-9	6.060645E+1
-3.500000E-1	6.413829E-4	-6.413829E-4	-2.144991E-9	6.072363E+1
-4.000000E-1	7.170822E-4	-7.170822E-4	-2.398154E-9	6.084180E+1
-4.500000E-1	7.752064E-4	-7.752064E-4	-2.592540E-9	6.095996E+1
-5.000000E-1	8.332089E-4	-8.332089E-4	-2.786519E-9	6.107812E+1
-5.000000E-1	8.457089E-4	-8.457089E-4	-2.828323E-9	6.119629E+1
-4.500000E-1	7.914949E-4	-7.914949E-4	-2.647014E-9	6.131348E+1
-4.000000E-1	7.191999E-4	-7.191999E-4	-2.405236E-9	6.143164E+1
-3.500000E-1	6.553406E-4	-6.553406E-4	-2.191670E-9	6.154980E+1
-3.000000E-1	5.910085E-4	-5.910085E-4	-1.976523E-9	6.166797E+1
-2.500000E-1	5.124094E-4	-5.124094E-4	-1.713662E-9	6.178613E+1
-2.000000E-1	4.281080E-4	-4.281080E-4	-1.431731E-9	6.190332E+1
-1.500000E-1	3.342501E-4	-3.342501E-4	-1.117840E-9	6.202148E+1
-1.000000E-1	2.212406E-4	-2.212406E-4	-7.398997E-10	6.226270E+1
-5.000000E-2	1.142286E-4	-1.142286E-4	-3.820172E-10	6.253516E+1
0.000000E+0	5.786446E-7	5.786446E-7	1.935174E-12	6.352539E+1
0.000000E+0	4.394610E-7	4.394610E-7	1.469699E-12	6.413965E+1
5.000000E-2	1.210403E-4	1.210403E-4	4.047976E-10	6.481250E+1
1.000000E-1	2.555912E-4	2.555912E-4	8.547794E-10	6.508496E+1
1.500000E-1	2.808031E-4	2.808031E-4	9.390961E-10	6.535645E+1
2.000000E-1	5.671021E-4	5.671021E-4	1.896572E-9	6.602930E+1
2.500000E-1	7.463070E-4	7.463070E-4	2.495891E-9	6.614746E+1
3.000000E-1	9.362728E-4	9.362728E-4	3.131198E-9	6.626562E+1
3.500000E-1	1.121044E-3	1.121044E-3	3.749132E-9	6.638281E+1
4.000000E-1	1.333523E-3	1.333523E-3	4.459729E-9	6.650098E+1
4.500000E-1	1.564233E-3	1.564233E-3	5.231300E-9	6.661914E+1
5.000000E-1	1.813888E-3	1.813888E-3	6.066227E-9	6.673730E+1
5.000000E-1	1.811413E-3	1.811413E-3	6.057950E-9	6.685547E+1
4.500000E-1	1.531387E-3	1.531387E-3	5.121453E-9	6.697266E+1
4.000000E-1	1.278623E-3	1.278623E-3	4.276127E-9	6.709082E+1
3.500000E-1	1.079577E-3	1.079577E-3	3.610454E-9	6.720898E+1
3.000000E-1	8.731805E-4	8.731805E-4	2.920197E-9	6.732715E+1
2.500000E-1	6.946807E-4	6.946807E-4	2.323236E-9	6.744531E+1
2.000000E-1	5.326401E-4	5.326401E-4	1.781320E-9	6.756250E+1
1.500000E-1	3.848331E-4	3.848331E-4	1.287006E-9	6.768066E+1
1.000000E-1	2.355663E-4	2.355663E-4	7.878095E-10	6.792187E+1
5.000000E-2	1.150704E-4	1.150704E-4	3.848326E-10	6.819434E+1
0.000000E+0	3.031906E-7	3.031906E-7	1.013967E-12	6.918457E+1
-5.000000E-2	1.056833E-4	-1.056833E-4	-3.534391E-10	6.985742E+1
-1.000000E-1	2.001928E-4	-2.001928E-4	-6.695091E-10	7.012988E+1
-1.500000E-1	2.596386E-4	-2.596386E-4	-8.683150E-10	7.040234E+1
-2.000000E-1	3.956123E-4	-3.956123E-4	-1.323055E-9	7.107520E+1
-2.500000E-1	4.665660E-4	-4.665660E-4	-1.560347E-9	7.119238E+1
-3.000000E-1	5.428478E-4	-5.428478E-4	-1.815458E-9	7.131055E+1
-3.500000E-1	6.111448E-4	-6.111448E-4	-2.043865E-9	7.142871E+1
-4.000000E-1	6.718172E-4	-6.718172E-4	-2.246773E-9	7.154687E+1
-4.500000E-1	7.381580E-4	-7.381580E-4	-2.468638E-9	7.166504E+1
-5.000000E-1	8.013469E-4	-8.013469E-4	-2.679962E-9	7.178223E+1
-5.000000E-1	7.995973E-4	-7.995973E-4	-2.674111E-9	7.190039E+1
-4.500000E-1	7.485415E-4	-7.485415E-4	-2.503364E-9	7.201855E+1
-4.000000E-1	6.946101E-4	-6.946101E-4	-2.323000E-9	7.213672E+1
-3.500000E-1	6.358589E-4	-6.358589E-4	-2.126517E-9	7.225488E+1
-3.000000E-1	5.608925E-4	-5.608925E-4	-1.875805E-9	7.237207E+1
-2.500000E-1	4.879823E-4	-4.879823E-4	-1.631970E-9	7.249023E+1
-2.000000E-1	4.127931E-4	-4.127931E-4	-1.380513E-9	7.260840E+1
-1.500000E-1	3.214951E-4	-3.214951E-4	-1.075183E-9	7.272656E+1
-1.000000E-1	2.123034E-4	-2.123034E-4	-7.100109E-10	7.296777E+1
-5.000000E-2	1.107611E-4	-1.107611E-4	-3.704207E-10	7.324023E+1
0.000000E+0	6.330383E-7	6.330383E-7	2.117084E-12	7.422949E+1
0.000000E+0	5.101007E-7	5.101007E-7	1.705941E-12	7.484473E+1
5.000000E-2	1.181757E-4	1.181757E-4	3.952176E-10	7.551758E+1
1.000000E-1	2.527325E-4	2.527325E-4	8.452188E-10	7.578906E+1
1.500000E-1	2.805781E-4	2.805781E-4	9.383436E-10	7.606152E+1
2.000000E-1	6.021973E-4	6.021973E-4	2.013942E-9	7.673340E+1
2.500000E-1	7.534229E-4	7.534229E-4	2.519689E-9	7.685156E+1
3.000000E-1	9.171069E-4	9.171069E-4	3.067101E-9	7.696973E+1
3.500000E-1	1.083426E-3	1.083426E-3	3.623327E-9	7.708789E+1
4.000000E-1	1.303671E-3	1.303671E-3	4.359895E-9	7.720605E+1
4.500000E-1	1.516515E-3	1.516515E-3	5.071715E-9	7.732324E+1
5.000000E-1	1.727829E-3	1.727829E-3	5.778417E-9	7.744141E+1
5.000000E-1	1.712601E-3	1.712601E-3	5.727488E-9	7.755957E+1
4.500000E-1	1.488337E-3	1.488337E-3	4.977478E-9	7.767773E+1
4.000000E-1	1.260629E-3	1.260629E-3	4.215950E-9	7.779590E+1
3.500000E-1	1.056924E-3	1.056924E-3	3.534695E-9	7.791309E+1
3.000000E-1	8.587932E-4	8.587932E-4	2.872081E-9	7.803125E+1
2.500000E-1	7.061632E-4	7.061632E-4	2.361637E-9	7.814941E+1
2.000000E-1	5.283391E-4	5.283391E-4	1.766936E-9	7.826758E+1
1.500000E-1	3.747609E-4	3.747609E-4	1.253321E-9	7.838574E+1
1.000000E-1	2.252141E-4	2.252141E-4	7.531885E-10	7.862695E+1
5.000000E-2	1.066210E-4	1.066210E-4	3.565751E-10	7.889844E+1
0.000000E+0	2.422403E-7	2.422403E-7	8.101297E-13	7.988867E+1
-5.000000E-2	1.005585E-4	-1.005585E-4	-3.362999E-10	8.056152E+1
-1.000000E-1	1.902476E-4	-1.902476E-4	-6.362491E-10	8.083398E+1
-1.500000E-1	2.572120E-4	-2.572120E-4	-8.601999E-10	8.110645E+1
-2.000000E-1	3.838569E-4	-3.838569E-4	-1.283741E-9	8.177832E+1
-2.500000E-1	4.484801E-4	-4.484801E-4	-1.499862E-9	8.189648E+1
-3.000000E-1	5.115348E-4	-5.115348E-4	-1.710737E-9	8.201465E+1
-3.500000E-1	5.766009E-4	-5.766009E-4	-1.928339E-9	8.213281E+1
-4.000000E-1	6.367311E-4	-6.367311E-4	-2.129434E-9	8.225000E+1
-4.500000E-1	6.980966E-4	-6.980966E-4	-2.334660E-9	8.236816E+1
-5.000000E-1	7.482126E-4	-7.482126E-4	-2.502264E-9	8.248633E+1
-5.000000E-1	7.589006E-4	-7.589006E-4	-2.538008E-9	8.260449E+1
-4.500000E-1	7.114306E-4	-7.114306E-4	-2.379253E-9	8.272266E+1
-4.000000E-1	6.482534E-4	-6.482534E-4	-2.167968E-9	8.283984E+1
-3.500000E-1	5.915605E-4	-5.915605E-4	-1.978369E-9	8.295801E+1
-3.000000E-1	5.311890E-4	-5.311890E-4	-1.776467E-9	8.307617E+1
-2.500000E-1	4.563864E-4	-4.563864E-4	-1.526303E-9	8.319434E+1
-2.000000E-1	3.864083E-4	-3.864083E-4	-1.292274E-9	8.331250E+1
-1.500000E-1	2.591326E-4	-2.591326E-4	-8.666228E-10	8.355371E+1
-1.000000E-1	1.983345E-4	-1.983345E-4	-6.632945E-10	8.382617E+1
-5.000000E-2	1.038937E-4	-1.038937E-4	-3.474540E-10	8.409766E+1
0.000000E+0	5.874129E-7	5.874129E-7	1.964498E-12	8.508789E+1
0.000000E+0	4.687742E-7	4.687742E-7	1.567732E-12	8.570215E+1
5.000000E-2	1.118527E-4	1.118527E-4	3.740714E-10	8.637500E+1
1.000000E-1	2.397663E-4	2.397663E-4	8.018558E-10	8.664746E+1
1.500000E-1	2.780320E-4	2.780320E-4	9.298287E-10	8.691895E+1
2.000000E-1	5.395823E-4	5.395823E-4	1.804537E-9	8.759180E+1
2.500000E-1	7.180041E-4	7.180041E-4	2.401237E-9	8.770898E+1
3.000000E-1	8.827008E-4	8.827008E-4	2.952036E-9	8.782715E+1
3.500000E-1	1.064711E-3	1.064711E-3	3.560736E-9	8.794531E+1
4.000000E-1	1.247322E-3	1.247322E-3	4.171445E-9	8.806348E+1
4.500000E-1	1.490944E-3	1.490944E-3	4.986198E-9	8.818164E+1
5.000000E-1	1.803570E-3	1.803570E-3	6.031720E-9	8.829883E+1
5.000000E-1	1.808509E-3	1.808509E-3	6.048237E-9	8.841699E+1
4.500000E-1	1.504252E-3	1.504252E-3	5.030704E-9	8.853516E+1
4.000000E-1	1.269958E-3	1.269958E-3	4.247150E-9	8.865332E+1
3.500000E-1	1.038496E-3	1.038496E-3	3.473066E-9	8.877148E+1
3.000000E-1	8.534115E-4	8.534115E-4	2.854083E-9	8.888867E+1
2.500000E-1	6.819851E-4	6.819851E-4	2.280778E-9	8.900684E+1
2.000000E-1	5.335359E-4	5.335359E-4	1.784316E-9	8.912500E+1
1.500000E-1	3.739589E-4	3.739589E-4	1.250639E-9	8.924316E+1
1.000000E-1	2.253358E-4	2.253358E-4	7.535955E-10	8.948438E+1
5.000000E-2	1.094880E-4	1.094880E-4	3.661631E-10	8.975684E+1
0.000000E+0	2.541374E-7	2.541374E-7	8.499174E-13	9.074609E+1
-5.000000E-2	2.652225E-5	-2.652225E-5	-8.869896E-11	9.136035E+1
-1.000000E-1	1.952728E-4	-1.952728E-4	-6.530552E-10	9.203320E+1
-1.500000E-1	2.583914E-4	-2.583914E-4	-8.641439E-10	9.230566E+1
-2.000000E-1	2.727134E-4	-2.727134E-4	-9.120416E-10	9.257813E+1
-2.500000E-1	4.719749E-4	-4.719749E-4	-1.578436E-9	9.325098E+1
-3.000000E-1	5.310000E-4	-5.310000E-4	-1.775835E-9	9.336816E+1
-3.500000E-1	6.122060E-4	-6.122060E-4	-2.047414E-9	9.348633E+1
-4.000000E-1	6.790189E-4	-6.790189E-4	-2.270858E-9	9.360449E+1
-4.500000E-1	7.132112E-4	-7.132112E-4	-2.385208E-9	9.372266E+1
-5.000000E-1	8.049108E-4	-8.049108E-4	-2.691881E-9	9.384082E+1
-5.000000E-1	7.987045E-4	-7.987045E-4	-2.671125E-9	9.395801E+1
-4.500000E-1	7.415790E-4	-7.415790E-4	-2.480079E-9	9.407617E+1
-4.000000E-1	6.896411E-4	-6.896411E-4	-2.306382E-9	9.419434E+1
-3.500000E-1	6.243992E-4	-6.243992E-4	-2.088192E-9	9.431250E+1
-3.000000E-1	5.444117E-4	-5.444117E-4	-1.820688E-9	9.443066E+1
-2.500000E-1	4.770127E-4	-4.770127E-4	-1.595284E-9	9.454785E+1
-2.000000E-1	3.965832E-4	-3.965832E-4	-1.326302E-9	9.466602E+1
-1.500000E-1	3.076103E-4	-3.076103E-4	-1.028748E-9	9.478418E+1
-1.000000E-1	2.030506E-4	-2.030506E-4	-6.790666E-10	9.502539E+1
-5.000000E-2	1.071858E-4	-1.071858E-4	-3.584637E-10	9.529785E+1
0.000000E+0	5.559046E-7	5.559046E-7	1.859124E-12	9.628711E+1
0.000000E+0	5.284213E-7	5.284213E-7	1.767211E-12	9.690234E+1
5.000000E-2	1.186032E-4	1.186032E-4	3.966473E-10	9.774512E+1
1.000000E-1	2.545089E-4	2.545089E-4	8.511597E-10	9.801758E+1
1.500000E-1	2.817473E-4	2.817473E-4	9.422537E-10	9.829004E+1
2.000000E-1	7.086226E-4	7.086226E-4	2.369862E-9	9.896191E+1
2.500000E-1	9.801658E-4	9.801658E-4	3.277990E-9	9.908008E+1
3.000000E-1	1.217294E-3	1.217294E-3	4.071022E-9	9.919824E+1
3.500000E-1	1.397078E-3	1.397078E-3	4.672279E-9	9.931543E+1
4.000000E-1	1.581090E-3	1.581090E-3	5.287674E-9	9.943359E+1
4.500000E-1	1.860745E-3	1.860745E-3	6.222932E-9	9.955176E+1
5.000000E-1	2.034030E-3	2.034030E-3	6.802450E-9	9.966992E+1
5.000000E-1	1.962242E-3	1.962242E-3	6.562369E-9	9.978809E+1
4.500000E-1	1.590815E-3	1.590815E-3	5.320199E-9	9.990527E+1
4.000000E-1	1.505237E-3	1.505237E-3	5.033998E-9	1.000234E+2
3.500000E-1	1.225956E-3	1.225956E-3	4.099992E-9	1.001416E+2
3.000000E-1	9.819590E-4	9.819590E-4	3.283987E-9	1.002598E+2
2.500000E-1	8.070879E-4	8.070879E-4	2.699162E-9	1.003779E+2
2.000000E-1	5.955709E-4	5.955709E-4	1.991781E-9	1.004951E+2
1.500000E-1	4.439773E-4	4.439773E-4	1.484803E-9	1.006133E+2
1.000000E-1	2.573772E-4	2.573772E-4	8.607524E-10	1.008545E+2
5.000000E-2	1.289017E-4	1.289017E-4	4.310889E-10	1.011270E+2
0.000000E+0	2.007894E-7	2.007894E-7	6.715045E-13	1.021162E+2
-5.000000E-2	1.179574E-4	-1.179574E-4	-3.944874E-10	1.027900E+2
-1.000000E-1	2.241419E-4	-2.241419E-4	-7.496028E-10	1.030615E+2
-1.500000E-1	2.645882E-4	-2.645882E-4	-8.848682E-10	1.033340E+2
-2.000000E-1	4.023177E-4	-4.023177E-4	-1.345480E-9	1.040068E+2
-2.500000E-1	4.734487E-4	-4.734487E-4	-1.583365E-9	1.041250E+2
-3.000000E-1	5.630262E-4	-5.630262E-4	-1.882941E-9	1.042432E+2
-3.500000E-1	6.234824E-4	-6.234824E-4	-2.085126E-9	1.043604E+2
-4.000000E-1	7.067561E-4	-7.067561E-4	-2.363620E-9	1.044785E+2
-4.500000E-1	7.667159E-4	-7.667159E-4	-2.564145E-9	1.045967E+2
-5.000000E-1	8.543346E-4	-8.543346E-4	-2.857170E-9	1.047148E+2
-5.000000E-1	8.509584E-4	-8.509584E-4	-2.845879E-9	1.048330E+2
-4.500000E-1	7.954925E-4	-7.954925E-4	-2.660383E-9	1.049502E+2
-4.000000E-1	7.153698E-4	-7.153698E-4	-2.392427E-9	1.050684E+2
-3.500000E-1	6.564482E-4	-6.564482E-4	-2.195374E-9	1.051865E+2
-3.000000E-1	5.902548E-4	-5.902548E-4	-1.974002E-9	1.053047E+2
-2.500000E-1	4.977140E-4	-4.977140E-4	-1.664516E-9	1.054229E+2
-2.000000E-1	4.072326E-4	-4.072326E-4	-1.361917E-9	1.055400E+2
-1.500000E-1	3.292060E-4	-3.292060E-4	-1.100971E-9	1.056582E+2
-1.000000E-1	2.144848E-4	-2.144848E-4	-7.173062E-10	1.058994E+2
-5.000000E-2	1.093313E-4	-1.093313E-4	-3.656392E-10	1.061719E+2
0.000000E+0	5.810018E-7	5.810018E-7	1.943057E-12	1.071611E+2
0.000000E+0	4.336765E-7	4.336765E-7	1.450354E-12	1.077764E+2
5.000000E-2	1.274199E-4	1.274199E-4	4.261331E-10	1.084492E+2
1.000000E-1	2.562175E-4	2.562175E-4	8.568738E-10	1.087207E+2
1.500000E-1	2.813441E-4	2.813441E-4	9.409051E-10	1.089932E+2
2.000000E-1	5.750810E-4	5.750810E-4	1.923256E-9	1.096650E+2
2.500000E-1	7.714870E-4	7.714870E-4	2.580101E-9	1.097832E+2
3.000000E-1	9.589163E-4	9.589163E-4	3.206925E-9	1.099014E+2
3.500000E-1	1.138813E-3	1.138813E-3	3.808557E-9	1.100195E+2
4.000000E-1	1.353980E-3	1.353980E-3	4.528145E-9	1.101377E+2
4.500000E-1	1.577328E-3	1.577328E-3	5.275094E-9	1.102549E+2
5.000000E-1	1.827357E-3	1.827357E-3	6.111269E-9	1.103730E+2
5.000000E-1	1.856919E-3	1.856919E-3	6.210134E-9	1.104912E+2
4.500000E-1	1.555715E-3	1.555715E-3	5.202811E-9	1.106094E+2
4.000000E-1	1.325734E-3	1.325734E-3	4.433683E-9	1.107275E+2
3.500000E-1	1.103282E-3	1.103282E-3	3.689731E-9	1.108447E+2
3.000000E-1	9.220694E-4	9.220694E-4	3.083697E-9	1.109629E+2
2.500000E-1	7.222704E-4	7.222704E-4	2.415505E-9	1.110811E+2
2.000000E-1	5.186480E-4	5.186480E-4	1.734526E-9	1.111992E+2
1.500000E-1	3.683231E-4	3.683231E-4	1.231791E-9	1.113174E+2
1.000000E-1	2.262967E-4	2.262967E-4	7.568092E-10	1.115586E+2
5.000000E-2	1.119641E-4	1.119641E-4	3.744439E-10	1.118301E+2
0.000000E+0	2.441575E-7	2.441575E-7	8.165413E-13	1.128193E+2
-5.000000E-2	1.000465E-4	-1.000465E-4	-3.345878E-10	1.134932E+2
-1.000000E-1	1.857021E-4	-1.857021E-4	-6.210477E-10	1.137656E+2
-1.500000E-1	2.576627E-4	-2.576627E-4	-8.617072E-10	1.140371E+2
-2.000000E-1	3.798055E-4	-3.798055E-4	-1.270192E-9	1.147100E+2
-2.500000E-1	4.719333E-4	-4.719333E-4	-1.578297E-9	1.148281E+2
-3.000000E-1	5.367177E-4	-5.367177E-4	-1.794957E-9	1.149463E+2
-3.500000E-1	6.149543E-4	-6.149543E-4	-2.056605E-9	1.150645E+2
-4.000000E-1	6.899252E-4	-6.899252E-4	-2.307332E-9	1.151816E+2
-4.500000E-1	7.590148E-4	-7.590148E-4	-2.538390E-9	1.152998E+2
-5.000000E-1	8.727996E-4	-8.727996E-4	-2.918923E-9	1.154180E+2
-5.000000E-1	8.684579E-4	-8.684579E-4	-2.904403E-9	1.155361E+2
-4.500000E-1	7.888738E-4	-7.888738E-4	-2.638248E-9	1.156543E+2
-4.000000E-1	6.806766E-4	-6.806766E-4	-2.276402E-9	1.157715E+2
-3.500000E-1	6.288895E-4	-6.288895E-4	-2.103209E-9	1.158896E+2
-3.000000E-1	5.035415E-4	-5.035415E-4	-1.684005E-9	1.160078E+2
-2.500000E-1	4.677627E-4	-4.677627E-4	-1.564349E-9	1.161260E+2
-2.000000E-1	3.844997E-4	-3.844997E-4	-1.285891E-9	1.162441E+2
-1.500000E-1	3.034247E-4	-3.034247E-4	-1.014750E-9	1.163613E+2
-1.000000E-1	1.935790E-4	-1.935790E-4	-6.473904E-10	1.166035E+2
-5.000000E-2	1.006351E-4	-1.006351E-4	-3.365561E-10	1.168750E+2
0.000000E+0	5.916413E-7	5.916413E-7	1.978639E-12	1.178652E+2
0.000000E+0	4.498063E-7	4.498063E-7	1.504297E-12	1.184795E+2
5.000000E-2	1.089635E-4	1.089635E-4	3.644092E-10	1.191523E+2
1.000000E-1	2.452504E-4	2.452504E-4	8.201962E-10	1.194238E+2
1.500000E-1	2.782487E-4	2.782487E-4	9.305533E-10	1.196963E+2
2.000000E-1	5.578781E-4	5.578781E-4	1.865724E-9	1.203682E+2
2.500000E-1	7.613564E-4	7.613564E-4	2.546221E-9	1.204863E+2
3.000000E-1	9.827385E-4	9.827385E-4	3.286594E-9	1.206045E+2
3.500000E-1	1.158095E-3	1.158095E-3	3.873042E-9	1.207227E+2
4.000000E-1	1.399827E-3	1.399827E-3	4.681474E-9	1.208408E+2
4.500000E-1	1.642321E-3	1.642321E-3	5.492450E-9	1.209580E+2
5.000000E-1	1.882812E-3	1.882812E-3	6.296729E-9	1.210762E+2
5.000000E-1	1.878004E-3	1.878004E-3	6.280650E-9	1.211943E+2
4.500000E-1	1.629362E-3	1.629362E-3	5.449110E-9	1.213125E+2
4.000000E-1	1.346875E-3	1.346875E-3	4.504384E-9	1.214307E+2
3.500000E-1	1.137393E-3	1.137393E-3	3.803809E-9	1.215479E+2
3.000000E-1	9.464770E-4	9.464770E-4	3.165324E-9	1.216660E+2
2.500000E-1	7.116662E-4	7.116662E-4	2.380041E-9	1.217842E+2
2.000000E-1	5.317562E-4	5.317562E-4	1.778364E-9	1.219023E+2
1.500000E-1	3.740127E-4	3.740127E-4	1.250819E-9	1.220205E+2
1.000000E-1	2.260838E-4	2.260838E-4	7.560972E-10	1.222617E+2
5.000000E-2	1.073889E-4	1.073889E-4	3.591429E-10	1.225332E+2
0.000000E+0	2.350573E-7	2.350573E-7	7.861073E-13	1.235234E+2
-5.000000E-2	9.867067E-5	-9.867067E-5	-3.299865E-10	1.241963E+2
-1.000000E-1	1.853626E-4	-1.853626E-4	-6.199121E-10	1.244687E+2
-1.500000E-1	2.557639E-4	-2.557639E-4	-8.553569E-10	1.247412E+2
-2.000000E-1	3.895193E-4	-3.895193E-4	-1.302678E-9	1.254131E+2
-2.500000E-1	4.755613E-4	-4.755613E-4	-1.590430E-9	1.255313E+2
-3.000000E-1	5.492485E-4	-5.492485E-4	-1.836864E-9	1.256494E+2
-3.500000E-1	6.395834E-4	-6.395834E-4	-2.138973E-9	1.257676E+2
-4.000000E-1	7.082718E-4	-7.082718E-4	-2.368689E-9	1.258857E+2
-4.500000E-1	8.137179E-4	-8.137179E-4	-2.721335E-9	1.260029E+2
-5.000000E-1	9.040208E-4	-9.040208E-4	-3.023337E-9	1.261211E+2
-5.000000E-1	8.983513E-4	-8.983513E-4	-3.004376E-9	1.262393E+2
-4.500000E-1	6.789250E-4	-6.789250E-4	-2.270544E-9	1.263574E+2
-4.000000E-1	7.576199E-4	-7.576199E-4	-2.533725E-9	1.264756E+2
-3.500000E-1	6.620819E-4	-6.620819E-4	-2.214215E-9	1.265928E+2
-3.000000E-1	5.920665E-4	-5.920665E-4	-1.980061E-9	1.267109E+2
-2.500000E-1	5.063137E-4	-5.063137E-4	-1.693276E-9	1.268291E+2
-2.000000E-1	4.116843E-4	-4.116843E-4	-1.376805E-9	1.269473E+2
-1.500000E-1	3.131511E-4	-3.131511E-4	-1.047278E-9	1.270654E+2
-1.000000E-1	1.979988E-4	-1.979988E-4	-6.621717E-10	1.273066E+2
-5.000000E-2	1.023781E-4	-1.023781E-4	-3.423853E-10	1.275791E+2
0.000000E+0	5.842093E-7	5.842093E-7	1.953784E-12	1.285684E+2
0.000000E+0	3.976366E-7	3.976366E-7	1.329825E-12	1.291826E+2
5.000000E-2	1.101298E-4	1.101298E-4	3.683096E-10	1.298555E+2
1.000000E-1	2.384513E-4	2.384513E-4	7.974578E-10	1.301279E+2
1.500000E-1	2.762524E-4	2.762524E-4	9.238769E-10	1.303994E+2
2.000000E-1	5.415857E-4	5.415857E-4	1.811237E-9	1.310723E+2
2.500000E-1	7.481716E-4	7.481716E-4	2.502127E-9	1.311904E+2
3.000000E-1	9.917343E-4	9.917343E-4	3.316679E-9	1.313086E+2
3.500000E-1	1.140040E-3	1.140040E-3	3.812660E-9	1.314268E+2
4.000000E-1	1.389841E-3	1.389841E-3	4.648077E-9	1.315439E+2
4.500000E-1	1.623265E-3	1.623265E-3	5.428721E-9	1.316621E+2
5.000000E-1	1.800378E-3	1.800378E-3	6.021045E-9	1.317803E+2
5.000000E-1	1.779446E-3	1.779446E-3	5.951041E-9	1.318984E+2
4.500000E-1	1.505838E-3	1.505838E-3	5.036009E-9	1.320166E+2
4.000000E-1	1.371853E-3	1.371853E-3	4.587917E-9	1.321338E+2
3.500000E-1	1.036330E-3	1.036330E-3	3.465823E-9	1.322520E+2
3.000000E-1	8.561663E-4	8.561663E-4	2.863296E-9	1.323701E+2
2.500000E-1	6.715175E-4	6.715175E-4	2.245771E-9	1.324883E+2
2.000000E-1	5.268712E-4	5.268712E-4	1.762027E-9	1.326064E+2
1.500000E-1	3.609422E-4	3.609422E-4	1.207107E-9	1.327236E+2
1.000000E-1	2.186516E-4	2.186516E-4	7.312413E-10	1.329658E+2
5.000000E-2	1.042296E-4	1.042296E-4	3.485772E-10	1.332373E+2
0.000000E+0	2.364350E-7	2.364350E-7	7.907147E-13	1.342275E+2
-5.000000E-2	2.639892E-5	-2.639892E-5	-8.828650E-11	1.348418E+2
-1.000000E-1	1.756924E-4	-1.756924E-4	-5.875720E-10	1.355146E+2
-1.500000E-1	2.529798E-4	-2.529798E-4	-8.460459E-10	1.357871E+2
-2.000000E-1	2.701162E-4	-2.701162E-4	-9.033556E-10	1.360596E+2
-2.500000E-1	4.424529E-4	-4.424529E-4	-1.479705E-9	1.367324E+2
-3.000000E-1	5.072906E-4	-5.072906E-4	-1.696543E-9	1.368496E+2
-3.500000E-1	5.973632E-4	-5.973632E-4	-1.997775E-9	1.369678E+2
-4.000000E-1	6.446559E-4	-6.446559E-4	-2.155937E-9	1.370859E+2
-4.500000E-1	7.477650E-4	-7.477650E-4	-2.500767E-9	1.372041E+2
-5.000000E-1	8.056120E-4	-8.056120E-4	-2.694226E-9	1.373223E+2
-5.000000E-1	8.089885E-4	-8.089885E-4	-2.705518E-9	1.374395E+2
-4.500000E-1	6.390276E-4	-6.390276E-4	-2.137114E-9	1.375576E+2
-4.000000E-1	6.706749E-4	-6.706749E-4	-2.242953E-9	1.376758E+2
-3.500000E-1	6.009242E-4	-6.009242E-4	-2.009684E-9	1.377939E+2
-3.000000E-1	5.334941E-4	-5.334941E-4	-1.784176E-9	1.379121E+2
-2.500000E-1	4.196839E-4	-4.196839E-4	-1.403558E-9	1.380293E+2
-2.000000E-1	3.807044E-4	-3.807044E-4	-1.273198E-9	1.381475E+2
-1.500000E-1	2.567778E-4	-2.567778E-4	-8.587477E-10	1.383887E+2
-1.000000E-1	1.888108E-4	-1.888108E-4	-6.314442E-10	1.386611E+2
-5.000000E-2	9.832515E-5	-9.832515E-5	-3.288310E-10	1.389336E+2
0.000000E+0	5.447585E-7	5.447585E-7	1.821848E-12	1.399229E+2
0.000000E+0	4.250536E-7	4.250536E-7	1.421516E-12	1.405371E+2
5.000000E-2	2.670782E-5	2.670782E-5	8.931954E-11	1.411514E+2
1.000000E-1	2.243687E-4	2.243687E-4	7.503613E-10	1.418242E+2
1.500000E-1	2.727883E-4	2.727883E-4	9.122921E-10	1.420957E+2
2.000000E-1	2.932408E-4	2.932408E-4	9.806915E-10	1.423682E+2
2.500000E-1	7.179912E-4	7.179912E-4	2.401194E-9	1.430400E+2
3.000000E-1	9.185853E-4	9.185853E-4	3.072045E-9	1.431582E+2
3.500000E-1	1.120099E-3	1.120099E-3	3.745973E-9	1.432764E+2
4.000000E-1	1.302680E-3	1.302680E-3	4.356581E-9	1.433945E+2
4.500000E-1	1.485609E-3	1.485609E-3	4.968356E-9	1.435127E+2
5.000000E-1	1.700812E-3	1.700812E-3	5.688062E-9	1.436299E+2
5.000000E-1	1.700433E-3	1.700433E-3	5.686795E-9	1.437480E+2
4.500000E-1	1.402591E-3	1.402591E-3	4.690715E-9	1.438662E+2
4.000000E-1	1.197810E-3	1.197810E-3	4.005864E-9	1.439844E+2
3.500000E-1	9.922803E-4	9.922803E-4	3.318505E-9	1.441025E+2
3.000000E-1	8.060737E-4	8.060737E-4	2.695770E-9	1.442197E+2
2.500000E-1	6.301071E-4	6.301071E-4	2.107281E-9	1.443379E+2
2.000000E-1	4.558149E-4	4.558149E-4	1.524392E-9	1.444561E+2
1.500000E-1	3.401171E-4	3.401171E-4	1.137461E-9	1.445742E+2
1.000000E-1	2.060555E-4	2.060555E-4	6.891160E-10	1.448154E+2
5.000000E-2	9.990183E-5	9.990183E-5	3.341039E-10	1.450879E+2
0.000000E+0	2.689558E-7	2.689558E-7	8.994749E-13	1.460771E+2
-5.000000E-2	9.312676E-5	-9.312676E-5	-3.114459E-10	1.467500E+2
-1.000000E-1	1.731275E-4	-1.731275E-4	-5.789942E-10	1.470225E+2
-1.500000E-1	2.508778E-4	-2.508778E-4	-8.390162E-10	1.472949E+2
-2.000000E-1	3.666038E-4	-3.666038E-4	-1.226041E-9	1.479678E+2
-2.500000E-1	4.382745E-4	-4.382745E-4	-1.465731E-9	1.480850E+2
-3.000000E-1	5.166449E-4	-5.166449E-4	-1.727827E-9	1.482031E+2
-3.500000E-1	5.957835E-4	-5.957835E-4	-1.992492E-9	1.483213E+2
-4.000000E-1	6.729579E-4	-6.729579E-4	-2.250588E-9	1.484395E+2
-4.500000E-1	7.608436E-4	-7.608436E-4	-2.544506E-9	1.485576E+2
-5.000000E-1	8.301796E-4	-8.301796E-4	-2.776388E-9	1.486748E+2
-5.000000E-1	8.399343E-4	-8.399343E-4	-2.809011E-9	1.487930E+2
-4.500000E-1	7.509965E-4	-7.509965E-4	-2.511574E-9	1.489111E+2
-4.000000E-1	6.840438E-4	-6.840438E-4	-2.287663E-9	1.490293E+2
-3.500000E-1	6.267644E-4	-6.267644E-4	-2.096102E-9	1.491475E+2
-3.000000E-1	5.310604E-4	-5.310604E-4	-1.776037E-9	1.492646E+2
-2.500000E-1	4.589139E-4	-4.589139E-4	-1.534756E-9	1.493828E+2
-2.000000E-1	3.829718E-4	-3.829718E-4	-1.280781E-9	1.495010E+2
-1.500000E-1	2.578789E-4	-2.578789E-4	-8.624301E-10	1.497422E+2
-1.000000E-1	1.944865E-4	-1.944865E-4	-6.504255E-10	1.500146E+2
-5.000000E-2	9.834791E-5	-9.834791E-5	-3.289071E-10	1.502871E+2
0.000000E+0	5.808439E-7	5.808439E-7	1.942529E-12	1.512764E+2
0.000000E+0	4.297218E-7	4.297218E-7	1.437128E-12	1.518906E+2
5.000000E-2	2.667198E-5	2.667198E-5	8.919968E-11	1.525049E+2
1.000000E-1	2.222682E-4	2.222682E-4	7.433365E-10	1.531777E+2
1.500000E-1	2.736836E-4	2.736836E-4	9.152862E-10	1.534492E+2
2.000000E-1	2.954917E-4	2.954917E-4	9.882195E-10	1.537217E+2
2.500000E-1	6.770032E-4	6.770032E-4	2.264117E-9	1.543936E+2
3.000000E-1	8.792183E-4	8.792183E-4	2.940389E-9	1.545117E+2
3.500000E-1	1.072443E-3	1.072443E-3	3.586594E-9	1.546299E+2
4.000000E-1	1.341672E-3	1.341672E-3	4.486983E-9	1.547480E+2
4.500000E-1	1.527167E-3	1.527167E-3	5.107337E-9	1.548662E+2
5.000000E-1	1.783245E-3	1.783245E-3	5.963745E-9	1.549834E+2
5.000000E-1	1.742591E-3	1.742591E-3	5.827787E-9	1.551016E+2
4.500000E-1	1.462666E-3	1.462666E-3	4.891625E-9	1.552197E+2
4.000000E-1	1.219922E-3	1.219922E-3	4.079812E-9	1.553379E+2
3.500000E-1	9.989199E-4	9.989199E-4	3.340710E-9	1.554561E+2
3.000000E-1	8.081500E-4	8.081500E-4	2.702714E-9	1.555732E+2
2.500000E-1	6.315247E-4	6.315247E-4	2.112022E-9	1.556914E+2
2.000000E-1	4.713206E-4	4.713206E-4	1.576248E-9	1.558096E+2
1.500000E-1	3.472216E-4	3.472216E-4	1.161221E-9	1.559277E+2
1.000000E-1	2.033527E-4	2.033527E-4	6.800768E-10	1.561689E+2
5.000000E-2	1.004691E-4	1.004691E-4	3.360010E-10	1.564414E+2
0.000000E+0	2.499338E-7	2.499338E-7	8.358592E-13	1.574307E+2
-5.000000E-2	9.544532E-5	-9.544532E-5	-3.191999E-10	1.581035E+2
-1.000000E-1	1.683727E-4	-1.683727E-4	-5.630925E-10	1.583760E+2
-1.500000E-1	2.539778E-4	-2.539778E-4	-8.493837E-10	1.586484E+2
-2.000000E-1	3.891668E-4	-3.891668E-4	-1.301499E-9	1.593213E+2
-2.500000E-1	4.821578E-4	-4.821578E-4	-1.612491E-9	1.594395E+2
-3.000000E-1	4.584197E-4	-4.584197E-4	-1.533103E-9	1.595566E+2
-3.500000E-1	5.937433E-4	-5.937433E-4	-1.985669E-9	1.596748E+2
-4.000000E-1	6.732830E-4	-6.732830E-4	-2.251675E-9	1.597930E+2
-4.500000E-1	7.520541E-4	-7.520541E-4	-2.515111E-9	1.599111E+2
-5.000000E-1	6.778929E-4	-6.778929E-4	-2.267092E-9	1.600293E+2
-5.000000E-1	6.830197E-4	-6.830197E-4	-2.284238E-9	1.601465E+2
-4.500000E-1	6.269875E-4	-6.269875E-4	-2.096848E-9	1.602646E+2
-4.000000E-1	6.841856E-4	-6.841856E-4	-2.288137E-9	1.603828E+2
-3.500000E-1	6.063743E-4	-6.063743E-4	-2.027911E-9	1.605010E+2
-3.000000E-1	5.396585E-4	-5.396585E-4	-1.804792E-9	1.606191E+2
-2.500000E-1	4.494286E-4	-4.494286E-4	-1.503034E-9	1.607363E+2
-2.000000E-1	3.866099E-4	-3.866099E-4	-1.292948E-9	1.608545E+2
-1.500000E-1	2.576500E-4	-2.576500E-4	-8.616647E-10	1.610957E+2
-1.000000E-1	1.912403E-4	-1.912403E-4	-6.395691E-10	1.613682E+2
-5.000000E-2	9.657727E-5	-9.657727E-5	-3.229855E-10	1.616406E+2
0.000000E+0	5.933220E-7	5.933220E-7	1.984260E-12	1.626299E+2
0.000000E+0	4.416521E-7	4.416521E-7	1.477027E-12	1.632441E+2
5.000000E-2	2.662311E-5	2.662311E-5	8.903627E-11	1.638584E+2
1.000000E-1	2.234165E-4	2.234165E-4	7.471769E-10	1.645313E+2
1.500000E-1	2.716999E-4	2.716999E-4	9.086518E-10	1.648027E+2
2.000000E-1	5.061390E-4	5.061390E-4	1.692692E-9	1.654756E+2
2.500000E-1	6.679506E-4	6.679506E-4	2.233842E-9	1.655938E+2
3.000000E-1	8.667203E-4	8.667203E-4	2.898592E-9	1.657109E+2
3.500000E-1	1.040329E-3	1.040329E-3	3.479195E-9	1.658291E+2
4.000000E-1	1.216504E-3	1.216504E-3	4.068380E-9	1.659473E+2
4.500000E-1	1.473278E-3	1.473278E-3	4.927117E-9	1.660654E+2
5.000000E-1	1.661048E-3	1.661048E-3	5.555080E-9	1.661836E+2
5.000000E-1	1.595091E-3	1.595091E-3	5.334499E-9	1.663008E+2
4.500000E-1	1.405246E-3	1.405246E-3	4.699594E-9	1.664189E+2
4.000000E-1	1.169247E-3	1.169247E-3	3.910340E-9	1.665371E+2
3.500000E-1	9.615443E-4	9.615443E-4	3.215714E-9	1.666553E+2
3.000000E-1	7.724869E-4	7.724869E-4	2.583445E-9	1.667734E+2
2.500000E-1	6.126055E-4	6.126055E-4	2.048750E-9	1.668906E+2
2.000000E-1	4.571572E-4	4.571572E-4	1.528881E-9	1.670088E+2
1.500000E-1	3.261283E-4	3.261283E-4	1.090678E-9	1.671270E+2
1.000000E-1	1.930894E-4	1.930894E-4	6.457533E-10	1.673682E+2
5.000000E-2	9.494318E-5	9.494318E-5	3.175206E-10	1.676406E+2
0.000000E+0	2.785166E-7	2.785166E-7	9.314494E-13	1.686299E+2
-5.000000E-2	8.864418E-5	-8.864418E-5	-2.964547E-10	1.694736E+2
-1.000000E-1	1.701622E-4	-1.701622E-4	-5.690772E-10	1.697461E+2
-1.500000E-1	2.474831E-4	-2.474831E-4	-8.276633E-10	1.700186E+2
-2.000000E-1	3.378186E-4	-3.378186E-4	-1.129774E-9	1.706914E+2
-2.500000E-1	4.015471E-4	-4.015471E-4	-1.342903E-9	1.708096E+2
-3.000000E-1	4.846468E-4	-4.846468E-4	-1.620815E-9	1.709268E+2
-3.500000E-1	5.599900E-4	-5.599900E-4	-1.872787E-9	1.710449E+2
-4.000000E-1	6.535959E-4	-6.535959E-4	-2.185835E-9	1.711631E+2
-4.500000E-1	7.355769E-4	-7.355769E-4	-2.460006E-9	1.712813E+2
-5.000000E-1	8.483340E-4	-8.483340E-4	-2.837102E-9	1.713994E+2
-5.000000E-1	8.646186E-4	-8.646186E-4	-2.891563E-9	1.715166E+2
-4.500000E-1	7.545436E-4	-7.545436E-4	-2.523437E-9	1.716348E+2
-4.000000E-1	6.663700E-4	-6.663700E-4	-2.228556E-9	1.717529E+2
-3.500000E-1	5.968259E-4	-5.968259E-4	-1.995978E-9	1.718711E+2
-3.000000E-1	5.550754E-4	-5.550754E-4	-1.856351E-9	1.719893E+2
-2.500000E-1	4.325498E-4	-4.325498E-4	-1.446586E-9	1.721064E+2
-2.000000E-1	3.774783E-4	-3.774783E-4	-1.262409E-9	1.722246E+2
-1.500000E-1	2.560263E-4	-2.560263E-4	-8.562346E-10	1.724658E+2
-1.000000E-1	1.775663E-4	-1.775663E-4	-5.938388E-10	1.727383E+2
-5.000000E-2	9.169963E-5	-9.169963E-5	-3.066731E-10	1.730107E+2
0.000000E+0	6.865690E-7	6.865690E-7	2.296108E-12	1.740000E+2
0.000000E+0	4.112143E-7	4.112143E-7	1.375233E-12	1.746143E+2
5.000000E-2	2.658776E-5	2.658776E-5	8.891803E-11	1.752285E+2
1.000000E-1	2.171932E-4	2.171932E-4	7.263640E-10	1.759014E+2
1.500000E-1	2.723090E-4	2.723090E-4	9.106890E-10	1.761729E+2
2.000000E-1	5.090810E-4	5.090810E-4	1.702531E-9	1.768457E+2
2.500000E-1	6.806144E-4	6.806144E-4	2.276194E-9	1.769639E+2
3.000000E-1	8.344980E-4	8.344980E-4	2.790830E-9	1.770811E+2
3.500000E-1	1.039801E-3	1.039801E-3	3.477428E-9	1.771992E+2
4.000000E-1	1.220818E-3	1.220818E-3	4.082807E-9	1.773174E+2
4.500000E-1	1.537359E-3	1.537359E-3	5.141424E-9	1.774355E+2
5.000000E-1	1.683278E-3	1.683278E-3	5.629424E-9	1.775537E+2
5.000000E-1	1.589760E-3	1.589760E-3	5.316671E-9	1.776709E+2
4.500000E-1	1.369175E-3	1.369175E-3	4.578964E-9	1.777891E+2
4.000000E-1	1.150970E-3	1.150970E-3	3.849213E-9	1.779072E+2
3.500000E-1	9.427851E-4	9.427851E-4	3.152977E-9	1.780254E+2
3.000000E-1	7.560357E-4	7.560357E-4	2.528427E-9	1.781436E+2
2.500000E-1	5.640366E-4	5.640366E-4	1.886320E-9	1.782607E+2
2.000000E-1	4.182725E-4	4.182725E-4	1.398838E-9	1.783789E+2
1.500000E-1	3.001105E-4	3.001105E-4	1.003666E-9	1.784971E+2
1.000000E-1	1.861939E-4	1.861939E-4	6.226925E-10	1.787383E+2
5.000000E-2	8.882389E-5	8.882389E-5	2.970557E-10	1.790107E+2
0.000000E+0	2.466099E-7	2.466099E-7	8.247431E-13	1.800000E+2
-5.000000E-2	8.375222E-5	-8.375222E-5	-2.800944E-10	1.806729E+2
-1.000000E-1	1.576725E-4	-1.576725E-4	-5.273076E-10	1.809453E+2
-1.500000E-1	2.365900E-4	-2.365900E-4	-7.912331E-10	1.812178E+2
-2.000000E-1	3.437540E-4	-3.437540E-4	-1.149624E-9	1.818906E+2
-2.500000E-1	4.268435E-4	-4.268435E-4	-1.427502E-9	1.820088E+2
-3.000000E-1	4.945890E-4	-4.945890E-4	-1.654065E-9	1.821260E+2
-3.500000E-1	5.482504E-4	-5.482504E-4	-1.833526E-9	1.822441E+2
-4.000000E-1	6.130092E-4	-6.130092E-4	-2.050100E-9	1.823623E+2
-4.500000E-1	6.817507E-4	-6.817507E-4	-2.279994E-9	1.824805E+2
-5.000000E-1	7.603352E-4	-7.603352E-4	-2.542806E-9	1.825986E+2
-5.000000E-1	7.562720E-4	-7.562720E-4	-2.529217E-9	1.827158E+2
-4.500000E-1	7.189188E-4	-7.189188E-4	-2.404296E-9	1.828340E+2
-4.000000E-1	6.113338E-4	-6.113338E-4	-2.044497E-9	1.829521E+2
-3.500000E-1	5.640599E-4	-5.640599E-4	-1.886398E-9	1.830703E+2
-3.000000E-1	4.395246E-4	-4.395246E-4	-1.469912E-9	1.831885E+2
-2.500000E-1	3.899490E-4	-3.899490E-4	-1.304115E-9	1.833057E+2
-2.000000E-1	3.332406E-4	-3.332406E-4	-1.114464E-9	1.834238E+2
-1.500000E-1	2.545274E-4	-2.545274E-4	-8.512215E-10	1.836650E+2
-1.000000E-1	1.705161E-4	-1.705161E-4	-5.702609E-10	1.839375E+2
-5.000000E-2	9.232792E-5	-9.232792E-5	-3.087743E-10	1.842100E+2
0.000000E+0	5.649300E-7	5.649300E-7	1.889308E-12	1.851992E+2
