voltage_19_7_20	absJ_19_7_20	J_19_7_20	current_19_7_20	time_19_7_20	
0.000000E+0	2.366045E-5	-2.366045E-5	-3.516808E-11	0.000000E+0
5.000000E-2	1.141763E-2	1.141763E-2	1.697077E-8	5.498047E-1
1.000000E-1	2.292080E-2	2.292080E-2	3.406869E-8	6.669922E-1
1.500000E-1	3.528795E-2	3.528795E-2	5.245079E-8	7.851563E-1
2.000000E-1	4.930675E-2	4.930675E-2	7.328784E-8	9.033203E-1
2.500000E-1	6.275049E-2	6.275049E-2	9.327015E-8	1.021484E+0
3.000000E-1	6.118153E-2	6.118153E-2	9.093810E-8	1.385742E+0
3.500000E-1	6.983296E-2	6.983296E-2	1.037973E-7	1.502930E+0
4.000000E-1	8.289180E-2	8.289180E-2	1.232075E-7	1.621094E+0
4.500000E-1	9.779654E-2	9.779654E-2	1.453614E-7	1.739258E+0
5.000000E-1	1.090343E-1	1.090343E-1	1.620648E-7	1.857422E+0
5.000000E-1	1.012755E-1	1.012755E-1	1.505324E-7	1.975586E+0
4.500000E-1	8.022045E-2	8.022045E-2	1.192369E-7	2.092773E+0
4.000000E-1	6.445124E-2	6.445124E-2	9.579809E-8	2.334961E+0
3.500000E-1	5.018225E-2	5.018225E-2	7.458916E-8	2.452148E+0
3.000000E-1	3.954499E-2	3.954499E-2	5.877831E-8	2.570313E+0
2.500000E-1	3.037210E-2	3.037210E-2	4.514404E-8	2.688477E+0
2.000000E-1	2.322658E-2	2.322658E-2	3.452318E-8	2.806641E+0
1.500000E-1	1.639441E-2	1.639441E-2	2.436808E-8	2.924805E+0
1.000000E-1	1.022317E-2	1.022317E-2	1.519536E-8	3.041992E+0
5.000000E-2	4.825056E-3	4.825056E-3	7.171797E-9	3.284180E+0
0.000000E+0	4.215784E-6	-4.215784E-6	-6.266196E-12	3.965820E+0
-5.000000E-2	4.575928E-3	-4.575928E-3	-6.801501E-9	4.638672E+0
-1.000000E-1	9.200383E-3	-9.200383E-3	-1.367513E-8	5.003906E+0
-1.500000E-1	1.374234E-2	-1.374234E-2	-2.042614E-8	5.122070E+0
-2.000000E-1	1.824543E-2	-1.824543E-2	-2.711938E-8	5.239258E+0
-2.500000E-1	2.326786E-2	-2.326786E-2	-3.458455E-8	5.357422E+0
-3.000000E-1	2.843719E-2	-2.843719E-2	-4.226806E-8	5.475586E+0
-3.500000E-1	3.338715E-2	-3.338715E-2	-4.962551E-8	5.593750E+0
-4.000000E-1	3.857789E-2	-3.857789E-2	-5.734084E-8	5.711914E+0
-4.500000E-1	4.477415E-2	-4.477415E-2	-6.655075E-8	5.829102E+0
-5.000000E-1	5.010865E-2	-5.010865E-2	-7.447976E-8	5.947266E+0
-5.000000E-1	5.031830E-2	-5.031830E-2	-7.479137E-8	6.065430E+0
-4.500000E-1	4.470031E-2	-4.470031E-2	-6.644099E-8	6.183594E+0
-4.000000E-1	3.920221E-2	-3.920221E-2	-5.826881E-8	6.301758E+0
-3.500000E-1	3.412191E-2	-3.412191E-2	-5.071763E-8	6.418945E+0
-3.000000E-1	2.892865E-2	-2.892865E-2	-4.299854E-8	6.537109E+0
-2.500000E-1	2.380629E-2	-2.380629E-2	-3.538484E-8	6.655273E+0
-2.000000E-1	1.884068E-2	-1.884068E-2	-2.800414E-8	6.773438E+0
-1.500000E-1	1.401479E-2	-1.401479E-2	-2.083110E-8	6.891602E+0
-1.000000E-1	9.337152E-3	-9.337152E-3	-1.387842E-8	7.008789E+0
-5.000000E-2	4.573742E-3	-4.573742E-3	-6.798252E-9	7.250977E+0
0.000000E+0	1.294836E-6	-1.294836E-6	-1.924599E-12	7.932617E+0
0.000000E+0	1.220936E-6	-1.220936E-6	-1.814757E-12	8.546875E+0
5.000000E-2	4.583557E-3	4.583557E-3	6.812841E-9	9.219727E+0
1.000000E-1	9.277685E-3	9.277685E-3	1.379003E-8	9.584961E+0
1.500000E-1	1.441837E-2	1.441837E-2	2.143096E-8	9.702148E+0
2.000000E-1	2.012118E-2	2.012118E-2	2.990743E-8	9.820313E+0
2.500000E-1	2.615341E-2	2.615341E-2	3.887353E-8	9.938477E+0
3.000000E-1	3.321400E-2	3.321400E-2	4.936814E-8	1.005664E+1
3.500000E-1	4.034316E-2	4.034316E-2	5.996468E-8	1.017480E+1
4.000000E-1	5.054575E-2	5.054575E-2	7.512945E-8	1.029199E+1
4.500000E-1	5.892005E-2	5.892005E-2	8.757672E-8	1.041016E+1
5.000000E-1	6.489472E-2	6.489472E-2	9.645726E-8	1.089160E+1
5.000000E-1	6.321649E-2	6.321649E-2	9.396280E-8	1.113379E+1
4.500000E-1	5.150293E-2	5.150293E-2	7.655217E-8	1.125098E+1
4.000000E-1	4.122945E-2	4.122945E-2	6.128203E-8	1.136914E+1
3.500000E-1	3.237838E-2	3.237838E-2	4.812610E-8	1.148730E+1
3.000000E-1	2.553612E-2	2.553612E-2	3.795601E-8	1.160547E+1
2.500000E-1	1.974239E-2	1.974239E-2	2.934441E-8	1.172363E+1
2.000000E-1	1.476378E-2	1.476378E-2	2.194437E-8	1.184082E+1
1.500000E-1	1.041717E-2	1.041717E-2	1.548372E-8	1.195898E+1
1.000000E-1	6.352327E-3	6.352327E-3	9.441879E-9	1.220020E+1
5.000000E-2	3.183078E-3	3.183078E-3	4.731217E-9	1.231836E+1
0.000000E+0	5.302458E-6	5.302458E-6	7.881390E-12	1.300000E+1
-5.000000E-2	2.983369E-3	-2.983369E-3	-4.434377E-9	1.367383E+1
-1.000000E-1	5.915050E-3	-5.915050E-3	-8.791926E-9	1.379199E+1
-1.500000E-1	7.044580E-3	-7.044580E-3	-1.047082E-8	1.390918E+1
-2.000000E-1	1.236606E-2	-1.236606E-2	-1.838048E-8	1.427441E+1
-2.500000E-1	1.540116E-2	-1.540116E-2	-2.289175E-8	1.439258E+1
-3.000000E-1	1.857097E-2	-1.857097E-2	-2.760325E-8	1.451074E+1
-3.500000E-1	2.171469E-2	-2.171469E-2	-3.227596E-8	1.462793E+1
-4.000000E-1	2.513371E-2	-2.513371E-2	-3.735788E-8	1.474609E+1
-4.500000E-1	2.876408E-2	-2.876408E-2	-4.275394E-8	1.486426E+1
-5.000000E-1	3.273316E-2	-3.273316E-2	-4.865343E-8	1.498242E+1
-5.000000E-1	3.272790E-2	-3.272790E-2	-4.864562E-8	1.510059E+1
-4.500000E-1	2.909622E-2	-2.909622E-2	-4.324761E-8	1.521875E+1
-4.000000E-1	2.552260E-2	-2.552260E-2	-3.793591E-8	1.533594E+1
-3.500000E-1	2.237717E-2	-2.237717E-2	-3.326066E-8	1.545410E+1
-3.000000E-1	1.897724E-2	-1.897724E-2	-2.820711E-8	1.557227E+1
-2.500000E-1	1.561241E-2	-1.561241E-2	-2.320574E-8	1.569043E+1
-2.000000E-1	1.237906E-2	-1.237906E-2	-1.839980E-8	1.580859E+1
-1.500000E-1	9.335316E-3	-9.335316E-3	-1.387569E-8	1.592578E+1
-1.000000E-1	6.055402E-3	-6.055402E-3	-9.000540E-9	1.616797E+1
-5.000000E-2	3.127775E-3	-3.127775E-3	-4.649016E-9	1.628516E+1
0.000000E+0	1.063108E-6	1.063108E-6	1.580167E-12	1.696777E+1
0.000000E+0	1.521046E-6	1.521046E-6	2.260830E-12	1.758203E+1
5.000000E-2	3.080962E-3	3.080962E-3	4.579435E-9	1.825488E+1
1.000000E-1	6.250898E-3	6.250898E-3	9.291118E-9	1.837305E+1
1.500000E-1	1.027647E-2	1.027647E-2	1.527459E-8	1.873730E+1
2.000000E-1	1.423995E-2	1.423995E-2	2.116577E-8	1.885547E+1
2.500000E-1	1.881515E-2	1.881515E-2	2.796619E-8	1.897363E+1
3.000000E-1	2.362257E-2	2.362257E-2	3.511177E-8	1.909180E+1
3.500000E-1	2.939396E-2	2.939396E-2	4.369017E-8	1.920996E+1
4.000000E-1	3.601555E-2	3.601555E-2	5.353226E-8	1.932715E+1
4.500000E-1	4.290140E-2	4.290140E-2	6.376715E-8	1.944531E+1
5.000000E-1	5.267241E-2	5.267241E-2	7.829045E-8	1.956348E+1
5.000000E-1	5.166481E-2	5.166481E-2	7.679278E-8	1.968164E+1
4.500000E-1	4.211025E-2	4.211025E-2	6.259121E-8	1.979980E+1
4.000000E-1	3.419130E-2	3.419130E-2	5.082076E-8	1.991699E+1
3.500000E-1	2.725159E-2	2.725159E-2	4.050582E-8	2.003516E+1
3.000000E-1	2.167108E-2	2.167108E-2	3.221114E-8	2.015332E+1
2.500000E-1	1.670955E-2	1.670955E-2	2.483650E-8	2.027148E+1
2.000000E-1	1.249375E-2	1.249375E-2	1.857028E-8	2.038965E+1
1.500000E-1	8.837699E-3	8.837699E-3	1.313605E-8	2.050684E+1
1.000000E-1	5.584682E-3	5.584682E-3	8.300877E-9	2.074902E+1
5.000000E-2	2.685607E-3	2.685607E-3	3.991794E-9	2.086621E+1
0.000000E+0	4.299656E-7	-4.299656E-7	-6.390860E-13	2.154883E+1
-5.000000E-2	2.589030E-3	-2.589030E-3	-3.848244E-9	2.222168E+1
-1.000000E-1	5.095376E-3	-5.095376E-3	-7.573591E-9	2.233984E+1
-1.500000E-1	6.820261E-3	-6.820261E-3	-1.013740E-8	2.245801E+1
-2.000000E-1	1.039124E-2	-1.039124E-2	-1.544518E-8	2.282324E+1
-2.500000E-1	1.301275E-2	-1.301275E-2	-1.934170E-8	2.294141E+1
-3.000000E-1	1.570945E-2	-1.570945E-2	-2.334998E-8	2.305859E+1
-3.500000E-1	1.840615E-2	-1.840615E-2	-2.735827E-8	2.317676E+1
-4.000000E-1	2.121431E-2	-2.121431E-2	-3.153222E-8	2.329492E+1
-4.500000E-1	2.417050E-2	-2.417050E-2	-3.592619E-8	2.341309E+1
-5.000000E-1	2.708819E-2	-2.708819E-2	-4.026295E-8	2.353125E+1
-5.000000E-1	2.729414E-2	-2.729414E-2	-4.056906E-8	2.364844E+1
-4.500000E-1	2.430012E-2	-2.430012E-2	-3.611886E-8	2.376660E+1
-4.000000E-1	2.142812E-2	-2.142812E-2	-3.185002E-8	2.388477E+1
-3.500000E-1	1.862061E-2	-1.862061E-2	-2.767703E-8	2.400293E+1
-3.000000E-1	1.584563E-2	-1.584563E-2	-2.355239E-8	2.412109E+1
-2.500000E-1	1.322607E-2	-1.322607E-2	-1.965877E-8	2.423828E+1
-2.000000E-1	1.054231E-2	-1.054231E-2	-1.566973E-8	2.435645E+1
-1.500000E-1	7.864836E-3	-7.864836E-3	-1.169002E-8	2.447461E+1
-1.000000E-1	5.231509E-3	-5.231509E-3	-7.775934E-9	2.471582E+1
-5.000000E-2	2.678142E-3	-2.678142E-3	-3.980698E-9	2.483398E+1
0.000000E+0	1.205558E-6	1.205558E-6	1.791900E-12	2.551563E+1
0.000000E+0	1.325498E-6	1.325498E-6	1.970174E-12	2.613086E+1
5.000000E-2	2.697166E-3	2.697166E-3	4.008974E-9	2.680371E+1
1.000000E-1	5.641302E-3	5.641302E-3	8.385036E-9	2.692188E+1
1.500000E-1	9.117045E-3	9.117045E-3	1.355126E-8	2.728613E+1
2.000000E-1	1.276746E-2	1.276746E-2	1.897711E-8	2.740430E+1
2.500000E-1	1.657030E-2	1.657030E-2	2.462952E-8	2.752246E+1
3.000000E-1	2.095896E-2	2.095896E-2	3.115267E-8	2.764063E+1
3.500000E-1	2.586285E-2	2.586285E-2	3.844164E-8	2.775781E+1
4.000000E-1	3.165683E-2	3.165683E-2	4.705362E-8	2.787598E+1
4.500000E-1	3.812057E-2	3.812057E-2	5.666110E-8	2.799414E+1
5.000000E-1	4.548670E-2	4.548670E-2	6.760986E-8	2.811230E+1
5.000000E-1	4.609393E-2	4.609393E-2	6.851243E-8	2.823047E+1
4.500000E-1	3.740787E-2	3.740787E-2	5.560176E-8	2.834766E+1
4.000000E-1	3.075249E-2	3.075249E-2	4.570943E-8	2.846582E+1
3.500000E-1	2.473252E-2	2.473252E-2	3.676156E-8	2.858398E+1
3.000000E-1	1.943354E-2	1.943354E-2	2.888534E-8	2.870215E+1
2.500000E-1	1.515857E-2	1.515857E-2	2.253118E-8	2.882031E+1
2.000000E-1	1.133727E-2	1.133727E-2	1.685132E-8	2.893750E+1
1.500000E-1	7.877478E-3	7.877478E-3	1.170881E-8	2.905566E+1
1.000000E-1	4.990384E-3	4.990384E-3	7.417534E-9	2.929688E+1
5.000000E-2	2.399902E-3	2.399902E-3	3.567131E-9	2.941504E+1
0.000000E+0	3.017350E-7	-3.017350E-7	-4.484885E-13	3.009668E+1
-5.000000E-2	2.263053E-3	-2.263053E-3	-3.363724E-9	3.077051E+1
-1.000000E-1	4.493411E-3	-4.493411E-3	-6.678850E-9	3.088867E+1
-1.500000E-1	6.372140E-3	-6.372140E-3	-9.471328E-9	3.100684E+1
-2.000000E-1	9.307913E-3	-9.307913E-3	-1.383496E-8	3.137109E+1
-2.500000E-1	1.171230E-2	-1.171230E-2	-1.740875E-8	3.148926E+1
-3.000000E-1	1.403383E-2	-1.403383E-2	-2.085940E-8	3.160742E+1
-3.500000E-1	1.651085E-2	-1.651085E-2	-2.454115E-8	3.172559E+1
-4.000000E-1	1.924918E-2	-1.924918E-2	-2.861132E-8	3.184277E+1
-4.500000E-1	2.195616E-2	-2.195616E-2	-3.263487E-8	3.196094E+1
-5.000000E-1	2.446659E-2	-2.446659E-2	-3.636630E-8	3.207910E+1
-5.000000E-1	2.450599E-2	-2.450599E-2	-3.642485E-8	3.219727E+1
-4.500000E-1	2.186747E-2	-2.186747E-2	-3.250305E-8	3.231543E+1
-4.000000E-1	1.928237E-2	-1.928237E-2	-2.866065E-8	3.243262E+1
-3.500000E-1	1.674618E-2	-1.674618E-2	-2.489094E-8	3.255078E+1
-3.000000E-1	1.428994E-2	-1.428994E-2	-2.124007E-8	3.266895E+1
-2.500000E-1	1.198913E-2	-1.198913E-2	-1.782023E-8	3.278711E+1
-2.000000E-1	9.451808E-3	-9.451808E-3	-1.404884E-8	3.290527E+1
-1.500000E-1	7.111979E-3	-7.111979E-3	-1.057100E-8	3.302246E+1
-1.000000E-1	4.734131E-3	-4.734131E-3	-7.036648E-9	3.326465E+1
-5.000000E-2	2.397395E-3	-2.397395E-3	-3.563405E-9	3.338184E+1
0.000000E+0	1.302296E-6	1.302296E-6	1.935688E-12	3.406445E+1
0.000000E+0	3.134246E-7	3.134246E-7	4.658635E-13	3.467871E+1
5.000000E-2	2.435656E-3	2.435656E-3	3.620274E-9	3.535156E+1
1.000000E-1	5.138449E-3	5.138449E-3	7.637612E-9	3.546973E+1
1.500000E-1	8.071414E-3	8.071414E-3	1.199707E-8	3.583398E+1
2.000000E-1	1.138352E-2	1.138352E-2	1.692007E-8	3.595215E+1
2.500000E-1	1.499785E-2	1.499785E-2	2.229228E-8	3.607031E+1
3.000000E-1	1.916034E-2	1.916034E-2	2.847927E-8	3.618848E+1
3.500000E-1	2.368528E-2	2.368528E-2	3.520498E-8	3.630566E+1
4.000000E-1	2.854959E-2	2.854959E-2	4.243513E-8	3.642383E+1
4.500000E-1	3.479223E-2	3.479223E-2	5.171397E-8	3.654199E+1
5.000000E-1	4.177719E-2	4.177719E-2	6.209617E-8	3.666016E+1
5.000000E-1	4.149205E-2	4.149205E-2	6.167235E-8	3.677832E+1
4.500000E-1	3.447708E-2	3.447708E-2	5.124554E-8	3.689551E+1
4.000000E-1	2.793535E-2	2.793535E-2	4.152213E-8	3.701367E+1
3.500000E-1	2.227445E-2	2.227445E-2	3.310797E-8	3.713184E+1
3.000000E-1	1.763208E-2	1.763208E-2	2.620771E-8	3.725000E+1
2.500000E-1	1.387180E-2	1.387180E-2	2.061856E-8	3.736816E+1
2.000000E-1	1.033562E-2	1.033562E-2	1.536250E-8	3.748535E+1
1.500000E-1	7.240440E-3	7.240440E-3	1.076194E-8	3.760352E+1
1.000000E-1	4.646520E-3	4.646520E-3	6.906427E-9	3.784473E+1
5.000000E-2	2.213683E-3	2.213683E-3	3.290341E-9	3.796289E+1
0.000000E+0	7.944621E-8	7.944621E-8	1.180861E-13	3.864453E+1
-5.000000E-2	2.098103E-3	-2.098103E-3	-3.118548E-9	3.931836E+1
-1.000000E-1	4.160658E-3	-4.160658E-3	-6.184258E-9	3.943652E+1
-1.500000E-1	6.061430E-3	-6.061430E-3	-9.009500E-9	3.955469E+1
-2.000000E-1	8.483574E-3	-8.483574E-3	-1.260969E-8	3.991895E+1
-2.500000E-1	1.070460E-2	-1.070460E-2	-1.591094E-8	4.003711E+1
-3.000000E-1	1.291033E-2	-1.291033E-2	-1.918946E-8	4.015527E+1
-3.500000E-1	1.499895E-2	-1.499895E-2	-2.229392E-8	4.027246E+1
-4.000000E-1	1.752579E-2	-1.752579E-2	-2.604973E-8	4.039063E+1
-4.500000E-1	1.980740E-2	-1.980740E-2	-2.944103E-8	4.050879E+1
-5.000000E-1	2.252690E-2	-2.252690E-2	-3.348320E-8	4.062695E+1
-5.000000E-1	2.236731E-2	-2.236731E-2	-3.324600E-8	4.074512E+1
-4.500000E-1	2.001372E-2	-2.001372E-2	-2.974770E-8	4.086328E+1
-4.000000E-1	1.750728E-2	-1.750728E-2	-2.602222E-8	4.098047E+1
-3.500000E-1	1.526172E-2	-1.526172E-2	-2.268450E-8	4.109863E+1
-3.000000E-1	1.310610E-2	-1.310610E-2	-1.948045E-8	4.121680E+1
-2.500000E-1	1.087091E-2	-1.087091E-2	-1.615815E-8	4.133496E+1
-2.000000E-1	8.710577E-3	-8.710577E-3	-1.294710E-8	4.145313E+1
-1.500000E-1	6.603258E-3	-6.603258E-3	-9.814855E-9	4.194043E+1
-1.000000E-1	4.405018E-3	-4.405018E-3	-6.547467E-9	4.218262E+1
-5.000000E-2	2.239716E-3	-2.239716E-3	-3.329037E-9	4.229980E+1
0.000000E+0	3.533578E-7	3.533578E-7	5.252188E-13	4.298242E+1
0.000000E+0	2.066451E-6	-2.066451E-6	-3.071501E-12	4.359668E+1
5.000000E-2	2.257929E-3	2.257929E-3	3.356108E-9	4.426953E+1
1.000000E-1	4.703006E-3	4.703006E-3	6.990386E-9	4.438770E+1
1.500000E-1	6.789192E-3	6.789192E-3	1.009122E-8	4.450586E+1
2.000000E-1	1.050962E-2	1.050962E-2	1.562114E-8	4.487012E+1
2.500000E-1	1.387466E-2	1.387466E-2	2.062282E-8	4.498828E+1
3.000000E-1	1.780963E-2	1.780963E-2	2.647162E-8	4.510645E+1
3.500000E-1	2.197775E-2	2.197775E-2	3.266696E-8	4.522461E+1
4.000000E-1	2.680756E-2	2.680756E-2	3.984583E-8	4.534277E+1
4.500000E-1	3.253954E-2	3.253954E-2	4.836565E-8	4.545996E+1
5.000000E-1	3.868917E-2	3.868917E-2	5.750624E-8	4.557812E+1
5.000000E-1	3.828583E-2	3.828583E-2	5.690673E-8	4.569629E+1
4.500000E-1	3.164007E-2	3.164007E-2	4.702871E-8	4.581445E+1
4.000000E-1	2.591856E-2	2.591856E-2	3.852445E-8	4.593262E+1
3.500000E-1	2.075001E-2	2.075001E-2	3.084209E-8	4.604980E+1
3.000000E-1	1.647340E-2	1.647340E-2	2.448549E-8	4.616797E+1
2.500000E-1	1.273595E-2	1.273595E-2	1.893028E-8	4.628613E+1
2.000000E-1	9.540333E-3	9.540333E-3	1.418042E-8	4.640430E+1
1.500000E-1	6.380535E-3	6.380535E-3	9.483806E-9	4.664551E+1
1.000000E-1	4.277160E-3	4.277160E-3	6.357422E-9	4.676367E+1
5.000000E-2	2.055729E-3	2.055729E-3	3.055564E-9	4.688184E+1
0.000000E+0	8.647302E-7	-8.647302E-7	-1.285305E-12	4.756348E+1
-5.000000E-2	1.939782E-3	-1.939782E-3	-2.883225E-9	4.823633E+1
-1.000000E-1	3.859488E-3	-3.859488E-3	-5.736610E-9	4.835449E+1
-1.500000E-1	5.776337E-3	-5.776337E-3	-8.585748E-9	4.847266E+1
-2.000000E-1	7.822202E-3	-7.822202E-3	-1.162665E-8	4.883691E+1
-2.500000E-1	9.763198E-3	-9.763198E-3	-1.451168E-8	4.895508E+1
-3.000000E-1	1.167237E-2	-1.167237E-2	-1.734941E-8	4.907324E+1
-3.500000E-1	1.374595E-2	-1.374595E-2	-2.043150E-8	4.919141E+1
-4.000000E-1	1.578768E-2	-1.578768E-2	-2.346626E-8	4.930957E+1
-4.500000E-1	1.797147E-2	-1.797147E-2	-2.671217E-8	4.942773E+1
-5.000000E-1	2.028724E-2	-2.028724E-2	-3.015425E-8	4.954492E+1
-5.000000E-1	2.025351E-2	-2.025351E-2	-3.010412E-8	4.966309E+1
-4.500000E-1	1.804544E-2	-1.804544E-2	-2.682212E-8	4.978125E+1
-4.000000E-1	1.589149E-2	-1.589149E-2	-2.362056E-8	4.989941E+1
-3.500000E-1	1.387970E-2	-1.387970E-2	-2.063031E-8	5.001758E+1
-3.000000E-1	1.189513E-2	-1.189513E-2	-1.768051E-8	5.013477E+1
-2.500000E-1	9.907416E-3	-9.907416E-3	-1.472604E-8	5.025293E+1
-2.000000E-1	7.929665E-3	-7.929665E-3	-1.178638E-8	5.037109E+1
-1.500000E-1	5.891862E-3	-5.891862E-3	-8.757460E-9	5.061230E+1
-1.000000E-1	3.991725E-3	-3.991725E-3	-5.933162E-9	5.073047E+1
-5.000000E-2	2.014620E-3	-2.014620E-3	-2.994461E-9	5.084863E+1
0.000000E+0	6.864079E-7	6.864079E-7	1.020253E-12	5.153027E+1
0.000000E+0	1.774071E-6	-1.774071E-6	-2.636918E-12	5.214453E+1
5.000000E-2	2.045152E-3	2.045152E-3	3.039843E-9	5.281738E+1
1.000000E-1	4.263305E-3	4.263305E-3	6.336829E-9	5.293555E+1
1.500000E-1	6.443421E-3	6.443421E-3	9.577278E-9	5.305371E+1
2.000000E-1	7.061252E-3	7.061252E-3	1.049560E-8	5.317188E+1
2.500000E-1	1.284607E-2	1.284607E-2	1.909395E-8	5.353613E+1
3.000000E-1	1.634369E-2	1.634369E-2	2.429270E-8	5.365430E+1
3.500000E-1	2.035074E-2	2.035074E-2	3.024864E-8	5.377246E+1
4.000000E-1	2.498522E-2	2.498522E-2	3.713716E-8	5.388965E+1
4.500000E-1	2.991814E-2	2.991814E-2	4.446929E-8	5.400781E+1
5.000000E-1	3.603391E-2	3.603391E-2	5.355956E-8	5.412598E+1
5.000000E-1	3.553672E-2	3.553672E-2	5.282055E-8	5.424414E+1
4.500000E-1	2.909766E-2	2.909766E-2	4.324976E-8	5.436230E+1
4.000000E-1	2.391930E-2	2.391930E-2	3.555282E-8	5.448047E+1
3.500000E-1	1.925446E-2	1.925446E-2	2.861916E-8	5.459766E+1
3.000000E-1	1.530817E-2	1.530817E-2	2.275354E-8	5.471582E+1
2.500000E-1	1.185836E-2	1.185836E-2	1.762585E-8	5.483398E+1
2.000000E-1	8.944154E-3	8.944154E-3	1.329428E-8	5.495215E+1
1.500000E-1	6.117433E-3	6.117433E-3	9.092741E-9	5.519336E+1
1.000000E-1	4.032425E-3	4.032425E-3	5.993657E-9	5.531152E+1
5.000000E-2	1.902861E-3	1.902861E-3	2.828347E-9	5.542969E+1
0.000000E+0	7.502153E-7	-7.502153E-7	-1.115094E-12	5.611133E+1
-5.000000E-2	1.784437E-3	-1.784437E-3	-2.652325E-9	5.678418E+1
-1.000000E-1	3.552510E-3	-3.552510E-3	-5.280328E-9	5.690234E+1
-1.500000E-1	5.307210E-3	-5.307210E-3	-7.888453E-9	5.702051E+1
-2.000000E-1	7.174958E-3	-7.174958E-3	-1.066461E-8	5.738574E+1
-2.500000E-1	9.012811E-3	-9.012811E-3	-1.339633E-8	5.750293E+1
-3.000000E-1	1.087784E-2	-1.087784E-2	-1.616844E-8	5.762109E+1
-3.500000E-1	1.281363E-2	-1.281363E-2	-1.904573E-8	5.773926E+1
-4.000000E-1	1.477141E-2	-1.477141E-2	-2.195571E-8	5.785742E+1
-4.500000E-1	1.680941E-2	-1.680941E-2	-2.498493E-8	5.797559E+1
-5.000000E-1	1.892463E-2	-1.892463E-2	-2.812892E-8	5.809277E+1
-5.000000E-1	1.908894E-2	-1.908894E-2	-2.837314E-8	5.821094E+1
-4.500000E-1	1.696222E-2	-1.696222E-2	-2.521206E-8	5.832910E+1
-4.000000E-1	1.506069E-2	-1.506069E-2	-2.238569E-8	5.844727E+1
-3.500000E-1	1.303175E-2	-1.303175E-2	-1.936995E-8	5.856543E+1
-3.000000E-1	1.106563E-2	-1.106563E-2	-1.644757E-8	5.868262E+1
-2.500000E-1	9.271307E-3	-9.271307E-3	-1.378055E-8	5.880078E+1
-2.000000E-1	7.391682E-3	-7.391682E-3	-1.098674E-8	5.891895E+1
-1.500000E-1	5.518037E-3	-5.518037E-3	-8.201819E-9	5.916016E+1
-1.000000E-1	3.747990E-3	-3.747990E-3	-5.570882E-9	5.927832E+1
-5.000000E-2	1.897936E-3	-1.897936E-3	-2.821026E-9	5.939648E+1
0.000000E+0	6.471529E-6	6.471529E-6	9.619056E-12	6.007813E+1
0.000000E+0	4.512450E-6	4.512450E-6	6.707149E-12	6.069238E+1
5.000000E-2	1.929983E-3	1.929983E-3	2.868660E-9	6.136523E+1
1.000000E-1	4.048606E-3	4.048606E-3	6.017708E-9	6.148340E+1
1.500000E-1	6.169510E-3	6.169510E-3	9.170146E-9	6.160156E+1
2.000000E-1	7.044641E-3	7.044641E-3	1.047091E-8	6.171973E+1
2.500000E-1	1.203645E-2	1.203645E-2	1.789056E-8	6.208398E+1
3.000000E-1	1.529978E-2	1.529978E-2	2.274106E-8	6.220215E+1
3.500000E-1	1.889720E-2	1.889720E-2	2.808815E-8	6.232031E+1
4.000000E-1	2.307535E-2	2.307535E-2	3.429840E-8	6.243848E+1
4.500000E-1	2.783000E-2	2.783000E-2	4.136555E-8	6.255566E+1
5.000000E-1	3.365376E-2	3.365376E-2	5.002178E-8	6.267383E+1
5.000000E-1	3.355336E-2	3.355336E-2	4.987255E-8	6.279199E+1
4.500000E-1	2.749266E-2	2.749266E-2	4.086414E-8	6.291016E+1
4.000000E-1	2.233965E-2	2.233965E-2	3.320488E-8	6.302832E+1
3.500000E-1	1.807713E-2	1.807713E-2	2.686922E-8	6.314551E+1
3.000000E-1	1.446370E-2	1.446370E-2	2.149834E-8	6.326367E+1
2.500000E-1	1.122666E-2	1.122666E-2	1.668692E-8	6.338184E+1
2.000000E-1	8.421321E-3	8.421321E-3	1.251716E-8	6.350000E+1
1.500000E-1	5.823138E-3	5.823138E-3	8.655311E-9	6.374121E+1
1.000000E-1	3.803183E-3	3.803183E-3	5.652919E-9	6.385937E+1
5.000000E-2	1.801389E-3	1.801389E-3	2.677522E-9	6.397754E+1
0.000000E+0	3.493971E-6	3.493971E-6	5.193318E-12	6.465918E+1
-5.000000E-2	1.682784E-3	-1.682784E-3	-2.501232E-9	6.533203E+1
-1.000000E-1	3.357273E-3	-3.357273E-3	-4.990134E-9	6.545020E+1
-1.500000E-1	5.030198E-3	-5.030198E-3	-7.476712E-9	6.556836E+1
-2.000000E-1	6.864813E-3	-6.864813E-3	-1.020362E-8	6.593262E+1
-2.500000E-1	8.647685E-3	-8.647685E-3	-1.285362E-8	6.605078E+1
-3.000000E-1	1.036966E-2	-1.036966E-2	-1.541311E-8	6.616895E+1
-3.500000E-1	1.212842E-2	-1.212842E-2	-1.802727E-8	6.628711E+1
-4.000000E-1	1.405222E-2	-1.405222E-2	-2.088674E-8	6.640527E+1
-4.500000E-1	1.590223E-2	-1.590223E-2	-2.363652E-8	6.652246E+1
-5.000000E-1	1.813081E-2	-1.813081E-2	-2.694901E-8	6.664063E+1
-5.000000E-1	1.822690E-2	-1.822690E-2	-2.709184E-8	6.675879E+1
-4.500000E-1	1.609967E-2	-1.609967E-2	-2.392999E-8	6.687695E+1
-4.000000E-1	1.423505E-2	-1.423505E-2	-2.115848E-8	6.699512E+1
-3.500000E-1	1.236000E-2	-1.236000E-2	-1.837148E-8	6.711230E+1
-3.000000E-1	1.061786E-2	-1.061786E-2	-1.578202E-8	6.723047E+1
-2.500000E-1	8.778380E-3	-8.778380E-3	-1.304788E-8	6.734863E+1
-2.000000E-1	7.010766E-3	-7.010766E-3	-1.042056E-8	6.746680E+1
-1.500000E-1	5.307448E-3	-5.307448E-3	-7.888807E-9	6.770801E+1
-1.000000E-1	3.514916E-3	-3.514916E-3	-5.224449E-9	6.782617E+1
-5.000000E-2	1.768068E-3	-1.768068E-3	-2.627995E-9	6.794434E+1
0.000000E+0	5.203731E-7	5.203731E-7	7.734646E-13	6.862598E+1
0.000000E+0	1.838962E-6	-1.838962E-6	-2.733369E-12	6.924023E+1
5.000000E-2	1.832071E-3	1.832071E-3	2.723127E-9	6.991309E+1
1.000000E-1	3.823393E-3	3.823393E-3	5.682959E-9	7.003125E+1
1.500000E-1	5.948770E-3	5.948770E-3	8.842045E-9	7.014844E+1
2.000000E-1	8.719915E-3	8.719915E-3	1.296098E-8	7.051367E+1
2.500000E-1	1.157789E-2	1.157789E-2	1.720898E-8	7.063184E+1
3.000000E-1	1.464392E-2	1.464392E-2	2.176621E-8	7.074902E+1
3.500000E-1	1.786701E-2	1.786701E-2	2.655691E-8	7.086719E+1
4.000000E-1	2.183259E-2	2.183259E-2	3.245121E-8	7.098535E+1
4.500000E-1	2.661277E-2	2.661277E-2	3.955630E-8	7.110352E+1
5.000000E-1	3.152216E-2	3.152216E-2	4.685344E-8	7.122168E+1
5.000000E-1	3.151932E-2	3.151932E-2	4.684922E-8	7.133887E+1
4.500000E-1	2.618980E-2	2.618980E-2	3.892761E-8	7.145703E+1
4.000000E-1	2.122474E-2	2.122474E-2	3.154772E-8	7.157520E+1
3.500000E-1	1.702619E-2	1.702619E-2	2.530714E-8	7.169336E+1
3.000000E-1	1.353222E-2	1.353222E-2	2.011382E-8	7.181152E+1
2.500000E-1	1.050300E-2	1.050300E-2	1.561130E-8	7.192871E+1
2.000000E-1	7.896067E-3	7.896067E-3	1.173644E-8	7.204688E+1
1.500000E-1	5.597346E-3	5.597346E-3	8.319701E-9	7.228809E+1
1.000000E-1	3.566116E-3	3.566116E-3	5.300551E-9	7.240625E+1
5.000000E-2	1.694684E-3	1.694684E-3	2.518919E-9	7.252441E+1
0.000000E+0	4.866106E-6	4.866106E-6	7.232812E-12	7.320605E+1
-5.000000E-2	1.565618E-3	-1.565618E-3	-2.327080E-9	7.387988E+1
-1.000000E-1	3.138522E-3	-3.138522E-3	-4.664991E-9	7.399707E+1
-1.500000E-1	4.722786E-3	-4.722786E-3	-7.019785E-9	7.411523E+1
-2.000000E-1	6.100644E-3	-6.100644E-3	-9.067786E-9	7.423340E+1
-2.500000E-1	8.043413E-3	-8.043413E-3	-1.195545E-8	7.459766E+1
-3.000000E-1	9.754378E-3	-9.754378E-3	-1.449857E-8	7.471582E+1
-3.500000E-1	1.145829E-2	-1.145829E-2	-1.703121E-8	7.483398E+1
-4.000000E-1	1.320745E-2	-1.320745E-2	-1.963109E-8	7.495215E+1
-4.500000E-1	1.509045E-2	-1.509045E-2	-2.242992E-8	7.507031E+1
-5.000000E-1	1.699088E-2	-1.699088E-2	-2.525466E-8	7.518750E+1
-5.000000E-1	1.699885E-2	-1.699885E-2	-2.526650E-8	7.530566E+1
-4.500000E-1	1.508230E-2	-1.508230E-2	-2.241781E-8	7.542383E+1
-4.000000E-1	1.328585E-2	-1.328585E-2	-1.974762E-8	7.554199E+1
-3.500000E-1	1.156351E-2	-1.156351E-2	-1.718760E-8	7.566016E+1
-3.000000E-1	9.913915E-3	-9.913915E-3	-1.473570E-8	7.577734E+1
-2.500000E-1	8.246788E-3	-8.246788E-3	-1.225774E-8	7.589551E+1
-2.000000E-1	6.293335E-3	-6.293335E-3	-9.354195E-9	7.613672E+1
-1.500000E-1	5.043591E-3	-5.043591E-3	-7.496618E-9	7.625488E+1
-1.000000E-1	3.366897E-3	-3.366897E-3	-5.004439E-9	7.637305E+1
-5.000000E-2	1.687558E-3	-1.687558E-3	-2.508327E-9	7.649121E+1
0.000000E+0	6.424415E-6	6.424415E-6	9.549028E-12	7.717285E+1
0.000000E+0	1.107130E-6	1.107130E-6	1.645600E-12	7.778711E+1
5.000000E-2	1.715352E-3	1.715352E-3	2.549640E-9	7.845996E+1
1.000000E-1	3.603034E-3	3.603034E-3	5.355425E-9	7.857812E+1
1.500000E-1	5.771692E-3	5.771692E-3	8.578843E-9	7.869629E+1
2.000000E-1	8.136337E-3	8.136337E-3	1.209357E-8	7.906055E+1
2.500000E-1	1.076054E-2	1.076054E-2	1.599410E-8	7.917871E+1
3.000000E-1	1.376170E-2	1.376170E-2	2.045491E-8	7.929688E+1
3.500000E-1	1.728623E-2	1.728623E-2	2.569366E-8	7.941504E+1
4.000000E-1	2.131306E-2	2.131306E-2	3.167899E-8	7.953223E+1
4.500000E-1	2.564326E-2	2.564326E-2	3.811525E-8	7.965039E+1
5.000000E-1	3.035472E-2	3.035472E-2	4.511821E-8	7.976855E+1
5.000000E-1	3.028643E-2	3.028643E-2	4.501671E-8	7.988672E+1
4.500000E-1	2.476742E-2	2.476742E-2	3.681344E-8	8.000488E+1
4.000000E-1	2.006538E-2	2.006538E-2	2.982448E-8	8.012207E+1
3.500000E-1	1.625542E-2	1.625542E-2	2.416149E-8	8.024023E+1
3.000000E-1	1.305865E-2	1.305865E-2	1.940993E-8	8.035840E+1
2.500000E-1	1.014990E-2	1.014990E-2	1.508646E-8	8.047656E+1
2.000000E-1	7.560254E-3	7.560254E-3	1.123730E-8	8.059473E+1
1.500000E-1	5.396736E-3	5.396736E-3	8.021521E-9	8.083594E+1
1.000000E-1	3.439666E-3	3.439666E-3	5.112601E-9	8.095410E+1
5.000000E-2	1.646479E-3	1.646479E-3	2.447269E-9	8.107129E+1
0.000000E+0	4.855219E-6	4.855219E-6	7.216630E-12	8.175293E+1
-5.000000E-2	1.520892E-3	-1.520892E-3	-2.260601E-9	8.242676E+1
-1.000000E-1	3.061495E-3	-3.061495E-3	-4.550501E-9	8.254492E+1
-1.500000E-1	4.553944E-3	-4.553944E-3	-6.768825E-9	8.266309E+1
-2.000000E-1	5.936235E-3	-5.936235E-3	-8.823414E-9	8.278027E+1
-2.500000E-1	7.737620E-3	-7.737620E-3	-1.150093E-8	8.314551E+1
-3.000000E-1	9.288820E-3	-9.288820E-3	-1.380658E-8	8.326367E+1
-3.500000E-1	1.095786E-2	-1.095786E-2	-1.628739E-8	8.338086E+1
-4.000000E-1	1.260535E-2	-1.260535E-2	-1.873616E-8	8.349902E+1
-4.500000E-1	1.432056E-2	-1.432056E-2	-2.128559E-8	8.361719E+1
-5.000000E-1	1.604046E-2	-1.604046E-2	-2.384198E-8	8.373535E+1
-5.000000E-1	1.596590E-2	-1.596590E-2	-2.373116E-8	8.385352E+1
-4.500000E-1	1.425273E-2	-1.425273E-2	-2.118476E-8	8.397070E+1
-4.000000E-1	1.256460E-2	-1.256460E-2	-1.867558E-8	8.408887E+1
-3.500000E-1	1.092614E-2	-1.092614E-2	-1.624024E-8	8.420703E+1
-3.000000E-1	9.257556E-3	-9.257556E-3	-1.376011E-8	8.432520E+1
-2.500000E-1	7.778538E-3	-7.778538E-3	-1.156175E-8	8.444336E+1
-2.000000E-1	6.047806E-3	-6.047806E-3	-8.989249E-9	8.468457E+1
-1.500000E-1	4.718474E-3	-4.718474E-3	-7.013376E-9	8.480273E+1
-1.000000E-1	3.146715E-3	-3.146715E-3	-4.677168E-9	8.491992E+1
-5.000000E-2	1.589018E-3	-1.589018E-3	-2.361861E-9	8.503809E+1
0.000000E+0	5.769799E-6	5.769799E-6	8.576029E-12	8.571973E+1
0.000000E+0	5.288135E-7	-5.288135E-7	-7.860101E-13	8.633496E+1
5.000000E-2	1.660451E-3	1.660451E-3	2.468037E-9	8.700781E+1
1.000000E-1	3.458059E-3	3.458059E-3	5.139939E-9	8.712500E+1
1.500000E-1	5.466667E-3	5.466667E-3	8.125465E-9	8.724316E+1
2.000000E-1	7.754769E-3	7.754769E-3	1.152642E-8	8.760840E+1
2.500000E-1	1.016188E-2	1.016188E-2	1.510427E-8	8.772559E+1
3.000000E-1	1.296251E-2	1.296251E-2	1.926703E-8	8.784375E+1
3.500000E-1	1.615144E-2	1.615144E-2	2.400694E-8	8.796191E+1
4.000000E-1	1.977490E-2	1.977490E-2	2.939273E-8	8.808008E+1
4.500000E-1	2.386972E-2	2.386972E-2	3.547912E-8	8.819824E+1
5.000000E-1	2.868814E-2	2.868814E-2	4.264106E-8	8.831543E+1
5.000000E-1	2.872257E-2	2.872257E-2	4.269224E-8	8.843359E+1
4.500000E-1	2.350354E-2	2.350354E-2	3.493485E-8	8.855176E+1
4.000000E-1	1.924081E-2	1.924081E-2	2.859888E-8	8.866992E+1
3.500000E-1	1.565313E-2	1.565313E-2	2.326627E-8	8.878809E+1
3.000000E-1	1.232939E-2	1.232939E-2	1.832598E-8	8.890527E+1
2.500000E-1	9.597694E-3	9.597694E-3	1.426568E-8	8.902344E+1
2.000000E-1	7.150866E-3	7.150866E-3	1.062880E-8	8.914160E+1
1.500000E-1	4.989367E-3	4.989367E-3	7.416023E-9	8.938281E+1
1.000000E-1	3.171028E-3	3.171028E-3	4.713306E-9	8.950098E+1
5.000000E-2	1.515516E-3	1.515516E-3	2.252611E-9	8.961914E+1
0.000000E+0	2.871697E-7	2.871697E-7	4.268391E-13	9.030078E+1
-5.000000E-2	1.421503E-3	-1.421503E-3	-2.112873E-9	9.097363E+1
-1.000000E-1	2.841455E-3	-2.841455E-3	-4.223440E-9	9.109180E+1
-1.500000E-1	4.266447E-3	-4.266447E-3	-6.341499E-9	9.120996E+1
-2.000000E-1	5.663281E-3	-5.663281E-3	-8.417705E-9	9.132813E+1
-2.500000E-1	7.331159E-3	-7.331159E-3	-1.089678E-8	9.169238E+1
-3.000000E-1	8.744936E-3	-8.744936E-3	-1.299817E-8	9.181055E+1
-3.500000E-1	1.028496E-2	-1.028496E-2	-1.528721E-8	9.192871E+1
-4.000000E-1	1.181172E-2	-1.181172E-2	-1.755653E-8	9.204688E+1
-4.500000E-1	1.339163E-2	-1.339163E-2	-1.990485E-8	9.216406E+1
-5.000000E-1	1.535652E-2	-1.535652E-2	-2.282540E-8	9.228223E+1
-5.000000E-1	1.519413E-2	-1.519413E-2	-2.258403E-8	9.240039E+1
-4.500000E-1	1.358653E-2	-1.358653E-2	-2.019455E-8	9.251855E+1
-4.000000E-1	1.187690E-2	-1.187690E-2	-1.765341E-8	9.263672E+1
-3.500000E-1	1.044343E-2	-1.044343E-2	-1.552276E-8	9.275391E+1
-3.000000E-1	8.930826E-3	-8.930826E-3	-1.327447E-8	9.287207E+1
-2.500000E-1	7.437566E-3	-7.437566E-3	-1.105494E-8	9.299023E+1
-2.000000E-1	5.953601E-3	-5.953601E-3	-8.849227E-9	9.347852E+1
-1.500000E-1	4.438027E-3	-4.438027E-3	-6.596529E-9	9.371973E+1
-1.000000E-1	3.000054E-3	-3.000054E-3	-4.459177E-9	9.383789E+1
-5.000000E-2	1.514955E-3	-1.514955E-3	-2.251777E-9	9.395605E+1
0.000000E+0	5.671418E-6	5.671418E-6	8.429799E-12	9.463770E+1
0.000000E+0	3.543838E-6	3.543838E-6	5.267439E-12	9.525195E+1
5.000000E-2	1.574350E-3	1.574350E-3	2.340060E-9	9.626660E+1
1.000000E-1	3.269541E-3	3.269541E-3	4.859733E-9	9.638477E+1
1.500000E-1	5.171974E-3	5.171974E-3	7.687444E-9	9.650195E+1
2.000000E-1	7.426693E-3	7.426693E-3	1.103878E-8	9.686719E+1
2.500000E-1	9.767208E-3	9.767208E-3	1.451764E-8	9.698535E+1
3.000000E-1	1.240162E-2	1.240162E-2	1.843334E-8	9.710254E+1
3.500000E-1	1.542616E-2	1.542616E-2	2.292891E-8	9.722070E+1
4.000000E-1	1.914767E-2	1.914767E-2	2.846044E-8	9.733887E+1
4.500000E-1	2.289354E-2	2.289354E-2	3.402817E-8	9.745703E+1
5.000000E-1	2.764187E-2	2.764187E-2	4.108591E-8	9.757520E+1
5.000000E-1	2.732996E-2	2.732996E-2	4.062230E-8	9.769238E+1
4.500000E-1	2.248795E-2	2.248795E-2	3.342531E-8	9.781055E+1
4.000000E-1	1.839863E-2	1.839863E-2	2.734709E-8	9.792871E+1
3.500000E-1	1.496292E-2	1.496292E-2	2.224036E-8	9.804688E+1
3.000000E-1	1.184113E-2	1.184113E-2	1.760025E-8	9.816504E+1
2.500000E-1	9.272114E-3	9.272114E-3	1.378175E-8	9.828223E+1
2.000000E-1	6.866703E-3	6.866703E-3	1.020643E-8	9.840039E+1
1.500000E-1	4.836218E-3	4.836218E-3	7.188387E-9	9.864160E+1
1.000000E-1	3.077356E-3	3.077356E-3	4.574076E-9	9.875977E+1
5.000000E-2	1.467789E-3	1.467789E-3	2.181671E-9	9.887793E+1
0.000000E+0	4.869766E-6	4.869766E-6	7.238252E-12	9.955957E+1
-5.000000E-2	1.337284E-3	-1.337284E-3	-1.987693E-9	1.005742E+2
-1.000000E-1	2.679950E-3	-2.679950E-3	-3.983385E-9	1.006924E+2
-1.500000E-1	4.016918E-3	-4.016918E-3	-5.970608E-9	1.008105E+2
-2.000000E-1	5.426132E-3	-5.426132E-3	-8.065215E-9	1.009287E+2
-2.500000E-1	6.865358E-3	-6.865358E-3	-1.020443E-8	1.012930E+2
-3.000000E-1	8.319919E-3	-8.319919E-3	-1.236644E-8	1.014111E+2
-3.500000E-1	9.715209E-3	-9.715209E-3	-1.444035E-8	1.015293E+2
-4.000000E-1	1.118429E-2	-1.118429E-2	-1.662394E-8	1.016475E+2
-4.500000E-1	1.261433E-2	-1.261433E-2	-1.874950E-8	1.017646E+2
-5.000000E-1	1.419876E-2	-1.419876E-2	-2.110455E-8	1.018828E+2
-5.000000E-1	1.428339E-2	-1.428339E-2	-2.123033E-8	1.020010E+2
-4.500000E-1	1.270272E-2	-1.270272E-2	-1.888088E-8	1.021191E+2
-4.000000E-1	1.126950E-2	-1.126950E-2	-1.675060E-8	1.022373E+2
-3.500000E-1	9.744435E-3	-9.744435E-3	-1.448379E-8	1.023545E+2
-3.000000E-1	8.364289E-3	-8.364289E-3	-1.243239E-8	1.024727E+2
-2.500000E-1	6.945466E-3	-6.945466E-3	-1.032350E-8	1.025908E+2
-2.000000E-1	5.547020E-3	-5.547020E-3	-8.244899E-9	1.028320E+2
-1.500000E-1	4.201721E-3	-4.201721E-3	-6.245293E-9	1.029502E+2
-1.000000E-1	2.808585E-3	-2.808585E-3	-4.174583E-9	1.030684E+2
-5.000000E-2	1.419253E-3	-1.419253E-3	-2.109528E-9	1.031865E+2
0.000000E+0	8.466915E-7	8.466915E-7	1.258493E-12	1.038682E+2
0.000000E+0	1.197333E-6	-1.197333E-6	-1.779674E-12	1.044824E+2
5.000000E-2	1.549654E-3	1.549654E-3	2.303352E-9	1.051553E+2
1.000000E-1	3.268321E-3	3.268321E-3	4.857920E-9	1.052734E+2
1.500000E-1	5.121258E-3	5.121258E-3	7.612060E-9	1.053906E+2
2.000000E-1	6.735760E-3	6.735760E-3	1.001180E-8	1.055088E+2
2.500000E-1	7.061756E-3	7.061756E-3	1.049635E-8	1.056270E+2
3.000000E-1	1.275260E-2	1.275260E-2	1.895503E-8	1.059912E+2
3.500000E-1	1.576004E-2	1.576004E-2	2.342518E-8	1.061094E+2
4.000000E-1	1.902130E-2	1.902130E-2	2.827260E-8	1.062275E+2
4.500000E-1	2.243453E-2	2.243453E-2	3.334591E-8	1.063457E+2
5.000000E-1	2.707069E-2	2.707069E-2	4.023694E-8	1.064639E+2
5.000000E-1	2.751473E-2	2.751473E-2	4.089694E-8	1.065811E+2
4.500000E-1	2.231714E-2	2.231714E-2	3.317142E-8	1.066992E+2
4.000000E-1	1.838796E-2	1.838796E-2	2.733123E-8	1.068174E+2
3.500000E-1	1.496433E-2	1.496433E-2	2.224246E-8	1.069355E+2
3.000000E-1	1.196192E-2	1.196192E-2	1.777978E-8	1.070537E+2
2.500000E-1	9.106960E-3	9.106960E-3	1.353627E-8	1.071709E+2
2.000000E-1	6.803825E-3	6.803825E-3	1.011297E-8	1.072891E+2
1.500000E-1	4.867804E-3	4.867804E-3	7.235335E-9	1.075303E+2
1.000000E-1	3.074913E-3	3.074913E-3	4.570444E-9	1.076484E+2
5.000000E-2	1.471581E-3	1.471581E-3	2.187307E-9	1.077666E+2
0.000000E+0	2.996343E-7	-2.996343E-7	-4.453660E-13	1.084482E+2
-5.000000E-2	1.385313E-3	-1.385313E-3	-2.059081E-9	1.091221E+2
-1.000000E-1	2.765097E-3	-2.765097E-3	-4.109945E-9	1.092393E+2
-1.500000E-1	4.121896E-3	-4.121896E-3	-6.126643E-9	1.093574E+2
-2.000000E-1	5.450755E-3	-5.450755E-3	-8.101813E-9	1.094756E+2
-2.500000E-1	6.909647E-3	-6.909647E-3	-1.027026E-8	1.098398E+2
-3.000000E-1	8.331269E-3	-8.331269E-3	-1.238331E-8	1.099580E+2
-3.500000E-1	9.791032E-3	-9.791032E-3	-1.455305E-8	1.100762E+2
-4.000000E-1	1.125227E-2	-1.125227E-2	-1.672498E-8	1.101943E+2
-4.500000E-1	1.273375E-2	-1.273375E-2	-1.892701E-8	1.103125E+2
-5.000000E-1	1.435283E-2	-1.435283E-2	-2.133355E-8	1.104297E+2
-5.000000E-1	1.463108E-2	-1.463108E-2	-2.174713E-8	1.105479E+2
-4.500000E-1	1.310736E-2	-1.310736E-2	-1.948233E-8	1.106660E+2
-4.000000E-1	1.153915E-2	-1.153915E-2	-1.715139E-8	1.107842E+2
-3.500000E-1	1.007273E-2	-1.007273E-2	-1.497176E-8	1.109023E+2
-3.000000E-1	8.624346E-3	-8.624346E-3	-1.281893E-8	1.110195E+2
-2.500000E-1	7.211679E-3	-7.211679E-3	-1.071919E-8	1.111377E+2
-2.000000E-1	5.743703E-3	-5.743703E-3	-8.537241E-9	1.113789E+2
-1.500000E-1	4.377670E-3	-4.377670E-3	-6.506817E-9	1.114971E+2
-1.000000E-1	2.909053E-3	-2.909053E-3	-4.323915E-9	1.116152E+2
-5.000000E-2	1.472963E-3	-1.472963E-3	-2.189361E-9	1.117334E+2
0.000000E+0	8.756266E-7	8.756266E-7	1.301501E-12	1.124150E+2
0.000000E+0	1.089811E-6	-1.089811E-6	-1.619857E-12	1.130293E+2
5.000000E-2	1.512333E-3	1.512333E-3	2.247879E-9	1.137021E+2
1.000000E-1	3.162663E-3	3.162663E-3	4.700872E-9	1.138203E+2
1.500000E-1	4.998042E-3	4.998042E-3	7.428916E-9	1.139385E+2
2.000000E-1	6.565999E-3	6.565999E-3	9.759474E-9	1.140566E+2
2.500000E-1	7.058520E-3	7.058520E-3	1.049154E-8	1.141738E+2
3.000000E-1	1.173799E-2	1.173799E-2	1.744694E-8	1.145391E+2
3.500000E-1	1.442866E-2	1.442866E-2	2.144626E-8	1.146572E+2
4.000000E-1	1.792543E-2	1.792543E-2	2.664374E-8	1.147744E+2
4.500000E-1	2.162053E-2	2.162053E-2	3.213601E-8	1.148926E+2
5.000000E-1	2.586105E-2	2.586105E-2	3.843897E-8	1.150107E+2
5.000000E-1	2.548348E-2	2.548348E-2	3.787777E-8	1.151289E+2
4.500000E-1	2.088038E-2	2.088038E-2	3.103587E-8	1.152471E+2
4.000000E-1	1.733003E-2	1.733003E-2	2.575876E-8	1.153643E+2
3.500000E-1	1.392277E-2	1.392277E-2	2.069432E-8	1.154824E+2
3.000000E-1	1.097348E-2	1.097348E-2	1.631060E-8	1.156006E+2
2.500000E-1	8.353336E-3	8.353336E-3	1.241611E-8	1.157188E+2
2.000000E-1	6.087061E-3	6.087061E-3	9.047597E-9	1.159600E+2
1.500000E-1	4.436523E-3	4.436523E-3	6.594295E-9	1.160781E+2
1.000000E-1	2.800642E-3	2.800642E-3	4.162777E-9	1.161963E+2
5.000000E-2	1.330108E-3	1.330108E-3	1.977026E-9	1.163135E+2
0.000000E+0	1.206492E-7	-1.206492E-7	-1.793288E-13	1.169951E+2
-5.000000E-2	1.252442E-3	-1.252442E-3	-1.861587E-9	1.176689E+2
-1.000000E-1	2.484462E-3	-2.484462E-3	-3.692819E-9	1.177871E+2
-1.500000E-1	3.712370E-3	-3.712370E-3	-5.517939E-9	1.179053E+2
-2.000000E-1	4.961386E-3	-4.961386E-3	-7.374433E-9	1.180225E+2
-2.500000E-1	6.309684E-3	-6.309684E-3	-9.378496E-9	1.183877E+2
-3.000000E-1	7.598528E-3	-7.598528E-3	-1.129419E-8	1.185059E+2
-3.500000E-1	8.946892E-3	-8.946892E-3	-1.329835E-8	1.186230E+2
-4.000000E-1	1.025987E-2	-1.025987E-2	-1.524992E-8	1.187412E+2
-4.500000E-1	1.167465E-2	-1.167465E-2	-1.735280E-8	1.188594E+2
-5.000000E-1	1.311044E-2	-1.311044E-2	-1.948690E-8	1.189775E+2
-5.000000E-1	1.316526E-2	-1.316526E-2	-1.956839E-8	1.190957E+2
-4.500000E-1	1.174874E-2	-1.174874E-2	-1.746292E-8	1.192129E+2
-4.000000E-1	1.028048E-2	-1.028048E-2	-1.528055E-8	1.193311E+2
-3.500000E-1	8.955201E-3	-8.955201E-3	-1.331070E-8	1.194492E+2
-3.000000E-1	7.647305E-3	-7.647305E-3	-1.136669E-8	1.195674E+2
-2.500000E-1	6.481187E-3	-6.481187E-3	-9.633411E-9	1.200557E+2
-2.000000E-1	5.130523E-3	-5.130523E-3	-7.625832E-9	1.202969E+2
-1.500000E-1	3.903981E-3	-3.903981E-3	-5.802742E-9	1.204150E+2
-1.000000E-1	2.611821E-3	-2.611821E-3	-3.882120E-9	1.205322E+2
-5.000000E-2	1.318181E-3	-1.318181E-3	-1.959299E-9	1.206504E+2
0.000000E+0	7.961051E-7	7.961051E-7	1.183303E-12	1.213320E+2
