Date: October 13, 2011
Month: October
File Name: 21 2-6
Season: Fall
Time: 3:30 PM
Electrode: Au
Carbon Number: 10
Time of Day: Afternoon
Junction Diameter: 0.500000
Date: October 13, 2011
Month: October
File Name: 21 2-6
Season: Fall
Time: 3:30 PM
Electrode: Au
Carbon Number: 10
Time of Day: Afternoon
Junction Diameter: 0.500000
Log Abs Std Density: 2.430698957332411
Mean Log Abs Current Density: -5.138033949341932
Skewness Log Abs Current Density: -2.757437915328435
Kurtosis Log Abs Current Density: 7.2804246494297065
Voltage: [0.0, 0.05, 0.1, 0.15, 0.2, 0.25, 0.3, 0.35, 0.4, 0.45, 0.5, 0.5, 0.45, 0.4, 0.35, 0.3, 0.25, 0.2, 0.15, 0.1, 0.05, 0.0, -0.05, -0.1, -0.15, -0.2, -0.25, -0.3, -0.35, -0.4, -0.45, -0.5, -0.5, -0.45, -0.4, -0.35, -0.3, -0.25, -0.2, -0.15, -0.1, -0.05, 0.0, 0.0, 0.05, 0.1, 0.15, 0.2, 0.25, 0.3, 0.35, 0.4, 0.45, 0.5, 0.5, 0.45, 0.4, 0.35, 0.3, 0.25, 0.2, 0.15, 0.1, 0.05, 0.0, -0.05, -0.1, -0.15, -0.2, -0.25, -0.3, -0.35, -0.4, -0.45, -0.5, -0.5, -0.45, -0.4, -0.35, -0.3, -0.25, -0.2, -0.15, -0.1, -0.05, 0.0, 0.0, 0.05, 0.1, 0.15, 0.2, 0.25, 0.3, 0.35, 0.4, 0.45, 0.5, 0.5, 0.45, 0.4, 0.35, 0.3, 0.25, 0.2, 0.15, 0.1, 0.05, 0.0, -0.05, -0.1, -0.15, -0.2, -0.25, -0.3, -0.35, -0.4, -0.45, -0.5, -0.5, -0.45, -0.4, -0.35, -0.3, -0.25, -0.2, -0.15, -0.1, -0.05, 0.0, 0.0, 0.05, 0.1, 0.15, 0.2, 0.25, 0.3, 0.35, 0.4, 0.45, 0.5, 0.5, 0.45, 0.4, 0.35, 0.3, 0.25, 0.2, 0.15, 0.1, 0.05, 0.0, -0.05, -0.1, -0.15, -0.2, -0.25, -0.3, -0.35, -0.4, -0.45, -0.5, -0.5, -0.45, -0.4, -0.35, -0.3, -0.25, -0.2, -0.15, -0.1, -0.05, 0.0, 0.0, 0.05, 0.1, 0.15, 0.2, 0.25, 0.3, 0.35, 0.4, 0.45, 0.5, 0.5, 0.45, 0.4, 0.35, 0.3, 0.25, 0.2, 0.15, 0.1, 0.05, 0.0, -0.05, -0.1, -0.15, -0.2, -0.25, -0.3, -0.35, -0.4, -0.45, -0.5, -0.5, -0.45, -0.4, -0.35, -0.3, -0.25, -0.2, -0.15, -0.1, -0.05, 0.0]
Abs Current Density: [5.654354e-06, 0.00478836, 0.009830758, 0.01518046, 0.02117025, 0.02767199, 0.03300229, 0.03908203, 0.0471692, 0.05611403, 0.06485565, 0.06368723, 0.05201162, 0.04221812, 0.03377934, 0.02656389, 0.02038288, 0.01534275, 0.01079746, 0.006870415, 0.003235361, 3.703294e-06, 0.003098203, 0.006257549, 0.009560329, 0.01291602, 0.01647701, 0.020773, 0.02495033, 0.02937952, 0.03599743, 0.04124381, 0.04104874, 0.03580298, 0.03123913, 0.02630325, 0.0217454, 0.01780693, 0.01385037, 0.01014781, 0.006696956, 0.00328808, 3.459416e-06, 4.284501e-06, 0.003216455, 0.006667618, 0.01034344, 0.01440182, 0.01890906, 0.02391702, 0.02985235, 0.03445323, 0.04091475, 0.04856246, 0.04753095, 0.03876708, 0.03182801, 0.02493771, 0.01991964, 0.01531887, 0.01134458, 0.007976382, 0.004999001, 0.00238962, 2.901054e-06, 0.002256731, 0.004663741, 0.007031592, 0.009502288, 0.01212121, 0.01467436, 0.01749381, 0.02051999, 0.02352509, 0.02690587, 0.02706764, 0.02397167, 0.02100515, 0.01816843, 0.01523839, 0.01253976, 0.009847538, 0.007344137, 0.004824694, 0.002362819, 2.193243e-06, 2.691247e-06, 0.002351017, 0.004879727, 0.007605643, 0.01053573, 0.01364807, 0.01749925, 0.02158657, 0.02621412, 0.03091903, 0.03683284, 0.03620372, 0.02876484, 0.02340185, 0.01888244, 0.01493428, 0.01157432, 0.008658009, 0.006067789, 0.003857867, 0.001804223, 2.257243e-06, 0.001716171, 0.003533942, 0.005336651, 0.00717955, 0.009091714, 0.01102851, 0.01310168, 0.01525688, 0.01767333, 0.02024303, 0.02015838, 0.0178288, 0.01567095, 0.01348588, 0.01136265, 0.009304295, 0.007348233, 0.005432888, 0.003602123, 0.001796485, 1.09597e-06, 9.727376e-07, 0.001800544, 0.003106791, 0.005828855, 0.008118671, 0.01059068, 0.01345875, 0.01654824, 0.02058884, 0.02444806, 0.02919174, 0.02910611, 0.02391312, 0.01935345, 0.01552081, 0.01232931, 0.009599371, 0.007169608, 0.005063723, 0.003180073, 0.001512267, 1.6264e-06, 0.001446601, 0.002829862, 0.004625272, 0.006169941, 0.007830753, 0.009658406, 0.01135278, 0.01336711, 0.01521649, 0.01739554, 0.01744922, 0.01548703, 0.01333549, 0.0115096, 0.00970034, 0.008006902, 0.006318034, 0.004698743, 0.003125904, 0.001537539, 1.121283e-06, 9.154932e-07, 0.001530999, 0.002961846, 0.005038863, 0.006900137, 0.009026212, 0.01138161, 0.01411841, 0.01701363, 0.02069773, 0.02489128, 0.02480749, 0.02049618, 0.01664477, 0.01352236, 0.0107216, 0.008321546, 0.006185373, 0.004355492, 0.002694089, 0.001333607, 7.838659e-07, 0.001236482, 0.002528202, 0.003119419, 0.005261694, 0.006598802, 0.008053324, 0.009568878, 0.01114067, 0.01285859, 0.0147339, 0.01486959, 0.01305343, 0.01142011, 0.00980803, 0.008285317, 0.006851917, 0.005354377, 0.003993362, 0.002608086, 0.001316381, 6.488403e-08]
