voltage_8_2_21_500mv_500ms	absJ_8_2_21_500mv_500ms	J_8_2_21_500mv_500ms	current_8_2_21_500mv_500ms	time_8_2_21_500mv_500ms	
0.000000E+0	3.379337E-6	-3.379337E-6	-8.388346E-12	0.000000E+0
5.000000E-2	1.666735E-3	1.666735E-3	4.137247E-9	1.115234E+0
1.000000E-1	3.828104E-3	3.828104E-3	9.502295E-9	1.483398E+0
1.500000E-1	7.818431E-3	7.818431E-3	1.940727E-8	2.597656E+0
2.000000E-1	1.257388E-2	1.257388E-2	3.121147E-8	2.965820E+0
2.500000E-1	1.773832E-2	1.773832E-2	4.403088E-8	3.333008E+0
3.000000E-1	2.510350E-2	2.510350E-2	6.231306E-8	3.701172E+0
3.500000E-1	3.413923E-2	3.413923E-2	8.474196E-8	4.069336E+0
4.000000E-1	4.891437E-2	4.891437E-2	1.214175E-7	5.188477E+0
4.500000E-1	6.215412E-2	6.215412E-2	1.542818E-7	5.556641E+0
5.000000E-1	7.586005E-2	7.586005E-2	1.883033E-7	5.924805E+0
5.000000E-1	7.798417E-2	7.798417E-2	1.935759E-7	6.291992E+0
4.500000E-1	6.256140E-2	6.256140E-2	1.552928E-7	6.660156E+0
4.000000E-1	4.781234E-2	4.781234E-2	1.186820E-7	7.027344E+0
3.500000E-1	3.516285E-2	3.516285E-2	8.728286E-8	7.768555E+0
3.000000E-1	2.600629E-2	2.600629E-2	6.455402E-8	8.136719E+0
2.500000E-1	1.889843E-2	1.889843E-2	4.691056E-8	8.503906E+0
2.000000E-1	1.269181E-2	1.269181E-2	3.150419E-8	8.872070E+0
1.500000E-1	7.875497E-3	7.875497E-3	1.954892E-8	9.240234E+0
1.000000E-1	4.404676E-3	4.404676E-3	1.093349E-8	9.607422E+0
5.000000E-2	1.835764E-3	1.835764E-3	4.556819E-9	1.034863E+1
0.000000E+0	2.654845E-6	-2.654845E-6	-6.589979E-12	1.152344E+1
-5.000000E-2	1.750559E-3	-1.750559E-3	-4.345319E-9	1.263867E+1
-1.000000E-1	3.889373E-3	-3.889373E-3	-9.654380E-9	1.300684E+1
-1.500000E-1	6.447475E-3	-6.447475E-3	-1.600422E-8	1.412109E+1
-2.000000E-1	9.954392E-3	-9.954392E-3	-2.470925E-8	1.448828E+1
-2.500000E-1	1.426812E-2	-1.426812E-2	-3.541699E-8	1.485645E+1
-3.000000E-1	1.958759E-2	-1.958759E-2	-4.862122E-8	1.522363E+1
-3.500000E-1	2.580258E-2	-2.580258E-2	-6.404835E-8	1.559180E+1
-4.000000E-1	3.380798E-2	-3.380798E-2	-8.391973E-8	1.595996E+1
-4.500000E-1	4.169788E-2	-4.169788E-2	-1.035044E-7	1.632715E+1
-5.000000E-1	5.090619E-2	-5.090619E-2	-1.263617E-7	1.744727E+1
-5.000000E-1	5.099217E-2	-5.099217E-2	-1.265751E-7	1.781543E+1
-4.500000E-1	4.051552E-2	-4.051552E-2	-1.005695E-7	1.818262E+1
-4.000000E-1	3.153009E-2	-3.153009E-2	-7.826544E-8	1.892383E+1
-3.500000E-1	2.457510E-2	-2.457510E-2	-6.100144E-8	1.929199E+1
-3.000000E-1	1.863468E-2	-1.863468E-2	-4.625585E-8	1.965918E+1
-2.500000E-1	1.330125E-2	-1.330125E-2	-3.301697E-8	2.002734E+1
-2.000000E-1	9.020955E-3	-9.020955E-3	-2.239223E-8	2.039551E+1
-1.500000E-1	5.805911E-3	-5.805911E-3	-1.441170E-8	2.076270E+1
-1.000000E-1	3.409341E-3	-3.409341E-3	-8.462823E-9	2.150391E+1
-5.000000E-2	1.512026E-3	-1.512026E-3	-3.753220E-9	2.187207E+1
0.000000E+0	2.891454E-6	-2.891454E-6	-7.177300E-12	2.304590E+1
0.000000E+0	2.998082E-6	-2.998082E-6	-7.441978E-12	2.375000E+1
5.000000E-2	1.546784E-3	1.546784E-3	3.839499E-9	2.486523E+1
1.000000E-1	3.574483E-3	3.574483E-3	8.872745E-9	2.523242E+1
1.500000E-1	6.881554E-3	6.881554E-3	1.708171E-8	2.634668E+1
2.000000E-1	1.099171E-2	1.099171E-2	2.728412E-8	2.671484E+1
2.500000E-1	1.654861E-2	1.654861E-2	4.107772E-8	2.708301E+1
3.000000E-1	2.329405E-2	2.329405E-2	5.782157E-8	2.745020E+1
3.500000E-1	3.121233E-2	3.121233E-2	7.747667E-8	2.781836E+1
4.000000E-1	4.092253E-2	4.092253E-2	1.015798E-7	2.818652E+1
4.500000E-1	5.453497E-2	5.453497E-2	1.353692E-7	2.930566E+1
5.000000E-1	6.715233E-2	6.715233E-2	1.666886E-7	2.967383E+1
5.000000E-1	6.920197E-2	6.920197E-2	1.717763E-7	3.004199E+1
4.500000E-1	5.508133E-2	5.508133E-2	1.367254E-7	3.040918E+1
4.000000E-1	4.377088E-2	4.377088E-2	1.086501E-7	3.077734E+1
3.500000E-1	3.407635E-2	3.407635E-2	8.458589E-8	3.151855E+1
3.000000E-1	2.489441E-2	2.489441E-2	6.179405E-8	3.188574E+1
2.500000E-1	1.728640E-2	1.728640E-2	4.290910E-8	3.225391E+1
2.000000E-1	1.137972E-2	1.137972E-2	2.824726E-8	3.262207E+1
1.500000E-1	7.197445E-3	7.197445E-3	1.786583E-8	3.298926E+1
1.000000E-1	4.077678E-3	4.077678E-3	1.012180E-8	3.373047E+1
5.000000E-2	1.726214E-3	1.726214E-3	4.284889E-9	3.409863E+1
0.000000E+0	3.203852E-6	-3.203852E-6	-7.952750E-12	3.527246E+1
-5.000000E-2	1.642868E-3	-1.642868E-3	-4.078002E-9	3.638867E+1
-1.000000E-1	3.645212E-3	-3.645212E-3	-9.048314E-9	3.675586E+1
-1.500000E-1	6.099831E-3	-6.099831E-3	-1.514128E-8	3.787012E+1
-2.000000E-1	9.704880E-3	-9.704880E-3	-2.408990E-8	3.823828E+1
-2.500000E-1	1.386309E-2	-1.386309E-2	-3.441161E-8	3.860547E+1
-3.000000E-1	1.873636E-2	-1.873636E-2	-4.650826E-8	3.897363E+1
-3.500000E-1	2.513451E-2	-2.513451E-2	-6.239004E-8	3.934180E+1
-4.000000E-1	3.274928E-2	-3.274928E-2	-8.129176E-8	3.970898E+1
-4.500000E-1	4.114491E-2	-4.114491E-2	-1.021318E-7	4.007715E+1
-5.000000E-1	4.740968E-2	-4.740968E-2	-1.176825E-7	4.119727E+1
-5.000000E-1	4.725043E-2	-4.725043E-2	-1.172872E-7	4.156445E+1
-4.500000E-1	3.800786E-2	-3.800786E-2	-9.434487E-8	4.230566E+1
-4.000000E-1	3.088162E-2	-3.088162E-2	-7.665578E-8	4.267383E+1
-3.500000E-1	2.349114E-2	-2.349114E-2	-5.831080E-8	4.304199E+1
-3.000000E-1	1.735843E-2	-1.735843E-2	-4.308789E-8	4.340918E+1
-2.500000E-1	1.223847E-2	-1.223847E-2	-3.037889E-8	4.377734E+1
-2.000000E-1	8.227299E-3	-8.227299E-3	-2.042218E-8	4.414551E+1
-1.500000E-1	5.292465E-3	-5.292465E-3	-1.313720E-8	4.451270E+1
-1.000000E-1	3.029834E-3	-3.029834E-3	-7.520795E-9	4.525391E+1
-5.000000E-2	1.368716E-3	-1.368716E-3	-3.397490E-9	4.562207E+1
0.000000E+0	3.071814E-6	-3.071814E-6	-7.624998E-12	4.679590E+1
0.000000E+0	3.037229E-6	-3.037229E-6	-7.539150E-12	4.750000E+1
5.000000E-2	1.368205E-3	1.368205E-3	3.396221E-9	4.861523E+1
1.000000E-1	3.148060E-3	3.148060E-3	7.814259E-9	4.898340E+1
1.500000E-1	5.841625E-3	5.841625E-3	1.450035E-8	5.009668E+1
2.000000E-1	9.417209E-3	9.417209E-3	2.337583E-8	5.046484E+1
2.500000E-1	1.379689E-2	1.379689E-2	3.424728E-8	5.083301E+1
3.000000E-1	1.907554E-2	1.907554E-2	4.735018E-8	5.120020E+1
3.500000E-1	2.589108E-2	2.589108E-2	6.426803E-8	5.156836E+1
4.000000E-1	3.487529E-2	3.487529E-2	8.656905E-8	5.193652E+1
4.500000E-1	4.776553E-2	4.776553E-2	1.185658E-7	5.305566E+1
5.000000E-1	5.884892E-2	5.884892E-2	1.460775E-7	5.342383E+1
5.000000E-1	5.754337E-2	5.754337E-2	1.428368E-7	5.379199E+1
4.500000E-1	4.621447E-2	4.621447E-2	1.147157E-7	5.415918E+1
4.000000E-1	3.461353E-2	3.461353E-2	8.591930E-8	5.490039E+1
3.500000E-1	2.609442E-2	2.609442E-2	6.477278E-8	5.526855E+1
3.000000E-1	1.974098E-2	1.974098E-2	4.900196E-8	5.563574E+1
2.500000E-1	1.359284E-2	1.359284E-2	3.374078E-8	5.600391E+1
2.000000E-1	9.247133E-3	9.247133E-3	2.295366E-8	5.637109E+1
1.500000E-1	5.685150E-3	5.685150E-3	1.411194E-8	5.673926E+1
1.000000E-1	3.090663E-3	3.090663E-3	7.671786E-9	5.748047E+1
5.000000E-2	1.357514E-3	1.357514E-3	3.369684E-9	5.784863E+1
0.000000E+0	2.864618E-6	-2.864618E-6	-7.110687E-12	5.902246E+1
-5.000000E-2	1.283583E-3	-1.283583E-3	-3.186170E-9	6.013770E+1
-1.000000E-1	2.834707E-3	-2.834707E-3	-7.036441E-9	6.050586E+1
-1.500000E-1	4.823490E-3	-4.823490E-3	-1.197309E-8	6.162012E+1
-2.000000E-1	7.664833E-3	-7.664833E-3	-1.902600E-8	6.198828E+1
-2.500000E-1	1.031849E-2	-1.031849E-2	-2.561302E-8	6.235547E+1
-3.000000E-1	1.440223E-2	-1.440223E-2	-3.574989E-8	6.272363E+1
-3.500000E-1	1.913072E-2	-1.913072E-2	-4.748715E-8	6.309180E+1
-4.000000E-1	2.415381E-2	-2.415381E-2	-5.995570E-8	6.345898E+1
-4.500000E-1	3.036907E-2	-3.036907E-2	-7.538351E-8	6.382715E+1
-5.000000E-1	3.749878E-2	-3.749878E-2	-9.308120E-8	6.419531E+1
-5.000000E-1	3.707685E-2	-3.707685E-2	-9.203386E-8	6.456250E+1
-4.500000E-1	3.056467E-2	-3.056467E-2	-7.586904E-8	6.493066E+1
-4.000000E-1	2.393446E-2	-2.393446E-2	-5.941121E-8	6.529785E+1
-3.500000E-1	1.852028E-2	-1.852028E-2	-4.597190E-8	6.566602E+1
-3.000000E-1	1.416548E-2	-1.416548E-2	-3.516220E-8	6.603418E+1
-2.500000E-1	1.013163E-2	-1.013163E-2	-2.514921E-8	6.640137E+1
-2.000000E-1	7.008479E-3	-7.008479E-3	-1.739677E-8	6.676953E+1
-1.500000E-1	4.473444E-3	-4.473444E-3	-1.110419E-8	6.713770E+1
-1.000000E-1	2.514006E-3	-2.514006E-3	-6.240382E-9	6.787793E+1
-5.000000E-2	1.135173E-3	-1.135173E-3	-2.817778E-9	6.824609E+1
0.000000E+0	2.521644E-6	-2.521644E-6	-6.259340E-12	6.941992E+1
0.000000E+0	2.564475E-6	-2.564475E-6	-6.365658E-12	7.012402E+1
5.000000E-2	1.392137E+1	1.392137E+1	3.455626E-5	7.198047E+1
1.000000E-1	2.847541E+1	2.847541E+1	7.068298E-5	7.271973E+1
1.500000E-1	3.534972E+1	3.534972E+1	8.774671E-5	7.308691E+1
2.000000E-1	1.817493E+1	1.817493E+1	4.511466E-5	7.419727E+1
2.500000E-1	2.145198E+1	2.145198E+1	5.324910E-5	7.493652E+1
3.000000E-1	8.235030E-1	8.235030E-1	2.044137E-6	7.604688E+1
3.500000E-1	9.442614E-1	9.442614E-1	2.343889E-6	7.679785E+1
4.000000E-1	9.669295E-1	9.669295E-1	2.400157E-6	7.716602E+1
4.500000E-1	2.013135E+1	2.013135E+1	4.997097E-5	7.828027E+1
5.000000E-1	1.872533E+1	1.872533E+1	4.648088E-5	7.864844E+1
5.000000E-1	1.920916E+1	1.920916E+1	4.768186E-5	7.901660E+1
4.500000E-1	1.335153E+1	1.335153E+1	3.314178E-5	7.938379E+1
4.000000E-1	1.037103E+1	1.037103E+1	2.574345E-5	7.975195E+1
3.500000E-1	9.165252E+0	9.165252E+0	2.275041E-5	8.011914E+1
3.000000E-1	7.297931E+0	7.297931E+0	1.811526E-5	8.048730E+1
2.500000E-1	6.422688E+0	6.422688E+0	1.594269E-5	8.085547E+1
2.000000E-1	3.951416E+0	3.951416E+0	9.808386E-6	8.160254E+1
1.500000E-1	2.810302E+0	2.810302E+0	6.975862E-6	8.197070E+1
1.000000E-1	1.846552E+0	1.846552E+0	4.583597E-6	8.233789E+1
5.000000E-2	8.325919E-1	8.325919E-1	2.066698E-6	8.270605E+1
0.000000E+0	1.704354E-3	-1.704354E-3	-4.230625E-9	8.382031E+1
-5.000000E-2	9.342611E-1	-9.342611E-1	-2.319066E-6	8.456152E+1
-1.000000E-1	1.807022E+0	-1.807022E+0	-4.485473E-6	8.492969E+1
-1.500000E-1	3.515485E+0	-3.515485E+0	-8.726300E-6	8.529785E+1
-2.000000E-1	3.882326E+0	-3.882326E+0	-9.636888E-6	8.566504E+1
-2.500000E-1	4.877409E+0	-4.877409E+0	-1.210693E-5	8.678027E+1
-3.000000E-1	1.567947E+4	-1.567947E+4	-3.892030E-2	8.751953E+1
-3.500000E-1	1.796098E+4	-1.796098E+4	-4.458357E-2	8.788672E+1
-4.000000E-1	2.037994E+4	-2.037994E+4	-5.058803E-2	8.825488E+1
-4.500000E-1	2.332803E+4	-2.332803E+4	-5.790590E-2	8.862305E+1
-5.000000E-1	2.641461E+4	-2.641461E+4	-6.556757E-2	8.899121E+1
-5.000000E-1	2.700543E+4	-2.700543E+4	-6.703411E-2	8.935840E+1
-4.500000E-1	2.465453E+4	-2.465453E+4	-6.119862E-2	8.972656E+1
-4.000000E-1	2.212070E+4	-2.212070E+4	-5.490902E-2	9.009473E+1
-3.500000E-1	1.954679E+4	-1.954679E+4	-4.851995E-2	9.046191E+1
-3.000000E-1	1.691979E+4	-1.691979E+4	-4.199907E-2	9.083008E+1
-2.500000E-1	1.422451E+4	-1.422451E+4	-3.530873E-2	9.119824E+1
-2.000000E-1	1.146608E+4	-1.146608E+4	-2.846164E-2	9.156641E+1
-1.500000E-1	8.654315E+3	-8.654315E+3	-2.148214E-2	9.193359E+1
-1.000000E-1	5.799123E+3	-5.799123E+3	-1.439485E-2	9.230176E+1
-5.000000E-2	2.926795E+3	-2.926795E+3	-7.265025E-3	9.304102E+1
0.000000E+0	5.972240E+0	-5.972240E+0	-1.482457E-5	9.378027E+1
0.000000E+0	5.722821E+0	-5.722821E+0	-1.420545E-5	9.414844E+1
5.000000E-2	2.935424E+3	2.935424E+3	7.286444E-3	9.525879E+1
1.000000E-1	7.069081E+3	7.069081E+3	1.754720E-2	9.599805E+1
1.500000E-1	1.168760E+4	1.168760E+4	2.901151E-2	9.636523E+1
2.000000E-1	1.559929E+4	1.559929E+4	3.872127E-2	9.673340E+1
2.500000E-1	1.948219E+4	1.948219E+4	4.835960E-2	9.710156E+1
3.000000E-1	2.341695E+4	2.341695E+4	5.812662E-2	9.746973E+1
3.500000E-1	2.750294E+4	2.750294E+4	6.826907E-2	9.783691E+1
4.000000E-1	3.369800E+4	3.369800E+4	8.364672E-2	9.820508E+1
4.500000E-1	3.808230E+4	3.808230E+4	9.452964E-2	9.857324E+1
5.000000E-1	4.229794E+4	4.229794E+4	1.049939E-1	9.894141E+1
5.000000E-1	4.229794E+4	4.229794E+4	1.049939E-1	9.930859E+1
4.500000E-1	4.080663E+4	4.080663E+4	1.012921E-1	9.967676E+1
4.000000E-1	3.643639E+4	3.643639E+4	9.044408E-2	1.000449E+2
3.500000E-1	3.204770E+4	3.204770E+4	7.955027E-2	1.004121E+2
3.000000E-1	2.753253E+4	2.753253E+4	6.834251E-2	1.007803E+2
2.500000E-1	2.298387E+4	2.298387E+4	5.705162E-2	1.011484E+2
2.000000E-1	1.843626E+4	1.843626E+4	4.576334E-2	1.015166E+2
1.500000E-1	1.384204E+4	1.384204E+4	3.435934E-2	1.018838E+2
1.000000E-1	9.236489E+3	9.236489E+3	2.292724E-2	1.022520E+2
5.000000E-2	4.613185E+3	4.613185E+3	1.145106E-2	1.026201E+2
0.000000E+0	6.611951E+0	-6.611951E+0	-1.641249E-5	1.033594E+2
-5.000000E-2	4.619514E+3	-4.619514E+3	-1.146677E-2	1.040986E+2
-1.000000E-1	9.140008E+3	-9.140008E+3	-2.268775E-2	1.044668E+2
-1.500000E-1	1.356816E+4	-1.356816E+4	-3.367950E-2	1.048350E+2
-2.000000E-1	1.802840E+4	-1.802840E+4	-4.475093E-2	1.052021E+2
-2.500000E-1	2.242638E+4	-2.242638E+4	-5.566780E-2	1.055703E+2
-3.000000E-1	2.674069E+4	-2.674069E+4	-6.637698E-2	1.059385E+2
-3.500000E-1	3.098754E+4	-3.098754E+4	-7.691869E-2	1.063057E+2
-4.000000E-1	3.513843E+4	-3.513843E+4	-8.722222E-2	1.066738E+2
-4.500000E-1	3.924710E+4	-3.924710E+4	-9.742096E-2	1.070420E+2
-5.000000E-1	4.230080E+4	-4.230080E+4	-1.050010E-1	1.074092E+2
-5.000000E-1	4.230080E+4	-4.230080E+4	-1.050010E-1	1.077773E+2
-4.500000E-1	4.164120E+4	-4.164120E+4	-1.033637E-1	1.081455E+2
-4.000000E-1	3.710859E+4	-3.710859E+4	-9.211265E-2	1.085137E+2
-3.500000E-1	3.261166E+4	-3.261166E+4	-8.095016E-2	1.088818E+2
-3.000000E-1	2.804461E+4	-2.804461E+4	-6.961361E-2	1.092490E+2
-2.500000E-1	2.344175E+4	-2.344175E+4	-5.818819E-2	1.096172E+2
-2.000000E-1	1.879076E+4	-1.879076E+4	-4.664330E-2	1.099854E+2
-1.500000E-1	1.405206E+4	-1.405206E+4	-3.488068E-2	1.103535E+2
-1.000000E-1	9.378599E+3	-9.378599E+3	-2.327999E-2	1.107207E+2
-5.000000E-2	4.691433E+3	-4.691433E+3	-1.164529E-2	1.110889E+2
0.000000E+0	8.140389E+0	-8.140389E+0	-2.020645E-5	1.118281E+2
0.000000E+0	6.941584E+0	-6.941584E+0	-1.723072E-5	1.121963E+2
5.000000E-2	4.669041E+3	4.669041E+3	1.158971E-2	1.129355E+2
1.000000E-1	9.381040E+3	9.381040E+3	2.328605E-2	1.133037E+2
1.500000E-1	1.404855E+4	1.404855E+4	3.487195E-2	1.136709E+2
2.000000E-1	1.875685E+4	1.875685E+4	4.655912E-2	1.140391E+2
2.500000E-1	2.344902E+4	2.344902E+4	5.820623E-2	1.144072E+2
3.000000E-1	2.813386E+4	2.813386E+4	6.983516E-2	1.147754E+2
3.500000E-1	3.276283E+4	3.276283E+4	8.132541E-2	1.151426E+2
4.000000E-1	3.745995E+4	3.745995E+4	9.298482E-2	1.155107E+2
4.500000E-1	4.229794E+4	4.229794E+4	1.049939E-1	1.158789E+2
5.000000E-1	4.229794E+4	4.229794E+4	1.049939E-1	1.162471E+2
5.000000E-1	4.229794E+4	4.229794E+4	1.049939E-1	1.166143E+2
4.500000E-1	4.229794E+4	4.229794E+4	1.049939E-1	1.169824E+2
4.000000E-1	3.924578E+4	3.924578E+4	9.741768E-2	1.173506E+2
3.500000E-1	3.452540E+4	3.452540E+4	8.570053E-2	1.177178E+2
3.000000E-1	2.966135E+4	2.966135E+4	7.362678E-2	1.180859E+2
2.500000E-1	2.477698E+4	2.477698E+4	6.150255E-2	1.184541E+2
2.000000E-1	1.986211E+4	1.986211E+4	4.930264E-2	1.188223E+2
1.500000E-1	1.492228E+4	1.492228E+4	3.704078E-2	1.191895E+2
1.000000E-1	9.958243E+3	9.958243E+3	2.471881E-2	1.195576E+2
5.000000E-2	4.975579E+3	4.975579E+3	1.235061E-2	1.199258E+2
0.000000E+0	6.951164E+0	-6.951164E+0	-1.725450E-5	1.206650E+2
-5.000000E-2	4.974712E+3	-4.974712E+3	-1.234846E-2	1.214043E+2
-1.000000E-1	9.824695E+3	-9.824695E+3	-2.438731E-2	1.217725E+2
-1.500000E-1	1.466142E+4	-1.466142E+4	-3.639325E-2	1.221396E+2
-2.000000E-1	1.942630E+4	-1.942630E+4	-4.822086E-2	1.225078E+2
-2.500000E-1	2.415355E+4	-2.415355E+4	-5.995505E-2	1.228760E+2
-3.000000E-1	2.884825E+4	-2.884825E+4	-7.160845E-2	1.232432E+2
-3.500000E-1	3.349858E+4	-3.349858E+4	-8.315171E-2	1.236113E+2
-4.000000E-1	3.817483E+4	-3.817483E+4	-9.475933E-2	1.239795E+2
-4.500000E-1	4.230084E+4	-4.230084E+4	-1.050011E-1	1.243477E+2
-5.000000E-1	4.230080E+4	-4.230080E+4	-1.050010E-1	1.247148E+2
-5.000000E-1	4.230080E+4	-4.230080E+4	-1.050010E-1	1.250830E+2
-4.500000E-1	4.066974E+4	-4.066974E+4	-1.009523E-1	1.254512E+2
-4.000000E-1	3.654952E+4	-3.654952E+4	-9.072490E-2	1.258193E+2
-3.500000E-1	3.224457E+4	-3.224457E+4	-8.003896E-2	1.261875E+2
-3.000000E-1	2.773592E+4	-2.773592E+4	-6.884739E-2	1.265547E+2
-2.500000E-1	2.318469E+4	-2.318469E+4	-5.755010E-2	1.269229E+2
-2.000000E-1	1.859412E+4	-1.859412E+4	-4.615517E-2	1.272910E+2
-1.500000E-1	1.397587E+4	-1.397587E+4	-3.469154E-2	1.276592E+2
-1.000000E-1	9.331013E+3	-9.331013E+3	-2.316187E-2	1.280264E+2
-5.000000E-2	4.671962E+3	-4.671962E+3	-1.159696E-2	1.283945E+2
0.000000E+0	8.120665E+0	-8.120665E+0	-2.015749E-5	1.291338E+2
0.000000E+0	6.891541E+0	-6.891541E+0	-1.710650E-5	1.295020E+2
5.000000E-2	4.625545E+3	4.625545E+3	1.148174E-2	1.302412E+2
1.000000E-1	9.231909E+3	9.231909E+3	2.291587E-2	1.306094E+2
1.500000E-1	1.376060E+4	1.376060E+4	3.415720E-2	1.309766E+2
2.000000E-1	1.811043E+4	1.811043E+4	4.495453E-2	1.313447E+2
2.500000E-1	2.241864E+4	2.241864E+4	5.564858E-2	1.317129E+2
3.000000E-1	2.668373E+4	2.668373E+4	6.623559E-2	1.320811E+2
3.500000E-1	3.102012E+4	3.102012E+4	7.699958E-2	1.324482E+2
4.000000E-1	3.553579E+4	3.553579E+4	8.820857E-2	1.328164E+2
4.500000E-1	3.977826E+4	3.977826E+4	9.873943E-2	1.331846E+2
5.000000E-1	4.229798E+4	4.229798E+4	1.049940E-1	1.335518E+2
5.000000E-1	4.229798E+4	4.229798E+4	1.049940E-1	1.339199E+2
4.500000E-1	3.966591E+4	3.966591E+4	9.846054E-2	1.342881E+2
4.000000E-1	3.539379E+4	3.539379E+4	8.785611E-2	1.346563E+2
3.500000E-1	3.109766E+4	3.109766E+4	7.719204E-2	1.350234E+2
3.000000E-1	2.674757E+4	2.674757E+4	6.639405E-2	1.353916E+2
2.500000E-1	2.233428E+4	2.233428E+4	5.543919E-2	1.357598E+2
2.000000E-1	1.790802E+4	1.790802E+4	4.445210E-2	1.361279E+2
1.500000E-1	1.345615E+4	1.345615E+4	3.340147E-2	1.364951E+2
1.000000E-1	8.980093E+3	8.980093E+3	2.229080E-2	1.368633E+2
5.000000E-2	4.486280E+3	4.486280E+3	1.113605E-2	1.372314E+2
0.000000E+0	6.432972E+0	-6.432972E+0	-1.596822E-5	1.379707E+2
-5.000000E-2	4.496690E+3	-4.496690E+3	-1.116189E-2	1.387100E+2
-1.000000E-1	8.935145E+3	-8.935145E+3	-2.217923E-2	1.390781E+2
-1.500000E-1	1.334715E+4	-1.334715E+4	-3.313090E-2	1.394463E+2
-2.000000E-1	1.768054E+4	-1.768054E+4	-4.388745E-2	1.398135E+2
-2.500000E-1	2.200039E+4	-2.200039E+4	-5.461039E-2	1.401816E+2
-3.000000E-1	2.628242E+4	-2.628242E+4	-6.523943E-2	1.405498E+2
-3.500000E-1	3.049041E+4	-3.049041E+4	-7.568470E-2	1.409180E+2
-4.000000E-1	3.468658E+4	-3.468658E+4	-8.610062E-2	1.412852E+2
-4.500000E-1	3.864311E+4	-3.864311E+4	-9.592171E-2	1.416533E+2
-5.000000E-1	4.227260E+4	-4.227260E+4	-1.049310E-1	1.420215E+2
-5.000000E-1	4.201630E+4	-4.201630E+4	-1.042948E-1	1.423896E+2
-4.500000E-1	3.785448E+4	-3.785448E+4	-9.396413E-2	1.427568E+2
-4.000000E-1	3.378991E+4	-3.378991E+4	-8.387487E-2	1.431250E+2
-3.500000E-1	2.970163E+4	-2.970163E+4	-7.372674E-2	1.434932E+2
-3.000000E-1	2.558550E+4	-2.558550E+4	-6.350952E-2	1.438613E+2
-2.500000E-1	2.150901E+4	-2.150901E+4	-5.339065E-2	1.442285E+2
-2.000000E-1	1.740792E+4	-1.740792E+4	-4.321073E-2	1.445967E+2
-1.500000E-1	1.315320E+4	-1.315320E+4	-3.264947E-2	1.449648E+2
-1.000000E-1	8.919527E+3	-8.919527E+3	-2.214046E-2	1.453330E+2
-5.000000E-2	4.471209E+3	-4.471209E+3	-1.109864E-2	1.457002E+2
0.000000E+0	7.707548E+0	-7.707548E+0	-1.913203E-5	1.464395E+2
0.000000E+0	6.859215E+0	-6.859215E+0	-1.702626E-5	1.468076E+2
5.000000E-2	4.458619E+3	4.458619E+3	1.106739E-2	1.475469E+2
1.000000E-1	8.922508E+3	8.922508E+3	2.214786E-2	1.479150E+2
1.500000E-1	1.337137E+4	1.337137E+4	3.319102E-2	1.482822E+2
2.000000E-1	1.785062E+4	1.785062E+4	4.430962E-2	1.486504E+2
2.500000E-1	2.232644E+4	2.232644E+4	5.541972E-2	1.490186E+2
3.000000E-1	2.678258E+4	2.678258E+4	6.648096E-2	1.493867E+2
3.500000E-1	3.091136E+4	3.091136E+4	7.672960E-2	1.497539E+2
4.000000E-1	3.521684E+4	3.521684E+4	8.741686E-2	1.501221E+2
4.500000E-1	3.961840E+4	3.961840E+4	9.834262E-2	1.504902E+2
5.000000E-1	4.229794E+4	4.229794E+4	1.049939E-1	1.508584E+2
5.000000E-1	4.229794E+4	4.229794E+4	1.049939E-1	1.512256E+2
4.500000E-1	3.998355E+4	3.998355E+4	9.924901E-2	1.515937E+2
4.000000E-1	3.557275E+4	3.557275E+4	8.830032E-2	1.519619E+2
3.500000E-1	3.116207E+4	3.116207E+4	7.735191E-2	1.523301E+2
3.000000E-1	2.675502E+4	2.675502E+4	6.641255E-2	1.526973E+2
2.500000E-1	2.235260E+4	2.235260E+4	5.548466E-2	1.530654E+2
2.000000E-1	1.792135E+4	1.792135E+4	4.448521E-2	1.534336E+2
1.500000E-1	1.346535E+4	1.346535E+4	3.342432E-2	1.538018E+2
1.000000E-1	8.988690E+3	8.988690E+3	2.231214E-2	1.541689E+2
5.000000E-2	4.492158E+3	4.492158E+3	1.115064E-2	1.545371E+2
0.000000E+0	6.592542E+0	-6.592542E+0	-1.636431E-5	1.552764E+2
-5.000000E-2	4.504622E+3	-4.504622E+3	-1.118158E-2	1.560156E+2
-1.000000E-1	8.951276E+3	-8.951276E+3	-2.221927E-2	1.563838E+2
-1.500000E-1	1.338931E+4	-1.338931E+4	-3.323555E-2	1.567520E+2
-2.000000E-1	1.778676E+4	-1.778676E+4	-4.415111E-2	1.571191E+2
-2.500000E-1	2.215446E+4	-2.215446E+4	-5.499281E-2	1.574873E+2
-3.000000E-1	2.646852E+4	-2.646852E+4	-6.570137E-2	1.578555E+2
-3.500000E-1	3.073344E+4	-3.073344E+4	-7.628797E-2	1.582236E+2
-4.000000E-1	3.483944E+4	-3.483944E+4	-8.648007E-2	1.585918E+2
-4.500000E-1	3.896185E+4	-3.896185E+4	-9.671289E-2	1.589590E+2
-5.000000E-1	4.230084E+4	-4.230084E+4	-1.050011E-1	1.593271E+2
-5.000000E-1	4.229545E+4	-4.229545E+4	-1.049877E-1	1.596953E+2
-4.500000E-1	3.823034E+4	-3.823034E+4	-9.489711E-2	1.600635E+2
-4.000000E-1	3.408922E+4	-3.408922E+4	-8.461782E-2	1.604316E+2
-3.500000E-1	2.989554E+4	-2.989554E+4	-7.420808E-2	1.607988E+2
-3.000000E-1	2.568082E+4	-2.568082E+4	-6.374612E-2	1.611670E+2
-2.500000E-1	2.150817E+4	-2.150817E+4	-5.338857E-2	1.615352E+2
-2.000000E-1	1.731539E+4	-1.731539E+4	-4.298106E-2	1.619033E+2
-1.500000E-1	1.319165E+4	-1.319165E+4	-3.274493E-2	1.622705E+2
-1.000000E-1	8.817772E+3	-8.817772E+3	-2.188788E-2	1.626387E+2
-5.000000E-2	4.421886E+3	-4.421886E+3	-1.097621E-2	1.630068E+2
0.000000E+0	7.688202E+0	-7.688202E+0	-1.908401E-5	1.637461E+2
0.000000E+0	6.835837E+0	-6.835837E+0	-1.696823E-5	1.641143E+2
5.000000E-2	4.404503E+3	4.404503E+3	1.093306E-2	1.648535E+2
1.000000E-1	8.817668E+3	8.817668E+3	2.188762E-2	1.652207E+2
1.500000E-1	1.322020E+4	1.322020E+4	3.281578E-2	1.655889E+2
2.000000E-1	1.767211E+4	1.767211E+4	4.386653E-2	1.659570E+2
2.500000E-1	2.205626E+4	2.205626E+4	5.474906E-2	1.663252E+2
3.000000E-1	2.628282E+4	2.628282E+4	6.524043E-2	1.666924E+2
3.500000E-1	3.054195E+4	3.054195E+4	7.581263E-2	1.670605E+2
4.000000E-1	3.513562E+4	3.513562E+4	8.721525E-2	1.674287E+2
4.500000E-1	3.964260E+4	3.964260E+4	9.840269E-2	1.677969E+2
5.000000E-1	4.229794E+4	4.229794E+4	1.049939E-1	1.681641E+2
5.000000E-1	4.229794E+4	4.229794E+4	1.049939E-1	1.685322E+2
4.500000E-1	3.975981E+4	3.975981E+4	9.869364E-2	1.689004E+2
4.000000E-1	3.550953E+4	3.550953E+4	8.814339E-2	1.692676E+2
3.500000E-1	3.112729E+4	3.112729E+4	7.726558E-2	1.696357E+2
3.000000E-1	2.671236E+4	2.671236E+4	6.630664E-2	1.700039E+2
2.500000E-1	2.230181E+4	2.230181E+4	5.535859E-2	1.703711E+2
2.000000E-1	1.788323E+4	1.788323E+4	4.439058E-2	1.707393E+2
1.500000E-1	1.343611E+4	1.343611E+4	3.335172E-2	1.711074E+2
1.000000E-1	8.965332E+3	8.965332E+3	2.225416E-2	1.714756E+2
5.000000E-2	4.479548E+3	4.479548E+3	1.111934E-2	1.718428E+2
0.000000E+0	6.646375E+0	-6.646375E+0	-1.649794E-5	1.725830E+2
-5.000000E-2	4.493100E+3	-4.493100E+3	-1.115298E-2	1.733223E+2
-1.000000E-1	8.944540E+3	-8.944540E+3	-2.220255E-2	1.736895E+2
-1.500000E-1	1.336270E+4	-1.336270E+4	-3.316951E-2	1.740576E+2
-2.000000E-1	1.775326E+4	-1.775326E+4	-4.406796E-2	1.744258E+2
-2.500000E-1	2.209099E+4	-2.209099E+4	-5.483527E-2	1.747939E+2
-3.000000E-1	2.641017E+4	-2.641017E+4	-6.555653E-2	1.751611E+2
-3.500000E-1	3.064659E+4	-3.064659E+4	-7.607238E-2	1.755293E+2
-4.000000E-1	3.475999E+4	-3.475999E+4	-8.628286E-2	1.758975E+2
-4.500000E-1	3.867487E+4	-3.867487E+4	-9.600054E-2	1.762646E+2
-5.000000E-1	4.224295E+4	-4.224295E+4	-1.048574E-1	1.766328E+2
-5.000000E-1	4.201562E+4	-4.201562E+4	-1.042931E-1	1.770010E+2
-4.500000E-1	3.798463E+4	-3.798463E+4	-9.428719E-2	1.773682E+2
-4.000000E-1	3.394516E+4	-3.394516E+4	-8.426024E-2	1.777363E+2
-3.500000E-1	2.981237E+4	-2.981237E+4	-7.400163E-2	1.781045E+2
-3.000000E-1	2.566122E+4	-2.566122E+4	-6.369746E-2	1.784727E+2
-2.500000E-1	2.149486E+4	-2.149486E+4	-5.335554E-2	1.788398E+2
-2.000000E-1	1.725568E+4	-1.725568E+4	-4.283284E-2	1.792080E+2
-1.500000E-1	1.309484E+4	-1.309484E+4	-3.250462E-2	1.795762E+2
-1.000000E-1	8.785104E+3	-8.785104E+3	-2.180679E-2	1.799434E+2
-5.000000E-2	4.400636E+3	-4.400636E+3	-1.092346E-2	1.803115E+2
0.000000E+0	7.748080E+0	-7.748080E+0	-1.923264E-5	1.810508E+2
0.000000E+0	6.855259E+0	-6.855259E+0	-1.701644E-5	1.814189E+2
5.000000E-2	4.385314E+3	4.385314E+3	1.088543E-2	1.821582E+2
1.000000E-1	8.776233E+3	8.776233E+3	2.178477E-2	1.825254E+2
1.500000E-1	1.317851E+4	1.317851E+4	3.271231E-2	1.828936E+2
2.000000E-1	1.760093E+4	1.760093E+4	4.368985E-2	1.832617E+2
2.500000E-1	2.192821E+4	2.192821E+4	5.443121E-2	1.836299E+2
3.000000E-1	2.610699E+4	2.610699E+4	6.480397E-2	1.839971E+2
3.500000E-1	3.035012E+4	3.035012E+4	7.533647E-2	1.843652E+2
4.000000E-1	3.464390E+4	3.464390E+4	8.599468E-2	1.847334E+2
4.500000E-1	3.898431E+4	3.898431E+4	9.676864E-2	1.851006E+2
5.000000E-1	4.229794E+4	4.229794E+4	1.049939E-1	1.854688E+2
5.000000E-1	4.229794E+4	4.229794E+4	1.049939E-1	1.858369E+2
4.500000E-1	3.939538E+4	3.939538E+4	9.778902E-2	1.862041E+2
4.000000E-1	3.514139E+4	3.514139E+4	8.722958E-2	1.865723E+2
3.500000E-1	3.084301E+4	3.084301E+4	7.655993E-2	1.869404E+2
3.000000E-1	2.647791E+4	2.647791E+4	6.572468E-2	1.873086E+2
2.500000E-1	2.209974E+4	2.209974E+4	5.485700E-2	1.876758E+2
2.000000E-1	1.771746E+4	1.771746E+4	4.397909E-2	1.880439E+2
1.500000E-1	1.331438E+4	1.331438E+4	3.304956E-2	1.884121E+2
1.000000E-1	8.887773E+3	8.887773E+3	2.206164E-2	1.887793E+2
5.000000E-2	4.441095E+3	4.441095E+3	1.102389E-2	1.891475E+2
0.000000E+0	6.539376E+0	-6.539376E+0	-1.623234E-5	1.898867E+2
-5.000000E-2	4.451650E+3	-4.451650E+3	-1.105009E-2	1.906260E+2
-1.000000E-1	8.864150E+3	-8.864150E+3	-2.200300E-2	1.909941E+2
-1.500000E-1	1.324477E+4	-1.324477E+4	-3.287677E-2	1.913613E+2
-2.000000E-1	1.758522E+4	-1.758522E+4	-4.365085E-2	1.917295E+2
-2.500000E-1	2.185165E+4	-2.185165E+4	-5.424117E-2	1.920977E+2
-3.000000E-1	2.607928E+4	-2.607928E+4	-6.473519E-2	1.924658E+2
-3.500000E-1	3.025111E+4	-3.025111E+4	-7.509071E-2	1.928330E+2
-4.000000E-1	3.432427E+4	-3.432427E+4	-8.520129E-2	1.932012E+2
-4.500000E-1	3.821633E+4	-3.821633E+4	-9.486233E-2	1.935693E+2
-5.000000E-1	4.178836E+4	-4.178836E+4	-1.037290E-1	1.939365E+2
-5.000000E-1	4.155374E+4	-4.155374E+4	-1.031466E-1	1.943047E+2
-4.500000E-1	3.757243E+4	-3.757243E+4	-9.326401E-2	1.946729E+2
-4.000000E-1	3.364102E+4	-3.364102E+4	-8.350529E-2	1.950400E+2
-3.500000E-1	2.958846E+4	-2.958846E+4	-7.344584E-2	1.954082E+2
-3.000000E-1	2.544082E+4	-2.544082E+4	-6.315038E-2	1.957764E+2
-2.500000E-1	2.127994E+4	-2.127994E+4	-5.282204E-2	1.961445E+2
-2.000000E-1	1.712542E+4	-1.712542E+4	-4.250951E-2	1.965117E+2
-1.500000E-1	1.296540E+4	-1.296540E+4	-3.218332E-2	1.968799E+2
-1.000000E-1	8.716094E+3	-8.716094E+3	-2.163549E-2	1.972480E+2
-5.000000E-2	4.369881E+3	-4.369881E+3	-1.084712E-2	1.976152E+2
0.000000E+0	7.695297E+0	-7.695297E+0	-1.910162E-5	1.983545E+2
0.000000E+0	6.727371E+0	-6.727371E+0	-1.669899E-5	1.987236E+2
5.000000E-2	4.355515E+3	4.355515E+3	1.081146E-2	1.994619E+2
1.000000E-1	8.722258E+3	8.722258E+3	2.165079E-2	1.998301E+2
1.500000E-1	1.308610E+4	1.308610E+4	3.248291E-2	2.001973E+2
2.000000E-1	1.743710E+4	1.743710E+4	4.328318E-2	2.005654E+2
2.500000E-1	2.159959E+4	2.159959E+4	5.361550E-2	2.009336E+2
3.000000E-1	2.587711E+4	2.587711E+4	6.423336E-2	2.013018E+2
3.500000E-1	3.027687E+4	3.027687E+4	7.515465E-2	2.016689E+2
4.000000E-1	3.455408E+4	3.455408E+4	8.577174E-2	2.020371E+2
4.500000E-1	3.891057E+4	3.891057E+4	9.658562E-2	2.024053E+2
5.000000E-1	4.229798E+4	4.229798E+4	1.049940E-1	2.027725E+2
5.000000E-1	4.229798E+4	4.229798E+4	1.049940E-1	2.031406E+2
4.500000E-1	3.920490E+4	3.920490E+4	9.731620E-2	2.035088E+2
4.000000E-1	3.509368E+4	3.509368E+4	8.711114E-2	2.038770E+2
3.500000E-1	3.080223E+4	3.080223E+4	7.645871E-2	2.042441E+2
3.000000E-1	2.645620E+4	2.645620E+4	6.567080E-2	2.046123E+2
2.500000E-1	2.208649E+4	2.208649E+4	5.482411E-2	2.049805E+2
2.000000E-1	1.771613E+4	1.771613E+4	4.397579E-2	2.053477E+2
1.500000E-1	1.331345E+4	1.331345E+4	3.304725E-2	2.057158E+2
1.000000E-1	8.885993E+3	8.885993E+3	2.205722E-2	2.060840E+2
5.000000E-2	4.439778E+3	4.439778E+3	1.102062E-2	2.064512E+2
0.000000E+0	6.488035E+0	-6.488035E+0	-1.610490E-5	2.071904E+2
-5.000000E-2	4.454329E+3	-4.454329E+3	-1.105674E-2	2.079297E+2
-1.000000E-1	8.867545E+3	-8.867545E+3	-2.201143E-2	2.082979E+2
-1.500000E-1	1.325083E+4	-1.325083E+4	-3.289182E-2	2.086660E+2
-2.000000E-1	1.758256E+4	-1.758256E+4	-4.364425E-2	2.090332E+2
-2.500000E-1	2.188124E+4	-2.188124E+4	-5.431461E-2	2.094014E+2
-3.000000E-1	2.614650E+4	-2.614650E+4	-6.490205E-2	2.097695E+2
-3.500000E-1	3.042684E+4	-3.042684E+4	-7.552691E-2	2.101367E+2
-4.000000E-1	3.453933E+4	-3.453933E+4	-8.573513E-2	2.105049E+2
-4.500000E-1	3.843204E+4	-3.843204E+4	-9.539777E-2	2.108730E+2
-5.000000E-1	4.205808E+4	-4.205808E+4	-1.043985E-1	2.112412E+2
-5.000000E-1	4.184343E+4	-4.184343E+4	-1.038657E-1	2.116084E+2
-4.500000E-1	3.782114E+4	-3.782114E+4	-9.388138E-2	2.119766E+2
-4.000000E-1	3.379257E+4	-3.379257E+4	-8.388148E-2	2.123447E+2
-3.500000E-1	2.972820E+4	-2.972820E+4	-7.379271E-2	2.127119E+2
-3.000000E-1	2.557906E+4	-2.557906E+4	-6.349352E-2	2.130801E+2
-2.500000E-1	2.138006E+4	-2.138006E+4	-5.307057E-2	2.134482E+2
-2.000000E-1	1.722444E+4	-1.722444E+4	-4.275529E-2	2.138154E+2
-1.500000E-1	1.294775E+4	-1.294775E+4	-3.213950E-2	2.141836E+2
-1.000000E-1	8.671639E+3	-8.671639E+3	-2.152514E-2	2.145518E+2
-5.000000E-2	4.354149E+3	-4.354149E+3	-1.080807E-2	2.149199E+2
0.000000E+0	7.724629E+0	-7.724629E+0	-1.917443E-5	2.156592E+2
0.000000E+0	6.848419E+0	-6.848419E+0	-1.699946E-5	2.160273E+2
5.000000E-2	4.368938E+3	4.368938E+3	1.084478E-2	2.167656E+2
1.000000E-1	8.746228E+3	8.746228E+3	2.171029E-2	2.171338E+2
1.500000E-1	1.310735E+4	1.310735E+4	3.253566E-2	2.175020E+2
2.000000E-1	1.740483E+4	1.740483E+4	4.320307E-2	2.178691E+2
2.500000E-1	2.171867E+4	2.171867E+4	5.391108E-2	2.182373E+2
3.000000E-1	2.604259E+4	2.604259E+4	6.464411E-2	2.186055E+2
3.500000E-1	3.023390E+4	3.023390E+4	7.504798E-2	2.189727E+2
4.000000E-1	3.456123E+4	3.456123E+4	8.578947E-2	2.193408E+2
4.500000E-1	3.889257E+4	3.889257E+4	9.654092E-2	2.197090E+2
5.000000E-1	4.229794E+4	4.229794E+4	1.049939E-1	2.200762E+2
5.000000E-1	4.229794E+4	4.229794E+4	1.049939E-1	2.204443E+2
4.500000E-1	3.905818E+4	3.905818E+4	9.695201E-2	2.208125E+2
4.000000E-1	3.484469E+4	3.484469E+4	8.649309E-2	2.211807E+2
3.500000E-1	3.057157E+4	3.057157E+4	7.588617E-2	2.215479E+2
3.000000E-1	2.626908E+4	2.626908E+4	6.520633E-2	2.219160E+2
2.500000E-1	2.206661E+4	2.206661E+4	5.477475E-2	2.222842E+2
2.000000E-1	1.859039E+4	1.859039E+4	4.614592E-2	2.226514E+2
1.500000E-1	1.398252E+4	1.398252E+4	3.470805E-2	2.230195E+2
1.000000E-1	9.333317E+3	9.333317E+3	2.316759E-2	2.233877E+2
5.000000E-2	4.664231E+3	4.664231E+3	1.157777E-2	2.237549E+2
0.000000E+0	6.745339E+0	-6.745339E+0	-1.674359E-5	2.244941E+2
-5.000000E-2	4.677296E+3	-4.677296E+3	-1.161020E-2	2.252334E+2
-1.000000E-1	9.307123E+3	-9.307123E+3	-2.310257E-2	2.256016E+2
-1.500000E-1	1.388819E+4	-1.388819E+4	-3.447391E-2	2.259697E+2
-2.000000E-1	1.842731E+4	-1.842731E+4	-4.574113E-2	2.263369E+2
-2.500000E-1	2.292183E+4	-2.292183E+4	-5.689763E-2	2.267051E+2
-3.000000E-1	2.734040E+4	-2.734040E+4	-6.786561E-2	2.270732E+2
-3.500000E-1	3.164844E+4	-3.164844E+4	-7.855922E-2	2.274414E+2
-4.000000E-1	3.582860E+4	-3.582860E+4	-8.893541E-2	2.278086E+2
-4.500000E-1	3.996621E+4	-3.996621E+4	-9.920596E-2	2.281768E+2
-5.000000E-1	4.230084E+4	-4.230084E+4	-1.050011E-1	2.285449E+2
-5.000000E-1	4.230088E+4	-4.230088E+4	-1.050012E-1	2.289121E+2
-4.500000E-1	3.942432E+4	-3.942432E+4	-9.786086E-2	2.292803E+2
-4.000000E-1	3.552373E+4	-3.552373E+4	-8.817865E-2	2.296484E+2
-3.500000E-1	3.138249E+4	-3.138249E+4	-7.789907E-2	2.300166E+2
-3.000000E-1	2.703825E+4	-2.703825E+4	-6.711558E-2	2.303838E+2
-2.500000E-1	2.261040E+4	-2.261040E+4	-5.612458E-2	2.307520E+2
-2.000000E-1	1.814961E+4	-1.814961E+4	-4.505180E-2	2.311201E+2
-1.500000E-1	1.365674E+4	-1.365674E+4	-3.389938E-2	2.314873E+2
-1.000000E-1	9.129401E+3	-9.129401E+3	-2.266142E-2	2.318555E+2
-5.000000E-2	4.575973E+3	-4.575973E+3	-1.135869E-2	2.322236E+2
0.000000E+0	7.837322E+0	-7.837322E+0	-1.945416E-5	2.329629E+2
0.000000E+0	6.874423E+0	-6.874423E+0	-1.706401E-5	2.333311E+2
5.000000E-2	4.549291E+3	4.549291E+3	1.129246E-2	2.340693E+2
1.000000E-1	9.105636E+3	9.105636E+3	2.260243E-2	2.344375E+2
1.500000E-1	1.364249E+4	1.364249E+4	3.386401E-2	2.348057E+2
2.000000E-1	1.826553E+4	1.826553E+4	4.533954E-2	2.351738E+2
2.500000E-1	2.279635E+4	2.279635E+4	5.658615E-2	2.355410E+2
3.000000E-1	2.730110E+4	2.730110E+4	6.776806E-2	2.359092E+2
3.500000E-1	3.197936E+4	3.197936E+4	7.938065E-2	2.362773E+2
4.000000E-1	3.673718E+4	3.673718E+4	9.119071E-2	2.366445E+2
4.500000E-1	4.133857E+4	4.133857E+4	1.026125E-1	2.370127E+2
5.000000E-1	4.229794E+4	4.229794E+4	1.049939E-1	2.373809E+2
5.000000E-1	4.229798E+4	4.229798E+4	1.049940E-1	2.377480E+2
4.500000E-1	4.168583E+4	4.168583E+4	1.034745E-1	2.381162E+2
4.000000E-1	3.742412E+4	3.742412E+4	9.289587E-2	2.384844E+2
3.500000E-1	3.288353E+4	3.288353E+4	8.162501E-2	2.388525E+2
3.000000E-1	2.827922E+4	2.827922E+4	7.019599E-2	2.392197E+2
2.500000E-1	2.363207E+4	2.363207E+4	5.866062E-2	2.395879E+2
2.000000E-1	1.896046E+4	1.896046E+4	4.706453E-2	2.399561E+2
1.500000E-1	1.425069E+4	1.425069E+4	3.537372E-2	2.403232E+2
1.000000E-1	9.513203E+3	9.513203E+3	2.361411E-2	2.406914E+2
5.000000E-2	4.754335E+3	4.754335E+3	1.180143E-2	2.410596E+2
0.000000E+0	6.813269E+0	-6.813269E+0	-1.691221E-5	2.417988E+2
-5.000000E-2	4.766006E+3	-4.766006E+3	-1.183040E-2	2.425381E+2
-1.000000E-1	9.515322E+3	-9.515322E+3	-2.361937E-2	2.429053E+2
-1.500000E-1	1.420738E+4	-1.420738E+4	-3.526622E-2	2.432734E+2
-2.000000E-1	1.885905E+4	-1.885905E+4	-4.681280E-2	2.436416E+2
-2.500000E-1	2.346734E+4	-2.346734E+4	-5.825171E-2	2.440098E+2
-3.000000E-1	2.801383E+4	-2.801383E+4	-6.953721E-2	2.443770E+2
-3.500000E-1	3.247226E+4	-3.247226E+4	-8.060415E-2	2.447451E+2
-4.000000E-1	3.679858E+4	-3.679858E+4	-9.134313E-2	2.451133E+2
-4.500000E-1	4.093724E+4	-4.093724E+4	-1.016163E-1	2.454805E+2
-5.000000E-1	4.230088E+4	-4.230088E+4	-1.050012E-1	2.458486E+2
-5.000000E-1	4.230084E+4	-4.230084E+4	-1.050011E-1	2.462168E+2
-4.500000E-1	4.042238E+4	-4.042238E+4	-1.003383E-1	2.465840E+2
-4.000000E-1	3.614722E+4	-3.614722E+4	-8.972630E-2	2.469521E+2
-3.500000E-1	3.179786E+4	-3.179786E+4	-7.893011E-2	2.473203E+2
-3.000000E-1	2.737678E+4	-2.737678E+4	-6.795591E-2	2.476885E+2
-2.500000E-1	2.290623E+4	-2.290623E+4	-5.685890E-2	2.480557E+2
-2.000000E-1	1.839726E+4	-1.839726E+4	-4.566653E-2	2.484238E+2
-1.500000E-1	1.384198E+4	-1.384198E+4	-3.435920E-2	2.487920E+2
-1.000000E-1	9.253225E+3	-9.253225E+3	-2.296878E-2	2.491592E+2
-5.000000E-2	4.639621E+3	-4.639621E+3	-1.151668E-2	2.495273E+2
0.000000E+0	7.915013E+0	-7.915013E+0	-1.964701E-5	2.502666E+2
0.000000E+0	6.900537E+0	-6.900537E+0	-1.712883E-5	2.506348E+2
5.000000E-2	4.625803E+3	4.625803E+3	1.148238E-2	2.513740E+2
1.000000E-1	9.275035E+3	9.275035E+3	2.302292E-2	2.517412E+2
1.500000E-1	1.393268E+4	1.393268E+4	3.458434E-2	2.521094E+2
2.000000E-1	1.858649E+4	1.858649E+4	4.613623E-2	2.524775E+2
2.500000E-1	2.319559E+4	2.319559E+4	5.757716E-2	2.528447E+2
3.000000E-1	2.780279E+4	2.780279E+4	6.901336E-2	2.532129E+2
3.500000E-1	3.240067E+4	3.240067E+4	8.042644E-2	2.535811E+2
4.000000E-1	3.717392E+4	3.717392E+4	9.227482E-2	2.539492E+2
4.500000E-1	4.189113E+4	4.189113E+4	1.039841E-1	2.543164E+2
5.000000E-1	4.229798E+4	4.229798E+4	1.049940E-1	2.546846E+2
5.000000E-1	4.229798E+4	4.229798E+4	1.049940E-1	2.550527E+2
4.500000E-1	4.225556E+4	4.225556E+4	1.048887E-1	2.554199E+2
4.000000E-1	3.776336E+4	3.776336E+4	9.373796E-2	2.557881E+2
3.500000E-1	3.317178E+4	3.317178E+4	8.234053E-2	2.561563E+2
3.000000E-1	2.851640E+4	2.851640E+4	7.078472E-2	2.565234E+2
2.500000E-1	2.382612E+4	2.382612E+4	5.914230E-2	2.568916E+2
2.000000E-1	1.911093E+4	1.911093E+4	4.743802E-2	2.572598E+2
1.500000E-1	1.436371E+4	1.436371E+4	3.565425E-2	2.576279E+2
1.000000E-1	9.590064E+3	9.590064E+3	2.380490E-2	2.579951E+2
5.000000E-2	4.792535E+3	4.792535E+3	1.189625E-2	2.583633E+2
0.000000E+0	6.807387E+0	-6.807387E+0	-1.689761E-5	2.591025E+2
-5.000000E-2	4.796100E+3	-4.796100E+3	-1.190510E-2	2.598418E+2
-1.000000E-1	9.538829E+3	-9.538829E+3	-2.367772E-2	2.602100E+2
-1.500000E-1	1.425338E+4	-1.425338E+4	-3.538039E-2	2.605771E+2
-2.000000E-1	1.892677E+4	-1.892677E+4	-4.698090E-2	2.609453E+2
-2.500000E-1	2.354852E+4	-2.354852E+4	-5.845322E-2	2.613135E+2
-3.000000E-1	2.812797E+4	-2.812797E+4	-6.982055E-2	2.616807E+2
-3.500000E-1	3.262286E+4	-3.262286E+4	-8.097796E-2	2.620488E+2
-4.000000E-1	3.696461E+4	-3.696461E+4	-9.175526E-2	2.624170E+2
-4.500000E-1	4.113255E+4	-4.113255E+4	-1.021011E-1	2.627852E+2
-5.000000E-1	4.230084E+4	-4.230084E+4	-1.050011E-1	2.631523E+2
-5.000000E-1	4.230084E+4	-4.230084E+4	-1.050011E-1	2.635205E+2
-4.500000E-1	4.069484E+4	-4.069484E+4	-1.010146E-1	2.638887E+2
-4.000000E-1	3.642319E+4	-3.642319E+4	-9.041131E-2	2.642559E+2
-3.500000E-1	3.204540E+4	-3.204540E+4	-7.954457E-2	2.646240E+2
-3.000000E-1	2.760067E+4	-2.760067E+4	-6.851164E-2	2.649922E+2
-2.500000E-1	2.309549E+4	-2.309549E+4	-5.732869E-2	2.653594E+2
-2.000000E-1	1.854010E+4	-1.854010E+4	-4.602110E-2	2.657275E+2
-1.500000E-1	1.395276E+4	-1.395276E+4	-3.463419E-2	2.660957E+2
-1.000000E-1	9.326541E+3	-9.326541E+3	-2.315077E-2	2.664639E+2
-5.000000E-2	4.674863E+3	-4.674863E+3	-1.160416E-2	2.668311E+2
0.000000E+0	7.928775E+0	-7.928775E+0	-1.968117E-5	2.675703E+2
0.000000E+0	6.923649E+0	-6.923649E+0	-1.718620E-5	2.679385E+2
5.000000E-2	4.667833E+3	4.667833E+3	1.158671E-2	2.686777E+2
1.000000E-1	9.346499E+3	9.346499E+3	2.320031E-2	2.690459E+2
1.500000E-1	1.406129E+4	1.406129E+4	3.490359E-2	2.694131E+2
2.000000E-1	1.872142E+4	1.872142E+4	4.647116E-2	2.697813E+2
2.500000E-1	2.335703E+4	2.335703E+4	5.797789E-2	2.701494E+2
3.000000E-1	2.800012E+4	2.800012E+4	6.950319E-2	2.705166E+2
3.500000E-1	3.267307E+4	3.267307E+4	8.110260E-2	2.708848E+2
4.000000E-1	3.728999E+4	3.728999E+4	9.256293E-2	2.712529E+2
4.500000E-1	4.214775E+4	4.214775E+4	1.046211E-1	2.716201E+2
5.000000E-1	4.229798E+4	4.229798E+4	1.049940E-1	2.719883E+2
5.000000E-1	4.229798E+4	4.229798E+4	1.049940E-1	2.723564E+2
4.500000E-1	4.229798E+4	4.229798E+4	1.049940E-1	2.727246E+2
4.000000E-1	3.789578E+4	3.789578E+4	9.406665E-2	2.730918E+2
3.500000E-1	3.329853E+4	3.329853E+4	8.265515E-2	2.734600E+2
3.000000E-1	2.862902E+4	2.862902E+4	7.106428E-2	2.738281E+2
2.500000E-1	2.391940E+4	2.391940E+4	5.937385E-2	2.741953E+2
2.000000E-1	1.918661E+4	1.918661E+4	4.762589E-2	2.745635E+2
1.500000E-1	1.442420E+4	1.442420E+4	3.580442E-2	2.749316E+2
1.000000E-1	9.631084E+3	9.631084E+3	2.390672E-2	2.752988E+2
5.000000E-2	4.812855E+3	4.812855E+3	1.194669E-2	2.756670E+2
0.000000E+0	6.819195E+0	-6.819195E+0	-1.692692E-5	2.764063E+2
-5.000000E-2	4.815695E+3	-4.815695E+3	-1.195374E-2	2.771455E+2
-1.000000E-1	9.584940E+3	-9.584940E+3	-2.379218E-2	2.775137E+2
-1.500000E-1	1.430778E+4	-1.430778E+4	-3.551543E-2	2.778809E+2
-2.000000E-1	1.899253E+4	-1.899253E+4	-4.714414E-2	2.782490E+2
-2.500000E-1	2.362724E+4	-2.362724E+4	-5.864862E-2	2.786172E+2
-3.000000E-1	2.820145E+4	-2.820145E+4	-7.000293E-2	2.789854E+2
-3.500000E-1	3.268247E+4	-3.268247E+4	-8.112594E-2	2.793525E+2
-4.000000E-1	3.705626E+4	-3.705626E+4	-9.198275E-2	2.797207E+2
-4.500000E-1	4.124921E+4	-4.124921E+4	-1.023907E-1	2.800889E+2
-5.000000E-1	4.230088E+4	-4.230088E+4	-1.050012E-1	2.804561E+2
-5.000000E-1	4.230088E+4	-4.230088E+4	-1.050012E-1	2.808242E+2
-4.500000E-1	4.082907E+4	-4.082907E+4	-1.013478E-1	2.811924E+2
-4.000000E-1	3.649670E+4	-3.649670E+4	-9.059379E-2	2.815605E+2
-3.500000E-1	3.212101E+4	-3.212101E+4	-7.973225E-2	2.819277E+2
-3.000000E-1	2.766161E+4	-2.766161E+4	-6.866291E-2	2.822959E+2
-2.500000E-1	2.314192E+4	-2.314192E+4	-5.744393E-2	2.826641E+2
-2.000000E-1	1.858042E+4	-1.858042E+4	-4.612118E-2	2.830312E+2
-1.500000E-1	1.398259E+4	-1.398259E+4	-3.470822E-2	2.833994E+2
-1.000000E-1	9.346064E+3	-9.346064E+3	-2.319923E-2	2.837676E+2
-5.000000E-2	4.686619E+3	-4.686619E+3	-1.163334E-2	2.841348E+2
0.000000E+0	8.115284E+0	-8.115284E+0	-2.014413E-5	2.848740E+2
0.000000E+0	7.063289E+0	-7.063289E+0	-1.753282E-5	2.852432E+2
5.000000E-2	4.674307E+3	4.674307E+3	1.160278E-2	2.859814E+2
1.000000E-1	9.367033E+3	9.367033E+3	2.325128E-2	2.863496E+2
1.500000E-1	1.405383E+4	1.405383E+4	3.488506E-2	2.867168E+2
2.000000E-1	1.876832E+4	1.876832E+4	4.658759E-2	2.870850E+2
2.500000E-1	2.344196E+4	2.344196E+4	5.818871E-2	2.874531E+2
3.000000E-1	2.809359E+4	2.809359E+4	6.973520E-2	2.878213E+2
3.500000E-1	3.271143E+4	3.271143E+4	8.119781E-2	2.881885E+2
4.000000E-1	3.731143E+4	3.731143E+4	9.261615E-2	2.885566E+2
4.500000E-1	4.197537E+4	4.197537E+4	1.041932E-1	2.889248E+2
5.000000E-1	4.229798E+4	4.229798E+4	1.049940E-1	2.892920E+2
5.000000E-1	4.229798E+4	4.229798E+4	1.049940E-1	2.896602E+2
4.500000E-1	4.216363E+4	4.216363E+4	1.046605E-1	2.900283E+2
4.000000E-1	3.796031E+4	3.796031E+4	9.422684E-2	2.903965E+2
3.500000E-1	3.334675E+4	3.334675E+4	8.277484E-2	2.907637E+2
3.000000E-1	2.866525E+4	2.866525E+4	7.115419E-2	2.911318E+2
2.500000E-1	2.395015E+4	2.395015E+4	5.945016E-2	2.915000E+2
2.000000E-1	1.921164E+4	1.921164E+4	4.768802E-2	2.918672E+2
1.500000E-1	1.444312E+4	1.444312E+4	3.585137E-2	2.922354E+2
1.000000E-1	9.641985E+3	9.641985E+3	2.393378E-2	2.926035E+2
5.000000E-2	4.819160E+3	4.819160E+3	1.196234E-2	2.929717E+2
0.000000E+0	6.722859E+0	-6.722859E+0	-1.668779E-5	2.937109E+2
-5.000000E-2	4.821400E+3	-4.821400E+3	-1.196790E-2	2.944502E+2
-1.000000E-1	9.589231E+3	-9.589231E+3	-2.380283E-2	2.948174E+2
-1.500000E-1	1.433175E+4	-1.433175E+4	-3.557494E-2	2.951855E+2
-2.000000E-1	1.902868E+4	-1.902868E+4	-4.723386E-2	2.955537E+2
-2.500000E-1	2.368263E+4	-2.368263E+4	-5.878612E-2	2.959209E+2
-3.000000E-1	2.825516E+4	-2.825516E+4	-7.013626E-2	2.962891E+2
-3.500000E-1	3.273051E+4	-3.273051E+4	-8.124517E-2	2.966572E+2
-4.000000E-1	3.709289E+4	-3.709289E+4	-9.207368E-2	2.970254E+2
-4.500000E-1	4.133853E+4	-4.133853E+4	-1.026124E-1	2.973926E+2
-5.000000E-1	4.230088E+4	-4.230088E+4	-1.050012E-1	2.977607E+2
-5.000000E-1	4.230088E+4	-4.230088E+4	-1.050012E-1	2.981289E+2
-4.500000E-1	4.083270E+4	-4.083270E+4	-1.013568E-1	2.984961E+2
-4.000000E-1	3.651483E+4	-3.651483E+4	-9.063879E-2	2.988643E+2
-3.500000E-1	3.213304E+4	-3.213304E+4	-7.976212E-2	2.992324E+2
-3.000000E-1	2.767498E+4	-2.767498E+4	-6.869611E-2	2.996006E+2
-2.500000E-1	2.315018E+4	-2.315018E+4	-5.746445E-2	2.999678E+2
-2.000000E-1	1.859177E+4	-1.859177E+4	-4.614934E-2	3.003359E+2
-1.500000E-1	1.398726E+4	-1.398726E+4	-3.471981E-2	3.007041E+2
-1.000000E-1	9.352937E+3	-9.352937E+3	-2.321629E-2	3.010713E+2
-5.000000E-2	4.690941E+3	-4.690941E+3	-1.164407E-2	3.014395E+2
0.000000E+0	7.966596E+0	-7.966596E+0	-1.977505E-5	3.021787E+2
0.000000E+0	6.951704E+0	-6.951704E+0	-1.725584E-5	3.025469E+2
5.000000E-2	4.684604E+3	4.684604E+3	1.162834E-2	3.032861E+2
1.000000E-1	9.379663E+3	9.379663E+3	2.328263E-2	3.036533E+2
1.500000E-1	1.410661E+4	1.410661E+4	3.501607E-2	3.040215E+2
2.000000E-1	1.882428E+4	1.882428E+4	4.672650E-2	3.043896E+2
2.500000E-1	2.349341E+4	2.349341E+4	5.831643E-2	3.047568E+2
3.000000E-1	2.813262E+4	2.813262E+4	6.983209E-2	3.051250E+2
3.500000E-1	3.279353E+4	3.279353E+4	8.140162E-2	3.054932E+2
4.000000E-1	3.740819E+4	3.740819E+4	9.285634E-2	3.058613E+2
4.500000E-1	4.201280E+4	4.201280E+4	1.042861E-1	3.062285E+2
5.000000E-1	4.229798E+4	4.229798E+4	1.049940E-1	3.065967E+2
5.000000E-1	4.229798E+4	4.229798E+4	1.049940E-1	3.069648E+2
4.500000E-1	4.226906E+4	4.226906E+4	1.049222E-1	3.073320E+2
4.000000E-1	3.780606E+4	3.780606E+4	9.384394E-2	3.077002E+2
3.500000E-1	3.319658E+4	3.319658E+4	8.240208E-2	3.080684E+2
3.000000E-1	2.852876E+4	2.852876E+4	7.081541E-2	3.084355E+2
2.500000E-1	2.384330E+4	2.384330E+4	5.918494E-2	3.088037E+2
2.000000E-1	1.912793E+4	1.912793E+4	4.748023E-2	3.091719E+2
1.500000E-1	1.438027E+4	1.438027E+4	3.569536E-2	3.095400E+2
1.000000E-1	9.601296E+3	9.601296E+3	2.383278E-2	3.099072E+2
5.000000E-2	4.798565E+3	4.798565E+3	1.191122E-2	3.102754E+2
0.000000E+0	6.942632E+0	-6.942632E+0	-1.723332E-5	3.110146E+2
-5.000000E-2	4.804612E+3	-4.804612E+3	-1.192623E-2	3.117539E+2
-1.000000E-1	9.551378E+3	-9.551378E+3	-2.370887E-2	3.121221E+2
-1.500000E-1	1.426040E+4	-1.426040E+4	-3.539783E-2	3.124893E+2
-2.000000E-1	1.893261E+4	-1.893261E+4	-4.699539E-2	3.128574E+2
-2.500000E-1	2.355164E+4	-2.355164E+4	-5.846097E-2	3.132256E+2
-3.000000E-1	2.811133E+4	-2.811133E+4	-6.977923E-2	3.135928E+2
-3.500000E-1	3.259004E+4	-3.259004E+4	-8.089650E-2	3.139609E+2
-4.000000E-1	3.686785E+4	-3.686785E+4	-9.151509E-2	3.143291E+2
-4.500000E-1	4.101761E+4	-4.101761E+4	-1.018158E-1	3.146973E+2
-5.000000E-1	4.230088E+4	-4.230088E+4	-1.050012E-1	3.150645E+2
-5.000000E-1	4.230088E+4	-4.230088E+4	-1.050012E-1	3.154326E+2
-4.500000E-1	4.032944E+4	-4.032944E+4	-1.001076E-1	3.158008E+2
-4.000000E-1	3.608230E+4	-3.608230E+4	-8.956516E-2	3.161680E+2
-3.500000E-1	3.176142E+4	-3.176142E+4	-7.883967E-2	3.165361E+2
-3.000000E-1	2.736367E+4	-2.736367E+4	-6.792335E-2	3.169043E+2
-2.500000E-1	2.290005E+4	-2.290005E+4	-5.684355E-2	3.172725E+2
-2.000000E-1	1.838966E+4	-1.838966E+4	-4.564765E-2	3.176396E+2
-1.500000E-1	1.383945E+4	-1.383945E+4	-3.435293E-2	3.180078E+2
-1.000000E-1	9.251395E+3	-9.251395E+3	-2.296424E-2	3.183760E+2
-5.000000E-2	4.640748E+3	-4.640748E+3	-1.151948E-2	3.187432E+2
0.000000E+0	7.921531E+0	-7.921531E+0	-1.966319E-5	3.194824E+2
0.000000E+0	6.996639E+0	-6.996639E+0	-1.736738E-5	3.198506E+2
5.000000E-2	4.633558E+3	4.633558E+3	1.150163E-2	3.205898E+2
1.000000E-1	9.291037E+3	9.291037E+3	2.306264E-2	3.209580E+2
1.500000E-1	1.391725E+4	1.391725E+4	3.454605E-2	3.213252E+2
2.000000E-1	1.853365E+4	1.853365E+4	4.600508E-2	3.216934E+2
2.500000E-1	2.324541E+4	2.324541E+4	5.770083E-2	3.220615E+2
3.000000E-1	2.787041E+4	2.787041E+4	6.918121E-2	3.224287E+2
3.500000E-1	3.244582E+4	3.244582E+4	8.053850E-2	3.227969E+2
4.000000E-1	3.703265E+4	3.703265E+4	9.192416E-2	3.231650E+2
4.500000E-1	4.161961E+4	4.161961E+4	1.033101E-1	3.235322E+2
5.000000E-1	4.229798E+4	4.229798E+4	1.049940E-1	3.239004E+2
5.000000E-1	4.229798E+4	4.229798E+4	1.049940E-1	3.242686E+2
4.500000E-1	4.198258E+4	4.198258E+4	1.042111E-1	3.246367E+2
4.000000E-1	3.753267E+4	3.753267E+4	9.316532E-2	3.250039E+2
3.500000E-1	3.299507E+4	3.299507E+4	8.190188E-2	3.253721E+2
3.000000E-1	2.837407E+4	2.837407E+4	7.043142E-2	3.257402E+2
2.500000E-1	2.370983E+4	2.370983E+4	5.885363E-2	3.261074E+2
2.000000E-1	1.902478E+4	1.902478E+4	4.722418E-2	3.264756E+2
1.500000E-1	1.430322E+4	1.430322E+4	3.550410E-2	3.268438E+2
1.000000E-1	9.549904E+3	9.549904E+3	2.370521E-2	3.272109E+2
5.000000E-2	4.772194E+3	4.772194E+3	1.184576E-2	3.275791E+2
0.000000E+0	6.783611E+0	-6.783611E+0	-1.683859E-5	3.283184E+2
-5.000000E-2	4.773781E+3	-4.773781E+3	-1.184970E-2	3.290576E+2
-1.000000E-1	9.496057E+3	-9.496057E+3	-2.357155E-2	3.294258E+2
-1.500000E-1	1.417866E+4	-1.417866E+4	-3.519493E-2	3.297939E+2
-2.000000E-1	1.880865E+4	-1.880865E+4	-4.668769E-2	3.301611E+2
-2.500000E-1	2.339136E+4	-2.339136E+4	-5.806312E-2	3.305293E+2
-3.000000E-1	2.791746E+4	-2.791746E+4	-6.929801E-2	3.308975E+2
-3.500000E-1	3.234811E+4	-3.234811E+4	-8.029598E-2	3.312646E+2
-4.000000E-1	3.666215E+4	-3.666215E+4	-9.100448E-2	3.316328E+2
-4.500000E-1	4.085965E+4	-4.085965E+4	-1.014237E-1	3.320010E+2
-5.000000E-1	4.230088E+4	-4.230088E+4	-1.050012E-1	3.323682E+2
-5.000000E-1	4.230088E+4	-4.230088E+4	-1.050012E-1	3.327363E+2
-4.500000E-1	4.035502E+4	-4.035502E+4	-1.001711E-1	3.331045E+2
-4.000000E-1	3.611829E+4	-3.611829E+4	-8.965449E-2	3.334727E+2
-3.500000E-1	3.177896E+4	-3.177896E+4	-7.888319E-2	3.338398E+2
-3.000000E-1	2.737389E+4	-2.737389E+4	-6.794873E-2	3.342080E+2
-2.500000E-1	2.290792E+4	-2.290792E+4	-5.686310E-2	3.345762E+2
-2.000000E-1	1.839685E+4	-1.839685E+4	-4.566550E-2	3.349434E+2
-1.500000E-1	1.384444E+4	-1.384444E+4	-3.436530E-2	3.353115E+2
-1.000000E-1	9.251899E+3	-9.251899E+3	-2.296549E-2	3.356797E+2
-5.000000E-2	4.638666E+3	-4.638666E+3	-1.151431E-2	3.360479E+2
0.000000E+0	8.091023E+0	-8.091023E+0	-2.008391E-5	3.367861E+2
0.000000E+0	6.999008E+0	-6.999008E+0	-1.737326E-5	3.371553E+2
5.000000E-2	4.632474E+3	4.632474E+3	1.149894E-2	3.378936E+2
1.000000E-1	9.293861E+3	9.293861E+3	2.306965E-2	3.382617E+2
1.500000E-1	1.394638E+4	1.394638E+4	3.461835E-2	3.386299E+2
2.000000E-1	1.859354E+4	1.859354E+4	4.615374E-2	3.389971E+2
2.500000E-1	2.321021E+4	2.321021E+4	5.761346E-2	3.393652E+2
3.000000E-1	2.784101E+4	2.784101E+4	6.910823E-2	3.397334E+2
3.500000E-1	3.242190E+4	3.242190E+4	8.047912E-2	3.401006E+2
4.000000E-1	3.701797E+4	3.701797E+4	9.188771E-2	3.404688E+2
4.500000E-1	4.160369E+4	4.160369E+4	1.032706E-1	3.408369E+2
5.000000E-1	4.229798E+4	4.229798E+4	1.049940E-1	3.412051E+2
5.000000E-1	4.229798E+4	4.229798E+4	1.049940E-1	3.415723E+2
4.500000E-1	4.188739E+4	4.188739E+4	1.039748E-1	3.419404E+2
4.000000E-1	3.745067E+4	3.745067E+4	9.296177E-2	3.423086E+2
3.500000E-1	3.290794E+4	3.290794E+4	8.168560E-2	3.426758E+2
3.000000E-1	2.832229E+4	2.832229E+4	7.030289E-2	3.430439E+2
2.500000E-1	2.367456E+4	2.367456E+4	5.876607E-2	3.434121E+2
2.000000E-1	1.899406E+4	1.899406E+4	4.714792E-2	3.437803E+2
1.500000E-1	1.428144E+4	1.428144E+4	3.545004E-2	3.441475E+2
1.000000E-1	9.535558E+3	9.535558E+3	2.366960E-2	3.445156E+2
5.000000E-2	4.765495E+3	4.765495E+3	1.182913E-2	3.448838E+2
0.000000E+0	6.785842E+0	-6.785842E+0	-1.684413E-5	3.456230E+2
-5.000000E-2	4.771892E+3	-4.771892E+3	-1.184501E-2	3.463623E+2
-1.000000E-1	9.479249E+3	-9.479249E+3	-2.352983E-2	3.467295E+2
-1.500000E-1	1.416776E+4	-1.416776E+4	-3.516786E-2	3.470977E+2
-2.000000E-1	1.879484E+4	-1.879484E+4	-4.665342E-2	3.474658E+2
-2.500000E-1	2.337756E+4	-2.337756E+4	-5.802886E-2	3.478330E+2
-3.000000E-1	2.788129E+4	-2.788129E+4	-6.920823E-2	3.482012E+2
-3.500000E-1	3.227840E+4	-3.227840E+4	-8.012293E-2	3.485693E+2
-4.000000E-1	3.656949E+4	-3.656949E+4	-9.077446E-2	3.489375E+2
-4.500000E-1	4.070958E+4	-4.070958E+4	-1.010512E-1	3.493047E+2
-5.000000E-1	4.230088E+4	-4.230088E+4	-1.050012E-1	3.496729E+2
-5.000000E-1	4.230088E+4	-4.230088E+4	-1.050012E-1	3.500410E+2
-4.500000E-1	4.026179E+4	-4.026179E+4	-9.993967E-2	3.504082E+2
-4.000000E-1	3.605558E+4	-3.605558E+4	-8.949883E-2	3.507764E+2
-3.500000E-1	3.172155E+4	-3.172155E+4	-7.874070E-2	3.511445E+2
-3.000000E-1	2.733186E+4	-2.733186E+4	-6.784439E-2	3.515127E+2
-2.500000E-1	2.288025E+4	-2.288025E+4	-5.679440E-2	3.518799E+2
-2.000000E-1	1.837328E+4	-1.837328E+4	-4.560699E-2	3.522480E+2
-1.500000E-1	1.382824E+4	-1.382824E+4	-3.432509E-2	3.526162E+2
-1.000000E-1	9.244007E+3	-9.244007E+3	-2.294590E-2	3.529834E+2
-5.000000E-2	4.635902E+3	-4.635902E+3	-1.150745E-2	3.533516E+2
0.000000E+0	8.061361E+0	-8.061361E+0	-2.001028E-5	3.540908E+2
0.000000E+0	7.009393E+0	-7.009393E+0	-1.739904E-5	3.544590E+2
5.000000E-2	4.626161E+3	4.626161E+3	1.148327E-2	3.551982E+2
1.000000E-1	9.280869E+3	9.280869E+3	2.303740E-2	3.555654E+2
1.500000E-1	1.394677E+4	1.394677E+4	3.461931E-2	3.559336E+2
2.000000E-1	1.857790E+4	1.857790E+4	4.611493E-2	3.563018E+2
2.500000E-1	2.318586E+4	2.318586E+4	5.755302E-2	3.566699E+2
3.000000E-1	2.778269E+4	2.778269E+4	6.896348E-2	3.570371E+2
3.500000E-1	3.235054E+4	3.235054E+4	8.030200E-2	3.574053E+2
4.000000E-1	3.692152E+4	3.692152E+4	9.164830E-2	3.577734E+2
4.500000E-1	4.150181E+4	4.150181E+4	1.030177E-1	3.581406E+2
5.000000E-1	4.229798E+4	4.229798E+4	1.049940E-1	3.585088E+2
5.000000E-1	4.229798E+4	4.229798E+4	1.049940E-1	3.588770E+2
4.500000E-1	4.172761E+4	4.172761E+4	1.035782E-1	3.592441E+2
4.000000E-1	3.732581E+4	3.732581E+4	9.265184E-2	3.596123E+2
3.500000E-1	3.279472E+4	3.279472E+4	8.140457E-2	3.599805E+2
3.000000E-1	2.820329E+4	2.820329E+4	7.000751E-2	3.603486E+2
2.500000E-1	2.357944E+4	2.357944E+4	5.852996E-2	3.607158E+2
2.000000E-1	1.892168E+4	1.892168E+4	4.696827E-2	3.610840E+2
1.500000E-1	1.422931E+4	1.422931E+4	3.532066E-2	3.614521E+2
1.000000E-1	9.502233E+3	9.502233E+3	2.358688E-2	3.618193E+2
5.000000E-2	4.748429E+3	4.748429E+3	1.178677E-2	3.621875E+2
0.000000E+0	6.739453E+0	-6.739453E+0	-1.672898E-5	3.629268E+2
-5.000000E-2	4.750738E+3	-4.750738E+3	-1.179250E-2	3.636660E+2
-1.000000E-1	9.444088E+3	-9.444088E+3	-2.344255E-2	3.640342E+2
-1.500000E-1	1.410109E+4	-1.410109E+4	-3.500238E-2	3.644014E+2
-2.000000E-1	1.871208E+4	-1.871208E+4	-4.644799E-2	3.647695E+2
-2.500000E-1	2.327798E+4	-2.327798E+4	-5.778167E-2	3.651377E+2
-3.000000E-1	2.776909E+4	-2.776909E+4	-6.892970E-2	3.655059E+2
-3.500000E-1	3.215908E+4	-3.215908E+4	-7.982676E-2	3.658730E+2
-4.000000E-1	3.640460E+4	-3.640460E+4	-9.036519E-2	3.662412E+2
-4.500000E-1	4.048926E+4	-4.048926E+4	-1.005043E-1	3.666094E+2
-5.000000E-1	4.230088E+4	-4.230088E+4	-1.050012E-1	3.669766E+2
-5.000000E-1	4.230088E+4	-4.230088E+4	-1.050012E-1	3.673447E+2
-4.500000E-1	4.007534E+4	-4.007534E+4	-9.947686E-2	3.677129E+2
-4.000000E-1	3.588680E+4	-3.588680E+4	-8.907987E-2	3.680811E+2
-3.500000E-1	3.162372E+4	-3.162372E+4	-7.849786E-2	3.684482E+2
-3.000000E-1	2.724808E+4	-2.724808E+4	-6.763643E-2	3.688164E+2
-2.500000E-1	2.280576E+4	-2.280576E+4	-5.660950E-2	3.691846E+2
-2.000000E-1	1.831738E+4	-1.831738E+4	-4.546824E-2	3.695518E+2
-1.500000E-1	1.378545E+4	-1.378545E+4	-3.421889E-2	3.699199E+2
-1.000000E-1	9.217478E+3	-9.217478E+3	-2.288005E-2	3.702881E+2
-5.000000E-2	4.621512E+3	-4.621512E+3	-1.147173E-2	3.706553E+2
0.000000E+0	8.076637E+0	-8.076637E+0	-2.004820E-5	3.713945E+2
