voltage_8_2_21	absJ_8_2_21	J_8_2_21	current_8_2_21	time_8_2_21	
0.000000E+0	5.840501E-7	5.840501E-7	2.265244E-12	0.000000E+0
5.000000E-2	1.330933E-6	1.330933E-6	5.162037E-12	5.234375E-1
1.000000E-1	3.035852E-6	3.035852E-6	1.177458E-11	1.046875E+0
1.500000E-1	5.015744E-6	5.015744E-6	1.945361E-11	1.570313E+0
2.000000E-1	6.860166E-6	6.860166E-6	2.660722E-11	2.093750E+0
2.500000E-1	9.704164E-6	9.704164E-6	3.763769E-11	2.617188E+0
3.000000E-1	1.202491E-5	1.202491E-5	4.663874E-11	3.140625E+0
3.500000E-1	1.572585E-5	1.572585E-5	6.099285E-11	3.664063E+0
4.000000E-1	1.903193E-5	1.903193E-5	7.381554E-11	4.187500E+0
4.500000E-1	1.904133E-5	1.904133E-5	7.385199E-11	4.710938E+0
5.000000E-1	2.112817E-5	2.112817E-5	8.194581E-11	5.234375E+0
5.000000E-1	2.839444E-5	2.839444E-5	1.101281E-10	5.840820E+0
4.500000E-1	2.014604E-5	2.014604E-5	7.813661E-11	6.735352E+0
4.000000E-1	1.794493E-5	1.794493E-5	6.959958E-11	7.258789E+0
3.500000E-1	1.723383E-5	1.723383E-5	6.684159E-11	7.782227E+0
3.000000E-1	1.047205E-5	1.047205E-5	4.061595E-11	8.305664E+0
2.500000E-1	6.014970E-6	6.014970E-6	2.332912E-11	8.829102E+0
2.000000E-1	5.202269E-6	5.202269E-6	2.017705E-11	9.352539E+0
1.500000E-1	6.435599E-6	6.435599E-6	2.496053E-11	9.875977E+0
1.000000E-1	1.062061E-5	1.062061E-5	4.119215E-11	1.039941E+1
5.000000E-2	6.609186E-6	-6.609186E-6	-2.563379E-11	1.092285E+1
0.000000E+0	2.521651E-6	-2.521651E-6	-9.780246E-12	1.144629E+1
-5.000000E-2	1.311969E-6	-1.311969E-6	-5.088485E-12	1.197070E+1
-1.000000E-1	2.933681E-6	-2.933681E-6	-1.137831E-11	1.249414E+1
-1.500000E-1	4.160578E-6	-4.160578E-6	-1.613684E-11	1.301758E+1
-2.000000E-1	5.621956E-6	-5.621956E-6	-2.180481E-11	1.354102E+1
-2.500000E-1	8.188643E-6	-8.188643E-6	-3.175973E-11	1.406445E+1
-3.000000E-1	8.888850E-6	-8.888850E-6	-3.447549E-11	1.458789E+1
-3.500000E-1	1.127691E-5	-1.127691E-5	-4.373760E-11	1.511133E+1
-4.000000E-1	1.935270E-5	-1.935270E-5	-7.505963E-11	1.588477E+1
-4.500000E-1	1.963545E-5	-1.963545E-5	-7.615628E-11	1.677930E+1
-5.000000E-1	3.557666E-5	-3.557666E-5	-1.379844E-10	1.738574E+1
-5.000000E-1	3.612125E-5	-3.612125E-5	-1.400966E-10	1.757422E+1
-4.500000E-1	2.745269E-5	-2.745269E-5	-1.064755E-10	1.776367E+1
-4.000000E-1	2.034769E-5	-2.034769E-5	-7.891869E-11	1.865820E+1
-3.500000E-1	1.809998E-5	-1.809998E-5	-7.020093E-11	1.918262E+1
-3.000000E-1	1.139299E-5	-1.139299E-5	-4.418783E-11	1.970605E+1
-2.500000E-1	1.065489E-5	-1.065489E-5	-4.132508E-11	2.022949E+1
-2.000000E-1	7.797758E-6	-7.797758E-6	-3.024368E-11	2.075293E+1
-1.500000E-1	4.719607E-6	-4.719607E-6	-1.830504E-11	2.127637E+1
-1.000000E-1	2.564628E-6	-2.564628E-6	-9.946932E-12	2.179980E+1
-5.000000E-2	7.509086E-7	-7.509086E-7	-2.912406E-12	2.232324E+1
0.000000E+0	1.881485E-7	1.881485E-7	7.297357E-13	2.284668E+1
0.000000E+0	2.171063E-7	2.171063E-7	8.420487E-13	2.337012E+1
5.000000E-2	1.382269E-6	1.382269E-6	5.361142E-12	2.389355E+1
1.000000E-1	2.692947E-6	2.692947E-6	1.044462E-11	2.441699E+1
1.500000E-1	4.514180E-6	4.514180E-6	1.750829E-11	2.494043E+1
2.000000E-1	6.773790E-6	6.773790E-6	2.627221E-11	2.546387E+1
2.500000E-1	9.512639E-6	9.512639E-6	3.689486E-11	2.598730E+1
3.000000E-1	1.190335E-5	1.190335E-5	4.616727E-11	2.651074E+1
3.500000E-1	1.630394E-5	1.630394E-5	6.323500E-11	2.703418E+1
4.000000E-1	1.992080E-5	1.992080E-5	7.726302E-11	2.755762E+1
4.500000E-1	2.090426E-5	2.090426E-5	8.107736E-11	2.808105E+1
5.000000E-1	2.260236E-5	2.260236E-5	8.766345E-11	2.860449E+1
5.000000E-1	2.835497E-5	2.835497E-5	1.099750E-10	2.920996E+1
4.500000E-1	2.013917E-5	2.013917E-5	7.810998E-11	3.010547E+1
4.000000E-1	1.560733E-5	1.560733E-5	6.053318E-11	3.062891E+1
3.500000E-1	1.583074E-5	1.583074E-5	6.139968E-11	3.115234E+1
3.000000E-1	1.348298E-5	1.348298E-5	5.229386E-11	3.167578E+1
2.500000E-1	8.387251E-6	8.387251E-6	3.253003E-11	3.219922E+1
2.000000E-1	7.744122E-6	7.744122E-6	3.003565E-11	3.272266E+1
1.500000E-1	5.078822E-6	5.078822E-6	1.969826E-11	3.324609E+1
1.000000E-1	3.434126E-6	3.434126E-6	1.331929E-11	3.376953E+1
5.000000E-2	1.431142E-6	1.431142E-6	5.550699E-12	3.429297E+1
0.000000E+0	3.569464E-7	-3.569464E-7	-1.384420E-12	3.481641E+1
-5.000000E-2	1.366650E-6	-1.366650E-6	-5.300566E-12	3.534082E+1
-1.000000E-1	2.926702E-6	-2.926702E-6	-1.135124E-11	3.586426E+1
-1.500000E-1	5.281923E-6	-5.281923E-6	-2.048599E-11	3.638770E+1
-2.000000E-1	8.254517E-6	-8.254517E-6	-3.201522E-11	3.691113E+1
-2.500000E-1	1.192046E-5	-1.192046E-5	-4.623363E-11	3.743457E+1
-3.000000E-1	1.375205E-5	-1.375205E-5	-5.333745E-11	3.795801E+1
-3.500000E-1	1.953836E-5	-1.953836E-5	-7.577970E-11	3.848145E+1
-4.000000E-1	1.979468E-5	-1.979468E-5	-7.677385E-11	3.900488E+1
-4.500000E-1	2.149946E-5	-2.149946E-5	-8.338584E-11	3.952832E+1
-5.000000E-1	2.766055E-5	-2.766055E-5	-1.072817E-10	4.013379E+1
-5.000000E-1	3.409423E-5	-3.409423E-5	-1.322348E-10	4.032324E+1
-4.500000E-1	2.101593E-5	-2.101593E-5	-8.151047E-11	4.130078E+1
-4.000000E-1	1.942435E-5	-1.942435E-5	-7.533753E-11	4.219629E+1
-3.500000E-1	1.222195E-5	-1.222195E-5	-4.740296E-11	4.271973E+1
-3.000000E-1	1.027498E-5	-1.027498E-5	-3.985162E-11	4.324316E+1
-2.500000E-1	6.793865E-6	-6.793865E-6	-2.635007E-11	4.376660E+1
-2.000000E-1	4.479685E-6	-4.479685E-6	-1.737450E-11	4.429004E+1
-1.500000E-1	2.876708E-6	-2.876708E-6	-1.115734E-11	4.481348E+1
-1.000000E-1	1.797084E-6	-1.797084E-6	-6.970008E-12	4.533691E+1
-5.000000E-2	7.320341E-7	-7.320341E-7	-2.839201E-12	4.586035E+1
0.000000E+0	2.161187E-7	2.161187E-7	8.382184E-13	4.638379E+1
0.000000E+0	2.564227E-7	2.564227E-7	9.945378E-13	4.690723E+1
5.000000E-2	1.084973E-6	1.084973E-6	4.208078E-12	4.743066E+1
1.000000E-1	2.291320E-6	2.291320E-6	8.886905E-12	4.795410E+1
1.500000E-1	3.296315E-6	3.296315E-6	1.278479E-11	4.847754E+1
2.000000E-1	5.272760E-6	5.272760E-6	2.045045E-11	4.900098E+1
2.500000E-1	5.719256E-6	5.719256E-6	2.218219E-11	4.952441E+1
3.000000E-1	7.646669E-6	7.646669E-6	2.965768E-11	5.004785E+1
3.500000E-1	1.033867E-5	1.033867E-5	4.009864E-11	5.057129E+1
4.000000E-1	4.452159E-5	4.452159E-5	1.726774E-10	5.151172E+1
4.500000E-1	4.522954E-5	4.522954E-5	1.754232E-10	5.170020E+1
5.000000E-1	4.531367E-5	4.531367E-5	1.757495E-10	5.188965E+1
5.000000E-1	3.947289E-5	3.947289E-5	1.530960E-10	5.207813E+1
4.500000E-1	3.342745E-5	3.342745E-5	1.296487E-10	5.226660E+1
4.000000E-1	2.827751E-5	2.827751E-5	1.096746E-10	5.245508E+1
3.500000E-1	1.304963E-5	1.304963E-5	5.061311E-11	5.335059E+1
3.000000E-1	8.183850E-6	8.183850E-6	3.174114E-11	5.387402E+1
2.500000E-1	5.483140E-6	5.483140E-6	2.126641E-11	5.439746E+1
2.000000E-1	4.464623E-6	4.464623E-6	1.731608E-11	5.492090E+1
1.500000E-1	2.212504E-6	2.212504E-6	8.581219E-12	5.544434E+1
1.000000E-1	1.086608E-6	1.086608E-6	4.214420E-12	5.596777E+1
5.000000E-2	1.580887E-7	-1.580887E-7	-6.131484E-13	5.649121E+1
0.000000E+0	1.269476E-6	-1.269476E-6	-4.923673E-12	5.701465E+1
-5.000000E-2	1.974706E-6	-1.974706E-6	-7.658915E-12	5.753906E+1
-1.000000E-1	3.924913E-6	-3.924913E-6	-1.522281E-11	5.806250E+1
-1.500000E-1	4.506407E-6	-4.506407E-6	-1.747814E-11	5.858594E+1
-2.000000E-1	5.528105E-6	-5.528105E-6	-2.144081E-11	5.910938E+1
-2.500000E-1	6.830570E-6	-6.830570E-6	-2.649243E-11	5.963281E+1
-3.000000E-1	8.097964E-6	-8.097964E-6	-3.140803E-11	6.015625E+1
-3.500000E-1	8.772447E-6	-8.772447E-6	-3.402402E-11	6.067969E+1
-4.000000E-1	9.855423E-6	-9.855423E-6	-3.822435E-11	6.120312E+1
-4.500000E-1	1.335083E-5	-1.335083E-5	-5.178133E-11	6.172656E+1
-5.000000E-1	1.599968E-5	-1.599968E-5	-6.205492E-11	6.225000E+1
-5.000000E-1	1.589831E-5	-1.589831E-5	-6.166173E-11	6.277344E+1
-4.500000E-1	1.363223E-5	-1.363223E-5	-5.287275E-11	6.329688E+1
-4.000000E-1	1.392579E-5	-1.392579E-5	-5.401130E-11	6.382031E+1
-3.500000E-1	1.194914E-5	-1.194914E-5	-4.634486E-11	6.434375E+1
-3.000000E-1	9.524783E-6	-9.524783E-6	-3.694196E-11	6.486719E+1
-2.500000E-1	6.192627E-6	-6.192627E-6	-2.401816E-11	6.539063E+1
-2.000000E-1	2.285641E-6	-2.285641E-6	-8.864881E-12	6.591406E+1
-1.500000E-1	2.995860E-6	-2.995860E-6	-1.161947E-11	6.643750E+1
-1.000000E-1	1.402020E-6	-1.402020E-6	-5.437747E-12	6.696094E+1
-5.000000E-2	4.079776E-7	-4.079776E-7	-1.582345E-12	6.748437E+1
0.000000E+0	1.754533E-7	-1.754533E-7	-6.804973E-13	6.800781E+1
0.000000E+0	3.719388E-7	-3.719388E-7	-1.442568E-12	6.853125E+1
5.000000E-2	6.271234E-7	6.271234E-7	2.432304E-12	6.905469E+1
1.000000E-1	1.378680E-6	1.378680E-6	5.347223E-12	6.957813E+1
1.500000E-1	2.424587E-6	2.424587E-6	9.403783E-12	7.010156E+1
2.000000E-1	3.685529E-6	3.685529E-6	1.429436E-11	7.062500E+1
2.500000E-1	5.322173E-6	5.322173E-6	2.064210E-11	7.114844E+1
3.000000E-1	7.353585E-6	7.353585E-6	2.852095E-11	7.167187E+1
3.500000E-1	8.825496E-6	8.825496E-6	3.422977E-11	7.219531E+1
4.000000E-1	1.164112E-5	1.164112E-5	4.515021E-11	7.271875E+1
4.500000E-1	1.398977E-5	1.398977E-5	5.425947E-11	7.324219E+1
5.000000E-1	1.749530E-5	1.749530E-5	6.785570E-11	7.376563E+1
5.000000E-1	1.707082E-5	1.707082E-5	6.620934E-11	7.428906E+1
4.500000E-1	1.189494E-5	1.189494E-5	4.613462E-11	7.481250E+1
4.000000E-1	9.560910E-6	9.560910E-6	3.708208E-11	7.533594E+1
3.500000E-1	3.084064E-6	3.084064E-6	1.196157E-11	7.585938E+1
3.000000E-1	8.418022E-6	8.418022E-6	3.264938E-11	7.638281E+1
2.500000E-1	9.578579E-6	9.578579E-6	3.715061E-11	7.690625E+1
2.000000E-1	2.566163E-6	2.566163E-6	9.952886E-12	7.742969E+1
1.500000E-1	9.446498E-7	9.446498E-7	3.663833E-12	7.795313E+1
1.000000E-1	6.620781E-7	-6.620781E-7	-2.567876E-12	7.847656E+1
5.000000E-2	9.091046E-7	9.091046E-7	3.525971E-12	7.900000E+1
0.000000E+0	1.174777E-6	1.174777E-6	4.556383E-12	7.952344E+1
-5.000000E-2	8.225356E-7	-8.225356E-7	-3.190212E-12	8.004687E+1
-1.000000E-1	1.654020E-6	-1.654020E-6	-6.415132E-12	8.057031E+1
-1.500000E-1	2.189869E-6	-2.189869E-6	-8.493428E-12	8.109375E+1
-2.000000E-1	3.421033E-6	-3.421033E-6	-1.326851E-11	8.161719E+1
-2.500000E-1	4.456939E-6	-4.456939E-6	-1.728628E-11	8.214063E+1
-3.000000E-1	6.194470E-6	-6.194470E-6	-2.402531E-11	8.266406E+1
-3.500000E-1	7.665040E-6	-7.665040E-6	-2.972893E-11	8.318750E+1
-4.000000E-1	1.005313E-5	-1.005313E-5	-3.899117E-11	8.371094E+1
-4.500000E-1	1.448101E-5	-1.448101E-5	-5.616474E-11	8.423438E+1
-5.000000E-1	1.875078E-5	-1.875078E-5	-7.272506E-11	8.475781E+1
-5.000000E-1	1.338794E-5	-1.338794E-5	-5.192524E-11	8.536426E+1
-4.500000E-1	1.634935E-5	-1.634935E-5	-6.341112E-11	8.625879E+1
-4.000000E-1	1.239056E-5	-1.239056E-5	-4.805691E-11	8.678320E+1
-3.500000E-1	1.042578E-5	-1.042578E-5	-4.043650E-11	8.730664E+1
-3.000000E-1	8.517752E-6	-8.517752E-6	-3.303618E-11	8.783008E+1
-2.500000E-1	5.416761E-6	-5.416761E-6	-2.100896E-11	8.835352E+1
-2.000000E-1	3.793702E-6	-3.793702E-6	-1.471391E-11	8.887695E+1
-1.500000E-1	1.997402E-6	-1.997402E-6	-7.746942E-12	8.940039E+1
-1.000000E-1	5.631859E-7	-5.631859E-7	-2.184322E-12	8.992383E+1
-5.000000E-2	6.629619E-7	-6.629619E-7	-2.571304E-12	9.044727E+1
0.000000E+0	3.083484E-7	-3.083484E-7	-1.195932E-12	9.097070E+1
0.000000E+0	1.474223E-7	1.474223E-7	5.717787E-13	9.149414E+1
5.000000E-2	5.524267E-7	5.524267E-7	2.142592E-12	9.201758E+1
1.000000E-1	1.281544E-6	1.281544E-6	4.970482E-12	9.254102E+1
1.500000E-1	2.013486E-6	2.013486E-6	7.809323E-12	9.306445E+1
2.000000E-1	2.891693E-6	2.891693E-6	1.121546E-11	9.358789E+1
2.500000E-1	3.803087E-6	3.803087E-6	1.475031E-11	9.411133E+1
3.000000E-1	5.410122E-6	5.410122E-6	2.098321E-11	9.463477E+1
3.500000E-1	7.129695E-6	7.129695E-6	2.765259E-11	9.515820E+1
4.000000E-1	8.983451E-6	8.983451E-6	3.484240E-11	9.568164E+1
4.500000E-1	1.118178E-5	1.118178E-5	4.336863E-11	9.620508E+1
5.000000E-1	1.504359E-5	1.504359E-5	5.834672E-11	9.672852E+1
5.000000E-1	1.579353E-5	1.579353E-5	6.125534E-11	9.725195E+1
4.500000E-1	1.083158E-5	1.083158E-5	4.201040E-11	9.777539E+1
4.000000E-1	8.602799E-6	8.602799E-6	3.336604E-11	9.829883E+1
3.500000E-1	6.500753E-6	6.500753E-6	2.521323E-11	9.882227E+1
3.000000E-1	4.545370E-6	4.545370E-6	1.762926E-11	9.934570E+1
2.500000E-1	3.414961E-6	3.414961E-6	1.324496E-11	9.986914E+1
2.000000E-1	2.171735E-6	2.171735E-6	8.423096E-12	1.003926E+2
1.500000E-1	1.411849E-6	1.411849E-6	5.475870E-12	1.009160E+2
1.000000E-1	1.290998E-6	1.290998E-6	5.007147E-12	1.014395E+2
5.000000E-2	6.262040E-7	6.262040E-7	2.428738E-12	1.019629E+2
0.000000E+0	2.089446E-7	-2.089446E-7	-8.103934E-13	1.024863E+2
-5.000000E-2	1.082815E-6	-1.082815E-6	-4.199710E-12	1.030098E+2
-1.000000E-1	1.799550E-6	-1.799550E-6	-6.979570E-12	1.035332E+2
-1.500000E-1	2.962192E-6	-2.962192E-6	-1.148889E-11	1.040566E+2
-2.000000E-1	3.076522E-6	-3.076522E-6	-1.193232E-11	1.045801E+2
-2.500000E-1	4.200570E-6	-4.200570E-6	-1.629195E-11	1.051035E+2
-3.000000E-1	6.697104E-6	-6.697104E-6	-2.597478E-11	1.056270E+2
-3.500000E-1	7.279539E-6	-7.279539E-6	-2.823376E-11	1.061504E+2
-4.000000E-1	9.428764E-6	-9.428764E-6	-3.656955E-11	1.066738E+2
-4.500000E-1	1.047590E-5	-1.047590E-5	-4.063089E-11	1.071973E+2
-5.000000E-1	1.243782E-5	-1.243782E-5	-4.824020E-11	1.077207E+2
-5.000000E-1	1.049301E-5	-1.049301E-5	-4.069724E-11	1.082441E+2
-4.500000E-1	6.265657E-6	-6.265657E-6	-2.430141E-11	1.087676E+2
-4.000000E-1	6.325809E-6	-6.325809E-6	-2.453471E-11	1.092910E+2
-3.500000E-1	5.616704E-6	-5.616704E-6	-2.178444E-11	1.098145E+2
-3.000000E-1	5.780226E-6	-5.780226E-6	-2.241866E-11	1.103379E+2
-2.500000E-1	4.719525E-6	-4.719525E-6	-1.830472E-11	1.108613E+2
-2.000000E-1	3.044118E-6	-3.044118E-6	-1.180664E-11	1.113848E+2
-1.500000E-1	2.010022E-6	-2.010022E-6	-7.795889E-12	1.119082E+2
-1.000000E-1	1.105211E-6	-1.105211E-6	-4.286571E-12	1.124316E+2
-5.000000E-2	4.290563E-7	-4.290563E-7	-1.664099E-12	1.129551E+2
0.000000E+0	6.094976E-8	6.094976E-8	2.363942E-13	1.134785E+2
0.000000E+0	8.243641E-8	-8.243641E-8	-3.197304E-13	1.140029E+2
5.000000E-2	2.756337E-7	2.756337E-7	1.069048E-12	1.145264E+2
1.000000E-1	7.372905E-7	7.372905E-7	2.859588E-12	1.150498E+2
1.500000E-1	1.175049E-6	1.175049E-6	4.557438E-12	1.155732E+2
2.000000E-1	1.699866E-6	1.699866E-6	6.592948E-12	1.160967E+2
2.500000E-1	1.823111E-6	1.823111E-6	7.070955E-12	1.166201E+2
3.000000E-1	2.412564E-6	2.412564E-6	9.357154E-12	1.171436E+2
3.500000E-1	5.481090E-6	5.481090E-6	2.125846E-11	1.176670E+2
4.000000E-1	8.594753E-6	8.594753E-6	3.333483E-11	1.181904E+2
4.500000E-1	1.234873E-5	1.234873E-5	4.789467E-11	1.187139E+2
5.000000E-1	1.548989E-5	1.548989E-5	6.007770E-11	1.192373E+2
5.000000E-1	1.449838E-5	1.449838E-5	5.623212E-11	1.197607E+2
4.500000E-1	1.399621E-5	1.399621E-5	5.428445E-11	1.202842E+2
4.000000E-1	9.379533E-6	9.379533E-6	3.637861E-11	1.208076E+2
3.500000E-1	8.804256E-6	8.804256E-6	3.414739E-11	1.213311E+2
3.000000E-1	6.078258E-6	6.078258E-6	2.357458E-11	1.218545E+2
2.500000E-1	5.300959E-6	5.300959E-6	2.055982E-11	1.223779E+2
2.000000E-1	3.407257E-6	3.407257E-6	1.321508E-11	1.229014E+2
1.500000E-1	1.631943E-6	1.631943E-6	6.329506E-12	1.234248E+2
1.000000E-1	9.511690E-7	9.511690E-7	3.689118E-12	1.239482E+2
5.000000E-2	9.594882E-7	9.594882E-7	3.721384E-12	1.244717E+2
0.000000E+0	7.248635E-7	-7.248635E-7	-2.811390E-12	1.249951E+2
-5.000000E-2	4.097239E-7	-4.097239E-7	-1.589118E-12	1.255186E+2
-1.000000E-1	1.206547E-6	-1.206547E-6	-4.679604E-12	1.260420E+2
-1.500000E-1	2.659272E-6	-2.659272E-6	-1.031401E-11	1.265654E+2
-2.000000E-1	3.023963E-6	-3.023963E-6	-1.172847E-11	1.270889E+2
-2.500000E-1	3.057755E-6	-3.057755E-6	-1.185953E-11	1.276123E+2
-3.000000E-1	4.376163E-6	-4.376163E-6	-1.697299E-11	1.281357E+2
-3.500000E-1	4.769833E-6	-4.769833E-6	-1.849984E-11	1.286592E+2
-4.000000E-1	8.177910E-6	-8.177910E-6	-3.171810E-11	1.291826E+2
-4.500000E-1	8.878331E-6	-8.878331E-6	-3.443469E-11	1.297061E+2
-5.000000E-1	1.168926E-5	-1.168926E-5	-4.533690E-11	1.302295E+2
-5.000000E-1	1.275769E-5	-1.275769E-5	-4.948084E-11	1.307529E+2
-4.500000E-1	1.027226E-5	-1.027226E-5	-3.984106E-11	1.312764E+2
-4.000000E-1	8.859664E-6	-8.859664E-6	-3.436229E-11	1.317998E+2
-3.500000E-1	6.836843E-6	-6.836843E-6	-2.651676E-11	1.323232E+2
-3.000000E-1	4.839367E-6	-4.839367E-6	-1.876953E-11	1.328467E+2
-2.500000E-1	3.850616E-6	-3.850616E-6	-1.493465E-11	1.333701E+2
-2.000000E-1	2.603049E-6	-2.603049E-6	-1.009595E-11	1.338936E+2
-1.500000E-1	1.726033E-6	-1.726033E-6	-6.694437E-12	1.344170E+2
-1.000000E-1	1.046029E-6	-1.046029E-6	-4.057032E-12	1.349404E+2
-5.000000E-2	6.703258E-7	-6.703258E-7	-2.599865E-12	1.354639E+2
0.000000E+0	1.710343E-8	1.710343E-8	6.633583E-14	1.359873E+2
0.000000E+0	1.364589E-7	1.364589E-7	5.292572E-13	1.365117E+2
5.000000E-2	7.225056E-7	7.225056E-7	2.802245E-12	1.370352E+2
1.000000E-1	1.324797E-6	1.324797E-6	5.138237E-12	1.375586E+2
1.500000E-1	2.209499E-6	2.209499E-6	8.569562E-12	1.380820E+2
2.000000E-1	3.232780E-6	3.232780E-6	1.253837E-11	1.386055E+2
2.500000E-1	4.508892E-6	4.508892E-6	1.748778E-11	1.391289E+2
3.000000E-1	6.478520E-6	6.478520E-6	2.512700E-11	1.396523E+2
3.500000E-1	8.225763E-6	8.225763E-6	3.190370E-11	1.401758E+2
4.000000E-1	9.188373E-6	9.188373E-6	3.563719E-11	1.406992E+2
4.500000E-1	1.174713E-5	1.174713E-5	4.556135E-11	1.412227E+2
5.000000E-1	1.486663E-5	1.486663E-5	5.766038E-11	1.417461E+2
5.000000E-1	7.526167E-6	7.526167E-6	2.919031E-11	1.422695E+2
4.500000E-1	7.929791E-6	7.929791E-6	3.075577E-11	1.427930E+2
4.000000E-1	9.620387E-6	9.620387E-6	3.731276E-11	1.433164E+2
3.500000E-1	7.669129E-6	7.669129E-6	2.974479E-11	1.438398E+2
3.000000E-1	8.539175E-6	8.539175E-6	3.311927E-11	1.443633E+2
2.500000E-1	5.384677E-6	5.384677E-6	2.088452E-11	1.448867E+2
2.000000E-1	3.701814E-6	3.701814E-6	1.435752E-11	1.454102E+2
1.500000E-1	1.918680E-6	1.918680E-6	7.441617E-12	1.459336E+2
1.000000E-1	7.604695E-7	7.604695E-7	2.949488E-12	1.464570E+2
5.000000E-2	2.064971E-7	2.064971E-7	8.009010E-13	1.469805E+2
0.000000E+0	2.619831E-7	-2.619831E-7	-1.016104E-12	1.475039E+2
-5.000000E-2	7.959037E-7	-7.959037E-7	-3.086920E-12	1.480273E+2
-1.000000E-1	1.508169E-6	-1.508169E-6	-5.849446E-12	1.485508E+2
-1.500000E-1	2.180158E-6	-2.180158E-6	-8.455764E-12	1.490742E+2
-2.000000E-1	2.903982E-6	-2.903982E-6	-1.126312E-11	1.495977E+2
-2.500000E-1	4.102406E-6	-4.102406E-6	-1.591122E-11	1.501211E+2
-3.000000E-1	6.171856E-6	-6.171856E-6	-2.393760E-11	1.506445E+2
-3.500000E-1	7.675369E-6	-7.675369E-6	-2.976899E-11	1.511680E+2
-4.000000E-1	1.020475E-5	-1.020475E-5	-3.957923E-11	1.516914E+2
-4.500000E-1	1.210846E-5	-1.210846E-5	-4.696277E-11	1.522148E+2
-5.000000E-1	1.349217E-5	-1.349217E-5	-5.232950E-11	1.527383E+2
-5.000000E-1	1.469323E-5	-1.469323E-5	-5.698783E-11	1.532617E+2
-4.500000E-1	1.182974E-5	-1.182974E-5	-4.588177E-11	1.537852E+2
-4.000000E-1	8.785772E-6	-8.785772E-6	-3.407570E-11	1.543086E+2
-3.500000E-1	8.145400E-6	-8.145400E-6	-3.159201E-11	1.548320E+2
-3.000000E-1	4.359554E-6	-4.359554E-6	-1.690857E-11	1.553555E+2
-2.500000E-1	3.468830E-6	-3.468830E-6	-1.345389E-11	1.558789E+2
-2.000000E-1	2.233551E-6	-2.233551E-6	-8.662848E-12	1.564023E+2
-1.500000E-1	7.623158E-7	-7.623158E-7	-2.956649E-12	1.569258E+2
-1.000000E-1	8.404476E-7	-8.404476E-7	-3.259684E-12	1.574492E+2
-5.000000E-2	9.088613E-7	9.088613E-7	3.525027E-12	1.579727E+2
0.000000E+0	2.075849E-6	2.075849E-6	8.051199E-12	1.584961E+2
0.000000E+0	1.046802E-6	1.046802E-6	4.060030E-12	1.590205E+2
5.000000E-2	9.617960E-7	9.617960E-7	3.730335E-12	1.595439E+2
1.000000E-1	9.194024E-7	9.194024E-7	3.565911E-12	1.600674E+2
1.500000E-1	1.510094E-6	1.510094E-6	5.856912E-12	1.605908E+2
2.000000E-1	2.442302E-6	2.442302E-6	9.472492E-12	1.611143E+2
2.500000E-1	3.644565E-6	3.644565E-6	1.413548E-11	1.616377E+2
3.000000E-1	4.195024E-6	4.195024E-6	1.627044E-11	1.621611E+2
3.500000E-1	5.678627E-6	5.678627E-6	2.202461E-11	1.626846E+2
4.000000E-1	7.344432E-6	7.344432E-6	2.848545E-11	1.632080E+2
4.500000E-1	8.295159E-6	8.295159E-6	3.217285E-11	1.637314E+2
5.000000E-1	1.093168E-5	1.093168E-5	4.239863E-11	1.642549E+2
5.000000E-1	9.712396E-6	9.712396E-6	3.766962E-11	1.647783E+2
4.500000E-1	7.282377E-6	7.282377E-6	2.824477E-11	1.653018E+2
4.000000E-1	2.435518E-6	2.435518E-6	9.446180E-12	1.658252E+2
3.500000E-1	7.233794E-6	-7.233794E-6	-2.805634E-11	1.663486E+2
3.000000E-1	1.238539E-5	-1.238539E-5	-4.803685E-11	1.668721E+2
2.500000E-1	1.463872E-5	-1.463872E-5	-5.677642E-11	1.673955E+2
2.000000E-1	3.591836E-6	-3.591836E-6	-1.393097E-11	1.679189E+2
1.500000E-1	6.288826E-6	6.288826E-6	2.439127E-11	1.684424E+2
1.000000E-1	2.970698E-6	2.970698E-6	1.152188E-11	1.689658E+2
5.000000E-2	9.631620E-6	9.631620E-6	3.735633E-11	1.694893E+2
0.000000E+0	1.413925E-5	1.413925E-5	5.483921E-11	1.700127E+2
-5.000000E-2	6.564176E-7	6.564176E-7	2.545922E-12	1.705361E+2
-1.000000E-1	4.903979E-6	-4.903979E-6	-1.902013E-11	1.710596E+2
-1.500000E-1	6.197494E-6	-6.197494E-6	-2.403704E-11	1.715830E+2
-2.000000E-1	4.977170E-7	-4.977170E-7	-1.930400E-12	1.721064E+2
-2.500000E-1	1.286829E-6	1.286829E-6	4.990980E-12	1.726299E+2
-3.000000E-1	2.184305E-6	-2.184305E-6	-8.471848E-12	1.731533E+2
-3.500000E-1	5.324737E-6	-5.324737E-6	-2.065204E-11	1.736768E+2
-4.000000E-1	7.332085E-6	-7.332085E-6	-2.843756E-11	1.742002E+2
-4.500000E-1	9.095580E-6	-9.095580E-6	-3.527729E-11	1.747236E+2
-5.000000E-1	1.066205E-5	-1.066205E-5	-4.135287E-11	1.752471E+2
-5.000000E-1	1.029440E-5	-1.029440E-5	-3.992691E-11	1.757705E+2
-4.500000E-1	7.689217E-6	-7.689217E-6	-2.982270E-11	1.762939E+2
-4.000000E-1	5.953803E-6	-5.953803E-6	-2.309188E-11	1.768174E+2
-3.500000E-1	5.277478E-6	-5.277478E-6	-2.046875E-11	1.773408E+2
-3.000000E-1	4.623629E-6	-4.623629E-6	-1.793279E-11	1.778643E+2
-2.500000E-1	3.259041E-6	-3.259041E-6	-1.264022E-11	1.783877E+2
-2.000000E-1	1.765210E-6	-1.765210E-6	-6.846385E-12	1.789111E+2
-1.500000E-1	1.240024E-6	-1.240024E-6	-4.809445E-12	1.794346E+2
-1.000000E-1	1.179278E-7	1.179278E-7	4.573841E-13	1.799580E+2
-5.000000E-2	1.887711E-7	-1.887711E-7	-7.321505E-13	1.804814E+2
0.000000E+0	9.195813E-7	9.195813E-7	3.566605E-12	1.810049E+2
0.000000E+0	7.873269E-7	-7.873269E-7	-3.053655E-12	1.815293E+2
5.000000E-2	1.156324E-6	-1.156324E-6	-4.484815E-12	1.820527E+2
1.000000E-1	7.432371E-7	7.432371E-7	2.882652E-12	1.825762E+2
1.500000E-1	4.164765E-6	4.164765E-6	1.615308E-11	1.830996E+2
2.000000E-1	1.093627E-5	1.093627E-5	4.241644E-11	1.836230E+2
2.500000E-1	3.849144E-6	3.849144E-6	1.492894E-11	1.841465E+2
3.000000E-1	3.104909E-6	3.104909E-6	1.204242E-11	1.846699E+2
3.500000E-1	4.366685E-6	4.366685E-6	1.693623E-11	1.851934E+2
4.000000E-1	6.451115E-6	6.451115E-6	2.502071E-11	1.857168E+2
4.500000E-1	8.754654E-6	8.754654E-6	3.395501E-11	1.862402E+2
5.000000E-1	1.116276E-5	1.116276E-5	4.329487E-11	1.867637E+2
5.000000E-1	9.751199E-6	9.751199E-6	3.782012E-11	1.872871E+2
4.500000E-1	6.239212E-6	6.239212E-6	2.419884E-11	1.878105E+2
4.000000E-1	5.508459E-6	5.508459E-6	2.136461E-11	1.883340E+2
3.500000E-1	5.874574E-6	5.874574E-6	2.278459E-11	1.888574E+2
3.000000E-1	3.900924E-6	3.900924E-6	1.512977E-11	1.893809E+2
2.500000E-1	2.657480E-6	2.657480E-6	1.030706E-11	1.899043E+2
2.000000E-1	1.138580E-6	1.138580E-6	4.415995E-12	1.904277E+2
1.500000E-1	6.131866E-7	6.131866E-7	2.378250E-12	1.909512E+2
1.000000E-1	2.188381E-7	2.188381E-7	8.487655E-13	1.914746E+2
5.000000E-2	7.977247E-7	7.977247E-7	3.093983E-12	1.919980E+2
0.000000E+0	5.089014E-6	-5.089014E-6	-1.973779E-11	1.925215E+2
-5.000000E-2	9.185854E-6	-9.185854E-6	-3.562742E-11	1.930449E+2
-1.000000E-1	4.418419E-6	-4.418419E-6	-1.713688E-11	1.935684E+2
-1.500000E-1	2.054521E-5	2.054521E-5	7.968481E-11	1.943418E+2
-2.000000E-1	1.035911E-5	1.035911E-5	4.017790E-11	1.952373E+2
-2.500000E-1	7.493629E-7	7.493629E-7	2.906411E-12	1.957607E+2
-3.000000E-1	2.545871E-7	2.545871E-7	9.874185E-13	1.962842E+2
-3.500000E-1	3.586295E-6	-3.586295E-6	-1.390948E-11	1.968076E+2
-4.000000E-1	6.392383E-6	-6.392383E-6	-2.479292E-11	1.973311E+2
-4.500000E-1	1.073835E-5	-1.073835E-5	-4.164881E-11	1.978545E+2
-5.000000E-1	1.633033E-5	-1.633033E-5	-6.333735E-11	1.983779E+2
-5.000000E-1	9.620446E-6	-9.620446E-6	-3.731299E-11	1.989014E+2
-4.500000E-1	6.015370E-6	-6.015370E-6	-2.333067E-11	1.994248E+2
-4.000000E-1	7.222293E-6	-7.222293E-6	-2.801173E-11	1.999482E+2
-3.500000E-1	7.515596E-6	-7.515596E-6	-2.914931E-11	2.004717E+2
-3.000000E-1	7.149600E-6	-7.149600E-6	-2.772979E-11	2.009951E+2
-2.500000E-1	1.106767E-5	-1.106767E-5	-4.292608E-11	2.015186E+2
-2.000000E-1	1.014444E-5	-1.014444E-5	-3.934530E-11	2.020420E+2
-1.500000E-1	4.207859E-6	-4.207859E-6	-1.632022E-11	2.025654E+2
-1.000000E-1	8.050778E-7	-8.050778E-7	-3.122502E-12	2.030889E+2
-5.000000E-2	5.868484E-6	5.868484E-6	2.276097E-11	2.036123E+2
0.000000E+0	9.092488E-6	9.092488E-6	3.526530E-11	2.041357E+2
0.000000E+0	2.930368E-6	2.930368E-6	1.136546E-11	2.046602E+2
5.000000E-2	1.293241E-6	1.293241E-6	5.015849E-12	2.051836E+2
1.000000E-1	9.093981E-7	9.093981E-7	3.527109E-12	2.057070E+2
1.500000E-1	1.417513E-6	1.417513E-6	5.497838E-12	2.062305E+2
2.000000E-1	2.166014E-6	2.166014E-6	8.400905E-12	2.067539E+2
2.500000E-1	2.995620E-6	2.995620E-6	1.161854E-11	2.072773E+2
3.000000E-1	4.280296E-6	4.280296E-6	1.660117E-11	2.078008E+2
3.500000E-1	5.628453E-6	5.628453E-6	2.183001E-11	2.083242E+2
4.000000E-1	7.665937E-6	7.665937E-6	2.973241E-11	2.088477E+2
4.500000E-1	9.821526E-6	9.821526E-6	3.809288E-11	2.093711E+2
5.000000E-1	1.328613E-5	1.328613E-5	5.153038E-11	2.098945E+2
5.000000E-1	1.530560E-5	1.530560E-5	5.936290E-11	2.104180E+2
4.500000E-1	1.436701E-5	1.436701E-5	5.572259E-11	2.109414E+2
4.000000E-1	9.816072E-6	9.816072E-6	3.807173E-11	2.114648E+2
3.500000E-1	6.121663E-6	6.121663E-6	2.374293E-11	2.119883E+2
3.000000E-1	4.321696E-6	4.321696E-6	1.676174E-11	2.125117E+2
2.500000E-1	3.748569E-6	3.748569E-6	1.453886E-11	2.130352E+2
2.000000E-1	2.673019E-6	2.673019E-6	1.036733E-11	2.135586E+2
1.500000E-1	1.687164E-6	1.687164E-6	6.543682E-12	2.140820E+2
1.000000E-1	6.798973E-7	6.798973E-7	2.636988E-12	2.146055E+2
5.000000E-2	1.537806E-7	1.537806E-7	5.964396E-13	2.151289E+2
0.000000E+0	7.220403E-7	-7.220403E-7	-2.800440E-12	2.156523E+2
-5.000000E-2	1.098663E-6	-1.098663E-6	-4.261175E-12	2.161758E+2
-1.000000E-1	3.139603E-6	-3.139603E-6	-1.217698E-11	2.166992E+2
-1.500000E-1	4.355668E-6	-4.355668E-6	-1.689350E-11	2.172227E+2
-2.000000E-1	8.821964E-6	-8.821964E-6	-3.421607E-11	2.177461E+2
-2.500000E-1	8.827839E-6	-8.827839E-6	-3.423886E-11	2.182695E+2
-3.000000E-1	7.770075E-6	-7.770075E-6	-3.013631E-11	2.187930E+2
-3.500000E-1	4.731740E-6	-4.731740E-6	-1.835210E-11	2.193994E+2
-4.000000E-1	9.476089E-6	-9.476089E-6	-3.675310E-11	2.202939E+2
-4.500000E-1	1.154683E-5	-1.154683E-5	-4.478450E-11	2.208184E+2
-5.000000E-1	1.429624E-5	-1.429624E-5	-5.544810E-11	2.213418E+2
-5.000000E-1	1.058472E-5	-1.058472E-5	-4.105295E-11	2.218652E+2
-4.500000E-1	9.808139E-6	-9.808139E-6	-3.804096E-11	2.223887E+2
-4.000000E-1	8.070982E-6	-8.070982E-6	-3.130338E-11	2.229121E+2
-3.500000E-1	5.611844E-6	-5.611844E-6	-2.176559E-11	2.234355E+2
-3.000000E-1	3.931827E-6	-3.931827E-6	-1.524963E-11	2.239590E+2
-2.500000E-1	3.696025E-6	-3.696025E-6	-1.433507E-11	2.244824E+2
-2.000000E-1	7.263989E-6	-7.263989E-6	-2.817345E-11	2.250059E+2
-1.500000E-1	6.086245E-7	6.086245E-7	2.360556E-12	2.255293E+2
-1.000000E-1	7.005501E-7	-7.005501E-7	-2.717090E-12	2.260527E+2
-5.000000E-2	4.107601E-6	4.107601E-6	1.593137E-11	2.265762E+2
0.000000E+0	5.020037E-7	-5.020037E-7	-1.947026E-12	2.270996E+2
0.000000E+0	3.623554E-6	-3.623554E-6	-1.405399E-11	2.276230E+2
5.000000E-2	8.506536E-6	8.506536E-6	3.299268E-11	2.281465E+2
1.000000E-1	5.483367E-7	5.483367E-7	2.126729E-12	2.286699E+2
1.500000E-1	9.408212E-7	-9.408212E-7	-3.648984E-12	2.291934E+2
2.000000E-1	5.800388E-6	5.800388E-6	2.249686E-11	2.297168E+2
2.500000E-1	1.142534E-6	-1.142534E-6	-4.431330E-12	2.302402E+2
3.000000E-1	5.035349E-6	5.035349E-6	1.952965E-11	2.307637E+2
3.500000E-1	1.169440E-5	1.169440E-5	4.535684E-11	2.312871E+2
4.000000E-1	7.589787E-6	7.589787E-6	2.943706E-11	2.318105E+2
4.500000E-1	9.364662E-6	9.364662E-6	3.632093E-11	2.323340E+2
5.000000E-1	1.208765E-5	1.208765E-5	4.688206E-11	2.328574E+2
5.000000E-1	1.169053E-5	1.169053E-5	4.534185E-11	2.333809E+2
4.500000E-1	1.021633E-5	1.021633E-5	3.962415E-11	2.339043E+2
4.000000E-1	7.012418E-6	7.012418E-6	2.719773E-11	2.344277E+2
3.500000E-1	5.943178E-6	5.943178E-6	2.305067E-11	2.349512E+2
3.000000E-1	4.551609E-6	4.551609E-6	1.765346E-11	2.354746E+2
2.500000E-1	2.940426E-6	2.940426E-6	1.140447E-11	2.359980E+2
2.000000E-1	1.808413E-6	1.808413E-6	7.013945E-12	2.365215E+2
1.500000E-1	9.729098E-7	9.729098E-7	3.773440E-12	2.370449E+2
1.000000E-1	5.910201E-7	5.910201E-7	2.292277E-12	2.375684E+2
5.000000E-2	1.521740E-7	1.521740E-7	5.902084E-13	2.380918E+2
0.000000E+0	1.258927E-7	-1.258927E-7	-4.882761E-13	2.386152E+2
-5.000000E-2	4.728061E-7	-4.728061E-7	-1.833783E-12	2.391396E+2
-1.000000E-1	1.059339E-6	-1.059339E-6	-4.108658E-12	2.396631E+2
-1.500000E-1	1.702042E-6	-1.702042E-6	-6.601386E-12	2.401865E+2
-2.000000E-1	2.559439E-6	-2.559439E-6	-9.926809E-12	2.407100E+2
-2.500000E-1	3.095622E-6	-3.095622E-6	-1.200640E-11	2.412334E+2
-3.000000E-1	4.195024E-6	-4.195024E-6	-1.627044E-11	2.417568E+2
-3.500000E-1	5.331687E-6	-5.331687E-6	-2.067900E-11	2.422803E+2
-4.000000E-1	6.802108E-6	-6.802108E-6	-2.638204E-11	2.428037E+2
-4.500000E-1	8.733935E-6	-8.733935E-6	-3.387465E-11	2.433271E+2
-5.000000E-1	1.053764E-5	-1.053764E-5	-4.087035E-11	2.438506E+2
-5.000000E-1	9.825290E-6	-9.825290E-6	-3.810748E-11	2.443740E+2
-4.500000E-1	8.653247E-6	-8.653247E-6	-3.356170E-11	2.448975E+2
-4.000000E-1	6.852803E-6	-6.852803E-6	-2.657866E-11	2.454209E+2
-3.500000E-1	4.987730E-6	-4.987730E-6	-1.934496E-11	2.459443E+2
-3.000000E-1	3.739499E-6	-3.739499E-6	-1.450368E-11	2.464678E+2
-2.500000E-1	2.706042E-6	-2.706042E-6	-1.049541E-11	2.469912E+2
-2.000000E-1	1.696016E-6	-1.696016E-6	-6.578016E-12	2.475146E+2
-1.500000E-1	1.206976E-6	-1.206976E-6	-4.681269E-12	2.480381E+2
-1.000000E-1	5.642915E-7	-5.642915E-7	-2.188610E-12	2.485615E+2
-5.000000E-2	9.070902E-8	-9.070902E-8	-3.518158E-13	2.490850E+2
0.000000E+0	2.846039E-7	2.846039E-7	1.103839E-12	2.496084E+2
0.000000E+0	1.925353E-7	1.925353E-7	7.467499E-13	2.501318E+2
5.000000E-2	4.891188E-7	4.891188E-7	1.897052E-12	2.506553E+2
1.000000E-1	1.078583E-6	1.078583E-6	4.183293E-12	2.511787E+2
1.500000E-1	1.514849E-6	1.514849E-6	5.875356E-12	2.517021E+2
2.000000E-1	2.177983E-6	2.177983E-6	8.447326E-12	2.522256E+2
2.500000E-1	3.041570E-6	3.041570E-6	1.179676E-11	2.527490E+2
3.000000E-1	4.672705E-6	4.672705E-6	1.812313E-11	2.532725E+2
3.500000E-1	5.582970E-6	5.582970E-6	2.165360E-11	2.537959E+2
4.000000E-1	6.993024E-6	6.993024E-6	2.712251E-11	2.543193E+2
4.500000E-1	9.193086E-6	9.193086E-6	3.565547E-11	2.548428E+2
5.000000E-1	1.257882E-5	1.257882E-5	4.878706E-11	2.553662E+2
5.000000E-1	1.240437E-5	1.240437E-5	4.811047E-11	2.558896E+2
4.500000E-1	1.009387E-5	1.009387E-5	3.914918E-11	2.564131E+2
4.000000E-1	7.572435E-6	7.572435E-6	2.936976E-11	2.569365E+2
3.500000E-1	5.917719E-6	5.917719E-6	2.295193E-11	2.574600E+2
3.000000E-1	4.606161E-6	4.606161E-6	1.786504E-11	2.579834E+2
2.500000E-1	3.546540E-6	3.546540E-6	1.375529E-11	2.585068E+2
2.000000E-1	2.232860E-6	2.232860E-6	8.660170E-12	2.590303E+2
1.500000E-1	1.447695E-6	1.447695E-6	5.614897E-12	2.595537E+2
1.000000E-1	6.611514E-7	6.611514E-7	2.564282E-12	2.600771E+2
5.000000E-2	7.450011E-8	7.450011E-8	2.889494E-13	2.606006E+2
0.000000E+0	1.508108E-7	-1.508108E-7	-5.849210E-13	2.611240E+2
-5.000000E-2	5.414490E-7	-5.414490E-7	-2.100015E-12	2.616484E+2
-1.000000E-1	9.077738E-7	-9.077738E-7	-3.520809E-12	2.621719E+2
-1.500000E-1	1.407065E-6	-1.407065E-6	-5.457315E-12	2.626953E+2
-2.000000E-1	1.991133E-6	-1.991133E-6	-7.722628E-12	2.632188E+2
-2.500000E-1	2.804683E-6	-2.804683E-6	-1.087799E-11	2.637422E+2
-3.000000E-1	3.522227E-6	-3.522227E-6	-1.366099E-11	2.642656E+2
-3.500000E-1	4.474358E-6	-4.474358E-6	-1.735384E-11	2.647891E+2
-4.000000E-1	6.040609E-6	-6.040609E-6	-2.342856E-11	2.653125E+2
-4.500000E-1	7.863660E-6	-7.863660E-6	-3.049928E-11	2.658359E+2
-5.000000E-1	9.655199E-6	-9.655199E-6	-3.744778E-11	2.663594E+2
-5.000000E-1	8.512492E-6	-8.512492E-6	-3.301578E-11	2.668828E+2
-4.500000E-1	7.021860E-6	-7.021860E-6	-2.723435E-11	2.674062E+2
-4.000000E-1	5.515799E-6	-5.515799E-6	-2.139308E-11	2.679297E+2
-3.500000E-1	3.883567E-6	-3.883567E-6	-1.506245E-11	2.684531E+2
-3.000000E-1	3.363944E-6	-3.363944E-6	-1.304709E-11	2.689766E+2
-2.500000E-1	3.105598E-6	-3.105598E-6	-1.204509E-11	2.695000E+2
-2.000000E-1	2.113058E-6	-2.113058E-6	-8.195514E-12	2.700234E+2
-1.500000E-1	7.686489E-7	-7.686489E-7	-2.981212E-12	2.705469E+2
-1.000000E-1	1.339664E-6	-1.339664E-6	-5.195899E-12	2.710703E+2
-5.000000E-2	5.899362E-7	-5.899362E-7	-2.288073E-12	2.715937E+2
0.000000E+0	1.342118E-7	-1.342118E-7	-5.205419E-13	2.721172E+2
0.000000E+0	6.533654E-8	6.533654E-8	2.534084E-13	2.726406E+2
5.000000E-2	3.719351E-7	3.719351E-7	1.442554E-12	2.731641E+2
1.000000E-1	8.545992E-7	8.545992E-7	3.314571E-12	2.736875E+2
1.500000E-1	1.253814E-6	1.253814E-6	4.862930E-12	2.742109E+2
2.000000E-1	1.970494E-6	1.970494E-6	7.642581E-12	2.747344E+2
2.500000E-1	2.685088E-6	2.685088E-6	1.041414E-11	2.752578E+2
3.000000E-1	3.955264E-6	3.955264E-6	1.534053E-11	2.757813E+2
3.500000E-1	5.254934E-6	5.254934E-6	2.038131E-11	2.763047E+2
4.000000E-1	6.945400E-6	6.945400E-6	2.693780E-11	2.768281E+2
4.500000E-1	8.733422E-6	8.733422E-6	3.387266E-11	2.773516E+2
5.000000E-1	1.233969E-5	1.233969E-5	4.785962E-11	2.778750E+2
5.000000E-1	1.321747E-5	1.321747E-5	5.126409E-11	2.783984E+2
4.500000E-1	1.048606E-5	1.048606E-5	4.067027E-11	2.789219E+2
4.000000E-1	8.283208E-6	8.283208E-6	3.212650E-11	2.794453E+2
3.500000E-1	5.818496E-6	5.818496E-6	2.256709E-11	2.799688E+2
3.000000E-1	4.410073E-6	4.410073E-6	1.710451E-11	2.804922E+2
2.500000E-1	2.957500E-6	2.957500E-6	1.147069E-11	2.810156E+2
2.000000E-1	1.883832E-6	1.883832E-6	7.306461E-12	2.815391E+2
1.500000E-1	1.178931E-6	1.178931E-6	4.572495E-12	2.820625E+2
1.000000E-1	5.939901E-7	5.939901E-7	2.303796E-12	2.825859E+2
5.000000E-2	1.685976E-7	1.685976E-7	6.539075E-13	2.831094E+2
0.000000E+0	2.481250E-7	-2.481250E-7	-9.623552E-13	2.836328E+2
-5.000000E-2	6.159132E-7	-6.159132E-7	-2.388825E-12	2.841563E+2
-1.000000E-1	9.764377E-7	-9.764377E-7	-3.787123E-12	2.846797E+2
-1.500000E-1	1.616146E-6	-1.616146E-6	-6.268236E-12	2.852031E+2
-2.000000E-1	2.350115E-6	-2.350115E-6	-9.114945E-12	2.857266E+2
-2.500000E-1	3.143213E-6	-3.143213E-6	-1.219098E-11	2.862500E+2
-3.000000E-1	4.229958E-6	-4.229958E-6	-1.640593E-11	2.867734E+2
-3.500000E-1	5.586239E-6	-5.586239E-6	-2.166628E-11	2.872969E+2
-4.000000E-1	7.229298E-6	-7.229298E-6	-2.803890E-11	2.878203E+2
-4.500000E-1	9.294820E-6	-9.294820E-6	-3.605005E-11	2.883437E+2
-5.000000E-1	1.144291E-5	-1.144291E-5	-4.438142E-11	2.888672E+2
-5.000000E-1	1.143811E-5	-1.143811E-5	-4.436282E-11	2.893906E+2
-4.500000E-1	9.901925E-6	-9.901925E-6	-3.840471E-11	2.899141E+2
-4.000000E-1	7.645564E-6	-7.645564E-6	-2.965339E-11	2.904375E+2
-3.500000E-1	5.807399E-6	-5.807399E-6	-2.252405E-11	2.909609E+2
-3.000000E-1	4.235457E-6	-4.235457E-6	-1.642726E-11	2.914844E+2
-2.500000E-1	3.161627E-6	-3.161627E-6	-1.226240E-11	2.920078E+2
-2.000000E-1	2.201459E-6	-2.201459E-6	-8.538378E-12	2.925313E+2
-1.500000E-1	1.254168E-6	-1.254168E-6	-4.864303E-12	2.930547E+2
-1.000000E-1	4.925109E-7	-4.925109E-7	-1.910208E-12	2.935781E+2
-5.000000E-2	4.257252E-8	-4.257252E-8	-1.651179E-13	2.941016E+2
0.000000E+0	3.078404E-7	3.078404E-7	1.193962E-12	2.946250E+2
0.000000E+0	3.042836E-8	3.042836E-8	1.180167E-13	2.951494E+2
5.000000E-2	5.574216E-7	5.574216E-7	2.161965E-12	2.956729E+2
1.000000E-1	9.910152E-7	9.910152E-7	3.843662E-12	2.961963E+2
1.500000E-1	1.495835E-6	1.495835E-6	5.801609E-12	2.967197E+2
2.000000E-1	2.279748E-6	2.279748E-6	8.842024E-12	2.972432E+2
2.500000E-1	3.153026E-6	3.153026E-6	1.222904E-11	2.977666E+2
3.000000E-1	4.793788E-6	4.793788E-6	1.859275E-11	2.982900E+2
3.500000E-1	6.054836E-6	6.054836E-6	2.348374E-11	2.988135E+2
4.000000E-1	7.841334E-6	7.841334E-6	3.041269E-11	2.993369E+2
4.500000E-1	9.996312E-6	9.996312E-6	3.877079E-11	2.998604E+2
5.000000E-1	1.319091E-5	1.319091E-5	5.116106E-11	3.003838E+2
5.000000E-1	1.292345E-5	1.292345E-5	5.012373E-11	3.009072E+2
4.500000E-1	9.505995E-6	9.505995E-6	3.686909E-11	3.014307E+2
4.000000E-1	8.639742E-6	8.639742E-6	3.350932E-11	3.019541E+2
3.500000E-1	6.697122E-6	6.697122E-6	2.597485E-11	3.024775E+2
3.000000E-1	4.477524E-6	4.477524E-6	1.736612E-11	3.030010E+2
2.500000E-1	3.173118E-6	3.173118E-6	1.230697E-11	3.035244E+2
2.000000E-1	1.917728E-6	1.917728E-6	7.437925E-12	3.040479E+2
1.500000E-1	1.255854E-6	1.255854E-6	4.870840E-12	3.045713E+2
1.000000E-1	7.216074E-7	7.216074E-7	2.798761E-12	3.050947E+2
5.000000E-2	3.923770E-8	3.923770E-8	1.521838E-13	3.056182E+2
0.000000E+0	7.195965E-7	-7.195965E-7	-2.790962E-12	3.061416E+2
-5.000000E-2	6.296604E-7	-6.296604E-7	-2.442144E-12	3.066650E+2
-1.000000E-1	8.729405E-7	-8.729405E-7	-3.385708E-12	3.071885E+2
-1.500000E-1	1.478606E-6	-1.478606E-6	-5.734788E-12	3.077119E+2
-2.000000E-1	2.030593E-6	-2.030593E-6	-7.875672E-12	3.082354E+2
-2.500000E-1	3.113237E-6	-3.113237E-6	-1.207472E-11	3.087588E+2
-3.000000E-1	4.354402E-6	-4.354402E-6	-1.688859E-11	3.092822E+2
-3.500000E-1	5.775252E-6	-5.775252E-6	-2.239937E-11	3.098057E+2
-4.000000E-1	7.324665E-6	-7.324665E-6	-2.840878E-11	3.103291E+2
-4.500000E-1	9.399570E-6	-9.399570E-6	-3.645632E-11	3.108525E+2
-5.000000E-1	1.173436E-5	-1.173436E-5	-4.551183E-11	3.113760E+2
-5.000000E-1	1.260723E-5	-1.260723E-5	-4.889728E-11	3.118994E+2
-4.500000E-1	1.025376E-5	-1.025376E-5	-3.976929E-11	3.124229E+2
-4.000000E-1	8.143306E-6	-8.143306E-6	-3.158389E-11	3.129463E+2
-3.500000E-1	5.643418E-6	-5.643418E-6	-2.188805E-11	3.134697E+2
-3.000000E-1	4.014158E-6	-4.014158E-6	-1.556895E-11	3.139932E+2
-2.500000E-1	2.618313E-6	-2.618313E-6	-1.015515E-11	3.145166E+2
-2.000000E-1	1.745051E-6	-1.745051E-6	-6.768197E-12	3.150400E+2
-1.500000E-1	9.774433E-7	-9.774433E-7	-3.791023E-12	3.155635E+2
-1.000000E-1	4.201792E-7	-4.201792E-7	-1.629669E-12	3.160869E+2
-5.000000E-2	1.854506E-7	-1.854506E-7	-7.192719E-13	3.166104E+2
0.000000E+0	2.914383E-7	2.914383E-7	1.130346E-12	3.171338E+2
0.000000E+0	8.189969E-8	8.189969E-8	3.176487E-13	3.176582E+2
5.000000E-2	6.541920E-7	6.541920E-7	2.537290E-12	3.181816E+2
1.000000E-1	9.220073E-7	9.220073E-7	3.576014E-12	3.187051E+2
1.500000E-1	1.628347E-6	1.628347E-6	6.315559E-12	3.192285E+2
2.000000E-1	3.137958E-6	3.137958E-6	1.217060E-11	3.197520E+2
2.500000E-1	4.065092E-6	4.065092E-6	1.576650E-11	3.202754E+2
3.000000E-1	5.084737E-6	5.084737E-6	1.972120E-11	3.207988E+2
3.500000E-1	5.604488E-6	5.604488E-6	2.173706E-11	3.213223E+2
4.000000E-1	7.033980E-6	7.033980E-6	2.728136E-11	3.218457E+2
4.500000E-1	1.000972E-5	1.000972E-5	3.882279E-11	3.223691E+2
5.000000E-1	1.328090E-5	1.328090E-5	5.151009E-11	3.228926E+2
5.000000E-1	1.271983E-5	1.271983E-5	4.933400E-11	3.234160E+2
4.500000E-1	1.005324E-5	1.005324E-5	3.899159E-11	3.239395E+2
4.000000E-1	7.608595E-6	7.608595E-6	2.951001E-11	3.244629E+2
3.500000E-1	5.383578E-6	5.383578E-6	2.088026E-11	3.249863E+2
3.000000E-1	3.776028E-6	3.776028E-6	1.464536E-11	3.255098E+2
2.500000E-1	2.544229E-6	2.544229E-6	9.867815E-12	3.260332E+2
2.000000E-1	1.523726E-6	1.523726E-6	5.909787E-12	3.265566E+2
1.500000E-1	8.794778E-7	8.794778E-7	3.411063E-12	3.270801E+2
1.000000E-1	3.737423E-7	3.737423E-7	1.449563E-12	3.276035E+2
5.000000E-2	1.021304E-7	1.021304E-7	3.961137E-13	3.281270E+2
0.000000E+0	2.349897E-7	-2.349897E-7	-9.114098E-13	3.286504E+2
-5.000000E-2	4.231203E-7	-4.231203E-7	-1.641076E-12	3.291738E+2
-1.000000E-1	8.054643E-7	-8.054643E-7	-3.124001E-12	3.296973E+2
-1.500000E-1	1.245305E-6	-1.245305E-6	-4.829928E-12	3.302207E+2
-2.000000E-1	1.927704E-6	-1.927704E-6	-7.476617E-12	3.307441E+2
-2.500000E-1	2.709863E-6	-2.709863E-6	-1.051023E-11	3.312676E+2
-3.000000E-1	3.526447E-6	-3.526447E-6	-1.367736E-11	3.317910E+2
-3.500000E-1	4.868373E-6	-4.868373E-6	-1.888203E-11	3.323145E+2
-4.000000E-1	6.243744E-6	-6.243744E-6	-2.421642E-11	3.328379E+2
-4.500000E-1	8.616594E-6	-8.616594E-6	-3.341954E-11	3.333613E+2
-5.000000E-1	1.101073E-5	-1.101073E-5	-4.270524E-11	3.338848E+2
-5.000000E-1	1.085537E-5	-1.085537E-5	-4.210265E-11	3.344082E+2
-4.500000E-1	8.424063E-6	-8.424063E-6	-3.267281E-11	3.349316E+2
-4.000000E-1	6.294124E-6	-6.294124E-6	-2.441182E-11	3.354551E+2
-3.500000E-1	4.597825E-6	-4.597825E-6	-1.783271E-11	3.359785E+2
-3.000000E-1	3.110491E-6	-3.110491E-6	-1.206407E-11	3.365020E+2
-2.500000E-1	2.191866E-6	-2.191866E-6	-8.501172E-12	3.370254E+2
-2.000000E-1	1.289212E-6	-1.289212E-6	-5.000222E-12	3.375488E+2
-1.500000E-1	7.012514E-7	-7.012514E-7	-2.719810E-12	3.380723E+2
-1.000000E-1	2.986516E-7	-2.986516E-7	-1.158323E-12	3.385957E+2
-5.000000E-2	1.272381E-8	-1.272381E-8	-4.934941E-14	3.391191E+2
0.000000E+0	2.419599E-7	2.419599E-7	9.384438E-13	3.396426E+2
0.000000E+0	8.219309E-8	8.219309E-8	3.187867E-13	3.401670E+2
5.000000E-2	4.513840E-7	4.513840E-7	1.750697E-12	3.406904E+2
1.000000E-1	7.408792E-7	7.408792E-7	2.873507E-12	3.412139E+2
1.500000E-1	1.188767E-6	1.188767E-6	4.610645E-12	3.417373E+2
2.000000E-1	1.778861E-6	1.778861E-6	6.899328E-12	3.422607E+2
2.500000E-1	2.575770E-6	2.575770E-6	9.990148E-12	3.427842E+2
3.000000E-1	3.563361E-6	3.563361E-6	1.382053E-11	3.433076E+2
3.500000E-1	4.740081E-6	4.740081E-6	1.838445E-11	3.438311E+2
4.000000E-1	7.080919E-6	7.080919E-6	2.746341E-11	3.443545E+2
4.500000E-1	8.721812E-6	8.721812E-6	3.382763E-11	3.448779E+2
5.000000E-1	1.191792E-5	1.191792E-5	4.622377E-11	3.454014E+2
5.000000E-1	1.270455E-5	1.270455E-5	4.927471E-11	3.459248E+2
4.500000E-1	1.062791E-5	1.062791E-5	4.122044E-11	3.464482E+2
4.000000E-1	7.546961E-6	7.546961E-6	2.927096E-11	3.469717E+2
3.500000E-1	5.348653E-6	5.348653E-6	2.074480E-11	3.474951E+2
3.000000E-1	3.963417E-6	3.963417E-6	1.537215E-11	3.480186E+2
2.500000E-1	2.498125E-6	2.498125E-6	9.689000E-12	3.485420E+2
2.000000E-1	1.574353E-6	1.574353E-6	6.106143E-12	3.490654E+2
1.500000E-1	8.419611E-7	8.419611E-7	3.265554E-12	3.495889E+2
1.000000E-1	4.640432E-7	4.640432E-7	1.799796E-12	3.501123E+2
5.000000E-2	1.063311E-7	1.063311E-7	4.124062E-13	3.506357E+2
0.000000E+0	2.679192E-7	-2.679192E-7	-1.039127E-12	3.511592E+2
-5.000000E-2	4.008034E-7	-4.008034E-7	-1.554520E-12	3.516826E+2
-1.000000E-1	8.233727E-7	-8.233727E-7	-3.193459E-12	3.522061E+2
-1.500000E-1	1.297771E-6	-1.297771E-6	-5.033418E-12	3.527295E+2
-2.000000E-1	1.801836E-6	-1.801836E-6	-6.988438E-12	3.532529E+2
-2.500000E-1	2.647027E-6	-2.647027E-6	-1.026652E-11	3.537764E+2
-3.000000E-1	3.511810E-6	-3.511810E-6	-1.362059E-11	3.542998E+2
-3.500000E-1	4.778315E-6	-4.778315E-6	-1.853274E-11	3.548232E+2
-4.000000E-1	6.217102E-6	-6.217102E-6	-2.411309E-11	3.553467E+2
-4.500000E-1	7.939663E-6	-7.939663E-6	-3.079406E-11	3.558701E+2
-5.000000E-1	1.012198E-5	-1.012198E-5	-3.925818E-11	3.563936E+2
-5.000000E-1	1.010986E-5	-1.010986E-5	-3.921119E-11	3.569170E+2
-4.500000E-1	7.930381E-6	-7.930381E-6	-3.075806E-11	3.574404E+2
-4.000000E-1	6.132400E-6	-6.132400E-6	-2.378457E-11	3.579639E+2
-3.500000E-1	4.655959E-6	-4.655959E-6	-1.805818E-11	3.584873E+2
-3.000000E-1	3.236947E-6	-3.236947E-6	-1.255453E-11	3.590107E+2
-2.500000E-1	2.273751E-6	-2.273751E-6	-8.818765E-12	3.595342E+2
-2.000000E-1	1.452353E-6	-1.452353E-6	-5.632966E-12	3.600576E+2
-1.500000E-1	7.354941E-7	-7.354941E-7	-2.852621E-12	3.605811E+2
-1.000000E-1	3.715417E-7	-3.715417E-7	-1.441028E-12	3.611045E+2
-5.000000E-2	6.669624E-9	6.669624E-9	2.586820E-14	3.616279E+2
0.000000E+0	2.625913E-7	2.625913E-7	1.018463E-12	3.621514E+2
0.000000E+0	8.334882E-8	8.334882E-8	3.232692E-13	3.626758E+2
5.000000E-2	4.465963E-7	4.465963E-7	1.732128E-12	3.631992E+2
1.000000E-1	8.011170E-7	8.011170E-7	3.107140E-12	3.637227E+2
1.500000E-1	1.372633E-6	1.372633E-6	5.323769E-12	3.642461E+2
2.000000E-1	1.931353E-6	1.931353E-6	7.490772E-12	3.647695E+2
2.500000E-1	2.939959E-6	2.939959E-6	1.140266E-11	3.652930E+2
3.000000E-1	4.057474E-6	4.057474E-6	1.573695E-11	3.658164E+2
3.500000E-1	5.269895E-6	5.269895E-6	2.043934E-11	3.663398E+2
4.000000E-1	7.318618E-6	7.318618E-6	2.838533E-11	3.668633E+2
4.500000E-1	9.445975E-6	9.445975E-6	3.663630E-11	3.673867E+2
5.000000E-1	1.196086E-5	1.196086E-5	4.639029E-11	3.679102E+2
5.000000E-1	1.262785E-5	1.262785E-5	4.897722E-11	3.684336E+2
4.500000E-1	1.012969E-5	1.012969E-5	3.928808E-11	3.689570E+2
4.000000E-1	7.498904E-6	7.498904E-6	2.908457E-11	3.694805E+2
3.500000E-1	5.313724E-6	5.313724E-6	2.060933E-11	3.700039E+2
3.000000E-1	4.000142E-6	4.000142E-6	1.551459E-11	3.705273E+2
2.500000E-1	2.695525E-6	2.695525E-6	1.045462E-11	3.710508E+2
2.000000E-1	1.744990E-6	1.744990E-6	6.767961E-12	3.715742E+2
1.500000E-1	9.141641E-7	9.141641E-7	3.545594E-12	3.720977E+2
1.000000E-1	4.078848E-7	4.078848E-7	1.581985E-12	3.726211E+2
5.000000E-2	1.103136E-7	1.103136E-7	4.278522E-13	3.731445E+2
0.000000E+0	2.743812E-7	-2.743812E-7	-1.064190E-12	3.736680E+2
-5.000000E-2	3.907455E-7	-3.907455E-7	-1.515510E-12	3.741914E+2
-1.000000E-1	7.641799E-7	-7.641799E-7	-2.963879E-12	3.747148E+2
-1.500000E-1	1.208214E-6	-1.208214E-6	-4.686071E-12	3.752383E+2
-2.000000E-1	1.949888E-6	-1.949888E-6	-7.562659E-12	3.757617E+2
-2.500000E-1	2.704970E-6	-2.704970E-6	-1.049125E-11	3.762852E+2
-3.000000E-1	3.860076E-6	-3.860076E-6	-1.497134E-11	3.768086E+2
-3.500000E-1	5.193446E-6	-5.193446E-6	-2.014283E-11	3.773320E+2
-4.000000E-1	6.496996E-6	-6.496996E-6	-2.519866E-11	3.778555E+2
-4.500000E-1	8.200119E-6	-8.200119E-6	-3.180424E-11	3.783789E+2
-5.000000E-1	9.640987E-6	-9.640987E-6	-3.739266E-11	3.789023E+2
-5.000000E-1	9.987456E-6	-9.987456E-6	-3.873644E-11	3.794258E+2
-4.500000E-1	8.131799E-6	-8.131799E-6	-3.153926E-11	3.799492E+2
-4.000000E-1	6.357417E-6	-6.357417E-6	-2.465730E-11	3.804727E+2
-3.500000E-1	5.034793E-6	-5.034793E-6	-1.952749E-11	3.809961E+2
-3.000000E-1	3.754120E-6	-3.754120E-6	-1.456039E-11	3.815195E+2
-2.500000E-1	2.424852E-6	-2.424852E-6	-9.404810E-12	3.820430E+2
-2.000000E-1	1.498819E-6	-1.498819E-6	-5.813183E-12	3.825664E+2
-1.500000E-1	8.271227E-7	-8.271227E-7	-3.208003E-12	3.830898E+2
-1.000000E-1	3.566782E-7	-3.566782E-7	-1.383380E-12	3.836133E+2
-5.000000E-2	2.457813E-8	2.457813E-8	9.532652E-14	3.841367E+2
0.000000E+0	2.763778E-7	2.763778E-7	1.071934E-12	3.846602E+2
0.000000E+0	4.228269E-8	4.228269E-8	1.639938E-13	3.851846E+2
5.000000E-2	4.653458E-7	4.653458E-7	1.804848E-12	3.857080E+2
1.000000E-1	8.966816E-7	8.966816E-7	3.477788E-12	3.862314E+2
1.500000E-1	1.225958E-6	1.225958E-6	4.754891E-12	3.867549E+2
2.000000E-1	1.924680E-6	1.924680E-6	7.464890E-12	3.872783E+2
2.500000E-1	2.747220E-6	2.747220E-6	1.065512E-11	3.878018E+2
3.000000E-1	3.763237E-6	3.763237E-6	1.459575E-11	3.883252E+2
3.500000E-1	5.170146E-6	5.170146E-6	2.005246E-11	3.888486E+2
4.000000E-1	7.221823E-6	7.221823E-6	2.800991E-11	3.893721E+2
4.500000E-1	8.691411E-6	8.691411E-6	3.370972E-11	3.898955E+2
5.000000E-1	1.153057E-5	1.153057E-5	4.472143E-11	3.904189E+2
5.000000E-1	1.131399E-5	1.131399E-5	4.388140E-11	3.909424E+2
4.500000E-1	9.263920E-6	9.263920E-6	3.593020E-11	3.914658E+2
4.000000E-1	6.917155E-6	6.917155E-6	2.682825E-11	3.919893E+2
3.500000E-1	5.249885E-6	5.249885E-6	2.036173E-11	3.925127E+2
3.000000E-1	4.738859E-6	4.738859E-6	1.837971E-11	3.930361E+2
2.500000E-1	2.456196E-6	2.456196E-6	9.526380E-12	3.935596E+2
2.000000E-1	1.761557E-6	1.761557E-6	6.832215E-12	3.940830E+2
1.500000E-1	5.973393E-7	5.973393E-7	2.316786E-12	3.946064E+2
1.000000E-1	3.289583E-7	3.289583E-7	1.275868E-12	3.951299E+2
5.000000E-2	7.825143E-7	7.825143E-7	3.034989E-12	3.956533E+2
0.000000E+0	7.262520E-8	-7.262520E-8	-2.816775E-13	3.961768E+2
-5.000000E-2	9.304982E-7	-9.304982E-7	-3.608946E-12	3.967002E+2
-1.000000E-1	6.725120E-7	-6.725120E-7	-2.608344E-12	3.972236E+2
-1.500000E-1	1.141379E-6	-1.141379E-6	-4.426848E-12	3.977471E+2
-2.000000E-1	2.102617E-6	-2.102617E-6	-8.155018E-12	3.982705E+2
-2.500000E-1	2.732516E-6	-2.732516E-6	-1.059809E-11	3.987939E+2
-3.000000E-1	3.284259E-6	-3.284259E-6	-1.273803E-11	3.993174E+2
-3.500000E-1	4.542993E-6	-4.542993E-6	-1.762004E-11	3.998408E+2
-4.000000E-1	6.038170E-6	-6.038170E-6	-2.341910E-11	4.003643E+2
-4.500000E-1	7.527410E-6	-7.527410E-6	-2.919513E-11	4.008877E+2
-5.000000E-1	9.528284E-6	-9.528284E-6	-3.695554E-11	4.014111E+2
-5.000000E-1	1.000852E-5	-1.000852E-5	-3.881813E-11	4.019346E+2
-4.500000E-1	7.772030E-6	-7.772030E-6	-3.014389E-11	4.024580E+2
-4.000000E-1	5.826571E-6	-5.826571E-6	-2.259841E-11	4.029814E+2
-3.500000E-1	4.431375E-6	-4.431375E-6	-1.718713E-11	4.035049E+2
-3.000000E-1	3.160639E-6	-3.160639E-6	-1.225857E-11	4.040283E+2
-2.500000E-1	2.100713E-6	-2.100713E-6	-8.147635E-12	4.045518E+2
-2.000000E-1	1.340680E-6	-1.340680E-6	-5.199841E-12	4.050752E+2
-1.500000E-1	6.394287E-7	-6.394287E-7	-2.480030E-12	4.055986E+2
-1.000000E-1	2.654038E-7	-2.654038E-7	-1.029371E-12	4.061221E+2
-5.000000E-2	2.554065E-8	-2.554065E-8	-9.905965E-14	4.066455E+2
0.000000E+0	2.674363E-7	2.674363E-7	1.037254E-12	4.071689E+2
0.000000E+0	7.683305E-8	7.683305E-8	2.979977E-13	4.076934E+2
5.000000E-2	4.791431E-7	4.791431E-7	1.858361E-12	4.082168E+2
1.000000E-1	7.719014E-7	7.719014E-7	2.993827E-12	4.087402E+2
1.500000E-1	1.248958E-6	1.248958E-6	4.844097E-12	4.092637E+2
2.000000E-1	1.830389E-6	1.830389E-6	7.099182E-12	4.097871E+2
2.500000E-1	2.717771E-6	2.717771E-6	1.054090E-11	4.103105E+2
3.000000E-1	3.830634E-6	3.830634E-6	1.485715E-11	4.108340E+2
3.500000E-1	5.042270E-6	5.042270E-6	1.955649E-11	4.113574E+2
4.000000E-1	6.825016E-6	6.825016E-6	2.647089E-11	4.118809E+2
4.500000E-1	8.828866E-6	8.828866E-6	3.424284E-11	4.124043E+2
5.000000E-1	1.115118E-5	1.115118E-5	4.324995E-11	4.129277E+2
5.000000E-1	1.109974E-5	1.109974E-5	4.305045E-11	4.134512E+2
4.500000E-1	8.523083E-6	8.523083E-6	3.305686E-11	4.139746E+2
4.000000E-1	6.350901E-6	6.350901E-6	2.463203E-11	4.144980E+2
3.500000E-1	4.481041E-6	4.481041E-6	1.737976E-11	4.150215E+2
3.000000E-1	3.124587E-6	3.124587E-6	1.211874E-11	4.155449E+2
2.500000E-1	2.361555E-6	2.361555E-6	9.159312E-12	4.160684E+2
2.000000E-1	6.056690E-7	6.056690E-7	2.349093E-12	4.165918E+2
1.500000E-1	8.510424E-7	8.510424E-7	3.300776E-12	4.171152E+2
1.000000E-1	1.240571E-7	1.240571E-7	4.811568E-13	4.176387E+2
5.000000E-2	1.931042E-7	1.931042E-7	7.489565E-13	4.181621E+2
0.000000E+0	2.734223E-7	-2.734223E-7	-1.060471E-12	4.186855E+2
-5.000000E-2	3.891389E-7	-3.891389E-7	-1.509279E-12	4.192090E+2
-1.000000E-1	7.236184E-7	-7.236184E-7	-2.806561E-12	4.197324E+2
-1.500000E-1	1.108732E-6	-1.108732E-6	-4.300227E-12	4.202559E+2
-2.000000E-1	1.808631E-6	-1.808631E-6	-7.014792E-12	4.207793E+2
-2.500000E-1	2.616539E-6	-2.616539E-6	-1.014827E-11	4.213027E+2
-3.000000E-1	3.596000E-6	-3.596000E-6	-1.394712E-11	4.218262E+2
-3.500000E-1	4.964629E-6	-4.964629E-6	-1.925536E-11	4.223496E+2
-4.000000E-1	6.511610E-6	-6.511610E-6	-2.525534E-11	4.228730E+2
-4.500000E-1	8.266268E-6	-8.266268E-6	-3.206080E-11	4.233965E+2
-5.000000E-1	1.023067E-5	-1.023067E-5	-3.967973E-11	4.239199E+2
-5.000000E-1	1.007327E-5	-1.007327E-5	-3.906929E-11	4.244434E+2
-4.500000E-1	8.207217E-6	-8.207217E-6	-3.183177E-11	4.249668E+2
-4.000000E-1	6.245515E-6	-6.245515E-6	-2.422329E-11	4.254902E+2
-3.500000E-1	4.796064E-6	-4.796064E-6	-1.860158E-11	4.260137E+2
-3.000000E-1	3.331592E-6	-3.331592E-6	-1.292161E-11	4.265371E+2
-2.500000E-1	2.214233E-6	-2.214233E-6	-8.587922E-12	4.270605E+2
-2.000000E-1	1.411613E-6	-1.411613E-6	-5.474954E-12	4.275840E+2
-1.500000E-1	6.268050E-7	-6.268050E-7	-2.431069E-12	4.281074E+2
-1.000000E-1	2.990489E-7	-2.990489E-7	-1.159864E-12	4.286309E+2
-5.000000E-2	3.094361E-8	3.094361E-8	1.200151E-13	4.291543E+2
0.000000E+0	3.479154E-7	3.479154E-7	1.349393E-12	4.296777E+2
0.000000E+0	5.543944E-8	5.543944E-8	2.150224E-13	4.302021E+2
5.000000E-2	5.203917E-7	5.203917E-7	2.018344E-12	4.307256E+2
1.000000E-1	7.935278E-7	7.935278E-7	3.077705E-12	4.312490E+2
1.500000E-1	1.154360E-6	1.154360E-6	4.477196E-12	4.317725E+2
2.000000E-1	1.779365E-6	1.779365E-6	6.901285E-12	4.322959E+2
2.500000E-1	2.590694E-6	2.590694E-6	1.004803E-11	4.328193E+2
3.000000E-1	3.568306E-6	3.568306E-6	1.383971E-11	4.333428E+2
3.500000E-1	4.869051E-6	4.869051E-6	1.888466E-11	4.338662E+2
4.000000E-1	6.736632E-6	6.736632E-6	2.612809E-11	4.343896E+2
4.500000E-1	8.617607E-6	8.617607E-6	3.342347E-11	4.349131E+2
5.000000E-1	1.076906E-5	1.076906E-5	4.176789E-11	4.354365E+2
5.000000E-1	1.123176E-5	1.123176E-5	4.356247E-11	4.359600E+2
4.500000E-1	8.057253E-6	8.057253E-6	3.125013E-11	4.364834E+2
4.000000E-1	6.615871E-6	6.615871E-6	2.565972E-11	4.370068E+2
3.500000E-1	4.802626E-6	4.802626E-6	1.862703E-11	4.375303E+2
3.000000E-1	3.489934E-6	3.489934E-6	1.353574E-11	4.380537E+2
2.500000E-1	2.416257E-6	2.416257E-6	9.371476E-12	4.385771E+2
2.000000E-1	1.397884E-6	1.397884E-6	5.421705E-12	4.391006E+2
1.500000E-1	7.577824E-7	7.577824E-7	2.939066E-12	4.396240E+2
1.000000E-1	3.291909E-7	3.291909E-7	1.276770E-12	4.401475E+2
5.000000E-2	2.149880E-7	2.149880E-7	8.338330E-13	4.406709E+2
0.000000E+0	1.955194E-7	-1.955194E-7	-7.583240E-13	4.411943E+2
-5.000000E-2	4.441168E-7	-4.441168E-7	-1.722511E-12	4.417178E+2
-1.000000E-1	5.359136E-7	-5.359136E-7	-2.078546E-12	4.422412E+2
-1.500000E-1	1.869248E-7	-1.869248E-7	-7.249895E-13	4.427646E+2
-2.000000E-1	1.281290E-6	-1.281290E-6	-4.969497E-12	4.432881E+2
-2.500000E-1	4.488142E-6	-4.488142E-6	-1.740730E-11	4.438115E+2
-3.000000E-1	2.337266E-7	-2.337266E-7	-9.065110E-13	4.443350E+2
-3.500000E-1	4.854550E-6	-4.854550E-6	-1.882842E-11	4.448584E+2
-4.000000E-1	7.781113E-6	-7.781113E-6	-3.017912E-11	4.453818E+2
-4.500000E-1	3.387087E-6	-3.387087E-6	-1.313685E-11	4.459053E+2
-5.000000E-1	1.128092E-5	-1.128092E-5	-4.375314E-11	4.464287E+2
-5.000000E-1	1.100202E-5	-1.100202E-5	-4.267145E-11	4.469521E+2
-4.500000E-1	8.376352E-6	-8.376352E-6	-3.248776E-11	4.474756E+2
-4.000000E-1	5.550050E-6	-5.550050E-6	-2.152592E-11	4.479990E+2
-3.500000E-1	4.478733E-6	-4.478733E-6	-1.737081E-11	4.485225E+2
-3.000000E-1	2.629454E-6	-2.629454E-6	-1.019836E-11	4.490459E+2
-2.500000E-1	2.094895E-6	-2.094895E-6	-8.125070E-12	4.495693E+2
-2.000000E-1	4.977917E-6	-4.977917E-6	-1.930690E-11	4.500928E+2
-1.500000E-1	2.453699E-7	2.453699E-7	9.516693E-13	4.506162E+2
-1.000000E-1	3.960983E-9	3.960983E-9	1.536271E-14	4.511396E+2
-5.000000E-2	2.169059E-8	-2.169059E-8	-8.412715E-14	4.516631E+2
0.000000E+0	7.192459E-7	7.192459E-7	2.789602E-12	4.521865E+2
