Date: November 30, 2010
Month: November
File Name: 18 2-16 3
Season: Fall
Time: 12:33 PM
Electrode: Au
Carbon Number: 11
Time of Day: Afternoon
Junction Diameter: 0.500000
Date: November 30, 2010
Month: November
File Name: 18 2-16 3
Season: Fall
Time: 12:33 PM
Electrode: Au
Carbon Number: 11
Time of Day: Afternoon
Junction Diameter: 0.500000
Log Abs Std Density: 8.370392415381568
Mean Log Abs Current Density: -4.747445833850047
Skewness Log Abs Current Density: 1.1777050617372644
Kurtosis Log Abs Current Density: -0.3977068572118889
Voltage: [0.0, 0.05, 0.1, 0.15, 0.2, 0.25, 0.3, 0.35, 0.4, 0.45, 0.5, 0.5, 0.45, 0.4, 0.35, 0.3, 0.25, 0.2, 0.15, 0.1, 0.05, 0.0, -0.05, -0.1, -0.15, -0.2, -0.25, -0.3, -0.35, -0.4, -0.45, -0.5, -0.5, -0.45, -0.4, -0.35, -0.3, -0.25, -0.2, -0.15, -0.1, -0.05, 0.0, 0.0, 0.05, 0.1, 0.15, 0.2, 0.25, 0.3, 0.35, 0.4, 0.45, 0.5, 0.5, 0.45, 0.4, 0.35, 0.3, 0.25, 0.2, 0.15, 0.1, 0.05, 0.0, -0.05, -0.1, -0.15, -0.2, -0.25, -0.3, -0.35, -0.4, -0.45, -0.5, -0.5, -0.45, -0.4, -0.35, -0.3, -0.25, -0.2, -0.15, -0.1, -0.05, 0.0, 0.0, 0.05, 0.1, 0.15, 0.2, 0.25, 0.3, 0.35, 0.4, 0.45, 0.5, 0.5, 0.45, 0.4, 0.35, 0.3, 0.25, 0.2, 0.15, 0.1, 0.05, 0.0, -0.05, -0.1, -0.15, -0.2, -0.25, -0.3, -0.35, -0.4, -0.45, -0.5, -0.5, -0.45, -0.4, -0.35, -0.3, -0.25, -0.2, -0.15, -0.1, -0.05, 0.0, 0.0, 0.05, 0.1, 0.15, 0.2, 0.25, 0.3, 0.35, 0.4, 0.45, 0.5, 0.5, 0.45, 0.4, 0.35, 0.3, 0.25, 0.2, 0.15, 0.1, 0.05, 0.0, -0.05, -0.1, -0.15, -0.2, -0.25, -0.3, -0.35, -0.4, -0.45, -0.5, -0.5, -0.45, -0.4, -0.35, -0.3, -0.25, -0.2, -0.15, -0.1, -0.05, 0.0, 0.0, 0.05, 0.1, 0.15, 0.2, 0.25, 0.3, 0.35, 0.4, 0.45, 0.5, 0.5, 0.45, 0.4, 0.35, 0.3, 0.25, 0.2, 0.15, 0.1, 0.05, 0.0, -0.05, -0.1, -0.15, -0.2, -0.25, -0.3, -0.35, -0.4, -0.45, -0.5, -0.5, -0.45, -0.4, -0.35, -0.3, -0.25, -0.2, -0.15, -0.1, -0.05, 0.0, 0.0, 0.05, 0.1, 0.15, 0.2, 0.25, 0.3, 0.35, 0.4, 0.45, 0.5, 0.5, 0.45, 0.4, 0.35, 0.3, 0.25, 0.2, 0.15, 0.1, 0.05, 0.0, -0.05, -0.1, -0.15, -0.2, -0.25, -0.3, -0.35, -0.4, -0.45, -0.5, -0.5, -0.45, -0.4, -0.35, -0.3, -0.25, -0.2, -0.15, -0.1, -0.05, 0.0, 0.0, 0.05, 0.1, 0.15, 0.2, 0.25, 0.3, 0.35, 0.4, 0.45, 0.5, 0.5, 0.45, 0.4, 0.35, 0.3, 0.25, 0.2, 0.15, 0.1, 0.05, 0.0, -0.05, -0.1, -0.15, -0.2, -0.25, -0.3, -0.35, -0.4, -0.45, -0.5, -0.5, -0.45, -0.4, -0.35, -0.3, -0.25, -0.2, -0.15, -0.1, -0.05, 0.0, 0.0, 0.05, 0.1, 0.15, 0.2, 0.25, 0.3, 0.35, 0.4, 0.45, 0.5, 0.5, 0.45, 0.4, 0.35, 0.3, 0.25, 0.2, 0.15, 0.1, 0.05, 0.0, -0.05, -0.1, -0.15, -0.2, -0.25, -0.3, -0.35, -0.4, -0.45, -0.5, -0.5, -0.45, -0.4, -0.35, -0.3, -0.25, -0.2, -0.15, -0.1, -0.05, 0.0, 0.0, 0.05, 0.1, 0.15, 0.2, 0.25, 0.3, 0.35, 0.4, 0.45, 0.5, 0.5, 0.45, 0.4, 0.35, 0.3, 0.25, 0.2, 0.15, 0.1, 0.05, 0.0, -0.05, -0.1, -0.15, -0.2, -0.25, -0.3, -0.35, -0.4, -0.45, -0.5, -0.5, -0.45, -0.4, -0.35, -0.3, -0.25, -0.2, -0.15, -0.1, -0.05, 0.0, 0.0, 0.05, 0.1, 0.15, 0.2, 0.25, 0.3, 0.35, 0.4, 0.45, 0.5, 0.5, 0.45, 0.4, 0.35, 0.3, 0.25, 0.2, 0.15, 0.1, 0.05, 0.0, -0.05, -0.1, -0.15, -0.2, -0.25, -0.3, -0.35, -0.4, -0.45, -0.5, -0.5, -0.45, -0.4, -0.35, -0.3, -0.25, -0.2, -0.15, -0.1, -0.05, 0.0, 0.0, 0.05, 0.1, 0.15, 0.2, 0.25, 0.3, 0.35, 0.4, 0.45, 0.5, 0.5, 0.45, 0.4, 0.35, 0.3, 0.25, 0.2, 0.15, 0.1, 0.05, 0.0, -0.05, -0.1, -0.15, -0.2, -0.25, -0.3, -0.35, -0.4, -0.45, -0.5, -0.5, -0.45, -0.4, -0.35, -0.3, -0.25, -0.2, -0.15, -0.1, -0.05, 0.0, 0.0, 0.05, 0.1, 0.15, 0.2, 0.25, 0.3, 0.35, 0.4, 0.45, 0.5, 0.5, 0.45, 0.4, 0.35, 0.3, 0.25, 0.2, 0.15, 0.1, 0.05, 0.0, -0.05, -0.1, -0.15, -0.2, -0.25, -0.3, -0.35, -0.4, -0.45, -0.5, -0.5, -0.45, -0.4, -0.35, -0.3, -0.25, -0.2, -0.15, -0.1, -0.05, 0.0, 0.0, 0.05, 0.1, 0.15, 0.2, 0.25, 0.3, 0.35, 0.4, 0.45, 0.5, 0.5, 0.45, 0.4, 0.35, 0.3, 0.25, 0.2, 0.15, 0.1, 0.05, 0.0, -0.05, -0.1, -0.15, -0.2, -0.25, -0.3, -0.35, -0.4, -0.45, -0.5, -0.5, -0.45, -0.4, -0.35, -0.3, -0.25, -0.2, -0.15, -0.1, -0.05, 0.0, 0.0, 0.05, 0.1, 0.15, 0.2, 0.25, 0.3, 0.35, 0.4, 0.45, 0.5, 0.5, 0.45, 0.4, 0.35, 0.3, 0.25, 0.2, 0.15, 0.1, 0.05, 0.0, -0.05, -0.1, -0.15, -0.2, -0.25, -0.3, -0.35, -0.4, -0.45, -0.5, -0.5, -0.45, -0.4, -0.35, -0.3, -0.25, -0.2, -0.15, -0.1, -0.05, 0.0, 0.0, 0.05, 0.1, 0.15, 0.2, 0.25, 0.3, 0.35, 0.4, 0.45, 0.5, 0.5, 0.45, 0.4, 0.35, 0.3, 0.25, 0.2, 0.15, 0.1, 0.05, 0.0, -0.05, -0.1, -0.15, -0.2, -0.25, -0.3, -0.35, -0.4, -0.45, -0.5, -0.5, -0.45, -0.4, -0.35, -0.3, -0.25, -0.2, -0.15, -0.1, -0.05, 0.0]
Abs Current Density: [1.469922e-06, 2.788102e-05, 4.922794e-05, 0.0001290807, 0.0001470725, 0.0001992995, 0.0003054426, 0.000377295, 0.0003296086, 0.0005697239, 0.0006959422, 0.000599444, 0.0005300747, 0.0004964476, 0.0003629393, 0.000265644, 0.0002047527, 0.0001857539, 0.0001298602, 8.262584e-05, 3.769348e-05, 4.989584e-07, 3.651699e-05, 8.429253e-05, 0.0001294626, 0.0001862757, 0.000221964, 0.0002845584, 0.000326565, 0.0003860881, 0.0004350253, 0.0005266151, 0.0005638712, 0.0005014512, 0.0004313872, 0.0003755812, 0.0003406586, 0.0002600397, 0.0002191957, 0.0001567289, 9.861857e-05, 2.935729e-05, 9.216953e-08, 9.31203e-07, 7.546782e-06, 1.765617e-05, 2.954081e-05, 3.937691e-05, 7.256333e-05, 0.0001090683, 0.0001343114, 0.0001687157, 0.0002514399, 0.0003282026, 0.0003912069, 0.0003202722, 0.0002019606, 0.0002131662, 0.0001638637, 0.0001222314, 8.751858e-05, 6.822088e-05, 4.848499e-05, 2.252721e-05, 6.507076e-07, 2.273342e-05, 4.24514e-05, 6.069147e-05, 8.47932e-05, 0.0001194972, 0.0001393505, 0.0001689829, 0.0002190288, 0.0002522285, 0.0002883408, 0.0002910159, 0.0002713152, 0.0002431918, 0.0002028289, 0.0001678284, 0.0001296459, 9.852391e-05, 7.295949e-05, 4.636163e-05, 2.514104e-05, 1.385866e-06, 1.120574e-06, 2.337281e-05, 4.504522e-05, 7.523346e-05, 0.0001009923, 0.0001337639, 0.0001689651, 0.0002131078, 0.0002773474, 0.0004206778, 0.0004652812, 0.0002993141, 0.0002376936, 0.0001966349, 0.0001629909, 0.0001370692, 9.765071e-05, 8.66058e-05, 5.319822e-05, 3.406738e-05, 1.616521e-05, 7.244973e-07, 1.69182e-05, 2.84332e-05, 4.509028e-05, 5.676876e-05, 7.127928e-05, 8.539747e-05, 9.588135e-05, 0.0001089575, 0.0001252934, 0.0001425409, 0.0001393128, 0.0001208982, 0.0001053859, 0.0001005979, 9.334719e-05, 7.614544e-05, 5.868581e-05, 4.530299e-05, 3.090753e-05, 1.679561e-05, 1.24932e-06, 1.095811e-06, 1.481015e-05, 3.362376e-05, 5.165331e-05, 7.639791e-05, 9.891092e-05, 0.0001057911, 0.0001524407, 0.0001469042, 0.0001740579, 0.0002196912, 0.0002432094, 0.0001907647, 0.0001590668, 0.0001412479, 0.0001145273, 8.856927e-05, 7.055262e-05, 4.925169e-05, 3.233088e-05, 1.631123e-05, 6.563009e-07, 1.740179e-05, 3.351606e-05, 4.858714e-05, 6.671661e-05, 8.335161e-05, 9.568388e-05, 0.0001081696, 0.0001235052, 0.0001436864, 0.0001742771, 0.0001691238, 0.0001441545, 0.0001280108, 0.0001055501, 9.009025e-05, 7.676482e-05, 6.012708e-05, 4.970675e-05, 3.418926e-05, 1.800749e-05, 1.250744e-06, 1.092014e-06, 1.505943e-05, 3.284747e-05, 5.191652e-05, 7.365979e-05, 9.65977e-05, 0.0001202341, 0.0001463866, 0.0001816171, 0.0002054548, 0.0002555388, 0.0002792822, 0.0002206568, 0.0001827446, 0.0001631652, 0.0001344222, 0.0001099141, 8.788275e-05, 6.413394e-05, 3.959614e-05, 2.022249e-05, 6.223672e-07, 2.171677e-05, 4.413262e-05, 6.708205e-05, 9.06549e-05, 0.000109767, 0.0001404079, 0.0001644787, 0.0001864657, 0.0002206584, 0.0002492373, 0.0002517729, 0.0002325415, 0.0002140006, 0.0001835624, 0.0001539833, 0.0001272698, 0.0001028861, 7.709337e-05, 4.684053e-05, 2.649028e-05, 1.306066e-06, 1.021357e-06, 1.986493e-05, 4.211798e-05, 6.122329e-05, 8.129111e-05, 9.686158e-05, 0.0001387205, 0.0001741081, 0.0001925562, 0.0002464647, 0.0002959768, 0.0003626743, 0.000332957, 0.00027003, 0.000208263, 0.0001833316, 0.0001463923, 0.0001086843, 7.122703e-05, 4.567335e-05, 2.271257e-05, 5.010761e-07, 2.109337e-05, 4.255277e-05, 5.955849e-05, 7.890166e-05, 9.720892e-05, 0.0001203231, 0.0001388497, 0.0001572125, 0.0001846187, 0.0002074615, 0.0002038058, 0.0001913316, 0.0001652649, 0.0001467677, 0.0001464402, 0.0001127574, 8.927641e-05, 6.862604e-05, 4.842308e-05, 2.599856e-05, 1.265313e-06, 1.013062e-06, 2.421661e-05, 4.933698e-05, 7.660285e-05, 0.0001072367, 0.0001398078, 0.0001910088, 0.0002333411, 0.0002676537, 0.0003224518, 0.0003519303, 0.0003588416, 0.0003278904, 0.0002168221, 0.0001808865, 0.0001459158, 0.0001098875, 8.76988e-05, 6.612923e-05, 4.292149e-05, 2.164916e-05, 4.907799e-07, 2.087516e-05, 3.995656e-05, 6.526487e-05, 9.084786e-05, 0.0001169118, 0.0001431908, 0.0001644034, 0.0001930923, 0.000212124, 0.0002516935, 0.0002556025, 0.0002193124, 0.000193081, 0.0001621734, 0.0001400741, 0.0001126595, 8.945347e-05, 6.708779e-05, 4.369532e-05, 2.247169e-05, 1.169309e-06, 9.621427e-07, 2.034041e-05, 4.556227e-05, 7.385133e-05, 0.0001228708, 0.0001563657, 0.0001837551, 0.0002204862, 0.0002855876, 0.0003643384, 0.0003953653, 0.000404499, 0.0003448658, 0.0002658496, 0.0002156755, 0.0001793935, 0.0001566403, 0.0001220252, 9.015319e-05, 6.254175e-05, 2.987325e-05, 4.531001e-07, 3.218906e-05, 6.002837e-05, 9.255223e-05, 0.0001200671, 0.0001428624, 0.0001851442, 0.0002129081, 0.0002438585, 0.0002674179, 0.0003096044, 0.0003116014, 0.0002830503, 0.0002440707, 0.0002143101, 0.0001854204, 0.0001579753, 0.0001237451, 0.0001028535, 7.021649e-05, 3.383099e-05, 1.281012e-06, 9.313856e-07, 3.523419e-05, 7.201936e-05, 0.0001133942, 0.0001670098, 0.000223879, 0.0002982461, 0.0003472333, 0.0004224057, 0.000542278, 0.0004926064, 0.0005097526, 0.000456373, 0.0003864729, 0.0003171134, 0.0002425275, 0.0001822325, 0.0001672292, 0.0001055453, 5.889786e-05, 2.728016e-05, 4.540785e-07, 3.170239e-05, 6.429427e-05, 8.949972e-05, 0.0001212394, 0.0001494766, 0.0001872819, 0.0002111859, 0.0002490108, 0.0002840235, 0.000283014, 0.0003196485, 0.0002599502, 0.000243263, 0.0002128916, 0.0001603032, 0.000146126, 0.0001126445, 8.846871e-05, 6.289946e-05, 3.113309e-05, 1.210983e-06, 9.28903e-07, 3.058795e-05, 7.084533e-05, 0.0001219713, 0.0001675487, 0.0002015167, 0.0002521274, 0.0002987463, 0.0003738581, 0.00046236, 0.0005416229, 0.0005156887, 0.0003536778, 0.0003174118, 0.0002654189, 0.0002172093, 0.0001729104, 0.000135857, 0.0001002144, 6.203172e-05, 3.083214e-05, 3.2983e-07, 3.087229e-05, 5.678286e-05, 9.005132e-05, 0.0001090049, 0.0001427265, 0.0001737312, 0.0002018761, 0.0002320876, 0.0002824474, 0.0003171421, 0.0003185536, 0.0002977781, 0.0002620008, 0.0002217678, 0.0001915777, 0.0001721591, 0.0001269766, 9.596528e-05, 6.315728e-05, 3.262805e-05, 1.189719e-06, 8.910987e-07, 3.042142e-05, 6.549508e-05, 0.0001042564, 0.0001444526, 0.0001940789, 0.00024151, 0.0002886553, 0.000349618, 0.0004165528, 0.0004819017, 0.0005166337, 0.0003995151, 0.0003756235, 0.0003351651, 0.0002644373, 0.0002035345, 0.0001511021, 0.0001101988, 7.048473e-05, 3.106268e-05, 3.330284e-07, 3.131017e-05, 6.358549e-05, 9.046348e-05, 0.0001282441, 0.0001508181, 0.0001822801, 0.0002062242, 0.0002471348, 0.0002870356, 0.0003043507, 0.0003001885, 0.0002673445, 0.0002412138, 0.0002135703, 0.0001886371, 0.0001611225, 0.000132201, 0.0001031531, 6.86343e-05, 3.348573e-05, 1.19402e-06, 8.817084e-07, 3.475233e-05, 7.277296e-05, 0.0001067652, 0.0001463132, 0.0002003403, 0.0002462322, 0.000295629, 0.0003647472, 0.0004193407, 0.0005037313, 0.0004726231, 0.0004328597, 0.0003642976, 0.0003436117, 48152.56, 40171.8, 32168.3, 24139.93, 16100.37, 8049.321, 0.000682878, 8012.046, 16014.85, 23986.51, 31936.9, 39851.2, 47738.18, 55248.87, 55248.87, 55248.87, 55248.82, 55248.82, 55248.87, 55248.87, 55248.87, 47454.36, 39603.27, 31733.08, 23839.21, 15915.81, 7961.532, 0.6074198, 0.6525976, 8002.001, 15999.32, 23992.62, 32015.08, 40010.83, 48011.94, 55248.13, 55248.13, 55248.13, 55248.13, 55248.13, 55248.13, 55248.13, 55248.13, 48082.67, 40095.54, 32102.96, 24092.27, 16070.12, 8036.971, 0.0006401291, 8011.709, 16018.29, 23980.32, 31917.69, 39829.88, 47706.79, 55248.87, 55248.87, 55248.87, 55248.87, 55248.87, 55248.87, 55248.87, 55248.87, 47571.88, 39707.83, 31814.34, 23887.73, 15943.79, 7973.977, 0.6167418, 0.636158, 7999.149, 15993.67, 23983.17, 31969.18, 39938.73, 47906.28, 55248.13, 55248.13, 55248.13, 55248.13, 55248.13, 55248.13, 55248.19, 55248.19, 47954.99, 39989.79, 32017.92, 24029.79, 16027.68, 8016.198, 0.0006206414, 7983.337, 15958.44, 23902.25, 31820.44, 39700.53, 47551.18, 55247.66, 55248.87, 55248.82, 55248.82, 55248.82, 55248.82, 55248.87, 55165.73, 47411.52, 39598.57, 31747.1, 23847.18, 15916.31, 7962.532, 0.6206708, 0.6350615, 7987.489, 15971.76, 23947.44, 31920.0, 39877.44, 47826.24, 55248.19, 55248.19, 55248.19, 55248.19, 55248.19, 55248.19, 55248.19, 55248.19, 47876.49, 39924.38, 31965.01, 23988.78, 16001.0, 8002.622, 0.05332745, 7982.311, 15954.41, 23894.89, 31811.2, 39687.37, 47527.27, 55248.87, 55248.87, 55248.87, 55248.87, 55248.87, 55248.87, 55248.87, 55168.78, 47406.69, 39580.96, 31718.7, 23824.0, 15904.08, 7960.28, 0.6692472]
