voltage_6_2_21_500mv_500ms	absJ_6_2_21_500mv_500ms	J_6_2_21_500mv_500ms	current_6_2_21_500mv_500ms	time_6_2_21_500mv_500ms	
0.000000E+0	1.211268E-8	1.211268E-8	9.207912E-14	0.000000E+0
5.000000E-2	4.711458E-7	4.711458E-7	3.581593E-12	1.002930E+0
1.000000E-1	3.103372E-6	3.103372E-6	2.359146E-11	2.004883E+0
1.500000E-1	2.703999E-6	2.703999E-6	2.055547E-11	3.007813E+0
2.000000E-1	1.280632E-5	1.280632E-5	9.735211E-11	4.010742E+0
2.500000E-1	2.878836E-5	2.878836E-5	2.188456E-10	6.024414E+0
3.000000E-1	2.201410E-5	2.201410E-5	1.673485E-10	6.692383E+0
3.500000E-1	2.988809E-5	2.988809E-5	2.272056E-10	7.359375E+0
4.000000E-1	7.882371E-5	7.882371E-5	5.992083E-10	8.027344E+0
4.500000E-1	9.253549E-5	9.253549E-5	7.034435E-10	8.695313E+0
5.000000E-1	4.165602E-5	4.165602E-5	3.166640E-10	1.137598E+1
5.000000E-1	3.518067E-5	3.518067E-5	2.674392E-10	1.271582E+1
4.500000E-1	1.349681E-5	1.349681E-5	1.026011E-10	1.338379E+1
4.000000E-1	1.191614E-5	1.191614E-5	9.058503E-11	1.515723E+1
3.500000E-1	8.806453E-6	8.806453E-6	6.694559E-11	1.616016E+1
3.000000E-1	9.264689E-6	9.264689E-6	7.042904E-11	1.716211E+1
2.500000E-1	5.274660E-6	5.274660E-6	4.009732E-11	1.816504E+1
2.000000E-1	2.324369E-6	2.324369E-6	1.766957E-11	1.916699E+1
1.500000E-1	1.305247E-6	1.305247E-6	9.922327E-12	2.016992E+1
1.000000E-1	6.660478E-7	6.660478E-7	5.063214E-12	2.117285E+1
5.000000E-2	2.411583E-7	2.411583E-7	1.833256E-12	2.217480E+1
0.000000E+0	6.575716E-9	-6.575716E-9	-4.998779E-14	2.317773E+1
-5.000000E-2	3.418185E-7	-3.418185E-7	-2.598463E-12	2.418066E+1
-1.000000E-1	8.745136E-7	-8.745136E-7	-6.647946E-12	2.518359E+1
-1.500000E-1	1.016025E-6	-1.016025E-6	-7.723697E-12	2.618652E+1
-2.000000E-1	2.145520E-6	-2.145520E-6	-1.630998E-11	2.718848E+1
-2.500000E-1	3.635021E-6	-3.635021E-6	-2.763299E-11	2.819141E+1
-3.000000E-1	5.899003E-6	-5.899003E-6	-4.484350E-11	2.919434E+1
-3.500000E-1	8.769224E-6	-8.769224E-6	-6.666258E-11	3.019629E+1
-4.000000E-1	1.206451E-5	-1.206451E-5	-9.171294E-11	3.119922E+1
-4.500000E-1	1.348439E-5	-1.348439E-5	-1.025067E-10	3.220215E+1
-5.000000E-1	2.008411E-5	-2.008411E-5	-1.526770E-10	3.421484E+1
-5.000000E-1	1.933613E-5	-1.933613E-5	-1.469909E-10	3.488281E+1
-4.500000E-1	1.513790E-5	-1.513790E-5	-1.150765E-10	3.555078E+1
-4.000000E-1	9.989357E-6	-9.989357E-6	-7.593788E-11	3.732422E+1
-3.500000E-1	7.423364E-6	-7.423364E-6	-5.643151E-11	3.832715E+1
-3.000000E-1	6.302146E-6	-6.302146E-6	-4.790815E-11	3.933008E+1
-2.500000E-1	3.832261E-6	-3.832261E-6	-2.913238E-11	4.033301E+1
-2.000000E-1	2.806900E-6	-2.806900E-6	-2.133771E-11	4.133496E+1
-1.500000E-1	1.807703E-6	-1.807703E-6	-1.374194E-11	4.233789E+1
-1.000000E-1	8.588009E-7	-8.588009E-7	-6.528500E-12	4.334082E+1
-5.000000E-2	3.027074E-7	-3.027074E-7	-2.301145E-12	4.434375E+1
0.000000E+0	6.663891E-8	6.663891E-8	5.065809E-13	4.534570E+1
0.000000E+0	5.947354E-8	5.947354E-8	4.521106E-13	4.634863E+1
5.000000E-2	3.102289E-7	3.102289E-7	2.358322E-12	4.735156E+1
1.000000E-1	6.382570E-7	6.382570E-7	4.851952E-12	4.835449E+1
1.500000E-1	1.500949E-6	1.500949E-6	1.141003E-11	4.935645E+1
2.000000E-1	4.556800E-6	4.556800E-6	3.464024E-11	5.035938E+1
2.500000E-1	5.828001E-6	5.828001E-6	4.430376E-11	5.136133E+1
3.000000E-1	1.189549E-5	1.189549E-5	9.042806E-11	5.236426E+1
3.500000E-1	1.350432E-5	1.350432E-5	1.026582E-10	5.437793E+1
4.000000E-1	2.106933E-5	2.106933E-5	1.601665E-10	5.504590E+1
4.500000E-1	2.272832E-5	2.272832E-5	1.727779E-10	5.571289E+1
5.000000E-1	4.816053E-5	4.816053E-5	3.661105E-10	5.638086E+1
5.000000E-1	3.426020E-5	3.426020E-5	2.604419E-10	5.704883E+1
4.500000E-1	2.778267E-5	2.778267E-5	2.112005E-10	5.771680E+1
4.000000E-1	1.802503E-5	1.802503E-5	1.370241E-10	5.838477E+1
3.500000E-1	1.426407E-5	1.426407E-5	1.084337E-10	5.905273E+1
3.000000E-1	1.062989E-5	1.062989E-5	8.080711E-11	6.082715E+1
2.500000E-1	7.544551E-6	7.544551E-6	5.735276E-11	6.182910E+1
2.000000E-1	5.456233E-6	5.456233E-6	4.147762E-11	6.283203E+1
1.500000E-1	3.365501E-6	3.365501E-6	2.558413E-11	6.383496E+1
1.000000E-1	1.631716E-6	1.631716E-6	1.240411E-11	6.483691E+1
5.000000E-2	3.439271E-7	3.439271E-7	2.614492E-12	6.583984E+1
0.000000E+0	1.015019E-8	1.015019E-8	7.716050E-14	6.684277E+1
-5.000000E-2	6.050917E-7	-6.050917E-7	-4.599834E-12	6.784570E+1
-1.000000E-1	9.480751E-7	-9.480751E-7	-7.207152E-12	6.884863E+1
-1.500000E-1	1.429601E-6	-1.429601E-6	-1.086765E-11	6.985059E+1
-2.000000E-1	2.653449E-6	-2.653449E-6	-2.017120E-11	7.085352E+1
-2.500000E-1	4.685355E-6	-4.685355E-6	-3.561750E-11	7.185645E+1
-3.000000E-1	8.487192E-6	-8.487192E-6	-6.451860E-11	7.285840E+1
-3.500000E-1	1.153504E-5	-1.153504E-5	-8.768797E-11	7.386133E+1
-4.000000E-1	1.296740E-5	-1.296740E-5	-9.857659E-11	7.670898E+1
-4.500000E-1	1.619529E-5	-1.619529E-5	-1.231146E-10	7.737695E+1
-5.000000E-1	2.239482E-5	-2.239482E-5	-1.702427E-10	7.804492E+1
-5.000000E-1	2.167704E-5	-2.167704E-5	-1.647862E-10	7.871289E+1
-4.500000E-1	1.813753E-5	-1.813753E-5	-1.378793E-10	7.938086E+1
-4.000000E-1	1.407002E-5	-1.407002E-5	-1.069586E-10	8.004883E+1
-3.500000E-1	1.041561E-5	-1.041561E-5	-7.917823E-11	8.182227E+1
-3.000000E-1	7.483648E-6	-7.483648E-6	-5.688978E-11	8.282520E+1
-2.500000E-1	4.974842E-6	-4.974842E-6	-3.781814E-11	8.382715E+1
-2.000000E-1	3.023303E-6	-3.023303E-6	-2.298278E-11	8.483008E+1
-1.500000E-1	1.793783E-6	-1.793783E-6	-1.363612E-11	8.583301E+1
-1.000000E-1	8.283120E-7	-8.283120E-7	-6.296727E-12	8.683594E+1
-5.000000E-2	2.668204E-7	-2.668204E-7	-2.028336E-12	8.783789E+1
0.000000E+0	7.066612E-8	7.066612E-8	5.371953E-13	8.884082E+1
0.000000E+0	6.312833E-8	6.312833E-8	4.798939E-13	8.984375E+1
5.000000E-2	3.056539E-7	3.056539E-7	2.323544E-12	9.084668E+1
1.000000E-1	7.211818E-7	7.211818E-7	5.482337E-12	9.184961E+1
1.500000E-1	1.795948E-6	1.795948E-6	1.365258E-11	9.285156E+1
2.000000E-1	3.764067E-6	3.764067E-6	2.861398E-11	9.385449E+1
2.500000E-1	5.419045E-6	5.419045E-6	4.119492E-11	9.485742E+1
3.000000E-1	5.496928E-6	5.496928E-6	4.178698E-11	9.585938E+1
3.500000E-1	8.905062E-6	8.905062E-6	6.769520E-11	9.686230E+1
4.000000E-1	8.695011E-6	8.695011E-6	6.609842E-11	9.786523E+1
4.500000E-1	1.945603E-5	1.945603E-5	1.479024E-10	1.000459E+2
5.000000E-1	2.090440E-5	2.090440E-5	1.589127E-10	1.007139E+2
5.000000E-1	2.253589E-5	2.253589E-5	1.713151E-10	1.013818E+2
4.500000E-1	2.264586E-5	2.264586E-5	1.721511E-10	1.020498E+2
4.000000E-1	1.663728E-5	1.663728E-5	1.264746E-10	1.027178E+2
3.500000E-1	1.149654E-5	1.149654E-5	8.739528E-11	1.044912E+2
3.000000E-1	8.589439E-5	8.589439E-5	6.529587E-10	1.065049E+2
2.500000E-1	7.290489E-6	7.290489E-6	5.542141E-11	1.082783E+2
2.000000E-1	3.861218E-6	3.861218E-6	2.935251E-11	1.092812E+2
1.500000E-1	2.725875E-6	2.725875E-6	2.072177E-11	1.102832E+2
1.000000E-1	1.330797E-6	1.330797E-6	1.011656E-11	1.112861E+2
5.000000E-2	5.228497E-7	5.228497E-7	3.974640E-12	1.122891E+2
0.000000E+0	7.013853E-9	7.013853E-9	5.331846E-14	1.132910E+2
-5.000000E-2	2.576267E-7	-2.576267E-7	-1.958447E-12	1.142939E+2
-1.000000E-1	6.831205E-7	-6.831205E-7	-5.192999E-12	1.152969E+2
-1.500000E-1	1.531748E-6	-1.531748E-6	-1.164416E-11	1.162998E+2
-2.000000E-1	3.191477E-6	-3.191477E-6	-2.426122E-11	1.173018E+2
-2.500000E-1	4.508749E-6	-4.508749E-6	-3.427496E-11	1.183047E+2
-3.000000E-1	7.014878E-6	-7.014878E-6	-5.332625E-11	1.193076E+2
-3.500000E-1	9.874456E-6	-9.874456E-6	-7.506441E-11	1.203096E+2
-4.000000E-1	1.127984E-5	-1.127984E-5	-8.574794E-11	1.213125E+2
-4.500000E-1	1.864241E-5	-1.864241E-5	-1.417173E-10	1.233252E+2
-5.000000E-1	1.987597E-5	-1.987597E-5	-1.510947E-10	1.239932E+2
-5.000000E-1	1.952353E-5	-1.952353E-5	-1.484155E-10	1.246611E+2
-4.500000E-1	1.668343E-5	-1.668343E-5	-1.268254E-10	1.276133E+2
-4.000000E-1	1.419448E-5	-1.419448E-5	-1.079047E-10	1.282812E+2
-3.500000E-1	1.239740E-5	-1.239740E-5	-9.424350E-11	1.300547E+2
-3.000000E-1	7.715969E-6	-7.715969E-6	-5.865586E-11	1.310576E+2
-2.500000E-1	5.710304E-6	-5.710304E-6	-4.340904E-11	1.320596E+2
-2.000000E-1	3.258333E-6	-3.258333E-6	-2.476945E-11	1.330625E+2
-1.500000E-1	1.878359E-6	-1.878359E-6	-1.427906E-11	1.340654E+2
-1.000000E-1	8.977440E-7	-8.977440E-7	-6.824541E-12	1.350674E+2
-5.000000E-2	2.977638E-7	-2.977638E-7	-2.263564E-12	1.360703E+2
0.000000E+0	7.034848E-8	7.034848E-8	5.347806E-13	1.370732E+2
0.000000E+0	6.463626E-8	6.463626E-8	4.913570E-13	1.380762E+2
5.000000E-2	3.630116E-7	3.630116E-7	2.759570E-12	1.390791E+2
1.000000E-1	9.474252E-7	9.474252E-7	7.202211E-12	1.400811E+2
1.500000E-1	1.247690E-6	1.247690E-6	9.484788E-12	1.410840E+2
2.000000E-1	2.182692E-6	2.182692E-6	1.659256E-11	1.420869E+2
2.500000E-1	3.824688E-6	3.824688E-6	2.907481E-11	1.430889E+2
3.000000E-1	5.495844E-6	5.495844E-6	4.177874E-11	1.440918E+2
3.500000E-1	8.512848E-6	8.512848E-6	6.471364E-11	1.450947E+2
4.000000E-1	1.108928E-5	1.108928E-5	8.429939E-11	1.460967E+2
4.500000E-1	4.723904E-5	4.723904E-5	3.591054E-10	1.481104E+2
5.000000E-1	4.587998E-5	4.587998E-5	3.487740E-10	1.487783E+2
5.000000E-1	4.904105E-5	4.904105E-5	3.728041E-10	1.494463E+2
4.500000E-1	3.810636E-5	3.810636E-5	2.896799E-10	1.501143E+2
4.000000E-1	3.510649E-5	3.510649E-5	2.668753E-10	1.507822E+2
3.500000E-1	1.841759E-5	1.841759E-5	1.400083E-10	1.514502E+2
3.000000E-1	1.580686E-5	1.580686E-5	1.201618E-10	1.521182E+2
2.500000E-1	1.090878E-5	1.090878E-5	8.292723E-11	1.538916E+2
2.000000E-1	7.793212E-6	7.793212E-6	5.924305E-11	1.548945E+2
1.500000E-1	4.082386E-6	4.082386E-6	3.103380E-11	1.558965E+2
1.000000E-1	2.418972E-6	2.418972E-6	1.838873E-11	1.568994E+2
5.000000E-2	8.085756E-7	8.085756E-7	6.146694E-12	1.579014E+2
0.000000E+0	1.673503E-8	1.673503E-8	1.272177E-13	1.589043E+2
-5.000000E-2	6.907131E-7	-6.907131E-7	-5.250717E-12	1.599072E+2
-1.000000E-1	1.598500E-6	-1.598500E-6	-1.215160E-11	1.609102E+2
-1.500000E-1	3.034308E-6	-3.034308E-6	-2.306644E-11	1.619131E+2
-2.000000E-1	6.387855E-6	-6.387855E-6	-4.855970E-11	1.629150E+2
-2.500000E-1	1.240701E-5	-1.240701E-5	-9.431658E-11	1.639180E+2
-3.000000E-1	1.082635E-5	-1.082635E-5	-8.230061E-11	1.665986E+2
-3.500000E-1	1.910129E-5	-1.910129E-5	-1.452057E-10	1.672656E+2
-4.000000E-1	2.621980E-5	-2.621980E-5	-1.993197E-10	1.679336E+2
-4.500000E-1	2.846921E-5	-2.846921E-5	-2.164195E-10	1.686016E+2
-5.000000E-1	4.227644E-5	-4.227644E-5	-3.213804E-10	1.692695E+2
-5.000000E-1	3.922951E-5	-3.922951E-5	-2.982180E-10	1.699375E+2
-4.500000E-1	3.247397E-5	-3.247397E-5	-2.468632E-10	1.706055E+2
-4.000000E-1	2.575261E-5	-2.575261E-5	-1.957682E-10	1.712734E+2
-3.500000E-1	1.583440E-5	-1.583440E-5	-1.203712E-10	1.719414E+2
-3.000000E-1	1.203941E-5	-1.203941E-5	-9.152214E-11	1.737148E+2
-2.500000E-1	8.600392E-6	-8.600392E-6	-6.537913E-11	1.747178E+2
-2.000000E-1	7.631353E-6	-7.631353E-6	-5.801262E-11	1.757197E+2
-1.500000E-1	4.094984E-6	-4.094984E-6	-3.112957E-11	1.767227E+2
-1.000000E-1	1.844706E-6	-1.844706E-6	-1.402323E-11	1.777256E+2
-5.000000E-2	6.193021E-7	-6.193021E-7	-4.707859E-12	1.787285E+2
0.000000E+0	5.514328E-8	5.514328E-8	4.191925E-13	1.797305E+2
0.000000E+0	5.395299E-8	5.395299E-8	4.101441E-13	1.807344E+2
5.000000E-2	6.854536E-7	6.854536E-7	5.210735E-12	1.817363E+2
1.000000E-1	2.098500E-6	2.098500E-6	1.595254E-11	1.827393E+2
1.500000E-1	4.376139E-6	4.376139E-6	3.326688E-11	1.837412E+2
2.000000E-1	7.234551E-6	7.234551E-6	5.499618E-11	1.847441E+2
2.500000E-1	3.781677E-5	3.781677E-5	2.874785E-10	1.867578E+2
3.000000E-1	5.956941E-5	5.956941E-5	4.528394E-10	1.874258E+2
3.500000E-1	4.252369E-5	4.252369E-5	3.232599E-10	1.880937E+2
4.000000E-1	4.874975E-5	4.874975E-5	3.705897E-10	1.887617E+2
4.500000E-1	6.682366E-5	6.682366E-5	5.079853E-10	1.894297E+2
5.000000E-1	9.699441E-5	9.699441E-5	7.373397E-10	1.900977E+2
5.000000E-1	7.506805E-5	7.506805E-5	5.706582E-10	1.907656E+2
4.500000E-1	5.908838E-5	5.908838E-5	4.491827E-10	1.914326E+2
4.000000E-1	4.765206E-5	4.765206E-5	3.622452E-10	1.921006E+2
3.500000E-1	3.287031E-5	3.287031E-5	2.498761E-10	1.927686E+2
3.000000E-1	2.234100E-5	2.234100E-5	1.698336E-10	1.934365E+2
2.500000E-1	1.353522E-5	1.353522E-5	1.028931E-10	1.941045E+2
2.000000E-1	7.685562E-6	7.685562E-6	5.842471E-11	1.958779E+2
1.500000E-1	3.776970E-6	3.776970E-6	2.871207E-11	1.968809E+2
1.000000E-1	1.913802E-6	1.913802E-6	1.454849E-11	1.978838E+2
5.000000E-2	8.231273E-7	8.231273E-7	6.257314E-12	1.988857E+2
0.000000E+0	1.182424E-8	1.182424E-8	8.988643E-14	1.998887E+2
-5.000000E-2	7.287178E-7	-7.287178E-7	-5.539624E-12	2.008916E+2
-1.000000E-1	1.899980E-6	-1.899980E-6	-1.444342E-11	2.018945E+2
-1.500000E-1	3.701968E-6	-3.701968E-6	-2.814191E-11	2.028975E+2
-2.000000E-1	4.930739E-6	-4.930739E-6	-3.748288E-11	2.038994E+2
-2.500000E-1	8.284140E-6	-8.284140E-6	-6.297503E-11	2.049023E+2
-3.000000E-1	1.262078E-5	-1.262078E-5	-9.594166E-11	2.059053E+2
-3.500000E-1	1.420692E-5	-1.420692E-5	-1.079993E-10	2.079180E+2
-4.000000E-1	1.749904E-5	-1.749904E-5	-1.330256E-10	2.085859E+2
-4.500000E-1	2.971893E-5	-2.971893E-5	-2.259197E-10	2.092539E+2
-5.000000E-1	3.448336E-5	-3.448336E-5	-2.621383E-10	2.099219E+2
-5.000000E-1	3.610008E-5	-3.610008E-5	-2.744284E-10	2.105898E+2
-4.500000E-1	2.589267E-5	-2.589267E-5	-1.968329E-10	2.112578E+2
-4.000000E-1	1.841526E-5	-1.841526E-5	-1.399906E-10	2.119258E+2
-3.500000E-1	1.362830E-5	-1.362830E-5	-1.036007E-10	2.125938E+2
-3.000000E-1	1.066369E-5	-1.066369E-5	-8.106407E-11	2.143672E+2
-2.500000E-1	6.923237E-6	-6.923237E-6	-5.262961E-11	2.153701E+2
-2.000000E-1	5.442711E-6	-5.442711E-6	-4.137483E-11	2.163730E+2
-1.500000E-1	2.822368E-6	-2.822368E-6	-2.145530E-11	2.173750E+2
-1.000000E-1	1.400345E-6	-1.400345E-6	-1.064525E-11	2.183779E+2
-5.000000E-2	4.744812E-7	-4.744812E-7	-3.606948E-12	2.193809E+2
0.000000E+0	5.996827E-8	5.996827E-8	4.558715E-13	2.203828E+2
0.000000E+0	5.536599E-8	5.536599E-8	4.208855E-13	2.213867E+2
5.000000E-2	9.012747E-7	9.012747E-7	6.851381E-12	2.223887E+2
1.000000E-1	2.107073E-6	2.107073E-6	1.601771E-11	2.233916E+2
1.500000E-1	5.129390E-6	5.129390E-6	3.899300E-11	2.243936E+2
2.000000E-1	9.659200E-6	9.659200E-6	7.342806E-11	2.253965E+2
2.500000E-1	8.174553E-6	8.174553E-6	6.214196E-11	2.274102E+2
3.000000E-1	1.271137E-5	1.271137E-5	9.663026E-11	2.301943E+2
3.500000E-1	1.675879E-5	1.675879E-5	1.273983E-10	2.308623E+2
4.000000E-1	2.425066E-5	2.425066E-5	1.843506E-10	2.315303E+2
4.500000E-1	3.652271E-5	3.652271E-5	2.776412E-10	2.321982E+2
5.000000E-1	3.917947E-5	3.917947E-5	2.978376E-10	2.328652E+2
5.000000E-1	3.941979E-5	3.941979E-5	2.996645E-10	2.335342E+2
4.500000E-1	3.579248E-5	3.579248E-5	2.720901E-10	2.342021E+2
4.000000E-1	2.734243E-5	2.734243E-5	2.078538E-10	2.348701E+2
3.500000E-1	1.964839E-5	1.964839E-5	1.493647E-10	2.355371E+2
3.000000E-1	1.579262E-5	1.579262E-5	1.200536E-10	2.362051E+2
2.500000E-1	8.690067E-6	8.690067E-6	6.606083E-11	2.379795E+2
2.000000E-1	4.746681E-6	4.746681E-6	3.608369E-11	2.389814E+2
1.500000E-1	2.367877E-6	2.367877E-6	1.800031E-11	2.399844E+2
1.000000E-1	1.358088E-6	1.358088E-6	1.032402E-11	2.409873E+2
5.000000E-2	5.302269E-7	5.302269E-7	4.030720E-12	2.419893E+2
0.000000E+0	5.852789E-9	5.852789E-9	4.449219E-14	2.429922E+2
-5.000000E-2	4.364617E-7	-4.364617E-7	-3.317929E-12	2.439951E+2
-1.000000E-1	1.277199E-6	-1.277199E-6	-9.709109E-12	2.449980E+2
-1.500000E-1	3.073863E-6	-3.073863E-6	-2.336713E-11	2.460010E+2
-2.000000E-1	5.376929E-6	-5.376929E-6	-4.087476E-11	2.470029E+2
-2.500000E-1	7.196532E-6	-7.196532E-6	-5.470716E-11	2.480059E+2
-3.000000E-1	9.748329E-6	-9.748329E-6	-7.410561E-11	2.501865E+2
-3.500000E-1	1.408387E-5	-1.408387E-5	-1.070639E-10	2.508545E+2
-4.000000E-1	1.830350E-5	-1.830350E-5	-1.391410E-10	2.515225E+2
-4.500000E-1	2.495057E-5	-2.495057E-5	-1.896712E-10	2.521904E+2
-5.000000E-1	3.253043E-5	-3.253043E-5	-2.472924E-10	2.528584E+2
-5.000000E-1	4.368969E-5	-4.368969E-5	-3.321237E-10	2.535254E+2
-4.500000E-1	3.054263E-5	-3.054263E-5	-2.321814E-10	2.541934E+2
-4.000000E-1	2.616793E-5	-2.616793E-5	-1.989254E-10	2.548613E+2
-3.500000E-1	1.906789E-5	-1.906789E-5	-1.449518E-10	2.555293E+2
-3.000000E-1	1.080635E-5	-1.080635E-5	-8.214855E-11	2.573027E+2
-2.500000E-1	7.947061E-6	-7.947061E-6	-6.041259E-11	2.583057E+2
-2.000000E-1	4.434239E-6	-4.434239E-6	-3.370855E-11	2.593086E+2
-1.500000E-1	2.215698E-6	-2.215698E-6	-1.684347E-11	2.603115E+2
-1.000000E-1	1.143013E-6	-1.143013E-6	-8.689049E-12	2.613135E+2
-5.000000E-2	4.286063E-7	-4.286063E-7	-3.258213E-12	2.623164E+2
0.000000E+0	6.085731E-8	6.085731E-8	4.626299E-13	2.633193E+2
0.000000E+0	5.491873E-8	5.491873E-8	4.174855E-13	2.643223E+2
5.000000E-2	4.937282E-7	4.937282E-7	3.753262E-12	2.653242E+2
1.000000E-1	1.049192E-6	1.049192E-6	7.975828E-12	2.663271E+2
1.500000E-1	1.684859E-6	1.684859E-6	1.280809E-11	2.673301E+2
2.000000E-1	3.318684E-6	3.318684E-6	2.522823E-11	2.683330E+2
2.500000E-1	5.861231E-6	5.861231E-6	4.455637E-11	2.693350E+2
3.000000E-1	9.047018E-6	9.047018E-6	6.877433E-11	2.703379E+2
3.500000E-1	1.830678E-5	1.830678E-5	1.391659E-10	2.723516E+2
4.000000E-1	2.471159E-5	2.471159E-5	1.878545E-10	2.730195E+2
4.500000E-1	3.280272E-5	3.280272E-5	2.493623E-10	2.736875E+2
5.000000E-1	4.030368E-5	4.030368E-5	3.063837E-10	2.743545E+2
5.000000E-1	4.688578E-5	4.688578E-5	3.564200E-10	2.750225E+2
4.500000E-1	3.643990E-5	3.643990E-5	2.770117E-10	2.756904E+2
4.000000E-1	2.428037E-5	2.428037E-5	1.845764E-10	2.763584E+2
3.500000E-1	2.008369E-5	2.008369E-5	1.526738E-10	2.770264E+2
3.000000E-1	1.445878E-5	1.445878E-5	1.099139E-10	2.776943E+2
2.500000E-1	8.866741E-6	8.866741E-6	6.740389E-11	2.794678E+2
2.000000E-1	5.734397E-6	5.734397E-6	4.359219E-11	2.804707E+2
1.500000E-1	3.667671E-6	3.667671E-6	2.788119E-11	2.814727E+2
1.000000E-1	2.181962E-6	2.181962E-6	1.658701E-11	2.824756E+2
5.000000E-2	1.014898E-6	1.014898E-6	7.715134E-12	2.834785E+2
0.000000E+0	1.169280E-8	1.169280E-8	8.888723E-14	2.844805E+2
-5.000000E-2	1.061476E-6	-1.061476E-6	-8.069212E-12	2.854834E+2
-1.000000E-1	2.393135E-6	-2.393135E-6	-1.819232E-11	2.864863E+2
-1.500000E-1	4.041771E-6	-4.041771E-6	-3.072505E-11	2.874893E+2
-2.000000E-1	7.716520E-6	-7.716520E-6	-5.866005E-11	2.884912E+2
-2.500000E-1	9.622053E-6	-9.622053E-6	-7.314568E-11	2.894941E+2
-3.000000E-1	2.019739E-5	-2.019739E-5	-1.535381E-10	2.915078E+2
-3.500000E-1	3.135599E-5	-3.135599E-5	-2.383644E-10	2.921758E+2
-4.000000E-1	3.586189E-5	-3.586189E-5	-2.726177E-10	2.928437E+2
-4.500000E-1	4.742224E-5	-4.742224E-5	-3.604981E-10	2.935117E+2
-5.000000E-1	5.074363E-5	-5.074363E-5	-3.857469E-10	2.941797E+2
-5.000000E-1	4.932777E-5	-4.932777E-5	-3.749837E-10	2.948467E+2
-4.500000E-1	4.023403E-5	-4.023403E-5	-3.058542E-10	2.955146E+2
-4.000000E-1	3.288132E-5	-3.288132E-5	-2.499598E-10	2.961826E+2
-3.500000E-1	2.211751E-5	-2.211751E-5	-1.681346E-10	2.968506E+2
-3.000000E-1	1.615076E-5	-1.615076E-5	-1.227761E-10	2.975186E+2
-2.500000E-1	1.037486E-5	-1.037486E-5	-7.886843E-11	2.992920E+2
-2.000000E-1	6.290736E-6	-6.290736E-6	-4.782141E-11	3.002949E+2
-1.500000E-1	3.627698E-6	-3.627698E-6	-2.757732E-11	3.012979E+2
-1.000000E-1	1.768706E-6	-1.768706E-6	-1.344549E-11	3.022998E+2
-5.000000E-2	6.642842E-7	-6.642842E-7	-5.049808E-12	3.033027E+2
0.000000E+0	5.631529E-8	5.631529E-8	4.281020E-13	3.043047E+2
0.000000E+0	5.260208E-8	5.260208E-8	3.998746E-13	3.053086E+2
5.000000E-2	6.728717E-7	6.728717E-7	5.115089E-12	3.063105E+2
1.000000E-1	1.825884E-6	1.825884E-6	1.388015E-11	3.073135E+2
1.500000E-1	3.253039E-6	3.253039E-6	2.472921E-11	3.083164E+2
2.000000E-1	7.359081E-6	7.359081E-6	5.594284E-11	3.093184E+2
2.500000E-1	1.176839E-5	1.176839E-5	8.946184E-11	3.103213E+2
3.000000E-1	1.398062E-5	1.398062E-5	1.062790E-10	3.123350E+2
3.500000E-1	1.999745E-5	1.999745E-5	1.520182E-10	3.130029E+2
4.000000E-1	2.895078E-5	2.895078E-5	2.200803E-10	3.136699E+2
4.500000E-1	4.138556E-5	4.138556E-5	3.146080E-10	3.143379E+2
5.000000E-1	5.014551E-5	5.014551E-5	3.812001E-10	3.150059E+2
5.000000E-1	4.517127E-5	4.517127E-5	3.433865E-10	3.156738E+2
4.500000E-1	3.096552E-5	3.096552E-5	2.353961E-10	3.163418E+2
4.000000E-1	3.015524E-5	3.015524E-5	2.292365E-10	3.170098E+2
3.500000E-1	2.131736E-5	2.131736E-5	1.620520E-10	3.176777E+2
3.000000E-1	1.277787E-5	1.277787E-5	9.713580E-11	3.194512E+2
2.500000E-1	2.527990E-5	2.527990E-5	1.921747E-10	3.214648E+2
2.000000E-1	1.405312E-5	1.405312E-5	1.068301E-10	3.242490E+2
1.500000E-1	7.504171E-6	7.504171E-6	5.704580E-11	3.260225E+2
1.000000E-1	4.731058E-6	4.731058E-6	3.596493E-11	3.270254E+2
5.000000E-2	2.017291E-6	2.017291E-6	1.533520E-11	3.280283E+2
0.000000E+0	2.402819E-8	2.402819E-8	1.826594E-13	3.290313E+2
-5.000000E-2	1.823315E-6	-1.823315E-6	-1.386062E-11	3.300342E+2
-1.000000E-1	3.553299E-6	-3.553299E-6	-2.701175E-11	3.310361E+2
-1.500000E-1	6.407116E-6	-6.407116E-6	-4.870612E-11	3.320391E+2
-2.000000E-1	1.035424E-5	-1.035424E-5	-7.871170E-11	3.330420E+2
-2.500000E-1	2.648657E-5	-2.648657E-5	-2.013477E-10	3.350557E+2
-3.000000E-1	3.169543E-5	-3.169543E-5	-2.409448E-10	3.357236E+2
-3.500000E-1	3.972889E-5	-3.972889E-5	-3.020142E-10	3.363916E+2
-4.000000E-1	6.900785E-5	-6.900785E-5	-5.245893E-10	3.370586E+2
-4.500000E-1	8.830828E-5	-8.830828E-5	-6.713088E-10	3.377266E+2
-5.000000E-1	1.145546E-4	-1.145546E-4	-8.708299E-10	3.383945E+2
-5.000000E-1	1.081061E-4	-1.081061E-4	-8.218091E-10	3.390625E+2
-4.500000E-1	8.580578E-5	-8.580578E-5	-6.522851E-10	3.397305E+2
-4.000000E-1	6.989791E-5	-6.989791E-5	-5.313554E-10	3.403984E+2
-3.500000E-1	4.993678E-5	-4.993678E-5	-3.796133E-10	3.410664E+2
-3.000000E-1	3.328602E-5	-3.328602E-5	-2.530363E-10	3.417344E+2
-2.500000E-1	2.142169E-5	-2.142169E-5	-1.628451E-10	3.424023E+2
-2.000000E-1	1.418470E-5	-1.418470E-5	-1.078304E-10	3.430703E+2
-1.500000E-1	8.271002E-6	-8.271002E-6	-6.287515E-11	3.448437E+2
-1.000000E-1	3.563415E-6	-3.563415E-6	-2.708865E-11	3.458467E+2
-5.000000E-2	1.427609E-6	-1.427609E-6	-1.085251E-11	3.468496E+2
0.000000E+0	4.376813E-8	4.376813E-8	3.327200E-13	3.478516E+2
0.000000E+0	4.531804E-8	4.531804E-8	3.445022E-13	3.488555E+2
5.000000E-2	1.617002E-6	1.617002E-6	1.229225E-11	3.498574E+2
1.000000E-1	3.704595E-6	3.704595E-6	2.816188E-11	3.508604E+2
1.500000E-1	6.401719E-6	6.401719E-6	4.866509E-11	3.518623E+2
2.000000E-1	1.026540E-5	1.026540E-5	7.803633E-11	3.528652E+2
2.500000E-1	1.959758E-5	1.959758E-5	1.489784E-10	3.548789E+2
3.000000E-1	2.829466E-5	2.829466E-5	2.150926E-10	3.555469E+2
3.500000E-1	3.826373E-5	3.826373E-5	2.908762E-10	3.562148E+2
4.000000E-1	4.447639E-5	4.447639E-5	3.381041E-10	3.568828E+2
4.500000E-1	7.571664E-5	7.571664E-5	5.755887E-10	3.575498E+2
5.000000E-1	8.653096E-5	8.653096E-5	6.577978E-10	3.582178E+2
5.000000E-1	1.031241E-4	1.031241E-4	7.839365E-10	3.588857E+2
4.500000E-1	8.380173E-5	8.380173E-5	6.370506E-10	3.595537E+2
4.000000E-1	7.156157E-5	7.156157E-5	5.440024E-10	3.602217E+2
3.500000E-1	5.995772E-5	5.995772E-5	4.557913E-10	3.608896E+2
3.000000E-1	4.544262E-5	4.544262E-5	3.454493E-10	3.615576E+2
2.500000E-1	3.423588E-5	3.423588E-5	2.602570E-10	3.622256E+2
2.000000E-1	2.186287E-5	2.186287E-5	1.661989E-10	3.628936E+2
1.500000E-1	1.079777E-5	1.079777E-5	8.208334E-11	3.660117E+2
1.000000E-1	8.854286E-6	8.854286E-6	6.730921E-11	3.677861E+2
5.000000E-2	8.927269E-6	8.927269E-6	6.786401E-11	3.687881E+2
0.000000E+0	1.945697E-8	1.945697E-8	1.479095E-13	3.697910E+2
-5.000000E-2	1.205234E-5	-1.205234E-5	-9.162046E-11	3.707939E+2
-1.000000E-1	3.068020E-5	-3.068020E-5	-2.332272E-10	3.728076E+2
-1.500000E-1	5.414943E-5	-5.414943E-5	-4.116374E-10	3.734756E+2
-2.000000E-1	7.457718E-5	-7.457718E-5	-5.669267E-10	3.741436E+2
-2.500000E-1	1.316173E-4	-1.316173E-4	-1.000539E-9	3.748115E+2
-3.000000E-1	1.492031E-4	-1.492031E-4	-1.134224E-9	3.768242E+2
-3.500000E-1	1.941479E-4	-1.941479E-4	-1.475889E-9	3.774912E+2
-4.000000E-1	2.251624E-4	-2.251624E-4	-1.711657E-9	3.781592E+2
-4.500000E-1	3.225561E-4	-3.225561E-4	-2.452032E-9	3.788262E+2
-5.000000E-1	3.936639E-4	-3.936639E-4	-2.992585E-9	3.794932E+2
-5.000000E-1	3.493837E-4	-3.493837E-4	-2.655972E-9	3.801611E+2
-4.500000E-1	2.935727E-4	-2.935727E-4	-2.231704E-9	3.808281E+2
-4.000000E-1	2.649953E-4	-2.649953E-4	-2.014462E-9	3.814951E+2
-3.500000E-1	2.094569E-4	-2.094569E-4	-1.592266E-9	3.821621E+2
-3.000000E-1	1.592683E-4	-1.592683E-4	-1.210738E-9	3.828301E+2
-2.500000E-1	1.170127E-4	-1.170127E-4	-8.895160E-10	3.841699E+2
-2.000000E-1	6.757864E-5	-6.757864E-5	-5.137246E-10	3.848379E+2
-1.500000E-1	6.768497E-5	-6.768497E-5	-5.145329E-10	3.855059E+2
-1.000000E-1	5.242081E-5	-5.242081E-5	-3.984966E-10	3.861729E+2
-5.000000E-2	2.414066E-5	-2.414066E-5	-1.835144E-10	3.868408E+2
0.000000E+0	9.348762E-9	-9.348762E-9	-7.106815E-14	3.886152E+2
0.000000E+0	1.398390E-8	-1.398390E-8	-1.063039E-13	3.896182E+2
5.000000E-2	1.285090E-5	1.285090E-5	9.769097E-11	3.922988E+2
1.000000E-1	2.318070E-5	2.318070E-5	1.762169E-10	3.929658E+2
1.500000E-1	5.231233E-5	5.231233E-5	3.976720E-10	3.936338E+2
2.000000E-1	7.701457E-5	7.701457E-5	5.854554E-10	3.943018E+2
2.500000E-1	8.809852E-5	8.809852E-5	6.697143E-10	3.949697E+2
3.000000E-1	1.055928E-4	1.055928E-4	8.027034E-10	3.956377E+2
3.500000E-1	1.361390E-4	1.361390E-4	1.034912E-9	3.963057E+2
4.000000E-1	2.634542E-4	2.634542E-4	2.002747E-9	3.983193E+2
4.500000E-1	4.407405E-4	4.407405E-4	3.350456E-9	3.989863E+2
5.000000E-1	3.035984E-4	3.035984E-4	2.307918E-9	3.996533E+2
5.000000E-1	2.955873E-4	2.955873E-4	2.247019E-9	4.003203E+2
4.500000E-1	2.591507E-4	2.591507E-4	1.970032E-9	4.009883E+2
4.000000E-1	2.205836E-4	2.205836E-4	1.676850E-9	4.016553E+2
3.500000E-1	1.855560E-4	1.855560E-4	1.410574E-9	4.023223E+2
3.000000E-1	1.380147E-4	1.380147E-4	1.049171E-9	4.029893E+2
2.500000E-1	1.143160E-4	1.143160E-4	8.690166E-10	4.043301E+2
2.000000E-1	4.829967E-5	4.829967E-5	3.671682E-10	4.049971E+2
1.500000E-1	2.860432E-5	2.860432E-5	2.174466E-10	4.056650E+2
1.000000E-1	1.459500E-5	1.459500E-5	1.109494E-10	4.063330E+2
5.000000E-2	8.517036E-6	8.517036E-6	6.474547E-11	4.081074E+2
0.000000E+0	2.746211E-8	2.746211E-8	2.087636E-13	4.091094E+2
-5.000000E-2	5.083140E-6	-5.083140E-6	-3.864141E-11	4.101133E+2
-1.000000E-1	1.332068E-5	-1.332068E-5	-1.012622E-10	4.111152E+2
-1.500000E-1	1.827909E-5	-1.827909E-5	-1.389554E-10	4.131289E+2
-2.000000E-1	3.558690E-5	-3.558690E-5	-2.705273E-10	4.137969E+2
-2.500000E-1	5.829245E-5	-5.829245E-5	-4.431321E-10	4.144648E+2
-3.000000E-1	7.817135E-5	-7.817135E-5	-5.942491E-10	4.151328E+2
-3.500000E-1	9.889503E-5	-9.889503E-5	-7.517880E-10	4.158008E+2
-4.000000E-1	1.127509E-4	-1.127509E-4	-8.571184E-10	4.164678E+2
-4.500000E-1	1.301540E-4	-1.301540E-4	-9.894148E-10	4.184814E+2
-5.000000E-1	1.611665E-4	-1.611665E-4	-1.225168E-9	4.191484E+2
-5.000000E-1	1.706474E-4	-1.706474E-4	-1.297241E-9	4.198154E+2
-4.500000E-1	1.390706E-4	-1.390706E-4	-1.057198E-9	4.204834E+2
-4.000000E-1	1.318510E-4	-1.318510E-4	-1.002315E-9	4.218232E+2
-3.500000E-1	9.993773E-5	-9.993773E-5	-7.597145E-10	4.224912E+2
-3.000000E-1	8.069403E-5	-8.069403E-5	-6.134262E-10	4.231592E+2
-2.500000E-1	6.388579E-5	-6.388579E-5	-4.856520E-10	4.238271E+2
-2.000000E-1	3.694509E-5	-3.694509E-5	-2.808521E-10	4.244951E+2
-1.500000E-1	2.449149E-5	-2.449149E-5	-1.861813E-10	4.251631E+2
-1.000000E-1	1.492227E-5	-1.492227E-5	-1.134373E-10	4.279473E+2
-5.000000E-2	6.864078E-6	-6.864078E-6	-5.217989E-11	4.297217E+2
0.000000E+0	1.868109E-8	1.868109E-8	1.420114E-13	4.307236E+2
0.000000E+0	2.737996E-8	2.737996E-8	2.081391E-13	4.317266E+2
5.000000E-2	5.162717E-6	5.162717E-6	3.924635E-11	4.327295E+2
1.000000E-1	1.294971E-5	1.294971E-5	9.844216E-11	4.337314E+2
1.500000E-1	2.754681E-4	2.754681E-4	2.094075E-9	4.357451E+2
2.000000E-1	2.985157E-4	2.985157E-4	2.269280E-9	4.364121E+2
2.500000E-1	5.653012E-4	5.653012E-4	4.297351E-9	4.370791E+2
3.000000E-1	7.407595E-4	7.407595E-4	5.631164E-9	4.377471E+2
3.500000E-1	6.825305E-4	6.825305E-4	5.188514E-9	4.384141E+2
4.000000E-1	8.792786E-4	8.792786E-4	6.684169E-9	4.390811E+2
4.500000E-1	3.678200E-4	3.678200E-4	2.796123E-9	4.397480E+2
5.000000E-1	4.746911E-4	4.746911E-4	3.608544E-9	4.404150E+2
5.000000E-1	3.295992E-4	3.295992E-4	2.505573E-9	4.410830E+2
4.500000E-1	2.340141E-4	2.340141E-4	1.778947E-9	4.417500E+2
4.000000E-1	2.289659E-4	2.289659E-4	1.740571E-9	4.424170E+2
3.500000E-1	1.402760E-4	1.402760E-4	1.066361E-9	4.430840E+2
3.000000E-1	6.733974E-5	6.733974E-5	5.119085E-10	4.444238E+2
2.500000E-1	4.956396E-5	4.956396E-5	3.767792E-10	4.450918E+2
2.000000E-1	3.460151E-5	3.460151E-5	2.630365E-10	4.457598E+2
1.500000E-1	2.110193E-5	2.110193E-5	1.604143E-10	4.464277E+2
1.000000E-1	1.236480E-5	1.236480E-5	9.399574E-11	4.482012E+2
5.000000E-2	5.982421E-6	5.982421E-6	4.547764E-11	4.492031E+2
0.000000E+0	3.294795E-8	3.294795E-8	2.504663E-13	4.502061E+2
-5.000000E-2	6.789720E-6	-6.789720E-6	-5.161463E-11	4.512090E+2
-1.000000E-1	1.529030E-5	-1.529030E-5	-1.162350E-10	4.532217E+2
-1.500000E-1	2.706828E-5	-2.706828E-5	-2.057698E-10	4.538896E+2
-2.000000E-1	3.744409E-5	-3.744409E-5	-2.846454E-10	4.545576E+2
-2.500000E-1	5.386124E-5	-5.386124E-5	-4.094466E-10	4.552256E+2
-3.000000E-1	7.835815E-5	-7.835815E-5	-5.956691E-10	4.558936E+2
-3.500000E-1	1.137527E-4	-1.137527E-4	-8.647345E-10	4.565605E+2
-4.000000E-1	1.831734E-4	-1.831734E-4	-1.392462E-9	4.585742E+2
-4.500000E-1	2.032882E-4	-2.032882E-4	-1.545372E-9	4.592412E+2
-5.000000E-1	2.442755E-4	-2.442755E-4	-1.856953E-9	4.599082E+2
-5.000000E-1	2.434359E-4	-2.434359E-4	-1.850570E-9	4.605752E+2
-4.500000E-1	1.961121E-4	-1.961121E-4	-1.490820E-9	4.612432E+2
-4.000000E-1	1.453731E-4	-1.453731E-4	-1.105109E-9	4.619102E+2
-3.500000E-1	1.216728E-4	-1.216728E-4	-9.249417E-10	4.632500E+2
-3.000000E-1	1.273564E-4	-1.273564E-4	-9.681478E-10	4.639180E+2
-2.500000E-1	8.951765E-5	-8.951765E-5	-6.805023E-10	4.645850E+2
-2.000000E-1	6.963583E-5	-6.963583E-5	-5.293631E-10	4.652529E+2
-1.500000E-1	5.184696E-5	-5.184696E-5	-3.941343E-10	4.659209E+2
-1.000000E-1	2.485463E-5	-2.485463E-5	-1.889419E-10	4.665889E+2
-5.000000E-2	1.158267E-5	-1.158267E-5	-8.805003E-11	4.683623E+2
0.000000E+0	3.972448E-9	-3.972448E-9	-3.019807E-14	4.693652E+2
0.000000E+0	6.752797E-9	6.752797E-9	5.133394E-14	4.703682E+2
5.000000E-2	1.266097E-5	1.266097E-5	9.624712E-11	4.713701E+2
1.000000E-1	1.785289E-5	1.785289E-5	1.357155E-10	4.733838E+2
1.500000E-1	3.470004E-5	3.470004E-5	2.637855E-10	4.740518E+2
2.000000E-1	5.482583E-5	5.482583E-5	4.167793E-10	4.747187E+2
2.500000E-1	9.466278E-5	9.466278E-5	7.196149E-10	4.753867E+2
3.000000E-1	1.160969E-4	1.160969E-4	8.825546E-10	4.760547E+2
3.500000E-1	9.341367E-5	9.341367E-5	7.101194E-10	4.767227E+2
4.000000E-1	1.381007E-4	1.381007E-4	1.049825E-9	4.773906E+2
4.500000E-1	1.750362E-4	1.750362E-4	1.330604E-9	4.794033E+2
5.000000E-1	9.244355E-4	9.244355E-4	7.027446E-9	4.800703E+2
5.000000E-1	7.328194E-4	7.328194E-4	5.570804E-9	4.807373E+2
4.500000E-1	7.182263E-4	7.182263E-4	5.459869E-9	4.814053E+2
4.000000E-1	7.724843E-4	7.724843E-4	5.872332E-9	4.820723E+2
3.500000E-1	1.695598E-4	1.695598E-4	1.288973E-9	4.827393E+2
3.000000E-1	2.981606E-4	2.981606E-4	2.266581E-9	4.834062E+2
2.500000E-1	6.883066E-5	6.883066E-5	5.232423E-10	4.847461E+2
2.000000E-1	4.878109E-5	4.878109E-5	3.708279E-10	4.854141E+2
1.500000E-1	1.971217E-5	1.971217E-5	1.498495E-10	4.860820E+2
1.000000E-1	9.823807E-6	9.823807E-6	7.467939E-11	4.878555E+2
5.000000E-2	6.005593E-6	6.005593E-6	4.565379E-11	4.888574E+2
0.000000E+0	3.247148E-8	3.247148E-8	2.468442E-13	4.898604E+2
-5.000000E-2	6.013894E-6	-6.013894E-6	-4.571689E-11	4.908633E+2
-1.000000E-1	1.193981E-5	-1.193981E-5	-9.076496E-11	4.918652E+2
-1.500000E-1	1.914735E-5	-1.914735E-5	-1.455558E-10	4.938789E+2
-2.000000E-1	3.026216E-5	-3.026216E-5	-2.300493E-10	4.945469E+2
-2.500000E-1	4.131795E-5	-4.131795E-5	-3.140940E-10	4.952148E+2
-3.000000E-1	5.777640E-5	-5.777640E-5	-4.392092E-10	4.958818E+2
-3.500000E-1	8.252013E-5	-8.252013E-5	-6.273080E-10	4.965498E+2
-4.000000E-1	9.943664E-5	-9.943664E-5	-7.559053E-10	4.972178E+2
-4.500000E-1	1.163979E-4	-1.163979E-4	-8.848429E-10	4.978857E+2
-5.000000E-1	1.320437E-4	-1.320437E-4	-1.003780E-9	4.985537E+2
-5.000000E-1	1.245292E-4	-1.245292E-4	-9.466561E-10	4.992217E+2
-4.500000E-1	1.046236E-4	-1.046236E-4	-7.953362E-10	4.998887E+2
-4.000000E-1	8.720750E-5	-8.720750E-5	-6.629408E-10	5.005566E+2
-3.500000E-1	7.763084E-5	-7.763084E-5	-5.901402E-10	5.012246E+2
-3.000000E-1	4.099705E-5	-4.099705E-5	-3.116546E-10	5.018926E+2
-2.500000E-1	3.091554E-5	-3.091554E-5	-2.350162E-10	5.025605E+2
-2.000000E-1	2.357441E-5	-2.357441E-5	-1.792098E-10	5.032285E+2
-1.500000E-1	1.445714E-5	-1.445714E-5	-1.099014E-10	5.038955E+2
-1.000000E-1	7.106143E-6	-7.106143E-6	-5.402004E-11	5.056689E+2
-5.000000E-2	3.683808E-6	-3.683808E-6	-2.800386E-11	5.066719E+2
0.000000E+0	2.688340E-8	2.688340E-8	2.043643E-13	5.076748E+2
0.000000E+0	3.158972E-8	3.158972E-8	2.401412E-13	5.086777E+2
5.000000E-2	3.921124E-6	3.921124E-6	2.980791E-11	5.096797E+2
1.000000E-1	9.103923E-6	9.103923E-6	6.920692E-11	5.106826E+2
1.500000E-1	1.391948E-5	1.391948E-5	1.058142E-10	5.126953E+2
2.000000E-1	2.081589E-5	2.081589E-5	1.582399E-10	5.133633E+2
2.500000E-1	3.687125E-5	3.687125E-5	2.802908E-10	5.140313E+2
3.000000E-1	5.117198E-5	5.117198E-5	3.890032E-10	5.146992E+2
3.500000E-1	6.969064E-5	6.969064E-5	5.297798E-10	5.153672E+2
4.000000E-1	9.332671E-5	9.332671E-5	7.094583E-10	5.160342E+2
4.500000E-1	1.254586E-4	1.254586E-4	9.537211E-10	5.167021E+2
5.000000E-1	1.538692E-4	1.538692E-4	1.169695E-9	5.187148E+2
5.000000E-1	1.482653E-4	1.482653E-4	1.127095E-9	5.193828E+2
4.500000E-1	1.149791E-4	1.149791E-4	8.740573E-10	5.207227E+2
4.000000E-1	9.143296E-5	9.143296E-5	6.950623E-10	5.213896E+2
3.500000E-1	6.237730E-5	6.237730E-5	4.741847E-10	5.220576E+2
3.000000E-1	4.578270E-5	4.578270E-5	3.480345E-10	5.227256E+2
2.500000E-1	3.189267E-5	3.189267E-5	2.424442E-10	5.233936E+2
2.000000E-1	1.918359E-5	1.918359E-5	1.458313E-10	5.240615E+2
1.500000E-1	1.078849E-5	1.078849E-5	8.201283E-11	5.258350E+2
1.000000E-1	8.188565E-6	8.188565E-6	6.224848E-11	5.268369E+2
5.000000E-2	3.405087E-6	3.405087E-6	2.588506E-11	5.278398E+2
0.000000E+0	2.854467E-8	2.854467E-8	2.169931E-13	5.288418E+2
-5.000000E-2	3.288042E-6	-3.288042E-6	-2.499530E-11	5.298447E+2
-1.000000E-1	7.046948E-6	-7.046948E-6	-5.357004E-11	5.308477E+2
-1.500000E-1	1.184146E-5	-1.184146E-5	-9.001735E-11	5.318506E+2
-2.000000E-1	2.526179E-5	-2.526179E-5	-1.920371E-10	5.338633E+2
-2.500000E-1	3.371156E-5	-3.371156E-5	-2.562712E-10	5.345313E+2
-3.000000E-1	5.345908E-5	-5.345908E-5	-4.063894E-10	5.351992E+2
-3.500000E-1	7.372516E-5	-7.372516E-5	-5.604497E-10	5.358672E+2
-4.000000E-1	9.472798E-5	-9.472798E-5	-7.201106E-10	5.365352E+2
-4.500000E-1	1.156028E-4	-1.156028E-4	-8.787986E-10	5.372021E+2
-5.000000E-1	1.636505E-4	-1.636505E-4	-1.244051E-9	5.392158E+2
-5.000000E-1	1.697342E-4	-1.697342E-4	-1.290299E-9	5.398828E+2
-4.500000E-1	1.422354E-4	-1.422354E-4	-1.081256E-9	5.405498E+2
-4.000000E-1	1.027565E-4	-1.027565E-4	-7.811427E-10	5.418896E+2
-3.500000E-1	7.683152E-5	-7.683152E-5	-5.840639E-10	5.425576E+2
-3.000000E-1	6.080055E-5	-6.080055E-5	-4.621984E-10	5.432256E+2
-2.500000E-1	4.415175E-5	-4.415175E-5	-3.356362E-10	5.438926E+2
-2.000000E-1	2.914623E-5	-2.914623E-5	-2.215661E-10	5.445605E+2
-1.500000E-1	1.820466E-5	-1.820466E-5	-1.383896E-10	5.452285E+2
-1.000000E-1	1.071124E-5	-1.071124E-5	-8.142557E-11	5.470020E+2
-5.000000E-2	4.154769E-6	-4.154769E-6	-3.158405E-11	5.480049E+2
0.000000E+0	1.922876E-8	1.922876E-8	1.461747E-13	5.490068E+2
0.000000E+0	2.934609E-8	2.934609E-8	2.230854E-13	5.500098E+2
5.000000E-2	4.173973E-6	4.173973E-6	3.173004E-11	5.510127E+2
1.000000E-1	8.790484E-6	8.790484E-6	6.682419E-11	5.520156E+2
1.500000E-1	1.877998E-5	1.877998E-5	1.427631E-10	5.541953E+2
2.000000E-1	2.860955E-5	2.860955E-5	2.174863E-10	5.548633E+2
2.500000E-1	4.191868E-5	4.191868E-5	3.186607E-10	5.555313E+2
3.000000E-1	5.765312E-5	5.765312E-5	4.382720E-10	5.561992E+2
3.500000E-1	7.857345E-5	7.857345E-5	5.973058E-10	5.568672E+2
4.000000E-1	1.053238E-4	1.053238E-4	8.006590E-10	5.575342E+2
4.500000E-1	1.215354E-4	1.215354E-4	9.238977E-10	5.582021E+2
5.000000E-1	1.883708E-4	1.883708E-4	1.431972E-9	5.602158E+2
5.000000E-1	1.897422E-4	1.897422E-4	1.442397E-9	5.608828E+2
4.500000E-1	1.523625E-4	1.523625E-4	1.158241E-9	5.615498E+2
4.000000E-1	1.159369E-4	1.159369E-4	8.813383E-10	5.628896E+2
3.500000E-1	6.447025E-5	6.447025E-5	4.900950E-10	5.635576E+2
3.000000E-1	5.187802E-5	5.187802E-5	3.943704E-10	5.642256E+2
2.500000E-1	3.492784E-5	3.492784E-5	2.655172E-10	5.648926E+2
2.000000E-1	2.385236E-5	2.385236E-5	1.813227E-10	5.655605E+2
1.500000E-1	1.583082E-5	1.583082E-5	1.203440E-10	5.662285E+2
1.000000E-1	8.657281E-6	8.657281E-6	6.581160E-11	5.680020E+2
5.000000E-2	3.149540E-6	3.149540E-6	2.394242E-11	5.690049E+2
0.000000E+0	2.121134E-8	2.121134E-8	1.612460E-13	5.700068E+2
-5.000000E-2	3.686655E-6	-3.686655E-6	-2.802550E-11	5.710098E+2
-1.000000E-1	8.363648E-6	-8.363648E-6	-6.357943E-11	5.720127E+2
-1.500000E-1	1.376649E-5	-1.376649E-5	-1.046512E-10	5.740264E+2
-2.000000E-1	2.499159E-5	-2.499159E-5	-1.899830E-10	5.746934E+2
-2.500000E-1	4.217790E-5	-4.217790E-5	-3.206313E-10	5.753613E+2
-3.000000E-1	5.906543E-5	-5.906543E-5	-4.490082E-10	5.760293E+2
-3.500000E-1	7.810840E-5	-7.810840E-5	-5.937706E-10	5.766973E+2
-4.000000E-1	9.919819E-5	-9.919819E-5	-7.540926E-10	5.773652E+2
-4.500000E-1	1.283072E-4	-1.283072E-4	-9.753760E-10	5.780322E+2
-5.000000E-1	1.801557E-4	-1.801557E-4	-1.369522E-9	5.800459E+2
-5.000000E-1	1.838338E-4	-1.838338E-4	-1.397482E-9	5.807129E+2
-4.500000E-1	1.481635E-4	-1.481635E-4	-1.126321E-9	5.813799E+2
-4.000000E-1	1.196957E-4	-1.196957E-4	-9.099119E-10	5.827197E+2
-3.500000E-1	9.661382E-5	-9.661382E-5	-7.344465E-10	5.833877E+2
-3.000000E-1	5.847542E-5	-5.847542E-5	-4.445230E-10	5.840557E+2
-2.500000E-1	3.848249E-5	-3.848249E-5	-2.925392E-10	5.847227E+2
-2.000000E-1	2.295201E-5	-2.295201E-5	-1.744784E-10	5.853906E+2
-1.500000E-1	1.566012E-5	-1.566012E-5	-1.190463E-10	5.860586E+2
-1.000000E-1	8.362407E-6	-8.362407E-6	-6.357000E-11	5.878320E+2
-5.000000E-2	3.438863E-6	-3.438863E-6	-2.614182E-11	5.888350E+2
0.000000E+0	2.747854E-8	2.747854E-8	2.088885E-13	5.898369E+2
0.000000E+0	3.491044E-8	3.491044E-8	2.653849E-13	5.908398E+2
5.000000E-2	3.092387E-6	3.092387E-6	2.350795E-11	5.918428E+2
1.000000E-1	8.334519E-6	8.334519E-6	6.335800E-11	5.928457E+2
1.500000E-1	1.923392E-5	1.923392E-5	1.462139E-10	5.948584E+2
2.000000E-1	2.813247E-5	2.813247E-5	2.138596E-10	5.955264E+2
2.500000E-1	4.610215E-5	4.610215E-5	3.504629E-10	5.961943E+2
3.000000E-1	5.356143E-5	5.356143E-5	4.071675E-10	5.968623E+2
3.500000E-1	7.815065E-5	7.815065E-5	5.940918E-10	5.975293E+2
4.000000E-1	1.004322E-4	1.004322E-4	7.634731E-10	5.981973E+2
4.500000E-1	1.101104E-4	1.101104E-4	8.370460E-10	5.988652E+2
5.000000E-1	1.368625E-4	1.368625E-4	1.040412E-9	5.995332E+2
5.000000E-1	1.438534E-4	1.438534E-4	1.093556E-9	6.015459E+2
4.500000E-1	8.804729E-5	8.804729E-5	6.693248E-10	6.028857E+2
4.000000E-1	7.669017E-5	7.669017E-5	5.829893E-10	6.035537E+2
3.500000E-1	5.919162E-5	5.919162E-5	4.499675E-10	6.042207E+2
3.000000E-1	4.306255E-5	4.306255E-5	3.273563E-10	6.048887E+2
2.500000E-1	2.712323E-5	2.712323E-5	2.061875E-10	6.055566E+2
2.000000E-1	1.833540E-5	1.833540E-5	1.393835E-10	6.062246E+2
1.500000E-1	1.150781E-5	1.150781E-5	8.748097E-11	6.079980E+2
1.000000E-1	7.798081E-6	7.798081E-6	5.928007E-11	6.090010E+2
5.000000E-2	3.817235E-6	3.817235E-6	2.901816E-11	6.100029E+2
0.000000E+0	3.007815E-8	3.007815E-8	2.286504E-13	6.110059E+2
-5.000000E-2	4.135071E-6	-4.135071E-6	-3.143431E-11	6.120088E+2
-1.000000E-1	8.947719E-6	-8.947719E-6	-6.801947E-11	6.130107E+2
-1.500000E-1	1.779110E-5	-1.779110E-5	-1.352458E-10	6.150244E+2
-2.000000E-1	2.960345E-5	-2.960345E-5	-2.250418E-10	6.156924E+2
-2.500000E-1	4.157662E-5	-4.157662E-5	-3.160604E-10	6.163594E+2
-3.000000E-1	6.215936E-5	-6.215936E-5	-4.725279E-10	6.170273E+2
-3.500000E-1	8.759229E-5	-8.759229E-5	-6.658660E-10	6.176953E+2
-4.000000E-1	1.220023E-4	-1.220023E-4	-9.274470E-10	6.183633E+2
-4.500000E-1	1.423165E-4	-1.423165E-4	-1.081873E-9	6.203760E+2
-5.000000E-1	1.579306E-4	-1.579306E-4	-1.200569E-9	6.210430E+2
-5.000000E-1	1.479979E-4	-1.479979E-4	-1.125062E-9	6.217100E+2
-4.500000E-1	1.336104E-4	-1.336104E-4	-1.015690E-9	6.243955E+2
-4.000000E-1	1.030708E-4	-1.030708E-4	-7.835315E-10	6.257354E+2
-3.500000E-1	8.590465E-5	-8.590465E-5	-6.530367E-10	6.264033E+2
-3.000000E-1	6.151398E-5	-6.151398E-5	-4.676218E-10	6.270703E+2
-2.500000E-1	4.459913E-5	-4.459913E-5	-3.390372E-10	6.277383E+2
-2.000000E-1	2.884672E-5	-2.884672E-5	-2.192893E-10	6.284063E+2
-1.500000E-1	1.711710E-5	-1.711710E-5	-1.301221E-10	6.290742E+2
-1.000000E-1	9.118358E-6	-9.118358E-6	-6.931665E-11	6.308477E+2
-5.000000E-2	4.461203E-6	-4.461203E-6	-3.391352E-11	6.318506E+2
0.000000E+0	2.242352E-8	2.242352E-8	1.704609E-13	6.328525E+2
0.000000E+0	3.198587E-8	3.198587E-8	2.431527E-13	6.338555E+2
5.000000E-2	4.794216E-6	4.794216E-6	3.644505E-11	6.348584E+2
1.000000E-1	1.046009E-5	1.046009E-5	7.951635E-11	6.358604E+2
1.500000E-1	1.738768E-5	1.738768E-5	1.321790E-10	6.378740E+2
2.000000E-1	2.734253E-5	2.734253E-5	2.078546E-10	6.385420E+2
2.500000E-1	4.178337E-5	4.178337E-5	3.176321E-10	6.392100E+2
3.000000E-1	5.791951E-5	5.791951E-5	4.402971E-10	6.398770E+2
3.500000E-1	8.414554E-5	8.414554E-5	6.396642E-10	6.405449E+2
4.000000E-1	1.148478E-4	1.148478E-4	8.730593E-10	6.412129E+2
4.500000E-1	1.241651E-4	1.241651E-4	9.438876E-10	6.432256E+2
5.000000E-1	1.574658E-4	1.574658E-4	1.197036E-9	6.438926E+2
5.000000E-1	1.181619E-4	1.181619E-4	8.982523E-10	6.452324E+2
4.500000E-1	1.034583E-4	1.034583E-4	7.864772E-10	6.459004E+2
4.000000E-1	8.083606E-5	8.083606E-5	6.145059E-10	6.465684E+2
3.500000E-1	5.897462E-5	5.897462E-5	4.483179E-10	6.472363E+2
3.000000E-1	3.942829E-5	3.942829E-5	2.997291E-10	6.479043E+2
2.500000E-1	2.998579E-5	2.998579E-5	2.279483E-10	6.485713E+2
2.000000E-1	2.071493E-5	2.071493E-5	1.574724E-10	6.492393E+2
1.500000E-1	1.304660E-5	1.304660E-5	9.917869E-11	6.510127E+2
1.000000E-1	7.738611E-6	7.738611E-6	5.882798E-11	6.520156E+2
5.000000E-2	3.633237E-6	3.633237E-6	2.761943E-11	6.530176E+2
0.000000E+0	2.963636E-8	2.963636E-8	2.252920E-13	6.540205E+2
-5.000000E-2	3.588639E-6	-3.588639E-6	-2.728040E-11	6.550234E+2
-1.000000E-1	7.030444E-6	-7.030444E-6	-5.344458E-11	6.560254E+2
-1.500000E-1	1.235527E-5	-1.235527E-5	-9.392324E-11	6.570283E+2
-2.000000E-1	2.691720E-5	-2.691720E-5	-2.046213E-10	6.590420E+2
-2.500000E-1	4.090094E-5	-4.090094E-5	-3.109240E-10	6.597100E+2
-3.000000E-1	5.836136E-5	-5.836136E-5	-4.436560E-10	6.603770E+2
-3.500000E-1	6.864494E-5	-6.864494E-5	-5.218305E-10	6.610449E+2
-4.000000E-1	9.607465E-5	-9.607465E-5	-7.303478E-10	6.617129E+2
-4.500000E-1	1.196176E-4	-1.196176E-4	-9.093186E-10	6.623809E+2
-5.000000E-1	1.626745E-4	-1.626745E-4	-1.236632E-9	6.643936E+2
-5.000000E-1	1.572473E-4	-1.572473E-4	-1.195375E-9	6.650605E+2
-4.500000E-1	1.220085E-4	-1.220085E-4	-9.274936E-10	6.664004E+2
-4.000000E-1	9.871810E-5	-9.871810E-5	-7.504430E-10	6.670684E+2
-3.500000E-1	6.218005E-5	-6.218005E-5	-4.726852E-10	6.677363E+2
-3.000000E-1	5.032841E-5	-5.032841E-5	-3.825905E-10	6.684043E+2
-2.500000E-1	3.489912E-5	-3.489912E-5	-2.652989E-10	6.690713E+2
-2.000000E-1	2.555379E-5	-2.555379E-5	-1.942568E-10	6.697393E+2
-1.500000E-1	1.619731E-5	-1.619731E-5	-1.231300E-10	6.704072E+2
-1.000000E-1	8.686951E-6	-8.686951E-6	-6.603715E-11	6.721807E+2
-5.000000E-2	3.786800E-6	-3.786800E-6	-2.878679E-11	6.731836E+2
0.000000E+0	2.606554E-8	2.606554E-8	1.981471E-13	6.741855E+2
0.000000E+0	3.265221E-8	3.265221E-8	2.482181E-13	6.751885E+2
5.000000E-2	4.313472E-6	4.313472E-6	3.279049E-11	6.761914E+2
1.000000E-1	1.297353E-5	1.297353E-5	9.862323E-11	6.771934E+2
1.500000E-1	1.637483E-5	1.637483E-5	1.244795E-10	6.792070E+2
2.000000E-1	2.646822E-5	2.646822E-5	2.012082E-10	6.798750E+2
2.500000E-1	4.504490E-5	4.504490E-5	3.424259E-10	6.805430E+2
3.000000E-1	6.081293E-5	6.081293E-5	4.622925E-10	6.812100E+2
3.500000E-1	7.184182E-5	7.184182E-5	5.461328E-10	6.818779E+2
4.000000E-1	1.082174E-4	1.082174E-4	8.226556E-10	6.825459E+2
4.500000E-1	1.133289E-4	1.133289E-4	8.615126E-10	6.832139E+2
5.000000E-1	2.531853E-4	2.531853E-4	1.924684E-9	6.852266E+2
5.000000E-1	3.283470E-4	3.283470E-4	2.496054E-9	6.858936E+2
4.500000E-1	2.105055E-4	2.105055E-4	1.600237E-9	6.865605E+2
4.000000E-1	1.712102E-4	1.712102E-4	1.301519E-9	6.872285E+2
3.500000E-1	1.808707E-4	1.808707E-4	1.374957E-9	6.878955E+2
3.000000E-1	2.010214E-4	2.010214E-4	1.528140E-9	6.885625E+2
2.500000E-1	2.046968E-4	2.046968E-4	1.556080E-9	6.892295E+2
2.000000E-1	1.342751E-4	1.342751E-4	1.020743E-9	6.898965E+2
1.500000E-1	7.736269E-5	7.736269E-5	5.881018E-10	6.912363E+2
1.000000E-1	5.032501E-5	5.032501E-5	3.825646E-10	6.919043E+2
5.000000E-2	2.407355E-5	2.407355E-5	1.830042E-10	6.925723E+2
0.000000E+0	3.553297E-8	-3.553297E-8	-2.701173E-13	6.943457E+2
-5.000000E-2	2.081998E-5	-2.081998E-5	-1.582710E-10	6.963594E+2
-1.000000E-1	4.137776E-5	-4.137776E-5	-3.145487E-10	6.970273E+2
-1.500000E-1	5.759440E-5	-5.759440E-5	-4.378256E-10	6.976953E+2
-2.000000E-1	6.422294E-5	-6.422294E-5	-4.882150E-10	6.983633E+2
-2.500000E-1	8.874697E-5	-8.874697E-5	-6.746437E-10	6.990303E+2
-3.000000E-1	9.476189E-5	-9.476189E-5	-7.203684E-10	6.996982E+2
-3.500000E-1	1.032857E-4	-1.032857E-4	-7.851653E-10	7.003662E+2
-4.000000E-1	1.145229E-4	-1.145229E-4	-8.705889E-10	7.010342E+2
-4.500000E-1	8.730850E-5	-8.730850E-5	-6.637086E-10	7.017021E+2
-5.000000E-1	1.229733E-4	-1.229733E-4	-9.348278E-10	7.023691E+2
-5.000000E-1	1.025590E-4	-1.025590E-4	-7.796410E-10	7.030371E+2
-4.500000E-1	8.419890E-5	-8.419890E-5	-6.400698E-10	7.037051E+2
-4.000000E-1	5.176591E-5	-5.176591E-5	-3.935182E-10	7.043730E+2
-3.500000E-1	4.339439E-5	-4.339439E-5	-3.298789E-10	7.050410E+2
-3.000000E-1	2.500903E-5	-2.500903E-5	-1.901156E-10	7.057090E+2
-2.500000E-1	1.770424E-5	-1.770424E-5	-1.345855E-10	7.063760E+2
-2.000000E-1	1.313277E-5	-1.313277E-5	-9.983371E-11	7.081494E+2
-1.500000E-1	8.934557E-6	-8.934557E-6	-6.791941E-11	7.091523E+2
-1.000000E-1	4.055190E-6	-4.055190E-6	-3.082706E-11	7.101553E+2
-5.000000E-2	1.821360E-6	-1.821360E-6	-1.384576E-11	7.111572E+2
0.000000E+0	3.407250E-8	3.407250E-8	2.590150E-13	7.121602E+2
0.000000E+0	3.874232E-8	3.874232E-8	2.945144E-13	7.131631E+2
5.000000E-2	2.009476E-6	2.009476E-6	1.527579E-11	7.141650E+2
1.000000E-1	5.102895E-6	5.102895E-6	3.879159E-11	7.151680E+2
1.500000E-1	9.782987E-6	9.782987E-6	7.436908E-11	7.161699E+2
2.000000E-1	1.046165E-5	1.046165E-5	7.952816E-11	7.185176E+2
2.500000E-1	1.922972E-5	1.922972E-5	1.461820E-10	7.191855E+2
3.000000E-1	2.704878E-5	2.704878E-5	2.056215E-10	7.198535E+2
3.500000E-1	3.484445E-5	3.484445E-5	2.648833E-10	7.205215E+2
4.000000E-1	4.908376E-5	4.908376E-5	3.731288E-10	7.211895E+2
4.500000E-1	6.476724E-5	6.476724E-5	4.923527E-10	7.218564E+2
5.000000E-1	7.953109E-5	7.953109E-5	6.045857E-10	7.225244E+2
5.000000E-1	8.347637E-5	8.347637E-5	6.345772E-10	7.231924E+2
4.500000E-1	5.878555E-5	5.878555E-5	4.468806E-10	7.238604E+2
4.000000E-1	4.880316E-5	4.880316E-5	3.709957E-10	7.245283E+2
3.500000E-1	3.662884E-5	3.662884E-5	2.784480E-10	7.251953E+2
3.000000E-1	2.560438E-5	2.560438E-5	1.946414E-10	7.258633E+2
2.500000E-1	1.799672E-5	1.799672E-5	1.368089E-10	7.265313E+2
2.000000E-1	1.112474E-5	1.112474E-5	8.456893E-11	7.283047E+2
1.500000E-1	1.032695E-5	1.032695E-5	7.850419E-11	7.293076E+2
1.000000E-1	3.570436E-6	3.570436E-6	2.714202E-11	7.303096E+2
5.000000E-2	1.442084E-6	1.442084E-6	1.096255E-11	7.313125E+2
0.000000E+0	2.117848E-8	2.117848E-8	1.609962E-13	7.323145E+2
-5.000000E-2	1.423503E-6	-1.423503E-6	-1.082130E-11	7.333174E+2
-1.000000E-1	3.338002E-6	-3.338002E-6	-2.537509E-11	7.343203E+2
-1.500000E-1	5.202906E-6	-5.202906E-6	-3.955186E-11	7.353223E+2
-2.000000E-1	8.445379E-6	-8.445379E-6	-6.420074E-11	7.363252E+2
-2.500000E-1	1.444836E-5	-1.444836E-5	-1.098347E-10	7.383389E+2
-3.000000E-1	2.139429E-5	-2.139429E-5	-1.626368E-10	7.390068E+2
-3.500000E-1	2.678981E-5	-2.678981E-5	-2.036529E-10	7.396738E+2
-4.000000E-1	3.347379E-5	-3.347379E-5	-2.544637E-10	7.403418E+2
-4.500000E-1	4.377876E-5	-4.377876E-5	-3.328008E-10	7.410098E+2
-5.000000E-1	5.186188E-5	-5.186188E-5	-3.942477E-10	7.416777E+2
-5.000000E-1	5.010756E-5	-5.010756E-5	-3.809116E-10	7.423457E+2
-4.500000E-1	3.919771E-5	-3.919771E-5	-2.979762E-10	7.430127E+2
-4.000000E-1	3.286653E-5	-3.286653E-5	-2.498474E-10	7.436807E+2
-3.500000E-1	2.519748E-5	-2.519748E-5	-1.915482E-10	7.443486E+2
-3.000000E-1	1.991631E-5	-1.991631E-5	-1.514014E-10	7.450166E+2
-2.500000E-1	1.360091E-5	-1.360091E-5	-1.033925E-10	7.456846E+2
-2.000000E-1	1.037822E-5	-1.037822E-5	-7.889397E-11	7.474580E+2
-1.500000E-1	6.536416E-6	-6.536416E-6	-4.968904E-11	7.484600E+2
-1.000000E-1	3.914442E-6	-3.914442E-6	-2.975711E-11	7.494629E+2
-5.000000E-2	1.798891E-6	-1.798891E-6	-1.367495E-11	7.504648E+2
0.000000E+0	3.968432E-8	3.968432E-8	3.016754E-13	7.514678E+2
0.000000E+0	4.228393E-8	4.228393E-8	3.214373E-13	7.524707E+2
5.000000E-2	1.787612E-6	1.787612E-6	1.358921E-11	7.534736E+2
1.000000E-1	4.198985E-6	4.198985E-6	3.192017E-11	7.544756E+2
1.500000E-1	8.292628E-6	8.292628E-6	6.303955E-11	7.554785E+2
2.000000E-1	1.439518E-5	1.439518E-5	1.094304E-10	7.574922E+2
2.500000E-1	2.031115E-5	2.031115E-5	1.544029E-10	7.581592E+2
3.000000E-1	3.151340E-5	3.151340E-5	2.395610E-10	7.588271E+2
3.500000E-1	4.138719E-5	4.138719E-5	3.146204E-10	7.594951E+2
4.000000E-1	5.331273E-5	5.331273E-5	4.052769E-10	7.601631E+2
4.500000E-1	7.133503E-5	7.133503E-5	5.422802E-10	7.608311E+2
5.000000E-1	9.965717E-5	9.965717E-5	7.575817E-10	7.614980E+2
5.000000E-1	1.028215E-4	1.028215E-4	7.816365E-10	7.621660E+2
4.500000E-1	8.241844E-5	8.241844E-5	6.265350E-10	7.628340E+2
4.000000E-1	5.872375E-5	5.872375E-5	4.464108E-10	7.635020E+2
3.500000E-1	4.403147E-5	4.403147E-5	3.347219E-10	7.641699E+2
3.000000E-1	3.203716E-5	3.203716E-5	2.435426E-10	7.648369E+2
2.500000E-1	2.182614E-5	2.182614E-5	1.659197E-10	7.655049E+2
2.000000E-1	1.532940E-5	1.532940E-5	1.165322E-10	7.661729E+2
1.500000E-1	7.884019E-6	7.884019E-6	5.993336E-11	7.679463E+2
1.000000E-1	4.551338E-6	4.551338E-6	3.459872E-11	7.689492E+2
5.000000E-2	2.011091E-6	2.011091E-6	1.528807E-11	7.699512E+2
0.000000E+0	1.843647E-8	1.843647E-8	1.401518E-13	7.709541E+2
-5.000000E-2	1.749166E-6	-1.749166E-6	-1.329695E-11	7.719570E+2
-1.000000E-1	4.542451E-6	-4.542451E-6	-3.453116E-11	7.729590E+2
-1.500000E-1	7.497378E-6	-7.497378E-6	-5.699416E-11	7.739619E+2
-2.000000E-1	1.157301E-5	-1.157301E-5	-8.797665E-11	7.749639E+2
-2.500000E-1	5.202611E-5	-5.202611E-5	-3.954962E-10	7.769775E+2
-3.000000E-1	2.757203E-5	-2.757203E-5	-2.095992E-10	7.776455E+2
-3.500000E-1	4.193727E-5	-4.193727E-5	-3.188020E-10	7.783135E+2
-4.000000E-1	5.071744E-5	-5.071744E-5	-3.855478E-10	7.789814E+2
-4.500000E-1	5.522839E-5	-5.522839E-5	-4.198395E-10	7.796484E+2
-5.000000E-1	6.649172E-5	-6.649172E-5	-5.054620E-10	7.803164E+2
-5.000000E-1	6.559104E-5	-6.559104E-5	-4.986151E-10	7.809844E+2
-4.500000E-1	5.263591E-5	-5.263591E-5	-4.001318E-10	7.816523E+2
-4.000000E-1	4.208552E-5	-4.208552E-5	-3.199290E-10	7.823203E+2
-3.500000E-1	3.100451E-5	-3.100451E-5	-2.356925E-10	7.829873E+2
-3.000000E-1	2.215621E-5	-2.215621E-5	-1.684288E-10	7.836553E+2
-2.500000E-1	1.645524E-5	-1.645524E-5	-1.250907E-10	7.843232E+2
-2.000000E-1	1.090320E-5	-1.090320E-5	-8.288478E-11	7.860967E+2
-1.500000E-1	2.250398E-5	-2.250398E-5	-1.710725E-10	7.881104E+2
-1.000000E-1	1.733614E-5	-1.733614E-5	-1.317872E-10	7.887783E+2
-5.000000E-2	4.303461E-6	-4.303461E-6	-3.271439E-11	7.905518E+2
0.000000E+0	2.090829E-8	2.090829E-8	1.589423E-13	7.915537E+2
0.000000E+0	2.602173E-8	2.602173E-8	1.978140E-13	7.925566E+2
5.000000E-2	4.541800E-6	4.541800E-6	3.452621E-11	7.935596E+2
1.000000E-1	1.218742E-5	1.218742E-5	9.264730E-11	7.945615E+2
1.500000E-1	1.036438E-5	1.036438E-5	7.878875E-11	7.965752E+2
2.000000E-1	1.243053E-5	1.243053E-5	9.449534E-11	7.983486E+2
2.500000E-1	6.720773E-5	6.720773E-5	5.109050E-10	8.003623E+2
3.000000E-1	8.374750E-5	8.374750E-5	6.366383E-10	8.010293E+2
3.500000E-1	3.560849E-5	3.560849E-5	2.706914E-10	8.016973E+2
4.000000E-1	6.283885E-5	6.283885E-5	4.776933E-10	8.023652E+2
4.500000E-1	1.270856E-4	1.270856E-4	9.660897E-10	8.030332E+2
5.000000E-1	1.234627E-4	1.234627E-4	9.385488E-10	8.050459E+2
5.000000E-1	1.108513E-4	1.108513E-4	8.426778E-10	8.063857E+2
4.500000E-1	1.378112E-4	1.378112E-4	1.047624E-9	8.070537E+2
4.000000E-1	8.391622E-5	8.391622E-5	6.379209E-10	8.077207E+2
3.500000E-1	7.697127E-5	7.697127E-5	5.851262E-10	8.083887E+2
3.000000E-1	5.549391E-5	5.549391E-5	4.218580E-10	8.090566E+2
2.500000E-1	3.858944E-5	3.858944E-5	2.933522E-10	8.097246E+2
2.000000E-1	2.339126E-5	2.339126E-5	1.778175E-10	8.103926E+2
1.500000E-1	1.778392E-5	1.778392E-5	1.351912E-10	8.110596E+2
1.000000E-1	9.827895E-6	9.827895E-6	7.471047E-11	8.128340E+2
5.000000E-2	4.660484E-6	4.660484E-6	3.542843E-11	8.138359E+2
0.000000E+0	2.831829E-8	2.831829E-8	2.152722E-13	8.148389E+2
-5.000000E-2	4.542043E-6	-4.542043E-6	-3.452806E-11	8.158418E+2
-1.000000E-1	1.133321E-5	-1.133321E-5	-8.615371E-11	8.168437E+2
-1.500000E-1	1.926500E-5	-1.926500E-5	-1.464502E-10	8.188574E+2
-2.000000E-1	3.088746E-5	-3.088746E-5	-2.348027E-10	8.195254E+2
-2.500000E-1	4.982215E-5	-4.982215E-5	-3.787419E-10	8.201924E+2
-3.000000E-1	6.806106E-5	-6.806106E-5	-5.173919E-10	8.208604E+2
-3.500000E-1	7.425667E-5	-7.425667E-5	-5.644902E-10	8.215283E+2
-4.000000E-1	1.020807E-4	-1.020807E-4	-7.760050E-10	8.221963E+2
-4.500000E-1	9.505720E-5	-9.505720E-5	-7.226133E-10	8.228643E+2
-5.000000E-1	1.180069E-4	-1.180069E-4	-8.970740E-10	8.235322E+2
-5.000000E-1	1.240503E-4	-1.240503E-4	-9.430157E-10	8.241992E+2
-4.500000E-1	9.852205E-5	-9.852205E-5	-7.489527E-10	8.248672E+2
-4.000000E-1	6.923386E-5	-6.923386E-5	-5.263074E-10	8.255352E+2
-3.500000E-1	5.937526E-5	-5.937526E-5	-4.513635E-10	8.262031E+2
-3.000000E-1	4.805740E-5	-4.805740E-5	-3.653265E-10	8.268711E+2
-2.500000E-1	2.861568E-5	-2.861568E-5	-2.175329E-10	8.275391E+2
-2.000000E-1	2.265287E-5	-2.265287E-5	-1.722044E-10	8.282061E+2
-1.500000E-1	1.420679E-5	-1.420679E-5	-1.079983E-10	8.288740E+2
-1.000000E-1	8.768788E-6	-8.768788E-6	-6.665926E-11	8.306475E+2
-5.000000E-2	3.583923E-6	-3.583923E-6	-2.724455E-11	8.316504E+2
0.000000E+0	2.336551E-8	2.336551E-8	1.776218E-13	8.326533E+2
